# NaN NaN NaN ;Mean Elev.(m), Avg Gradient(m/km), RMS Gradient(m/km) - SRTM1     
#   58.358   0.522   2.976 ;Mean Elev.(m), Avg Gradient(m/km), RMS Gradient(m/km) - ASTER GDEM
#   33.565   0.525  12.180 ;Mean Elev.(m), Avg Gradient(m/km), RMS Gradient(m/km) - GMTED2010 
   2 128.479800  63.621322    67.224    67.206  3 54669.08584566 34.829
   3 128.480630  63.622638   -14.282   -14.040  3 54679.00149003 16.034
   4 128.480107  63.623828    70.012    70.043  3 54688.91713305 32.413
   5 128.479794  63.623937   -13.859   -13.022  3 54698.83277391  8.874
   6 128.479568  63.622530    68.333    68.314  4 54708.74841717 53.318
   7 128.480872  63.621298   -29.986   -29.185  3 54718.66406870  1.832
   8 128.477213  63.619145    70.193    70.193  2 54728.57971713 57.195
   9 128.477193  63.619262    68.339    68.339  2 54738.49536460 51.380
  10 128.480298  63.621193    67.675    67.455  3 54748.41101244 48.456
  11 128.478177  63.621992    66.867    66.878  4 54758.32665941 41.979
  12 128.478413  63.621949    66.329    66.342  4 54768.24230432 36.081
  13 128.480299  63.620689    65.715    65.650  3 54778.15794590 34.051
  14 128.478883  63.618607    70.790    70.790  2 54788.07358464 18.916
  15 128.479350  63.618257    69.902    69.902  2 54797.98922261 16.949
  16 128.476532  63.618707    70.927    70.927  2 54807.90486025 15.841
  17 128.481276  63.620793    72.356    72.320  3 54817.82049816 14.821
  18 128.479575  63.621645    72.110    72.184  4 54827.73614833 14.548
  19 128.480674  63.622476    65.682    65.783  3 54837.65178744 27.366
  20 128.480552  63.623456    70.486    70.685  3 54847.56743683 14.946
  21 128.478456  63.624152    70.993    70.843  4 54857.48308550 15.081
  22 128.477277  63.625011    71.850    72.928  4 54867.39873437 15.683
  23 128.477916  63.624973    72.442    71.829  3 54877.31438267 14.638
  24 128.479115  63.623703    71.861    71.126  3 54887.23002789 15.360
  25 128.480027  63.621960    71.064    70.975  3 54897.14566963 15.437
  26 128.479034  63.620739    70.560    70.560  2 54907.06130857 14.820
  27 128.482170  63.621460    71.016    71.118  3 54916.97694680 13.130
  28 128.476906  63.620721    72.080    71.772  3 54926.89258395 13.199
  29 128.474715  63.619880    71.668    71.668  2 54936.80822074 12.589
  30 128.474975  63.618660    65.939    65.939  2 54946.72385587 41.141
  31 128.478082  63.617390    65.923    65.923  2 54956.63948931 44.587
  32 128.478947  63.617478    70.250    70.250  2 54966.55513798 49.870
  33 128.477513  63.618163    70.814    70.512  3 54976.47078561 36.738
  34 128.477940  63.619843    67.294    67.294  2 54986.38643351 27.571
  35 128.482177  63.621871    71.893    71.823  3 54996.30208191 29.877
  36 128.478630  63.621781    70.451    70.368  4 55006.21772776 42.208
  37 128.477072  63.621980    69.549    69.549  2 55016.13337161 50.608
  38 128.477778  63.622865    68.254    68.208  4 55026.04901428 51.415
  39 128.476360  63.623695    67.941    67.891  4 55035.96465624 39.939
  40 128.477259  63.623912    67.084    67.055  4 55045.88029749 47.429
  41 128.480887  63.622980    68.861    68.902  3 55055.79593707 42.812
  42 128.479400  63.619898    68.126    68.126  2 55065.71157368 51.513
  43 128.477455  63.618494    68.130    68.064  3 55075.62722199 51.356
  44 128.477025  63.618985    69.053    67.457  3 55085.54286984 35.177
  45 128.476957  63.620421    68.671    68.668  3 55095.45851624 54.099
  46 128.480428  63.621900    68.326    68.372  3 55105.37416279 54.036
  47 128.479732  63.621369    67.672    67.583  3 55115.28980851 43.471
  48 128.476057  63.619296    67.339    67.339  2 55125.20545142 44.801
  49 128.475912  63.618260    66.398    66.398  2 55135.12109208 36.984
  50 128.478712  63.618689    70.769    70.769  2 55145.03673096 25.175
  51 128.477321  63.619362    70.476    70.476  2 55154.95236873 22.788
  52 128.474908  63.619678    70.950    70.950  2 55164.86800662 21.775
  53 128.477279  63.620537    70.731    70.867  3 55174.78364478 20.699
  54 128.477247  63.620096    70.573    70.439  3 55184.69928455 20.006
  55 128.479729  63.621511    70.193    70.428  3 55194.61493601 20.734
  56 128.477786  63.622790    70.698    70.467  4 55204.53058581 19.594
  57 128.477506  63.624515    71.663    71.145  4 55214.44623518 19.826
  58 128.477611  63.624966    65.836    65.735  4 55224.36188400 33.491
  59 128.478952  63.623639    67.709    66.647  3 55234.27753101 20.569
  60 128.481891  63.621416    67.832    68.177  3 55244.19317482 20.548
  61 128.476484  63.618543    66.324    66.324  2 55254.10881476 20.607
  62 128.476776  63.619198    68.282    68.282  2 55264.02445359 17.977
  63 128.481990  63.622097    68.440    68.447  3 55273.94009210 17.610
  64 128.479757  63.622067    68.148    67.840  3 55283.85572914 17.131
  65 128.476104  63.619450    66.061    66.061  2 55293.77136436 21.887
  66 128.476759  63.616992    68.270    68.270  2 55303.68700121 17.235
  67 128.478358  63.616637    66.072    66.072  2 55313.60264877 38.397
  68 128.476935  63.617684    66.069    66.069  2 55323.51829415 40.225
  69 128.477281  63.620021    67.017    67.025  3 55333.43393858 49.275
  70 128.479648  63.622140    72.332    72.339  3 55343.34958306 54.490
  71 128.481207  63.622435    69.848    69.788  3 55353.26522688 42.367
  72 128.479424  63.621467    71.482    71.901  3 55363.18086814 26.373
  73 128.479306  63.621403    69.221    69.237  3 55373.09650775 53.617
  74 128.478122  63.622048    68.441    68.450  4 55383.01214597 51.583
  75 128.476554  63.622607    69.706    69.706  2 55392.92778334 53.030
  76 128.479586  63.622739    68.016    67.915  4 55402.84341950 34.497
  77 128.482112  63.621822    67.469    67.465  3 55412.75907146 52.991
  78 128.475840  63.618202    68.425    68.425  2 55422.67471969 49.969
  79 128.476915  63.617076    67.459    67.438  3 55432.59036619 49.615
  80 128.477010  63.618391    67.927    67.927  2 55442.50601096 36.382
  81 128.479803  63.621137    68.036    68.118  3 55452.42165468 53.851
  82 128.480490  63.622519    67.123    67.182  3 55462.33729731 36.144
  83 128.482023  63.621430    67.930    66.603  3 55472.25293803 33.334
  84 128.475587  63.617521    66.224    66.224  2 55482.16857492 37.650
  85 128.476909  63.615938    66.151    66.151  2 55492.08421046 30.828
  86 128.478661  63.616845    68.247    68.247  2 55501.99984449 23.067
  87 128.477131  63.619236    70.836    70.728  3 55511.91548944 19.446
  88 128.479241  63.622114    65.864    65.931  3 55521.83113943 33.482
  89 128.480045  63.622991    66.006    66.043  3 55531.74678784 25.777
  90 128.478698  63.622061    69.537    70.459  4 55541.66243427 19.920
  91 128.479289  63.621826    70.910    70.950  4 55551.57807888 18.423
  92 128.480560  63.623076    70.294    70.405  3 55561.49372229 18.675
  93 128.477835  63.623773    70.809    70.826  4 55571.40936457 18.435
  94 128.478562  63.623814    70.566    70.611  3 55581.32500599 18.408
  95 128.479725  63.621654    70.337    70.638  3 55591.24064414 17.992
  96 128.479479  63.618144    69.347    69.347  2 55601.15627881 17.546
  97 128.476144  63.615274    68.101    68.101  2 55611.07191102 19.066
  98 128.478227  63.616129    69.791    69.791  2 55620.98754317 17.449
  99 128.476546  63.618955    70.099    70.099  2 55630.90319604 17.232
 100 128.477023  63.620680    71.282    71.309  3 55640.81884697 15.432
 101 128.475251  63.619433    71.212    71.212  2 55650.73449478 15.670
 102 128.476430  63.617404    70.065    70.065  2 55660.65013917 16.656
 103 128.477999  63.616765    69.614    69.614  2 55670.56578038 11.865
 104 128.477164  63.617752    67.168    67.168  2 55680.48141980 34.822
 105 128.482923  63.621154    66.679    66.738  3 55690.39705824 45.677
 106 128.479118  63.621684    71.362    71.230  4 55700.31269397 31.325
 107 128.479230  63.621639    69.031    69.083  3 55710.22833356 50.597
 108 128.481471  63.621867    71.307    71.378  3 55720.14398399 27.541
 109 128.482335  63.622229    69.992    70.015  3 55730.05963205 54.920
 110 128.478485  63.622053    69.615    69.073  4 55739.97527826 31.835
 111 128.479388  63.622965    68.484    68.548  4 55749.89092375 51.162
 112 128.479683  63.622701    67.507    67.516  4 55759.80656668 47.607
 113 128.481018  63.621407    66.567    66.506  3 55769.72220678 40.721
 114 128.477356  63.618190    68.661    68.507  3 55779.63784295 42.306
 115 128.478863  63.616767    68.735    68.735  2 55789.55347724 52.228
 116 128.478641  63.616669    67.552    67.552  2 55799.46911037 51.957
 117 128.477236  63.618320    67.160    67.190  3 55809.38475725 49.705
 118 128.476071  63.619653    68.099    68.099  2 55819.30040629 41.753
 119 128.477404  63.619414    67.940    67.953  3 55829.21605102 49.557
 120 128.476715  63.617407    67.422    67.422  2 55839.13169095 47.509
 121 128.477030  63.616148    66.765    66.895  3 55849.04732794 42.429
 122 128.479250  63.617310    69.836    69.836  2 55858.96296323 29.301
 123 128.477616  63.619743    66.274    66.274  2 55868.87861163 25.806
 124 128.477623  63.622030    72.030    72.030  2 55878.79426323 16.025
 125 128.479877  63.622935    68.986    69.890  3 55888.70990829 20.375
 126 128.479344  63.621937    70.799    71.173  3 55898.62554716 19.421
 127 128.476792  63.620322    71.181    71.321  3 55908.54118087 18.185
 128 128.482117  63.622231    70.750    71.058  3 55918.45683057 17.809
 129 128.480800  63.622744    70.877    70.994  3 55928.37248357 17.982
 130 128.478976  63.621972    70.927    71.071  4 55938.28813288 18.340
 131 128.480278  63.620664    70.726    70.958  3 55948.20377751 18.225
 132 128.476702  63.618425    68.166    68.166  2 55958.11941707 21.795
 133 128.477321  63.618062    71.083    70.935  3 55968.03505467 18.095
 134 128.476842  63.618505    71.318    71.318  2 55977.95069132 17.928
 135 128.476878  63.618864    70.931    70.931  2 55987.86632734 18.191
 136 128.478791  63.619038    70.725    70.725  2 55997.78196721 18.163
 137 128.478032  63.618669    67.751    67.751  2 56007.69761826 22.865
 138 128.478969  63.618395    68.000    68.000  2 56017.61326530 19.331
 139 128.477748  63.618725    68.150    68.150  2 56027.52890935 19.347
 140 128.477312  63.620029    65.935    65.974  3 56037.44455197 25.100
 141 128.479261  63.621669    65.900    65.874  4 56047.36019291 23.068
 142 128.480572  63.622471    66.686    66.698  3 56057.27583093 44.891
 143 128.481654  63.622015    72.704    72.590  3 56067.19146448 46.312
 144 128.475649  63.621050    71.502    71.431  3 56077.10711283 54.585
 145 128.477612  63.622144    70.626    70.626  2 56087.02276199 37.494
 146 128.480358  63.623061    70.600    70.572  3 56096.93840871 53.241
 147 128.481525  63.622707    68.893    68.863  3 56106.85405300 53.135
 148 128.483501  63.621507    70.280    70.337  3 56116.76968287 33.720
 149 128.477474  63.618463    68.251    68.186  3 56126.68531972 51.780
 150 128.476349  63.616941    69.065    69.065  2 56136.60095332 36.909
 151 128.475104  63.617368    69.807    69.807  2 56146.51659728 40.306
 152 128.478132  63.619400    67.552    67.552  2 56156.43224729 39.168
 153 128.482985  63.621281    72.480    72.549  3 56166.34789655 21.303
 154 128.475440  63.619384    69.501    69.501  2 56176.26354198 54.363
 155 128.476616  63.618682    68.267    68.267  2 56186.17918336 45.667
 156 128.476409  63.617909    68.036    68.036  2 56196.09482083 30.790
 157 128.479338  63.618994    68.820    68.820  2 56206.01045571 30.718
 158 128.477169  63.619701    67.310    67.411  3 56215.92608855 45.306
 159 128.480584  63.621619    66.583    66.604  3 56225.84172868 36.970
 160 128.480922  63.622434    73.042    73.858  3 56235.75738400 24.900
 161 128.481243  63.622409    73.363    73.315  3 56245.67303538 22.329
 162 128.480728  63.622288    72.456    72.964  3 56255.58868160 21.005
 163 128.477343  63.622244    70.896    70.896  2 56265.50432372 19.960
 164 128.478963  63.623086    71.921    71.287  4 56275.41996470 19.551
 165 128.478440  63.622367    70.785    70.558  4 56285.33561042 18.529
 166 128.481945  63.621318    71.908    70.848  3 56295.25126127 18.186
 167 128.476462  63.618246    70.553    70.553  2 56305.16690694 17.802
 168 128.477938  63.618342    70.643    70.643  2 56315.08254992 17.333
 169 128.479244  63.620165    70.032    70.032  2 56324.99819105 17.009
 170 128.480043  63.621733    72.834    73.687  3 56334.91383126 17.035
 171 128.476754  63.620607    72.450    71.671  3 56344.82946992 16.461
 172 128.476026  63.618517    70.729    70.729  2 56354.74510639 16.588
 173 128.475273  63.617204    71.222    71.222  2 56364.66075098 16.186
 174 128.479358  63.618864    72.415    72.415  2 56374.57640034 16.121
 176 128.479818  63.623558    65.365    65.363  4 56394.40769072 26.297
 177 128.477412  63.623634    66.040    66.041  4 56404.32333255 35.843
 178 128.480060  63.623358    66.367    66.205  3 56414.23897179 41.224
 179 128.481214  63.621648    66.214    66.244  3 56424.15460585 37.557
 180 128.476966  63.620653    71.959    72.075  3 56434.07025090 52.925
 181 128.479122  63.622477    71.238    71.192  3 56443.98590342 39.829
 182 128.475523  63.623150    70.767    70.767  2 56453.90155276 54.804
 183 128.477488  63.623089    69.931    69.909  4 56463.81719975 54.859
 184 128.480013  63.621434    68.378    68.398  3 56473.73284321 51.537
 185 128.476399  63.618021    68.240    68.240  2 56483.64848257 50.661
 186 128.478969  63.617738    69.464    69.464  2 56493.56411950 50.767
 187 128.478734  63.618776    70.914    70.914  2 56503.47975409 53.304
 188 128.478114  63.619926    71.395    71.395  2 56513.39538708 54.866
 189 128.479482  63.620932    71.064    71.258  3 56523.31103695 30.458
 190 128.476504  63.619406    69.391    69.391  2 56533.22668861 52.798
 192 128.476341  63.618457    70.131    70.131  2 56553.05798162 31.558
 193 128.482644  63.622072    67.670    67.719  3 56562.97362525 50.020
 194 128.478120  63.623574    67.447    67.363  4 56572.88926642 45.449
 195 128.476775  63.624012    66.751    66.838  4 56582.80490564 36.202
 196 128.477945  63.622335    68.003    67.981  4 56592.72054043 22.402
 197 128.478581  63.621221    71.077    71.077  2 56602.63619162 15.036
 198 128.476607  63.620548    71.585    71.196  3 56612.55184063 15.363
 199 128.478254  63.621991    70.863    70.776  4 56622.46748589 15.227
 200 128.479364  63.623159    71.405    70.883  3 56632.38312820 14.538
 201 128.479205  63.622318    72.382    72.734  4 56642.29876587 14.939
 202 128.477205  63.619965    71.680    71.723  3 56652.21441516 15.325
 203 128.475349  63.617742    70.546    70.546  2 56662.13006453 15.964
 204 128.478836  63.618213    70.333    70.333  2 56672.04571164 15.713
 205 128.477051  63.619937    71.868    71.860  3 56681.96135664 14.259
 206 128.479824  63.622333    72.302    71.976  4 56691.87700006 14.542
 207 128.480801  63.622600    70.703    70.970  3 56701.79263921 14.201
 208 128.475297  63.619217    71.431    71.431  2 56711.70827251 14.520
 209 128.478282  63.618781    68.081    68.081  2 56721.62391780 14.237
 210 128.479388  63.619883    71.008    71.008  2 56731.53956953 13.789
 211 128.477524  63.622129    71.344    71.344  2 56741.45521745 13.618
 212 128.478121  63.624592    73.324    72.741  3 56751.37086135 13.115
 213 128.477269  63.624704    65.627    65.618  3 56761.28649981 25.831
 214 128.477382  63.622695    66.004    66.008  4 56771.20213147 38.738
 215 128.481122  63.622547    66.528    66.696  3 56781.11778651 42.116
 216 128.481564  63.622558    72.722    72.745  3 56791.03344132 50.562
 217 128.479992  63.623323    70.096    70.075  3 56800.94909292 55.252
 218 128.478722  63.624025    71.847    71.176  3 56810.86473752 26.732
 219 128.478056  63.623438    70.316    70.254  4 56820.78037738 33.111
 220 128.482399  63.622051    67.602    68.537  3 56830.69601359 43.735
 221 128.479136  63.618442    68.584    68.584  2 56840.61164564 51.134
 222 128.477701  63.617003    67.729    67.729  2 56850.52728093 33.799
 223 128.475310  63.618682    67.643    67.643  2 56860.44293538 35.438
 224 128.479580  63.622134    68.187    68.205  3 56870.35858987 51.875
 225 128.478416  63.622939    68.182    68.252  4 56880.27424094 49.050
 226 128.478040  63.622239    67.343    67.331  4 56890.18988831 34.572
 227 128.476239  63.620826    67.198    67.145  3 56900.10553264 31.853
 228 128.480243  63.622245    67.363    67.280  3 56910.02117559 34.908
 229 128.479058  63.623564    67.545    67.417  4 56919.93681633 50.779
 230 128.478151  63.624756    68.870    68.165  3 56929.85245495 33.143
 231 128.477529  63.624194    67.123    67.010  4 56939.76808869 46.988
 232 128.479094  63.622887    66.744    66.748  4 56949.68372569 40.941
 233 128.479303  63.622022    72.147    71.953  4 56959.59937790 24.839
 234 128.480715  63.621991    73.111    73.884  3 56969.51502524 20.484
 235 128.475926  63.621145    72.245    71.678  3 56979.43066808 19.450
 236 128.479737  63.621941    72.531    72.491  4 56989.34630745 18.131
 237 128.481671  63.621058    70.380    70.495  3 56999.26194023 17.534
 238 128.478834  63.619867    70.507    70.507  2 57009.17759199 16.983
 239 128.475445  63.618482    70.853    70.853  2 57019.09324420 16.846
 240 128.477835  63.619200    70.489    70.489  2 57029.00889397 16.831
 241 128.477023  63.620228    70.838    70.598  3 57038.92454176 15.933
 242 128.480412  63.622153    70.747    71.025  3 57048.84018762 15.492
 243 128.479512  63.622101    70.669    70.794  4 57058.75582899 14.354
 244 128.482447  63.621751    70.368    70.561  3 57068.67146503 14.974
 245 128.477141  63.619754    70.395    70.223  3 57078.58709589 15.780
 246 128.475277  63.619552    70.186    70.186  2 57088.50273089 15.482
 247 128.477221  63.622424    70.720    70.720  2 57098.41838979 14.566
 248 128.479317  63.624679    73.809    74.517  4 57108.33404570 11.286
 249 128.478688  63.624529    69.832    70.761  4 57118.24969599 13.855
 250 128.479379  63.623521    67.406    67.224  4 57128.16534020 14.520
 251 128.479717  63.622391    65.687    65.605  3 57138.08097884 28.310
 252 128.478239  63.621377    65.668    65.668  2 57147.99661342 36.204
 253 128.481999  63.621511    70.511    70.451  3 57157.91224600 54.980
 254 128.481470  63.621208    72.158    72.637  3 57167.82789285 30.839
 255 128.483347  63.621506    70.787    70.786  3 57177.74354921 52.734
 256 128.479284  63.620114    71.410    71.410  2 57187.65920082 32.950
 257 128.476065  63.619377    71.771    71.771  2 57197.57484851 25.761
 258 128.482297  63.621350    70.057    70.406  3 57207.49048372 30.194
 259 128.479895  63.621771    68.494    68.496  4 57217.40612832 52.034
 260 128.479898  63.622033    67.223    67.137  4 57227.32177210 37.181
 261 128.482425  63.622208    67.138    67.116  3 57237.23741399 47.598
 262 128.482796  63.621749    66.906    66.914  3 57247.15305219 37.359
 263 128.480744  63.621352    67.344    67.176  3 57257.06868757 34.574
 264 128.481673  63.622442    66.649    66.637  3 57266.98432211 31.060
 265 128.479492  63.623273    65.814    65.800  4 57276.89996798 43.468
 266 128.476759  63.623408    66.210    66.204  4 57286.81562432 41.260
 267 128.479569  63.623413    66.433    66.372  3 57296.73127825 39.006
 268 128.480609  63.622692    66.293    66.053  3 57306.64692834 40.608
 269 128.481375  63.622784    65.758    65.611  3 57316.56257471 34.329
 270 128.479015  63.622878    69.110    70.377  3 57326.47821760 28.174
 271 128.480679  63.623460    66.293    66.018  3 57336.39385887 28.544
 272 128.477349  63.622157    70.803    70.803  2 57346.30950567 24.100
 273 128.476516  63.620582    69.473    70.494  3 57356.22515275 24.419
 274 128.479379  63.619915    69.984    69.984  2 57366.14079657 21.880
 275 128.478949  63.619653    70.546    70.546  2 57376.05643677 21.033
 276 128.481571  63.621103    72.238    72.952  3 57385.97207547 19.254
 277 128.479945  63.621319    70.771    70.585  4 57395.88771308 18.747
 278 128.481538  63.621251    72.424    72.566  3 57405.80334991 17.757
 279 128.475167  63.619487    71.620    71.620  2 57415.71899851 17.507
 280 128.481814  63.621143    69.934    70.261  3 57425.63465047 20.544
 281 128.481014  63.622465    68.556    69.279  3 57435.55029879 21.450
 282 128.477375  63.623941    69.912    70.446  4 57445.46594521 17.724
 283 128.476932  63.625206    71.252    71.129  4 57455.38159114 16.779
 284 128.475708  63.624339    71.286    71.297  4 57465.29723480 16.633
 285 128.479249  63.622454    71.046    71.095  3 57475.21287499 14.923
 286 128.475731  63.619336    66.071    66.071  2 57485.12851095 19.149
 287 128.477056  63.618956    65.804    65.820  3 57495.04414486 20.166
 288 128.475269  63.619384    65.391    65.391  2 57504.95977694 32.385
 289 128.478514  63.621888    65.675    65.800  4 57514.87543385 40.045
 290 128.479678  63.621762    69.688    69.660  4 57524.79108802 52.313
 291 128.477123  63.619355    69.992    69.992  2 57534.70673932 52.879
 292 128.475924  63.617880    71.126    71.126  2 57544.62238788 55.783
 293 128.477266  63.618957    70.958    70.951  3 57554.53803467 54.508
 294 128.480612  63.621769    69.544    69.549  3 57564.45368035 52.842
 295 128.477373  63.622575    70.017    70.009  4 57574.36932466 30.335
 296 128.479981  63.622936    69.661    69.698  3 57584.28496903 52.484
 297 128.481785  63.622157    69.618    69.582  3 57594.20061121 53.300
