-145247.480   154.988     0.00    1.80
-144960.325   155.143     0.54    1.57
-144673.159   154.921    -0.77    1.50
-144385.980   154.796    -0.44    1.47
-144098.790   154.916     0.42    1.63
-143811.589   154.988     0.25    1.72
-143524.376   154.966    -0.08    1.76
-143237.151   154.966     0.00    2.16
-142949.914   154.229    -2.57    3.75
-142662.666   152.691    -5.35    5.73
-142375.406   151.604    -3.78    6.70
-142088.134   150.032    -5.47    7.38
-141800.851   148.772    -4.39    7.62
-141513.556   147.995    -2.70    7.46
-141226.250   147.369    -2.18    7.05
-140938.931   147.677     1.07    6.74
-140651.601   148.695     3.54    6.55
-140364.260   149.981     4.47    6.23
-140076.906   151.659     5.84    5.62
-139789.541   153.367     5.94    4.34
-139502.165   154.722     4.71    2.52
-139214.776   155.428     2.46    2.16
-138927.376   155.887     1.60    2.25
-138639.964   155.847    -0.14    3.18
-138352.541   154.018    -6.36    5.99
-138065.106   151.287    -9.50    7.82
-137777.659   148.814    -8.60    8.46
-137490.200   145.907   -10.11    8.13
-137202.730   143.272    -9.17    6.73
-136915.248   141.031    -7.79    3.98
-136627.754   140.069    -3.35    0.95
-136340.249   140.010    -0.21    0.26
-136052.732   141.392     4.81    4.82
-135765.203   144.299    10.11    8.45
-135477.663   148.181    13.50   10.64
-135190.110   152.162    13.85   10.94
-134902.546   156.535    15.20   10.12
-134614.971   159.189     9.23    8.12
-134327.383   159.539     1.21    7.39
-134039.784   157.642    -6.59    8.88
-133752.173   156.375    -4.41    9.93
-133464.551   155.753    -2.16   10.70
-133176.916   155.943     0.66   10.97
-132889.270   157.914     6.85   10.86
-132601.613   160.018     7.31   10.32
-132313.943   161.742     5.99    9.10
-132026.262   161.682    -0.21    9.27
-131738.863   160.119    -5.44   10.49
-131453.580   156.185   -13.79   12.44
-131168.287   151.781   -15.44   13.21
-130882.983   147.025   -16.67   11.96
-130597.668   144.980    -7.17   11.03
-130312.342   146.930     6.83   13.07
-130027.006   149.710     9.74   14.61
-129741.659   153.835    14.46   14.88
-129456.301   156.061     7.80   14.45
-129170.933   158.838     9.73   13.92
-128885.553   159.513     2.37   13.58
-128600.163   158.988    -1.84   13.52
-128314.763   156.805    -7.65   13.71
-128029.351   156.093    -2.50   13.73
-127743.929   157.951     6.51   14.25
-127458.496   159.784     6.42   14.04
-127173.052   161.421     5.74   13.48
-126887.598   163.988     8.99   12.20
-126602.133   166.725     9.59    9.86
-126316.657   167.400     2.36    8.57
-126031.170   168.754     4.74    6.66
-125745.672   169.541     2.76    4.94
-125460.164   169.922     1.33    4.91
-125174.645   170.473     1.93    5.01
-124889.116   171.139     2.33    4.78
-124603.575   172.047     3.18    4.35
-124318.024   172.785     2.58    3.96
-124032.462   173.227     1.55    3.78
-123746.889   173.361     0.47    4.00
-123461.306   173.090    -0.95    4.12
-123175.711   172.556    -1.87    4.21
-122890.106   172.273    -0.99    4.37
-122604.491   173.378     3.87    5.35
-122318.864   174.339     3.36    5.76
-122033.227   174.645     1.07    5.77
-121747.579   174.055    -2.07    5.69
-121461.920   173.745    -1.08    5.71
-121176.250   173.609    -0.48    5.78
-120890.570   173.803     0.68    5.63
-120604.878   173.647    -0.54    4.97
-120319.176   173.747     0.35    5.06
-120033.464   173.995     0.87    4.67
-119747.740   175.146     4.03    4.35
-119462.006   174.804    -1.20    4.32
-119176.261   174.254    -1.92    4.47
-118890.505   173.130    -3.93    4.21
-118604.738   172.594    -1.88    4.10
-118318.960   172.339    -0.89    4.47
-118033.172   171.841    -1.74    4.53
-117747.373   170.786    -3.69    4.59
-117461.563   169.942    -2.95    4.89
-117175.742   169.745    -0.69    4.71
-116889.911   169.639    -0.37    4.61
-116604.069   169.635    -0.01    4.76
-116318.216   169.913     0.97    4.80
-116032.352   170.914     3.50    5.03
-115746.477   172.243     4.65    4.73
-115460.592   172.730     1.70    4.03
-115174.695   172.495    -0.82    4.01
-114888.788   172.743     0.87    3.96
-114602.870   173.524     2.73    3.83
-114316.941   173.959     1.52    3.79
-114031.002   174.860     3.15    4.06
-113745.052   175.506     2.26    3.44
-113459.090   174.883    -2.18    2.41
-113173.118   174.650    -0.81    2.37
-112887.136   174.114    -1.87    2.16
-112601.142   173.736    -1.32    2.25
-112315.137   173.452    -0.99    2.33
-112029.122   173.284    -0.59    2.36
-111743.096   173.952     2.33    3.24
-111457.059   174.462     1.78    3.81
-111171.011   175.112     2.27    4.05
-110884.953   175.892     2.73    4.15
-110598.883   176.700     2.82    3.75
-110312.803   177.791     3.81    3.58
-110026.712   178.361     1.99    3.42
-109740.610   178.412     0.18    3.39
-109454.497   178.669     0.90    3.35
-109168.373   179.048     1.32    3.52
-108882.239   178.527    -1.82    3.96
-108596.094   176.816    -5.98    5.38
-108309.937   174.553    -7.91    5.83
-108023.770   172.706    -6.45    6.17
-107737.593   170.502    -7.70    6.11
-107451.404   168.488    -7.04    5.77
-107165.204   166.092    -8.37    4.32
-106878.994   164.664    -4.99    4.06
-106592.773   164.071    -2.07    3.85
-106306.540   162.937    -3.96    4.23
-106020.297   161.595    -4.69    4.98
-105734.044   161.747     0.53    5.29
-105447.779   161.827     0.28    6.57
-105161.503   163.130     4.55    7.51
-104875.217   164.821     5.91    7.77
-104588.920   167.114     8.01    7.26
-104302.611   169.689     9.00    4.98
-104016.292   171.010     4.61    3.58
-103729.963   171.624     2.15    4.27
-103443.622   172.141     1.81    5.36
-103157.270   172.234     0.32    6.39
-102870.908   172.616     1.33    6.79
-102584.534   173.358     2.59    7.20
-102298.150   174.645     4.49    7.28
-102011.755   176.010     4.77    6.79
-101725.349   176.891     3.08    6.14
-101438.932   176.538    -1.23    5.59
-101152.504   175.647    -3.11    3.99
-100866.065   174.731    -3.20    3.66
-100579.616   173.628    -3.85    2.77
-100293.155   172.818    -2.83    2.70
-100006.684   172.679    -0.49    2.78
 -99720.202   172.665    -0.05    2.94
 -99433.708   172.090    -2.01    2.83
 -99147.204   171.988    -0.36    2.81
 -98860.689   171.883    -0.37    2.83
 -98574.164   172.200     1.11    2.91
 -98287.627   172.518     1.11    2.70
 -98001.079   172.039    -1.67    3.06
 -97714.521   171.321    -2.50    2.90
 -97427.951   170.803    -1.81    3.01
 -97141.371   170.385    -1.46    3.05
 -96854.779   170.071    -1.09    3.16
 -96568.177   170.185     0.40    4.50
 -96281.564   169.824    -1.26    4.67
 -95994.940   170.161     1.18    5.18
 -95708.305   171.195     3.61    5.98
 -95421.659   171.757     1.96    6.16
 -95135.003   173.038     4.47    6.61
 -94848.335   173.965     3.24    5.95
 -94561.656   174.170     0.72    4.98
 -94274.967   174.166    -0.02    3.95
 -93988.266   173.874    -1.02    3.75
 -93701.555   173.684    -0.66    3.75
 -93414.833   174.100     1.45    4.53
 -93128.100   173.578    -1.82    5.50
 -92841.355   173.507    -0.25    5.91
 -92554.600   174.686     4.11    6.33
 -92267.834   175.284     2.08    6.18
 -91981.057   175.922     2.22    6.02
 -91694.269   176.492     1.99    5.73
 -91407.471   177.040     1.91    5.39
 -91120.661   178.259     4.25    4.60
 -90833.840   178.458     0.69    4.23
 -90547.008   177.959    -1.74    4.37
 -90260.166   177.032    -3.23    4.13
 -89973.312   176.148    -3.08    4.00
 -89686.448   175.159    -3.45    3.47
 -89399.572   173.891    -4.42    2.81
 -89112.686   172.995    -3.12    2.45
 -88825.789   172.495    -1.74    2.27
 -88538.880   172.447    -0.17    2.46
 -88251.961   172.003    -1.55    2.45
 -87965.031   171.965    -0.13    2.60
 -87678.090   171.506    -1.60    2.92
 -87391.138   170.906    -2.09    3.59
 -87104.174   170.543    -1.27    3.83
 -86817.200   170.088    -1.58    4.10
 -86530.215   169.625    -1.61    4.24
 -86243.219   169.543    -0.29    4.45
 -85956.212   168.943    -2.09    4.14
 -85669.194   168.585    -1.25    3.67
 -85382.166   168.371    -0.74    3.66
 -85095.126   167.484    -3.09    3.50
 -84808.075   166.565    -3.20    3.68
 -84521.013   165.794    -2.69    4.19
 -84233.940   165.316    -1.66    4.27
 -83946.856   164.786    -1.85    4.49
 -83659.762   163.427    -4.74    5.12
 -83372.656   162.260    -4.06    5.88
 -83085.539   161.092    -4.07    6.55
 -82798.411   159.328    -6.14    7.30
 -82511.273   156.995    -8.13    7.46
 -82224.123   154.924    -7.21    7.05
 -81936.962   152.146    -9.67    5.93
 -81649.791   150.766    -4.80    5.36
 -81362.608   150.642    -0.43    5.89
 -81075.414   151.351     2.47    7.57
 -80788.209   153.716     8.24    9.40
 -80500.994   156.138     8.43    9.34
 -80213.767   157.871     6.03    9.27
 -79926.529   159.922     7.14    8.17
 -79639.281   161.830     6.64    7.19
 -79352.021   162.857     3.58    6.82
 -79064.750   163.729     3.03    5.79
 -78777.469   164.288     1.95    4.88
 -78490.176   165.101     2.83    3.48
 -78202.872   165.635     1.86    3.06
 -77915.557   166.334     2.43    3.24
 -77628.232   167.209     3.05    3.78
 -77340.895   168.152     3.28    3.65
 -77053.547   169.286     3.95    4.03
 -76766.188   170.495     4.21    4.67
 -76478.819   171.025     1.84    5.12
 -76191.438   170.566    -1.60    5.87
 -75904.046   169.731    -2.91    6.28
 -75616.643   169.234    -1.73    6.49
 -75329.229   169.110    -0.43    6.66
 -75041.804   167.847    -4.39    6.12
 -74754.368   167.047    -2.78    5.62
 -74466.921   167.588     1.88    5.57
 -74179.463   168.195     2.11    5.28
 -73891.994   168.266     0.25    5.08
 -73604.514   167.712    -1.93    5.19
 -73317.022   166.814    -3.12    5.56
 -73029.520   166.173    -2.23    5.71
 -72742.007   165.466    -2.46    5.32
 -72454.483   165.125    -1.19    4.98
 -72166.947   164.845    -0.97    4.50
 -71879.401   164.974     0.45    3.84
 -71591.843   165.906     3.24    3.63
 -71304.275   166.796     3.10    3.56
 -71016.695   167.253     1.59    3.78
 -70729.105   167.107    -0.51    4.07
 -70441.503   167.218     0.39    4.36
 -70153.890   167.815     2.08    4.77
 -69866.687   168.628     2.83    5.03
 -69581.337   169.533     3.17    4.57
 -69295.977   170.077     1.91    3.85
 -69010.606   170.585     1.78    3.36
 -68725.225   170.839     0.89    2.99
 -68439.835   170.553    -1.00    3.05
 -68154.434   170.003    -1.93    3.42
 -67869.023   169.294    -2.48    3.84
 -67583.602   168.759    -1.87    4.09
 -67298.171   168.458    -1.06    4.04
 -67012.730   167.875    -2.04    4.36
 -66727.279   167.834    -0.15    4.25
 -66441.818   167.773    -0.21    4.35
 -66156.346   167.736    -0.13    4.62
 -65870.865   168.117     1.33    4.67
 -65585.373   168.613     1.74    5.01
 -65299.872   169.769     4.05    5.20
 -65014.360   170.533     2.67    5.32
 -64728.838   169.938    -2.08    5.64
 -64443.306   167.751    -7.66    8.48
 -64157.764   164.576   -11.12   11.98
 -63872.212   160.830   -13.12   14.48
 -63586.650   156.704   -14.45   14.66
 -63301.078   151.272   -19.02   15.84
 -63015.496   147.581   -12.92   14.71
 -62729.903   146.048    -5.37   13.82
 -62444.301   142.908   -10.99   14.86
 -62158.688   140.277    -9.21   15.44
 -61873.065   136.774   -12.26   16.44
 -61587.432   133.693   -10.79   17.29
 -61301.789   130.492   -11.21   17.77
 -61016.136   126.484   -14.03   17.84
 -60730.473   123.637    -9.97   15.66
 -60444.800   123.427    -0.74   14.18
 -60159.116   122.966    -1.61   11.89
 -59873.423   122.689    -0.97    8.99
 -59587.719   121.988    -2.46    7.07
 -59302.005   120.518    -5.15    6.23
 -59016.281   119.425    -3.82    6.64
 -58730.547   118.090    -4.67    6.63
 -58444.803   116.204    -6.60    6.06
 -58159.049   114.416    -6.26    5.18
 -57873.285   113.284    -3.96    4.60
 -57587.510   112.862    -1.48    4.68
 -57301.726   111.851    -3.54    5.14
 -57015.931   109.959    -6.62    6.17
 -56730.126   107.575    -8.34    7.01
 -56444.311   103.025   -15.92    9.62
 -56158.486    97.869   -18.04   11.05
 -55872.651    93.674   -14.67   10.05
 -55586.805    91.743    -6.75    9.39
 -55300.950    89.302    -8.54    8.83
 -55015.084    88.292    -3.53    7.87
 -54729.208    88.610     1.11    7.93
 -54443.322    90.116     5.27    8.40
 -54157.426    91.507     4.86    9.43
 -53871.520    92.184     2.37   10.89
 -53585.603    92.192     0.03   11.46
 -53299.677    92.092    -0.35   10.49
 -53013.740    92.824     2.56   11.00
 -52727.793    95.188     8.27   12.30
 -52441.836   100.255    17.72   14.98
 -52155.869   106.506    21.86   15.83
 -51869.892   113.838    25.64   14.78
 -51583.904   119.424    19.53   12.45
 -51297.907   123.173    13.11    9.97
 -51011.899   124.781     5.62    8.72
 -50725.881   122.822    -6.85    9.96
 -50439.853   119.922   -10.14    9.55
 -50153.815   116.336   -12.54    9.53
 -49867.766   112.232   -14.34    8.39
 -49581.708   108.660   -12.49    8.13
 -49295.639   104.002   -16.28    9.47
 -49009.560   100.403   -12.58   10.21
 -48723.471    96.545   -13.48   10.22
 -48437.372    94.074    -8.64    9.04
 -48151.262    92.914    -4.06    7.67
 -47865.143    94.060     4.01    7.85
 -47579.013    95.499     5.03    8.72
 -47292.873    98.125     9.18    9.67
 -47006.723   101.147    10.56   10.12
 -46720.563   105.130    13.92    9.96
 -46434.392   109.366    14.80    9.04
 -46148.212   112.152     9.73    7.47
 -45862.021   113.951     6.29    6.57
 -45575.820   115.652     5.94    6.26
 -45289.609   117.830     7.61    6.92
 -45003.387   120.295     8.61    8.04
 -44717.156   123.121     9.87    9.08
 -44430.914   126.451    11.63    8.15
 -44144.662   129.578    10.92    5.83
 -43858.400   131.660     7.27    4.04
 -43572.128   132.030     1.30    3.93
 -43285.845   132.329     1.04    4.92
 -42999.552   132.421     0.32    5.86
 -42713.249   131.038    -4.83    8.18
 -42426.936   130.664    -1.31    8.00
 -42140.613   129.852    -2.84    8.20
 -41854.280   129.655    -0.69    7.50
 -41567.936   129.232    -1.47    6.60
 -41281.582   127.785    -5.05    6.11
 -40995.218   125.354    -8.49    6.11
 -40708.843   122.574    -9.71    7.00
 -40422.459   119.753    -9.85    8.07
 -40136.064   116.886   -10.01    8.71
 -39849.659   113.924   -10.34    8.13
 -39563.244   110.138   -13.22    7.15
 -39276.819   106.922   -11.23    5.23
 -38990.383   104.827    -7.31    3.97
 -38703.937   103.592    -4.31    3.63
 -38417.481   103.247    -1.21    3.49
 -38131.015   103.121    -0.44    3.85
 -37844.538   103.127     0.02    4.63
 -37558.052   103.116    -0.04    5.50
 -37271.555   102.309    -2.82    5.83
 -36985.048   101.182    -3.93    6.41
 -36698.530    99.506    -5.85    6.92
 -36412.003    97.284    -7.76    7.06
 -36125.465    95.930    -4.72    6.92
 -35838.917    94.341    -5.55    6.92
 -35552.358    92.844    -5.22    6.63
 -35265.790    91.055    -6.24    6.91
 -34979.211    89.191    -6.50    7.74
 -34692.622    86.966    -7.76    8.85
 -34406.023    84.084   -10.06    9.43
 -34119.413    81.366    -9.48    9.70
 -33832.794    78.224   -10.97    9.50
 -33546.164    75.455    -9.66    8.51
 -33259.524    73.459    -6.96    7.73
 -32972.873    72.592    -3.02    8.04
 -32686.212    73.066     1.65    9.00
 -32399.542    73.433     1.28    9.09
 -32112.860    74.484     3.67    7.99
 -31826.169    75.409     3.23    6.48
 -31539.467    76.078     2.33    4.94
 -31252.755    76.667     2.05    5.13
 -30966.033    76.492    -0.61    5.63
 -30679.301    76.264    -0.79    5.82
 -30392.558    76.060    -0.71    6.04
 -30105.805    76.336     0.96    5.65
 -29819.042    76.403     0.23    4.98
 -29532.268    76.060    -1.20    4.07
 -29245.484    75.757    -1.06    3.21
 -28958.690    75.609    -0.51    2.91
 -28671.886    75.232    -1.31    3.06
 -28385.072    73.400    -6.39    5.15
 -28098.247    71.731    -5.82    6.23
 -27811.412    70.137    -5.56    6.87
 -27524.566    68.229    -6.65    7.39
 -27237.711    67.336    -3.11    7.20
 -26950.845    67.033    -1.06    6.41
 -26663.969    68.204     4.08    6.70
 -26377.082    70.681     8.64    6.85
 -26090.185    73.427     9.57    7.08
 -25803.278    76.727    11.50    7.12
 -25516.361    80.536    13.28    6.74
 -25229.434    84.952    15.39    7.16
 -24942.496    88.540    12.51    7.70
 -24655.548    91.591    10.63    7.21
 -24368.589    94.304     9.46    6.02
 -24081.620    96.297     6.94    4.85
 -23794.641    97.109     2.83    4.22
 -23507.652    97.048    -0.21    4.75
 -23220.653    96.295    -2.62    5.26
 -22933.643    94.756    -5.36    5.46
 -22646.622    92.677    -7.24    5.63
 -22359.592    89.816    -9.97    7.39
 -22072.551    83.861   -20.75   12.20
 -21785.500    75.294   -29.84   18.37
 -21498.439    64.517   -37.54   23.56
 -21211.367    53.573   -38.12   25.69
 -20924.285    43.117   -36.42   22.95
 -20637.193    35.262   -27.36   16.78
 -20350.090    30.579   -16.31   10.87
 -20062.977    29.081    -5.22    8.25
 -19775.854    28.861    -0.77    7.25
 -19488.721    30.081     4.25    5.41
 -19201.577    30.810     2.54    4.54
 -18914.423    31.084     0.95    4.84
 -18627.258    31.674     2.06    4.80
 -18340.083    32.951     4.45    4.31
 -18052.898    32.435    -1.80    7.48
 -17765.703    33.297     3.00    7.44
 -17478.497    34.781     5.17    6.71
 -17191.281    36.045     4.40    6.24
 -16904.055    37.141     3.81    4.36
 -16616.818    37.842     2.44    4.15
 -16329.571    38.097     0.89    4.35
 -16042.314    38.447     1.22    3.88
 -15755.046    38.080    -1.28    3.14
 -15467.768    37.158    -3.21    3.05
 -15180.479    36.477    -2.37    3.13
 -14893.181    36.345    -0.46    3.13
 -14605.872    35.847    -1.73    3.15
 -14318.552    36.211     1.27    3.67
 -14031.223    36.369     0.55    4.21
 -13743.883    36.395     0.09    4.40
 -13456.532    35.473    -3.21    5.45
 -13169.172    31.256   -14.68   11.76
 -12881.801    26.825   -15.42   14.86
 -12594.419    24.816    -6.99   15.41
 -12307.027    25.197     1.32   15.79
 -12019.625    25.557     1.26   15.81
 -11732.213    27.563     6.98   14.99
 -11444.790    30.168     9.06   12.78
 -11157.357    32.751     8.99    8.06
 -10869.913    34.068     4.58    4.43
 -10582.460    33.901    -0.58    4.03
 -10294.995    34.107     0.72    3.60
 -10007.521    32.895    -4.22    5.05
  -9720.036    29.499   -11.81    9.92
  -9432.541    25.134   -15.18   13.60
  -9145.035    19.574   -19.34   15.62
  -8857.519    13.197   -22.18   15.08
  -8569.992     6.702   -22.59   11.63
  -8282.456     2.459   -14.76    6.70
  -7995.427     0.018    -8.50    0.24
  -7710.007     0.655     2.23    4.12
  -7424.578     3.883    11.31   10.19
  -7139.140     7.937    14.20   13.00
  -6853.692     9.893     6.85   13.70
  -6568.235    10.921     3.60   13.96
  -6282.768    10.743    -0.62   13.94
  -5997.292     9.703    -3.64   13.68
  -5711.807     8.084    -5.67   12.87
  -5426.312     5.809    -7.97   11.47
  -5140.807     5.033    -2.72   11.09
  -4855.294     7.826     9.78   12.70
  -4569.770     8.711     3.10   13.08
  -4284.238     9.536     2.89   13.41
  -3998.696     8.766    -2.70   13.17
  -3713.144     6.153    -9.15   11.42
  -3427.583     4.162    -6.97    9.08
  -3142.013     2.459    -5.96    7.06
  -2856.433     0.134    -8.14    0.95
  -2570.844    -0.012    -0.51    0.00
  -2285.246    -0.012     0.00    0.00
  -1999.638    -0.012     0.00    0.00
  -1714.020    -0.012     0.00    0.00
  -1428.393     0.276     1.01    2.68
  -1142.757     1.098     2.88    5.30
   -857.111     1.732     2.22    6.72
   -571.456     2.111     1.33    7.38
   -285.792     2.167     0.20    7.48
     -0.118     2.045    -0.43    7.33
    285.566     0.951    -3.83    5.01
    571.259    -0.012    -3.37    0.00
    856.961    -0.012     0.00    0.00
   1142.673    -0.012     0.00    0.00
   1428.394    -0.012     0.00    0.00
   1714.125    -0.012     0.00    0.00
   1999.865    -0.012     0.00    0.00
   2285.615     0.359     1.30    2.87
   2571.374     1.857     5.24    7.45
   2857.142     2.205     1.22    8.06
   3142.920     4.702     8.74   10.99
   3428.707     9.183    15.68   14.45
   3714.504    13.247    14.22   15.35
   4000.311    16.770    12.32   15.10
   4286.126    20.731    13.86   13.76
   4571.951    24.188    12.10   11.43
   4857.786    25.640     5.08    9.69
   5143.630    22.782   -10.00   11.86
   5429.484    18.449   -15.16   13.61
   5715.347    13.995   -15.58   13.78
   6001.219    10.685   -11.58   12.52
   6287.101     8.747    -6.78   10.81
   6572.993     7.561    -4.15    9.23
   6858.894     6.908    -2.29    8.57
   7144.804     8.182     4.46    9.31
   7430.724     8.861     2.37    9.96
   7716.653    10.531     5.84   10.39
   8002.592    10.814     0.99   11.23
   8288.540    10.809    -0.02   12.38
   8574.498    12.191     4.83   13.49
   8860.465    14.862     9.34   14.49
   9146.442    19.455    16.06   14.35
   9432.428    22.286     9.90   12.71
   9718.424    23.595     4.58   10.46
  10004.429    24.324     2.55    8.42
  10290.444    25.024     2.45    5.70
  10576.468    27.513     8.70    7.29
  10862.501    31.195    12.87   11.82
  11148.544    38.116    24.20   16.72
  11434.597    45.533    25.93   18.88
  11720.659    53.724    28.63   17.45
  12006.730    60.403    23.35   13.20
  12292.811    63.361    10.34   11.00
  12578.902    62.513    -2.96   14.05
  12865.002    58.632   -13.56   17.38
  13151.111    53.742   -17.09   19.51
  13437.230    49.902   -13.42   19.71
  13723.359    49.179    -2.53   17.76
  14009.497    47.616    -5.46   16.02
  14295.644    47.674     0.20   14.01
  14581.801    47.366    -1.08   12.37
  14867.968    46.695    -2.34   10.54
  15154.144    46.329    -1.28    7.33
  15440.329    47.353     3.58    5.50
  15726.524    48.875     5.32    5.62
  16012.729    51.032     7.54    5.86
  16298.943    53.002     6.88    5.70
  16585.166    54.109     3.87    4.94
  16871.399    53.923    -0.65    4.47
  17157.642    53.073    -2.97    5.17
  17443.894    51.839    -4.31    5.47
  17730.155    50.361    -5.16    5.44
  18016.426    49.215    -4.00    5.28
  18302.707    48.285    -3.25    6.52
  18588.997    47.778    -1.77    6.82
  18875.297    46.938    -2.93    7.74
  19161.606    44.943    -6.97    7.78
  19447.924    44.887    -0.20    7.84
  19734.253    45.324     1.52    8.03
  20020.590    46.010     2.40    8.65
  20306.938    49.016    10.50    8.86
  20593.294    49.781     2.67    8.20
  20879.661    49.630    -0.52    7.33
  21166.036    50.016     1.35    7.74
  21452.422    50.284     0.93    8.25
  21738.817    50.524     0.84    8.44
  22025.221    51.751     4.28    8.93
  22311.635    52.691     3.28    8.66
  22598.058    53.333     2.24    8.20
  22884.491    53.727     1.37    8.02
  23170.934    54.529     2.80    8.02
  23457.386    55.240     2.48    8.59
  23743.847    55.466     0.79   10.03
  24030.319    55.060    -1.42   10.00
  24316.799    57.109     7.15    9.68
  24603.289    58.414     4.56    9.62
  24889.789    59.200     2.74    9.24
  25176.299    59.287     0.31    8.59
  25462.817    59.385     0.34    7.66
  25749.346    59.695     1.08    6.99
  26035.884    59.628    -0.24    6.03
  26322.431    59.289    -1.18    5.87
  26608.988    58.759    -1.85    6.64
  26895.555    57.906    -2.98    6.86
  27182.131    58.216     1.08    7.30
  27468.717    59.763     5.40    9.10
  27755.312    61.803     7.12   11.12
  28041.917    64.045     7.83   12.19
  28328.531    67.742    12.90   11.67
  28615.155    72.225    15.64   11.15
  28901.789    77.216    17.41   10.61
  29188.432    80.869    12.74   10.98
  29475.084    83.132     7.89   12.03
  29761.747    85.844     9.46   13.16
  30048.418    90.995    17.97   13.18
  30335.100    95.734    16.53   13.53
  30621.791   101.038    18.50   13.56
  30908.491   106.877    20.37   11.97
  31195.201   111.731    16.93    8.44
  31481.921   115.378    12.72    7.13
  31768.650   117.951     8.98    6.81
  32055.389   120.488     8.85    7.26
  32342.137   123.699    11.20    7.82
  32628.895   126.445     9.58    8.53
  32915.662   129.517    10.71    8.39
  33202.439   133.195    12.83    8.30
  33489.226   136.679    12.15    7.25
  33776.022   139.082     8.38    5.04
  34062.828   140.018     3.26    4.98
  34349.643   141.598     5.51    6.13
  34636.468   143.884     7.97    7.88
  34923.303   146.297     8.41    9.37
  35210.147   148.002     5.94   11.80
  35497.001   150.731     9.51   13.66
  35783.864   153.597     9.99   15.40
  36070.737   156.852    11.35   15.35
  36357.619   159.929    10.72   14.61
  36644.511   161.481     5.41   14.49
  36931.413   161.517     0.13   15.27
  37218.324   163.119     5.58   16.01
  37505.245   164.545     4.97   16.72
  37792.176   167.440    10.09   17.87
  38079.116   171.788    15.15   18.01
  38366.066   174.297     8.75   16.65
  38653.025   175.097     2.79   14.30
  38939.994   176.103     3.50   12.74
  39226.972   176.582     1.67   11.21
  39513.960   176.936     1.23   10.96
  39800.958   178.424     5.18   11.27
  40087.965   179.716     4.50   10.67
  40374.982   181.369     5.76   10.04
  40662.009   183.216     6.44    8.45
  40949.045   184.672     5.07    7.13
  41236.091   187.405     9.52    6.99
  41523.146   190.133     9.50    7.52
  41810.211   192.603     8.60    8.06
  42097.286   195.276     9.31    8.52
  42384.370   196.988     5.96    8.00
  42671.464   198.630     5.72    7.04
  42958.567   199.938     4.56    6.16
  43245.680   200.803     3.01    6.63
  43532.803   200.188    -2.14    7.57
  43819.935   199.902    -1.00    8.19
  44107.077   199.763    -0.48    8.92
  44394.229   198.692    -3.73   10.31
  44681.390   197.659    -3.60   10.69
  44968.561   196.388    -4.43   10.54
  45255.741   194.044    -8.16   12.46
  45542.932   191.626    -8.42   13.84
  45830.131   189.350    -7.92   15.22
  46117.341   186.307   -10.60   15.46
  46404.560   183.824    -8.65   14.54
  46691.788   181.953    -6.51   13.68
  46979.027   179.740    -7.70   11.75
  47266.275   179.225    -1.79   10.29
  47553.532   179.324     0.34    9.30
  47840.799   179.591     0.93    7.84
  48128.076   181.703     7.35    8.85
  48415.363   184.277     8.96    9.28
  48702.659   188.025    13.05    9.72
  48989.965   192.222    14.61    9.45
  49277.280   196.666    15.47    9.04
  49564.605   200.677    13.96    8.67
  49851.940   203.945    11.38    9.72
  50139.284   205.981     7.08   10.08
  50426.638   207.321     4.67    9.59
  50714.002   207.059    -0.91    9.72
  51001.375   205.595    -5.09   10.75
  51288.758   202.873    -9.47   12.34
  51576.151   200.381    -8.67   12.29
  51863.553   197.529    -9.92   10.25
  52150.965   194.614   -10.14    9.36
  52438.387   192.713    -6.61    8.31
  52725.818   192.184    -1.84    7.11
  53013.259   191.396    -2.74    6.40
  53300.710   191.240    -0.54    5.69
  53588.170   191.369     0.45    5.42
  53875.047   191.683     1.09    5.03
  54160.537   191.128    -1.95    4.88
  54446.037   190.649    -1.68    4.80
  54731.545   189.988    -2.32    4.84
  55017.062   189.317    -2.35    5.13
