-152563.112   158.429     0.00    5.20
-152276.297   156.511    -6.69    5.32
-151989.465   154.124    -8.32    5.26
-151702.616   151.876    -7.84    5.46
-151415.751   149.407    -8.60    4.88
-151128.870   146.891    -8.77    4.84
-150841.973   145.165    -6.02    4.68
-150555.059   143.762    -4.89    4.10
-150268.129   142.868    -3.12    3.76
-149981.183   142.235    -2.21    3.64
-149694.220   141.238    -3.47    3.03
-149407.241   140.698    -1.88    2.97
-149120.246   139.754    -3.29    2.34
-148833.234   138.930    -2.87    2.16
-148546.206   138.225    -2.46    2.41
-148259.162   137.619    -2.11    2.39
-147972.101   136.938    -2.37    2.56
-147685.024   136.098    -2.93    2.82
-147397.930   135.384    -2.49    2.87
-147110.820   134.338    -3.64    3.20
-146823.694   133.027    -4.56    3.89
-146536.552   131.435    -5.55    4.60
-146249.393   130.235    -4.18    4.75
-145962.217   128.479    -6.12    5.05
-145675.025   127.222    -4.38    5.15
-145387.817   125.972    -4.35    4.27
-145100.593   124.946    -3.57    3.99
-144813.352   124.209    -2.57    3.72
-144526.094   123.436    -2.69    2.94
-144238.821   123.153    -0.99    2.57
-143951.530   123.011    -0.49    2.35
-143664.224   123.930     3.20    3.38
-143376.901   125.118     4.14    4.86
-143089.561   126.923     6.28    6.12
-142802.206   129.327     8.36    6.79
-142514.833   132.075     9.57    6.80
-142227.445   135.531    12.02    6.48
-141940.040   138.960    11.93    6.40
-141652.618   142.327    11.71    6.03
-141365.180   145.380    10.62    5.85
-141077.726   148.131     9.57    5.44
-140790.255   150.714     8.98    4.36
-140502.768   152.271     5.42    3.09
-140215.264   153.037     2.66    2.25
-139927.744   153.345     1.07    1.98
-139640.207   153.296    -0.17    2.07
-139352.654   152.778    -1.80    1.88
-139065.084   151.954    -2.86    2.11
-138777.498   150.859    -3.81    2.68
-138489.896   149.991    -3.02    2.94
-138202.277   149.147    -2.93    2.71
-137914.641   148.408    -2.57    2.66
-137626.989   148.261    -0.51    3.01
-137339.321   148.053    -0.72    3.21
-137051.636   148.360     1.07    3.53
-136763.934   148.476     0.40    3.53
-136476.216   148.141    -1.16    3.42
-136188.482   147.953    -0.65    3.50
-135900.731   147.632    -1.12    3.61
-135612.964   147.456    -0.61    3.99
-135325.180   146.860    -2.07    4.26
-135037.379   146.323    -1.87    4.05
-134749.562   145.595    -2.53    3.91
-134461.729   145.171    -1.48    3.84
-134173.879   145.312     0.49    4.05
-133886.012   145.563     0.87    4.87
-133598.129   145.303    -0.91    5.38
-133310.230   145.455     0.53    5.83
-133022.313   145.837     1.33    6.08
-132734.381   146.069     0.81    5.90
-132446.431   145.023    -3.63    5.72
-132158.466   143.835    -4.12    5.80
-131870.483   141.585    -7.81    6.59
-131582.485   138.806    -9.65    7.15
-131294.469   136.233    -8.93    6.84
-131006.437   133.662    -8.92    5.49
-130718.389   132.145    -5.27    3.67
-130430.323   131.558    -2.04    2.77
-130142.242   132.115     1.93    3.47
-129854.143   133.195     3.75    4.23
-129566.029   134.729     5.32    5.15
-129277.897   135.876     3.98    5.72
-128989.749   136.780     3.14    5.58
-128701.585   136.991     0.73    5.08
-128413.403   136.868    -0.43    4.47
-128125.206   136.352    -1.79    4.16
-127836.991   135.584    -2.66    3.77
-127548.760   134.995    -2.04    3.32
-127260.513   133.767    -4.26    3.74
-126972.248   132.178    -5.51    4.82
-126683.968   129.733    -8.48    6.17
-126396.556   127.899    -6.38    6.91
-126111.697   125.230    -9.37    7.11
-125826.823   122.775    -8.62    7.49
-125541.933   120.438    -8.20    6.64
-125257.028   117.764    -9.38    5.24
-124972.108   115.618    -7.53    5.50
-124687.172   112.563   -10.72    5.76
-124402.221   110.799    -6.19    6.02
-124117.254   108.545    -7.91    6.43
-123832.272   106.284    -7.93    6.64
-123547.275   103.163   -10.95    5.84
-123262.262   100.707    -8.61    4.88
-122977.233    99.388    -4.63    4.12
-122692.190    99.159    -0.80    3.91
-122407.131    99.985     2.90    4.72
-122122.056   101.309     4.64    5.57
-121836.966   102.601     4.53    5.74
-121551.860   104.473     6.56    5.25
-121266.740   106.158     5.91    4.37
-120981.603   107.681     5.34    3.60
-120696.451   108.749     3.75    3.67
-120411.284   109.985     4.33    3.90
-120126.102   111.907     6.74    3.84
-119840.903   114.279     8.31    4.17
-119555.690   116.519     7.86    5.23
-119270.461   118.563     7.17    5.50
-118985.216   120.815     7.89    5.58
-118699.956   123.034     7.78    5.22
-118414.681   125.085     7.19    4.79
-118129.390   126.969     6.60    4.53
-117844.084   128.947     6.93    4.74
-117558.762   131.085     7.49    4.64
-117273.424   132.420     4.68    4.54
-116988.072   133.050     2.21    4.40
-116702.703   133.969     3.22    4.66
-116417.319   135.475     5.28    5.27
-116131.920   136.923     5.07    6.19
-115846.505   138.859     6.79    7.60
-115561.075   140.302     5.05    7.97
-115275.629   141.671     4.79    7.64
-114990.168   142.095     1.48    6.86
-114704.691   142.721     2.19    6.41
-114419.199   142.747     0.09    5.70
-114133.691   142.426    -1.13    5.82
-113848.168   141.820    -2.12    5.55
-113562.629   141.290    -1.86    5.08
-113277.074   142.075     2.75    4.96
-112991.504   143.622     5.42    5.75
-112705.919   146.253     9.21    7.18
-112420.318   148.804     8.93    8.42
-112134.701   152.033    11.30    8.51
-111849.069   154.861     9.90    7.54
-111563.422   157.550     9.42    5.94
-111277.759   158.688     3.98    4.70
-110992.080   158.553    -0.47    5.07
-110706.386   156.618    -6.77    6.47
-110420.676   153.725   -10.13    7.64
-110134.951   149.363   -15.26    7.77
-109849.210   145.655   -12.98    7.45
-109563.453   141.590   -14.23    7.02
-109277.681   137.342   -14.86    7.10
-108991.893   134.416   -10.24    6.82
-108706.090   131.457   -10.35    6.83
-108420.271   128.899    -8.95    5.61
-108134.437   127.115    -6.24    4.04
-107848.587   126.288    -2.89    2.90
-107562.722   126.717     1.50    3.72
-107276.840   127.587     3.04    3.90
-106990.944   128.419     2.91    4.05
-106705.031   130.101     5.88    4.79
-106419.104   133.021    10.21    6.49
-106133.160   136.347    11.63    7.65
-105847.201   140.454    14.36    8.62
-105561.226   143.938    12.18    9.32
-105275.236   147.788    13.46    9.04
-104989.230   151.171    11.83    7.98
-104703.208   153.496     8.13    7.27
-104417.171   155.899     8.40    7.09
-104131.118   157.780     6.58    6.81
-103845.050   159.977     7.68    5.79
-103558.966   161.614     5.72    3.83
-103272.866   162.851     4.33    2.40
-102986.751   163.576     2.53    2.10
-102700.620   163.459    -0.41    2.13
-102414.473   162.613    -2.96    2.96
-102128.311   161.222    -4.86    3.73
-101842.133   159.545    -5.86    3.96
-101555.940   158.067    -5.16    3.62
-101269.731   156.193    -6.55    3.73
-100983.506   154.261    -6.75    3.91
-100697.265   152.269    -6.96    4.35
-100411.009   149.932    -8.17    5.31
-100124.737   147.380    -8.91    6.13
 -99838.450   144.931    -8.55    6.35
 -99552.146   142.473    -8.58    5.81
 -99265.828   140.811    -5.80    5.13
 -98979.493   139.608    -4.20    4.20
 -98693.143   139.791     0.64    4.21
 -98406.777   140.723     3.25    4.98
 -98120.395   142.516     6.26    5.36
 -97833.998   144.643     7.43    6.05
 -97547.585   147.001     8.23    5.98
 -97261.156   149.010     7.01    4.82
 -96974.712   150.133     3.92    4.52
 -96688.252   150.876     2.59    5.37
 -96401.776   151.503     2.19    5.53
 -96115.285   151.182    -1.12    6.05
 -95828.777   150.423    -2.65    5.45
 -95542.254   149.163    -4.40    4.80
 -95255.716   148.651    -1.79    4.61
 -94969.161   148.063    -2.05    4.73
 -94682.591   147.899    -0.57    4.93
 -94396.005   147.387    -1.79    5.14
 -94109.404   147.712     1.13    5.81
 -93822.787   147.853     0.49    6.14
 -93536.153   147.677    -0.61    5.78
 -93249.505   146.998    -2.37    5.19
 -92962.840   145.939    -3.70    4.91
 -92676.160   144.687    -4.37    4.38
 -92389.464   143.350    -4.66    4.22
 -92102.752   141.715    -5.70    4.38
 -91816.024   138.853    -9.98    5.78
 -91529.281   135.267   -12.50    8.00
 -91242.522   130.590   -16.31   10.62
 -90955.747   126.078   -15.73   11.66
 -90668.957   120.836   -18.28   10.50
 -90382.150   116.806   -14.05    9.05
 -90095.328   113.077   -13.00    7.57
 -89808.490   111.659    -4.94    7.10
 -89521.636   112.143     1.69    7.47
 -89234.767   113.161     3.55    8.58
 -88947.882   115.798     9.19    9.79
 -88660.981   119.287    12.16   11.00
 -88374.064   122.372    10.75   10.46
 -88087.131   126.096    12.98   10.15
 -87800.182   129.147    10.63    9.75
 -87513.218   132.403    11.35    8.55
 -87226.238   135.459    10.65    7.53
 -86939.242   137.815     8.21    6.64
 -86652.230   139.451     5.70    5.62
 -86365.203   140.779     4.62    4.56
 -86078.159   141.805     3.57    3.44
 -85791.100   142.789     3.43    2.83
 -85504.025   143.922     3.95    2.40
 -85216.934   144.455     1.86    2.33
 -84929.828   145.143     2.40    2.39
 -84642.705   145.540     1.38    2.61
 -84355.567   145.725     0.64    2.73
 -84068.413   146.968     4.33    3.47
 -83781.243   148.209     4.32    4.52
 -83494.057   148.730     1.81    5.05
 -83206.855   149.312     2.03    5.16
 -82919.637   149.924     2.13    4.62
 -82632.404   150.731     2.81    4.16
 -82345.154   151.781     3.66    3.90
 -82057.889   152.287     1.76    4.06
 -81770.608   153.257     3.38    5.42
 -81483.311   154.177     3.20    5.36
 -81195.998   154.953     2.70    5.67
 -80908.670   154.222    -2.54    2.81
 -80621.325   154.153    -0.24    3.53
 -80333.965   154.053    -0.35    3.26
 -80046.588   154.024    -0.10    3.06
 -79759.196   154.031     0.02    2.79
 -79471.788   154.138     0.37    2.55
 -79184.364   153.845    -1.02    2.58
 -78896.924   153.512    -1.16    2.64
 -78609.468   153.337    -0.61    3.43
 -78321.996   153.126    -0.73    3.96
 -78034.509   152.659    -1.62    4.19
 -77747.005   152.204    -1.58    4.21
 -77459.486   152.003    -0.70    3.98
 -77171.950   151.465    -1.87    3.55
 -76884.399   150.616    -2.95    2.33
 -76596.832   150.029    -2.04    2.29
 -76309.248   149.584    -1.55    2.54
 -76021.649   148.638    -3.29    2.41
 -75734.034   147.724    -3.18    2.77
 -75446.403   147.355    -1.28    3.28
 -75158.756   146.727    -2.18    3.91
 -74871.093   146.163    -1.96    4.14
 -74583.415   145.209    -3.32    4.74
 -74295.720   143.505    -5.92    5.14
 -74008.009   141.545    -6.81    4.95
 -73720.282   138.891    -9.22    5.09
 -73432.540   136.360    -8.80    4.68
 -73144.781   134.143    -7.70    3.98
 -72857.006   133.128    -3.53    3.20
 -72569.216   132.287    -2.92    2.68
 -72281.409   131.527    -2.64    2.72
 -71993.587   131.054    -1.64    2.89
 -71705.748   130.852    -0.70    3.09
 -71417.894   130.846    -0.02    3.35
 -71130.023   130.995     0.52    3.75
 -70842.137   130.645    -1.22    3.79
 -70554.234   130.341    -1.06    3.70
 -70266.316   130.145    -0.68    3.00
 -69978.381   128.975    -4.06    3.37
 -69690.431   127.537    -4.99    4.20
 -69402.464   125.961    -5.47    4.33
 -69114.482   124.829    -3.93    3.98
 -68826.483   124.114    -2.49    3.47
 -68538.469   123.693    -1.46    3.33
 -68250.438   123.442    -0.87    3.30
 -67962.392   123.326    -0.40    3.43
 -67674.329   122.938    -1.34    3.44
 -67386.250   122.443    -1.72    3.81
 -67098.156   121.823    -2.15    4.15
 -66810.045   120.493    -4.62    4.49
 -66521.918   119.311    -4.10    3.94
 -66233.775   118.995    -1.10    4.17
 -65945.617   119.715     2.50    4.64
 -65657.442   120.502     2.73    4.66
 -65369.251   121.259     2.62    4.27
 -65081.044   122.238     3.40    3.96
 -64792.821   123.391     4.00    2.87
 -64505.718   124.423     3.59    2.69
 -64220.811   124.155    -0.94    3.10
 -63935.889   124.002    -0.54    3.46
 -63650.952   124.153     0.53    4.06
 -63366.000   124.251     0.35    4.36
 -63081.034   123.977    -0.96    4.69
 -62796.052   123.249    -2.56    5.01
 -62511.056   121.922    -4.65    4.78
 -62226.045   120.657    -4.44    5.54
 -61941.018   118.447    -7.75    6.59
 -61655.977   115.186   -11.44    8.27
 -61370.922   112.243   -10.32    8.71
 -61085.851   108.515   -13.08   10.07
 -60800.765   104.876   -12.76   10.72
 -60515.665   101.305   -12.52   10.50
 -60230.549    98.241   -10.75    9.96
 -59945.419    95.233   -10.55    9.20
 -59660.274    93.264    -6.91    8.31
 -59375.113    90.750    -8.82    7.00
 -59089.938    89.258    -5.23    5.58
 -58804.748    88.384    -3.07    5.03
 -58519.544    87.929    -1.59    4.60
 -58234.324    87.679    -0.88    3.86
 -57949.089    87.348    -1.16    3.19
 -57663.840    86.170    -4.13    4.26
 -57378.575    84.368    -6.32    6.13
 -57093.296    81.831    -8.89    7.10
 -56808.001    79.584    -7.87    6.93
 -56522.692    77.984    -5.61    6.36
 -56237.368    77.439    -1.91    6.38
 -55952.028    77.356    -0.29    6.40
 -55666.674    79.235     6.58    7.75
 -55381.305    81.206     6.91    8.72
 -55095.921    84.561    11.75    9.18
 -54810.522    87.867    11.59    9.38
 -54525.108    92.109    14.86    9.36
 -54239.680    96.515    15.44    9.94
 -53954.236   100.649    14.48    9.83
 -53668.777   104.954    15.08    9.31
 -53383.303   108.391    12.04    8.14
 -53097.815   111.776    11.86    6.66
 -52812.311   114.512     9.58    5.28
 -52526.792   116.304     6.27    4.01
 -52241.259   117.128     2.89    3.21
 -51955.710   116.586    -1.90    3.92
 -51670.147   115.003    -5.55    5.66
 -51384.568   112.624    -8.33    6.57
 -51098.974   110.595    -7.11    6.44
 -50813.366   107.946    -9.27    5.91
 -50527.742   104.998   -10.32    5.32
 -50242.104   102.116   -10.09    4.75
 -49956.450    99.952    -7.58    4.95
 -49670.782    98.328    -5.68    5.32
 -49385.098    96.233    -7.33    5.44
 -49099.400    94.217    -7.05    5.02
 -48813.686    91.514    -9.46    6.36
 -48527.958    86.815   -16.44   10.14
 -48242.214    80.995   -20.37   12.66
 -47956.456    74.475   -22.82   13.31
 -47670.682    69.482   -17.47   12.13
 -47384.894    65.341   -14.49    9.12
 -47099.090    63.785    -5.45    6.40
 -46813.271    64.287     1.76    5.76
 -46527.438    66.990     9.46    7.52
 -46241.589    70.454    12.12    8.25
 -45955.725    73.961    12.27    7.18
 -45669.847    77.217    11.39    5.64
 -45383.953    79.758     8.89    4.29
 -45098.044    81.922     7.57    3.79
 -44812.120    83.734     6.34    3.72
 -44526.181    85.484     6.12    4.27
 -44240.227    88.065     9.03    4.89
 -43954.258    91.284    11.26    6.23
 -43668.274    95.109    13.38    8.32
 -43382.275    99.860    16.61   10.22
 -43096.260   104.781    17.20   11.11
 -42810.231   109.196    15.43   10.14
 -42524.187   113.141    13.79    7.79
 -42238.127   116.419    11.46    5.56
 -41952.052   118.465     7.15    3.85
 -41665.963   119.779     4.59    3.51
 -41379.858   120.946     4.08    3.61
 -41093.738   122.411     5.12    3.67
 -40807.603   123.767     4.74    3.75
 -40521.453   124.978     4.23    3.83
 -40235.288   125.987     3.53    3.24
 -39949.108   126.762     2.71    2.47
 -39662.913   127.112     1.22    2.40
 -39376.702   126.808    -1.06    2.95
 -39090.477   126.143    -2.32    3.26
 -38804.236   125.204    -3.28    3.65
 -38517.981   124.703    -1.75    3.75
 -38231.710   124.592    -0.39    3.71
 -37945.424   124.830     0.83    3.38
 -37659.123   125.141     1.09    3.03
 -37372.807   125.528     1.35    2.76
 -37086.475   126.241     2.49    2.76
 -36800.129   126.525     0.99    3.22
 -36513.767   126.384    -0.49    3.84
 -36227.390   125.773    -2.13    4.56
 -35940.999   124.429    -4.69    6.31
 -35654.592   122.509    -6.71    7.70
 -35368.169   119.876    -9.19    9.76
 -35081.732   116.622   -11.36   10.42
 -34795.280   112.495   -14.41   11.18
 -34508.812   108.364   -14.42   11.21
 -34222.329   103.521   -16.90   10.64
 -33935.831    99.248   -14.92   10.43
 -33649.318    94.458   -16.72    9.61
 -33362.790    90.586   -13.51    8.49
 -33076.247    88.175    -8.41    7.37
 -32789.688    88.938     2.66    9.52
 -32503.114    91.333     8.36   13.00
 -32216.525    96.388    17.64   16.45
 -31929.921   101.563    18.06   17.95
 -31643.302   108.233    23.27   16.82
 -31356.667   114.354    21.35   13.49
 -31070.018   119.340    17.40    8.48
 -30783.353   122.008     9.31    4.63
 -30496.673   123.039     3.60    2.99
 -30209.977   122.638    -1.40    2.91
 -29923.267   122.042    -2.08    2.97
 -29636.541   121.248    -2.77    2.85
 -29349.800   120.263    -3.44    2.85
 -29063.044   119.388    -3.05    2.32
 -28776.273   119.093    -1.03    2.22
 -28489.487   119.258     0.57    2.21
 -28202.685   119.827     1.99    2.02
 -27915.868   120.493     2.32    2.17
 -27629.036   120.938     1.55    2.22
 -27342.188   121.376     1.53    2.09
 -27055.326   121.727     1.22    2.03
 -26768.448   122.071     1.20    1.82
 -26481.555   122.640     1.98    1.45
 -26194.646   123.115     1.66    1.59
 -25907.723   123.664     1.91    1.97
 -25620.784   124.155     1.71    2.07
 -25333.830   124.260     0.37    2.09
 -25046.860   124.368     0.38    2.08
 -24759.876   124.543     0.61    2.03
 -24472.876   124.693     0.52    1.95
 -24185.861   125.115     1.47    1.89
 -23898.831   125.437     1.12    2.02
 -23611.785   125.751     1.09    2.12
 -23324.724   126.354     2.10    2.03
 -23037.648   126.986     2.20    1.56
 -22750.556   127.209     0.78    1.37
 -22463.450   126.884    -1.13    2.03
 -22176.328   126.075    -2.82    2.90
 -21889.190   124.982    -3.81    3.67
 -21602.038   124.071    -3.17    3.82
 -21314.870   123.126    -3.29    3.89
 -21027.687   122.057    -3.72    3.73
 -20740.488   122.054    -0.01    4.36
 -20453.274   122.479     1.48    5.25
 -20166.045   123.275     2.77    5.81
 -19878.801   124.513     4.31    5.88
 -19591.541   126.096     5.51    5.25
 -19304.266   127.460     4.75    4.64
 -19016.976   128.647     4.13    3.91
 -18729.670   129.720     3.73    3.27
 -18442.349   130.479     2.64    2.52
 -18155.013   130.971     1.71    2.41
 -17867.662   130.838    -0.46    2.74
 -17580.295   130.545    -1.02    3.10
 -17292.912   129.369    -4.09    4.23
 -17005.515   128.102    -4.41    5.32
 -16718.102   126.704    -4.87    5.99
 -16430.674   126.105    -2.08    5.79
 -16143.230   126.915     2.82    5.29
 -15855.771   127.998     3.77    5.31
 -15568.297   129.313     4.57    5.43
 -15280.807   131.140     6.35    6.11
 -14993.302   132.399     4.38    6.41
 -14705.782   134.071     5.81    6.20
 -14418.246   134.960     3.09    5.80
 -14130.695   134.979     0.07    5.92
 -13843.128   134.701    -0.97    6.56
 -13555.547   135.235     1.86    6.97
 -13267.949   136.285     3.65    7.64
 -12980.337   139.419    10.90    8.35
 -12692.709   140.576     4.02    8.83
 -12405.066   134.273   -21.91   22.85
 -12117.407   121.380   -44.82   36.34
 -11829.733   107.914   -46.81   42.26
 -11542.043    92.618   -53.17   43.79
 -11254.338    75.626   -59.06   37.89
 -10966.618    63.010   -43.85   26.00
 -10678.882    53.698   -32.36    5.46
 -10391.131    52.579    -3.89    1.20
 -10103.365    52.614     0.12    1.86
  -9815.583    52.297    -1.10    2.54
  -9527.785    52.056    -0.84    2.73
  -9239.972    51.816    -0.83    3.10
  -8952.144    51.600    -0.75    2.79
  -8664.301    51.538    -0.22    3.05
  -8376.442    51.189    -1.21    3.07
  -8088.567    50.844    -1.20    3.08
  -7800.677    50.838    -0.02    3.27
  -7512.772    51.168     1.15    3.17
  -7224.851    51.331     0.56    3.23
  -6936.915    52.002     2.33    3.05
  -6648.963    52.140     0.48    3.20
  -6360.996    50.038    -7.30   11.55
  -6073.014    42.821   -25.06   21.02
  -5785.016    37.028   -20.11   24.14
  -5497.002    31.620   -18.78   25.36
  -5208.973    24.959   -23.13   26.10
  -4920.929    20.065   -16.99   25.18
  -4632.869    15.502   -15.84   22.94
  -4344.794    15.630     0.44   21.74
  -4056.703    18.821    11.08   20.76
  -3768.597    19.937     3.87   19.72
  -3480.475    22.457     8.75   17.39
  -3192.338    27.696    18.18   13.34
  -2904.185    25.685    -6.98   14.50
  -2617.339    20.762   -17.16   17.70
  -2332.368    15.674   -17.85   19.36
  -2047.382     9.249   -22.55   19.44
  -1762.382     3.724   -19.39   17.71
  -1477.367    -1.351   -17.80   13.83
  -1192.338    -1.593    -0.85   13.06
   -907.295     1.333    10.27   14.93
   -622.238     2.422     3.82   15.35
   -337.166     3.626     4.22   15.80
    -52.080     5.192     5.49   16.43
    233.021     4.558    -2.22   16.40
    518.136     1.837    -9.54   15.44
    803.265    -2.393   -14.84   12.50
   1088.408    -4.597    -7.73   10.39
   1373.566    -3.689     3.18   11.68
   1658.738     0.852    15.92   16.61
   1943.925     7.311    22.65   19.55
   2229.125    13.884    23.04   19.84
   2514.341    20.945    24.76   17.43
   2799.570    26.710    20.21   12.50
   3084.814    30.619    13.70    3.15
   3370.072    30.235    -1.34    2.62
   3655.345    30.132    -0.36    2.74
   3940.632    30.952     2.88    4.03
   4225.933    32.199     4.37    5.40
   4511.249    33.621     4.98    6.13
   4796.579    35.217     5.59    6.10
   5081.924    36.632     4.96    5.89
   5367.282    37.504     3.06    5.63
   5652.656    38.225     2.53    5.38
   5938.043    39.159     3.27    5.35
   6223.445    39.368     0.73    5.41
   6508.862    39.726     1.25    5.65
   6794.292    39.566    -0.56    6.32
   7079.738    39.028    -1.88    6.91
   7365.197    38.423    -2.12    7.31
   7650.671    37.004    -4.97    7.41
   7936.159    35.720    -4.50    6.94
   8221.662    34.384    -4.68    5.84
   8507.179    33.876    -1.78    4.96
   8792.711    34.005     0.45    4.89
   9078.257    35.561     5.45    6.14
   9363.817    37.384     6.38    7.11
   9649.392    38.690     4.57    7.06
   9934.982    39.220     1.85    6.53
  10220.585    38.606    -2.15    6.55
  10506.203    37.128    -5.17    7.56
  10791.836    34.563    -8.98    8.59
  11077.483    31.240   -11.63    8.39
  11363.144    27.982   -11.41    6.78
  11648.820    25.640    -8.20    4.71
  11934.510    24.342    -4.54    3.94
  12220.215    23.313    -3.60    3.63
  12505.934    23.473     0.56    4.38
  12791.668    23.730     0.90    4.57
  13077.416    24.282     1.93    4.37
  13363.178    25.553     4.45    5.16
  13648.955    27.175     5.68    6.60
  13934.747    29.869     9.43    7.70
  14220.553    32.473     9.11    7.72
  14506.373    34.846     8.30    6.73
  14792.208    36.388     5.39    5.64
  15078.057    37.449     3.71    4.76
  15363.921    37.320    -0.45    4.67
  15649.799    36.333    -3.45    4.42
  15935.692    35.464    -3.04    3.85
  16221.599    34.790    -2.36    2.88
  16507.521    34.185    -2.12    2.09
  16793.457    33.977    -0.72    1.94
  17079.408    33.338    -2.23    2.84
  17365.373    33.032    -1.07    2.99
  17651.352    32.433    -2.10    3.34
  17937.347    32.056    -1.32    3.11
  18223.355    31.556    -1.75    2.67
  18509.378    31.280    -0.96    2.15
  18795.416    30.721    -1.96    2.15
  19081.468    29.869    -2.98    2.42
  19367.535    28.693    -4.11    2.31
  19653.616    27.914    -2.72    2.28
  19939.712    27.274    -2.24    2.04
  20225.822    26.695    -2.03    1.76
  20511.947    26.368    -1.14    1.69
  20798.086    26.119    -0.87    1.78
  21084.240    26.352     0.82    2.25
  21370.408    26.591     0.84    2.48
  21656.591    26.844     0.88    2.77
  21942.788    26.622    -0.77    2.94
  22229.000    26.210    -1.44    3.30
  22515.227    26.157    -0.18    3.48
  22801.468    25.982    -0.61    3.45
  23087.723    24.048    -6.76    7.52
  23373.993    19.975   -14.23   11.40
  23660.278    17.147    -9.88   12.85
  23946.577    16.323    -2.88   13.83
  24232.891    16.868     1.90   14.82
  24519.219    18.540     5.84   15.50
  24805.562    21.838    11.52   14.88
  25091.919    27.612    20.17   11.57
  25378.291    32.771    18.01    6.56
  25664.678    35.687    10.18    5.12
  25951.079    34.365    -4.61   10.16
  26237.495    29.291   -17.71   16.37
  26523.925    23.540   -20.08   19.09
  26810.370    21.587    -6.82   19.83
  27096.829    20.568    -3.56   19.99
  27383.303    21.175     2.12   19.59
  27669.792    23.558     8.32   18.93
  27956.295    26.984    11.96   18.07
  28242.813    29.246     7.89   16.34
  28529.346    29.672     1.49   15.99
  28815.893    25.443   -14.76   17.83
  29102.454    20.990   -15.54   19.08
  29389.030    16.326   -16.28   18.81
  29675.621    12.437   -13.57   17.52
  29962.227     7.457   -17.37   14.84
  30248.847     4.042   -11.92   10.85
  30535.482     5.667     5.67   15.97
  30822.131    11.052    18.79   25.57
  31108.795    16.738    19.83   32.10
  31395.473    24.010    25.37   35.63
  31682.166    29.930    20.65   36.47
  31968.874    38.073    28.40   36.95
  32255.597    44.418    22.13   36.44
  32542.334    49.806    18.79   33.78
  32829.086    55.604    20.22   31.70
  33115.852    61.466    20.44   29.53
  33402.633    68.293    23.80   27.68
  33689.429    74.191    20.57   24.06
  33976.239    79.550    18.68   17.52
  34263.064    82.217     9.30   16.08
  34549.903    84.518     8.02   14.51
  34836.758    82.658    -6.48   15.78
  35123.627    81.011    -5.74   13.14
  35410.510    76.899   -14.33   12.73
  35697.408    76.313    -2.04   12.55
  35984.321    74.876    -5.01   11.96
  36271.249    72.602    -7.92   12.06
  36558.191    72.430    -0.60   12.45
  36845.148    72.388    -0.15   13.63
  37132.120    72.561     0.60   13.54
  37419.106    69.376   -11.10   16.25
  37706.107    65.506   -13.49   18.24
  37993.123    60.604   -17.08   20.42
  38280.153    56.907   -12.88   21.33
  38567.198    53.164   -13.04   20.98
  38854.258    50.007   -11.00   20.37
  39141.333    48.676    -4.64   21.12
  39428.422    48.319    -1.24   22.01
  39715.526    51.376    10.65   22.73
  40002.644    50.673    -2.45   23.63
  40289.777    50.188    -1.69   22.72
  40576.925    47.581    -9.08   20.41
  40864.088    46.782    -2.78   18.72
  41151.266    45.710    -3.73   17.53
  41438.458    44.017    -5.89   15.86
  41725.665    44.021     0.01   16.60
  42012.886    43.315    -2.46   16.26
  42300.123    44.054     2.58   16.34
  42587.374    44.079     0.09   15.56
  42874.640    43.251    -2.88   15.39
  43161.920    43.215    -0.13   16.85
  43449.215    41.829    -4.82   17.61
  43736.525    41.701    -0.45   18.93
  44023.850    40.030    -5.81   18.56
  44311.190    38.606    -4.96   17.24
  44598.544    36.493    -7.35   13.77
  44885.913    34.426    -7.19   11.77
  45173.297    34.376    -0.17    9.47
  45460.695    35.569     4.15    8.05
  45748.109    36.997     4.97    7.25
  46035.537    38.049     3.66    7.18
  46322.980    38.846     2.77    7.09
  46610.437    39.348     1.75    7.35
  46897.910    39.088    -0.90    7.86
  47185.397    40.096     3.51    7.31
  47472.899    39.998    -0.34    7.88
  47760.416    40.953     3.32    7.88
  48047.947    41.532     2.02    7.62
  48335.494    43.022     5.18    6.53
  48623.055    44.734     5.95    3.59
  48910.631    45.157     1.47    2.55
  49198.221    45.511     1.23    2.40
  49485.827    46.520     3.51    3.28
  49773.447    47.759     4.31    4.11
  50061.082    48.969     4.21    4.74
  50348.732    49.579     2.12    4.89
  50636.397    50.070     1.71    4.74
  50924.077    50.485     1.45    4.29
  51211.771    50.279    -0.72    3.46
  51499.480    50.399     0.42    3.44
  51787.204    50.078    -1.12    2.64
  52074.943    49.998    -0.28    2.36
  52362.697    49.884    -0.40    1.91
  52650.465    50.162     0.97    1.78
  52938.249    50.157    -0.02    1.46
  53226.047    50.476     1.11    1.44
  53513.860    50.891     1.44    1.44
  53801.688    51.293     1.40    1.58
  54089.530    51.695     1.39    2.09
  54377.388    51.657    -0.13    2.26
  54665.260    51.854     0.68    2.59
  54953.147    52.829     3.39    3.36
  55241.050    53.794     3.35    3.67
  55528.967    54.309     1.79    3.74
  55816.898    54.762     1.57    3.47
  56104.845    55.212     1.56    3.07
  56392.807    55.087    -0.44    3.22
  56680.783    54.770    -1.10    2.87
  56968.774    55.104     1.16    3.70
  57256.781    56.966     6.47    6.77
  57544.802    60.348    11.74   10.11
  57832.838    64.202    13.38   12.71
  58120.888    68.868    16.20   14.26
  58408.954    73.571    16.32   14.58
  58697.035    79.403    20.24   13.62
  58985.130    84.431    17.45   11.48
  59271.719    89.132    16.41    7.91
  59556.745    91.961     9.93    6.56
  59841.784    93.838     6.59    5.51
  60126.837    95.496     5.82    4.66
  60411.904    96.869     4.82    3.89
  60696.985    96.860    -0.03    3.75
  60982.079    96.493    -1.29    3.55
  61267.188    95.868    -2.19    3.63
  61552.309    95.245    -2.19    3.49
  61837.445    94.388    -3.01    4.07
  62122.594    92.960    -5.01    5.72
  62407.758    91.364    -5.60    7.34
  62692.935    89.505    -6.52    8.48
  62978.125    88.073    -5.02    8.58
  63263.330    86.482    -5.58    8.57
  63548.548    84.715    -6.20    7.79
  63833.780    83.846    -3.05    6.19
  64119.026    83.770    -0.26    4.94
  64404.285    84.548     2.73    4.31
  64689.559    86.297     6.13    5.09
  64974.846    88.293     7.00    5.09
  65260.147    90.004     6.00    4.82
  65545.462    91.806     6.31    5.01
  65830.790    94.293     8.72    5.30
  66116.132    96.690     8.40    5.97
  66401.489    98.998     8.09    6.14
  66686.858   101.322     8.15    5.98
  66972.242   102.558     4.33    5.62
  67257.640   103.399     2.95    5.37
  67543.051   104.320     3.23    4.92
  67828.476   104.721     1.40    5.13
  68113.915   103.952    -2.70    5.90
  68399.368   101.798    -7.54    8.18
  68684.834    99.854    -6.81    9.75
  68970.315    97.759    -7.34   10.28
  69255.809    96.830    -3.25   10.36
  69541.317    94.504    -8.15    9.01
  69826.839    92.617    -6.61    7.77
  70112.375    91.522    -3.83    6.57
  70397.924    91.597     0.26    6.25
  70683.487    92.634     3.63    5.99
  70969.065    94.124     5.22    6.05
  71254.656    96.051     6.75    6.06
  71540.260    97.696     5.76    5.64
  71825.879    99.425     6.05    5.16
  72111.512   101.057     5.71    5.10
  72397.158   102.704     5.76    4.80
  72682.818   103.836     3.97    4.80
  72968.492   104.989     4.04    4.49
  73254.180   106.376     4.85    4.24
  73539.882   107.556     4.13    3.86
  73825.598   108.403     2.97    3.68
  74111.327   109.201     2.79    3.60
  74397.071   109.864     2.32    3.51
  74682.828   110.461     2.09    3.18
  74968.599   111.163     2.45    2.83
