# NaN NaN NaN ;Mean Elev.(m), Avg Gradient(m/km), RMS Gradient(m/km) - SRTM1     
#  178.759  -3.265  23.417 ;Mean Elev.(m), Avg Gradient(m/km), RMS Gradient(m/km) - ASTER GDEM
#  126.896  -3.880  24.344 ;Mean Elev.(m), Avg Gradient(m/km), RMS Gradient(m/km) - GMTED2010 
   3    -5.167 54684.16092362  2.98 120.794117  60.512027  3.126  279.70  278.56  278.53
   3    -4.369 54684.16092421  3.04 120.798428  60.510480  2.497  279.70  278.56  278.53
   3    -3.590 54684.16092480  2.93 120.802739  60.508932  2.653  279.70  278.56  278.53
   3    -2.926 54684.16092539  3.00 120.807049  60.507385  2.358  279.70  278.56  278.53
   3    -2.451 54684.16092598  3.35 120.811359  60.505838  2.743  279.70  278.56  278.53
   4   191.532 54694.07656607 12.36 120.798503  60.511932  6.532 -100.00 -100.00 -100.00
   4   190.841 54694.07656666 16.59 120.802814  60.510385 13.672 -100.00 -100.00 -100.00
   4   192.985 54694.07656725 16.84 120.807124  60.508837 14.078 -100.00 -100.00 -100.00
   4   193.449 54694.07656784 19.21 120.811434  60.507290 17.476 -100.00 -100.00 -100.00
   5    -1.717 54703.99220704  0.13 120.808958  60.508442  2.025  271.27  270.78  270.47
   5     2.969 54703.99220763  0.59 120.813268  60.506894  2.167  271.27  270.78  270.47
   6   254.583 54713.90785566  1.98 120.792510  60.511435  5.243  264.16  263.96  264.18
   6   276.657 54713.90785625  0.03 120.796821  60.509888  4.859  264.16  263.96  264.18
   6   272.857 54713.90785743  0.14 120.805442  60.506794  5.167  264.16  263.96  264.18
   7    13.153 54723.82350644  3.50 120.790370  60.508932  2.515  261.69  260.97  260.91
   7    13.134 54723.82350703  3.63 120.794681  60.507385  2.615  261.69  260.97  260.91
   7    13.150 54723.82350762  4.19 120.798991  60.505839  2.328  261.69  260.97  260.91
   7    13.153 54723.82350821  4.14 120.803301  60.504292  2.486  261.69  260.97  260.91
   9   242.248 54743.65480170  1.75 120.789447  60.507285  4.918  259.49  258.32  258.57
   9   244.640 54743.65480229  0.48 120.793757  60.505738  4.593  259.49  258.32  258.57
   9   244.086 54743.65480288  0.60 120.798067  60.504191  4.452  259.49  258.32  258.57
  10   192.005 54753.57044787 18.78 120.788300  60.508686  8.577 -100.00 -100.00 -100.00
  10   188.536 54753.57044846 23.05 120.792610  60.507139 13.756 -100.00 -100.00 -100.00
  10   184.803 54753.57044905 27.28 120.796921  60.505592  4.658 -100.00 -100.00 -100.00
  10   186.387 54753.57044964 27.87 120.801230  60.504045   -100 -100.00 -100.00 -100.00
  11   203.042 54763.48609390  2.24 120.789897  60.508133  8.137  252.42  250.24  247.88
  11   205.842 54763.48609509  3.28 120.798518  60.505039  9.516  252.42  250.24  247.88
  11   204.444 54763.48609568  7.23 120.802828  60.503492 15.179  252.42  250.24  247.88
  16   121.847 54813.06429084 25.39 120.793178  60.510446 24.263 -100.00 -100.00 -100.00
  16   121.868 54813.06429143 26.20 120.797489  60.508900 27.593 -100.00 -100.00 -100.00
  16   122.063 54813.06429202 24.59 120.801800  60.507353 20.217 -100.00 -100.00 -100.00
  16   121.948 54813.06429261 25.23 120.806110  60.505805 25.889 -100.00 -100.00 -100.00
  17   121.554 54822.97993411 21.18 120.792910  60.511204 16.082 -100.00 -100.00 -100.00
  17   121.802 54822.97993470 21.44 120.797221  60.509657 17.430 -100.00 -100.00 -100.00
  17   121.615 54822.97993529 21.68 120.801532  60.508110 17.076 -100.00 -100.00 -100.00
  17   121.670 54822.97993588 22.50 120.805842  60.506563 19.515 -100.00 -100.00 -100.00
  17   121.495 54822.97993647 22.13 120.810152  60.505016 18.738 -100.00 -100.00 -100.00
  18   121.551 54832.89557457 20.79 120.791687  60.509807 13.906 -100.00 -100.00 -100.00
  18   121.491 54832.89557516 21.35 120.795998  60.508260 15.946 -100.00 -100.00 -100.00
  18   121.601 54832.89557575 20.52 120.800308  60.506713 13.362 -100.00 -100.00 -100.00
  18   121.617 54832.89557634 20.72 120.804618  60.505166 15.128 -100.00 -100.00 -100.00
  19   121.004 54842.81122464 20.79 120.789633  60.509258 14.596 -100.00 -100.00 -100.00
  19   121.103 54842.81122523 21.20 120.793943  60.507711 16.882 -100.00 -100.00 -100.00
  19   121.227 54842.81122582 21.52 120.798254  60.506164 16.234 -100.00 -100.00 -100.00
  19   121.233 54842.81122641 20.23 120.802564  60.504617 12.425 -100.00 -100.00 -100.00
  20   120.941 54852.72687378 21.41 120.791157  60.509050 18.824  240.57  232.38  217.08
  20   121.088 54852.72687437 20.83 120.795468  60.507503 17.193  240.57  232.38  217.08
  20   121.147 54852.72687496 20.86 120.799778  60.505956 15.019  240.57  232.38  217.08
  20   121.026 54852.72687555 21.21 120.804087  60.504409 16.641  240.57  232.38  217.08
  21   120.867 54862.64252231 19.24 120.791943  60.510235 14.194  238.85  229.65  212.49
  21   120.696 54862.64252290 19.57 120.796254  60.508688 14.139  238.85  229.65  212.49
  21   120.786 54862.64252349 20.35 120.800563  60.507141 15.413  238.85  229.65  212.49
  21   120.900 54862.64252408 19.16 120.804873  60.505593 12.752  238.85  229.65  212.49
  22   120.730 54872.55817083 19.25 120.792780  60.510597 14.122  238.42  228.53  211.37
  22   120.636 54872.55817142 20.26 120.797091  60.509049 15.222  238.42  228.53  211.37
  22   120.913 54872.55817201 19.59 120.801401  60.507502 14.566  238.42  228.53  211.37
  22   120.742 54872.55817260 20.05 120.805710  60.505955 13.490  238.42  228.53  211.37
  23   120.567 54882.47381758 19.99 120.793823  60.509000 14.321  240.43  230.74  213.80
  23   120.552 54882.47381817 20.84 120.798133  60.507453 17.216  240.43  230.74  213.80
  23   120.616 54882.47381876 19.37 120.802443  60.505905 13.525  240.43  230.74  213.80
  23   120.453 54882.47381935 19.98 120.806753  60.504358 12.264  240.43  230.74  213.80
  24   120.348 54892.38946044 19.94 120.789142  60.507835 14.478  248.00  240.79  226.96
  24   120.366 54892.38946103 21.02 120.793453  60.506288 17.705  248.00  240.79  226.96
  24   120.537 54892.38946162 20.31 120.797763  60.504741 14.379  248.00  240.79  226.96
  24   120.376 54892.38946221 20.40 120.802073  60.503193 13.508  248.00  240.79  226.96
  25   120.399 54902.30510066 20.50 120.785412  60.506492 15.822  245.07  236.16  220.53
  25   120.419 54902.30510125 19.98 120.789723  60.504945 16.488  245.07  236.16  220.53
  25   120.750 54902.30510184 19.84 120.794033  60.503398 12.447  245.07  236.16  220.53
  26   120.619 54912.22073964 18.92 120.785142  60.506469 12.966  245.37  235.87  220.32
  26   120.565 54912.22074023 21.09 120.789453  60.504922 18.192  245.37  235.87  220.32
  26   120.518 54912.22074082 19.42 120.793763  60.503375 15.145  245.37  235.87  220.32
  27   120.559 54922.13637810 20.47 120.789659  60.506883 15.474  255.70  250.02  239.45
  27   120.411 54922.13637869 20.07 120.793970  60.505336 14.799  255.70  250.02  239.45
  27   120.372 54922.13637928 20.98 120.798279  60.503789 17.739  255.70  250.02  239.45
  28   120.606 54932.05201535 12.63 120.790729  60.508942 10.101 -100.00 -100.00 -100.00
  28   120.617 54932.05201594 12.42 120.795040  60.507395 10.011 -100.00 -100.00 -100.00
  28   120.529 54932.05201653 13.93 120.799350  60.505848 13.754 -100.00 -100.00 -100.00
  28   120.621 54932.05201712 12.71 120.803660  60.504301 10.710 -100.00 -100.00 -100.00
  30   253.062 54951.88328528  8.19 120.792037  60.508697  8.576  261.96  261.02  260.48
  30   254.929 54951.88328587  7.06 120.796347  60.507151  7.687  261.96  261.02  260.48
  30   254.579 54951.88328646  5.41 120.800657  60.505604  5.657  261.96  261.02  260.48
  30   253.833 54951.88328705  4.08 120.804967  60.504057  4.511  261.96  261.02  260.48
  31   200.962 54961.79892699 13.28 120.787025  60.508556 13.339  260.05  259.77  260.44
  31   173.748 54961.79892758 11.25 120.791336  60.507010 11.450  260.05  259.77  260.44
  31   170.903 54961.79892817 14.21 120.795646  60.505463 17.114  260.05  259.77  260.44
  31   171.823 54961.79892876 15.78 120.799956  60.503916 17.444  260.05  259.77  260.44
  32   229.696 54971.71457589 10.36 120.788388  60.507701  8.372  259.71  259.74  260.39
  32   236.247 54971.71457648  8.71 120.792698  60.506154  7.169  259.71  259.74  260.39
  32   235.944 54971.71457707  7.43 120.797008  60.504608  6.337  259.71  259.74  260.39
  32   235.455 54971.71457766  7.14 120.801318  60.503061  6.735  259.71  259.74  260.39
  33   252.743 54981.63022350  8.97 120.791092  60.508429  7.491  263.65  264.56  265.36
  33   254.350 54981.63022409  6.59 120.795402  60.506883  5.676  263.65  264.56  265.36
  33   252.166 54981.63022468  6.46 120.799712  60.505336  5.929  263.65  264.56  265.36
  33   253.971 54981.63022527  4.99 120.804021  60.503789  4.431  263.65  264.56  265.36
  34   242.799 54991.54587078  3.10 120.794191  60.509342  4.275  261.56  261.33  262.54
  34   240.929 54991.54587137  2.99 120.798502  60.507795  5.708  261.56  261.33  262.54
  34   241.956 54991.54587196  2.28 120.802812  60.506248  5.005  261.56  261.33  262.54
  34   241.450 54991.54587255  2.24 120.807121  60.504701  5.326  261.56  261.33  262.54
  35   223.398 55001.46151723  3.71 120.793181  60.509862  6.194 -100.00 -100.00 -100.00
  35   226.403 55001.46151782  2.09 120.797492  60.508315  4.960 -100.00 -100.00 -100.00
  35   227.545 55001.46151841  2.51 120.801802  60.506768  5.259 -100.00 -100.00 -100.00
  35   228.942 55001.46151900  1.92 120.806112  60.505221  4.453 -100.00 -100.00 -100.00
  36   221.693 55011.37716212  3.90 120.792868  60.509173  6.128  283.82  284.02  283.22
  36   214.136 55011.37716271  4.82 120.797179  60.507627  7.648  283.82  284.02  283.22
  36   218.789 55011.37716330  3.63 120.801489  60.506079  6.733  283.82  284.02  283.22
  36   226.521 55011.37716389  2.94 120.805798  60.504532  6.610  283.82  284.02  283.22
  37   219.226 55021.29280556  3.62 120.792490  60.508510  7.053  280.66  279.73  279.78
  37   222.047 55021.29280615  1.25 120.796801  60.506963  5.194  280.66  279.73  279.78
  37   223.861 55021.29280674  0.89 120.801111  60.505416  4.766  280.66  279.73  279.78
  37   221.057 55021.29280733  1.78 120.805420  60.503868  6.153  280.66  279.73  279.78
  38   211.731 55031.20844751  1.85 120.789699  60.510353  7.053  284.80  284.31  284.17
  38   212.725 55031.20844810  0.23 120.794010  60.508806  5.090  284.80  284.31  284.17
  38   217.097 55031.20844928  0.08 120.802630  60.505712  6.643  284.80  284.31  284.17
  38   208.381 55031.20844987  1.42 120.806940  60.504164  7.268  284.80  284.31  284.17
  40   212.003 55051.03973015  0.77 120.796474  60.511518  6.735  280.63  280.56  279.49
  40   208.940 55051.03973192  0.88 120.809405  60.506877  7.093  280.63  280.56  279.49
  41   215.726 55060.95536830  0.41 120.795654  60.511490  6.343  271.59  271.83  270.74
  41   211.338 55060.95536889  0.86 120.799964  60.509943  6.921  271.59  271.83  270.74
  42   127.063 55070.87100995 43.02 120.790764  60.510321 24.431 -100.00 -100.00 -100.00
  42   126.679 55070.87101054 44.77 120.795075  60.508774   -100 -100.00 -100.00 -100.00
  42   126.615 55070.87101113 48.14 120.799386  60.507228   -100 -100.00 -100.00 -100.00
  42   126.682 55070.87101172 46.52 120.803696  60.505681   -100 -100.00 -100.00 -100.00
  42   126.612 55070.87101231 50.81 120.808006  60.504134   -100 -100.00 -100.00 -100.00
  43   189.275 55080.78665930 11.94 120.789410  60.507034  9.327  268.88  269.38  268.19
  43   189.942 55080.78665989 15.61 120.793721  60.505488 13.614  268.88  269.38  268.19
  43   186.668 55080.78666048 24.56 120.798031  60.503941 27.248  268.88  269.38  268.19
  44   192.820 55090.70230636 17.93 120.787085  60.506437  9.260 -100.00 -100.00 -100.00
  44   189.762 55090.70230695 23.10 120.791396  60.504890 19.601 -100.00 -100.00 -100.00
  44   190.400 55090.70230754 27.06 120.795706  60.503344 27.943 -100.00 -100.00 -100.00
  45   186.466 55100.61795284 14.78 120.789382  60.506725 13.200  263.87  263.86  264.31
  45   187.201 55100.61795343 17.94 120.793692  60.505178 14.629  263.87  263.86  264.31
  45   187.523 55100.61795402 22.04 120.798002  60.503631 21.707  263.87  263.86  264.31
  46   124.708 55110.53359826 41.07 120.788274  60.509029 16.793  260.62  260.62  261.06
  46   125.185 55110.53359885 45.39 120.792585  60.507482 21.167  260.62  260.62  261.06
  46   124.985 55110.53359944 49.28 120.796895  60.505935   -100  260.62  260.62  261.06
  46   124.770 55110.53360003 49.57 120.801205  60.504388   -100  260.62  260.62  261.06
  47   123.635 55120.44924234 40.09 120.789015  60.509052 15.702  258.71  256.98  257.52
  47   123.632 55120.44924293 44.21 120.793326  60.507505 22.112  258.71  256.98  257.52
  47   122.613 55120.44924352 52.27 120.797637  60.505958 10.611  258.71  256.98  257.52
  47   123.308 55120.44924411 51.56 120.801947  60.504411   -100  258.71  256.98  257.52
  48   188.147 55130.36488360 16.96 120.786756  60.508071 11.140 -100.00 -100.00 -100.00
  48   185.120 55130.36488419 22.19 120.791067  60.506525 23.735 -100.00 -100.00 -100.00
  48   185.676 55130.36488478 24.73 120.795378  60.504978   -100 -100.00 -100.00 -100.00
  48   186.353 55130.36488537 22.85 120.799688  60.503430 31.638 -100.00 -100.00 -100.00
  49   187.156 55140.28052337 12.72 120.787414  60.505711 11.720  255.40  252.95  251.75
  49   183.845 55140.28052396  8.32 120.791725  60.504164 17.417  255.40  252.95  251.75
  50   204.818 55150.19616181  1.11 120.786792  60.506295  7.445 -100.00 -100.00 -100.00
  50   207.016 55150.19616299  1.55 120.795414  60.503201  7.409 -100.00 -100.00 -100.00
  51   122.169 55160.11180056 21.07 120.791310  60.507829 17.228  245.41  241.22  236.95
  51   122.064 55160.11180115 23.52 120.795621  60.506282 22.150  245.41  241.22  236.95
  51   122.080 55160.11180174 23.86 120.799932  60.504735 24.721  245.41  241.22  236.95
  52   122.520 55170.02743882 20.61 120.795207  60.509941 18.508  244.23  240.29  234.62
  52   122.772 55170.02743941 19.60 120.799518  60.508394 16.674  244.23  240.29  234.62
  52   122.732 55170.02744000 19.50 120.803829  60.506847 14.674  244.23  240.29  234.62
  52   122.484 55170.02744059 20.97 120.808139  60.505300 20.383  244.23  240.29  234.62
  53   122.366 55179.94307582 19.45 120.797479  60.510961 17.024 -100.00 -100.00 -100.00
  53   122.471 55179.94307641 18.91 120.801790  60.509414 13.396 -100.00 -100.00 -100.00
  53   122.457 55179.94307700 21.76 120.806100  60.507867 24.132 -100.00 -100.00 -100.00
  53   122.448 55179.94307759 20.69 120.810410  60.506320 20.150 -100.00 -100.00 -100.00
  54   122.389 55189.85872296 17.71 120.794322  60.510499 12.024  244.84  240.22  233.02
  54   122.395 55189.85872355 18.54 120.798633  60.508952 14.186  244.84  240.22  233.02
  54   122.490 55189.85872414 18.26 120.802944  60.507405 12.405  244.84  240.22  233.02
  54   122.419 55189.85872473 18.91 120.807254  60.505858 15.425  244.84  240.22  233.02
  56   120.999 55209.69002272 18.22 120.789246  60.510179 14.132 -100.00 -100.00 -100.00
  56   121.378 55209.69002331 19.11 120.793557  60.508632 14.208 -100.00 -100.00 -100.00
  56   121.435 55209.69002390 19.50 120.797867  60.507085 17.587 -100.00 -100.00 -100.00
  56   121.396 55209.69002449 19.16 120.802177  60.505537 15.726 -100.00 -100.00 -100.00
  56   121.381 55209.69002508 17.71 120.806486  60.503990 13.302 -100.00 -100.00 -100.00
  57   120.925 55219.60567218 15.52 120.792472  60.509992 11.150  247.62  242.32  232.16
  57   121.009 55219.60567277 15.29 120.796782  60.508445 12.098  247.62  242.32  232.16
  57   121.096 55219.60567336 17.20 120.801092  60.506897 15.792  247.62  242.32  232.16
  57   121.257 55219.60567395 15.52 120.805402  60.505350 10.879  247.62  242.32  232.16
  58   120.744 55229.52132051 15.23 120.793255  60.509554 10.577  244.61  238.61  227.14
  58   120.608 55229.52132110 16.63 120.797565  60.508007 14.780  244.61  238.61  227.14
  58   120.809 55229.52132169 16.00 120.801875  60.506459 11.918  244.61  238.61  227.14
  58   120.606 55229.52132228 14.84 120.806185  60.504912  9.715  244.61  238.61  227.14
  59   120.334 55239.43696506 14.41 120.788535  60.509895 11.081  246.68  240.83  229.15
  59   120.628 55239.43696565 14.22 120.792846  60.508348  9.238  246.68  240.83  229.15
  59   120.569 55239.43696624 14.70 120.797156  60.506801  9.603  246.68  240.83  229.15
  59   120.605 55239.43696683 14.56 120.801466  60.505253 10.624  246.68  240.83  229.15
  59   120.801 55239.43696742 14.04 120.805775  60.503706  8.486  246.68  240.83  229.15
  60   120.757 55249.35260675 13.43 120.787868  60.507506  8.939  246.33  240.01  227.68
  60   121.791 55249.35260734 13.52 120.792179  60.505959  8.698  246.33  240.01  227.68
  60   120.430 55249.35260793 15.78 120.796489  60.504412 13.542  246.33  240.01  227.68
  60   120.538 55249.35260852 14.29 120.800799  60.502864 10.179  246.33  240.01  227.68
  61   120.673 55259.26824607 13.54 120.786945  60.505775  9.438  245.77  238.80  225.58
  61   120.427 55259.26824667 15.79 120.791255  60.504228 14.778  245.77  238.80  225.58
  61   120.600 55259.26824726 13.78 120.795565  60.502681  9.792  245.77  238.80  225.58
  62   120.314 55269.18388483 12.67 120.788661  60.505281  9.304 -100.00 -100.00 -100.00
  62   120.302 55269.18388542 13.07 120.792971  60.503734  8.860 -100.00 -100.00 -100.00
  63   120.271 55279.09952371 12.71 120.794037  60.505382  9.650 -100.00 -100.00 -100.00
  63   120.172 55279.09952431 12.41 120.798347  60.503835  8.111 -100.00 -100.00 -100.00
  64   120.184 55289.01516083 12.86 120.795959  60.506955  9.601 -100.00 -100.00 -100.00
  64   120.160 55289.01516142 13.50 120.800269  60.505408 11.472 -100.00 -100.00 -100.00
  64   120.015 55289.01516201 14.80 120.804579  60.503861 14.005 -100.00 -100.00 -100.00
  65   120.768 55298.93079498 10.44 120.792895  60.509436  6.645 -100.00 -100.00 -100.00
  65   120.714 55298.93079557 10.43 120.797205  60.507890  6.480 -100.00 -100.00 -100.00
  65   120.473 55298.93079616 11.21 120.801515  60.506343  8.713 -100.00 -100.00 -100.00
  65   120.465 55298.93079675 12.14 120.805825  60.504796  8.604 -100.00 -100.00 -100.00
  66   120.521 55308.84643867 17.33 120.790443  60.508624 22.867  263.49  259.48  251.26
  66   120.289 55308.84643926 19.37 120.794753  60.507078 30.063  263.49  259.48  251.26
  66   120.467 55308.84643986 17.36 120.799063  60.505531 22.031  263.49  259.48  251.26
  66   120.567 55308.84644045 15.49 120.803373  60.503984 16.292  263.49  259.48  251.26
  67   215.101 55318.76208469  5.33 120.787654  60.507362  5.100  262.80  259.80  255.40
  67   217.905 55318.76208528  4.66 120.791964  60.505816  5.188  262.80  259.80  255.40
  67   211.547 55318.76208587  5.78 120.796273  60.504269  6.293  262.80  259.80  255.40
  68   184.022 55328.67772945 17.88 120.785725  60.507557  7.985  264.00  263.86  263.59
  68   184.200 55328.67773004 21.27 120.790036  60.506011 11.411  264.00  263.86  263.59
  68   189.161 55328.67773063  7.87 120.794345  60.504464  4.617  264.00  263.86  263.59
  68   189.569 55328.67773122  8.92 120.798655  60.502918  6.073  264.00  263.86  263.59
  69   234.416 55338.59337416  2.27 120.789675  60.507974  4.225  260.90  260.77  261.64
  69   235.872 55338.59337475  2.43 120.793985  60.506427  4.386  260.90  260.77  261.64
  69   236.837 55338.59337534  1.24 120.798294  60.504881  3.581  260.90  260.77  261.64
  69   238.016 55338.59337593  0.38 120.802604  60.503334  3.105  260.90  260.77  261.64
  70   211.811 55348.50901823 12.98 120.792564  60.509403 13.135  273.92  274.19  273.73
  70   197.316 55348.50901882 17.82 120.796874  60.507856 15.175  273.92  274.19  273.73
  70   206.677 55348.50901941 13.42 120.801184  60.506309 15.346  273.92  274.19  273.73
  70   171.664 55348.50902000 22.19 120.805494  60.504762 20.656  273.92  274.19  273.73
  71   214.972 55358.42466031  4.00 120.793392  60.510475  5.394  280.27  280.73  279.85
  71   219.325 55358.42466090  4.18 120.797703  60.508928  5.540  280.27  280.73  279.85
  71   213.466 55358.42466149  4.76 120.802013  60.507381  7.438  280.27  280.73  279.85
  71   223.856 55358.42466208  1.87 120.806323  60.505834  4.298  280.27  280.73  279.85
  72   212.310 55368.34030021  3.47 120.792070  60.510821  8.226  280.20  279.98  279.41
  72   211.071 55368.34030080  2.60 120.796380  60.509274  7.034  280.20  279.98  279.41
  72   215.478 55368.34030139  0.64 120.800691  60.507727  4.650  280.20  279.98  279.41
  72   219.425 55368.34030198  0.04 120.805001  60.506180  4.662  280.20  279.98  279.41
  73   212.966 55378.25593898  2.02 120.792698  60.510312  5.743  283.45  283.27  282.48
  73   210.598 55378.25593957  5.20 120.797009  60.508765 10.114  283.45  283.27  282.48
  73   209.876 55378.25594017  2.55 120.801319  60.507218  6.929  283.45  283.27  282.48
  74   240.604 55388.17157674  1.57 120.791968  60.511278  4.810  279.42  278.93  278.34
  74   242.835 55388.17157733  1.26 120.796279  60.509731  5.669  279.42  278.93  278.34
  74   242.237 55388.17157793  0.98 120.800589  60.508184  4.946  279.42  278.93  278.34
  74   238.977 55388.17157852  2.29 120.804900  60.506637  7.258  279.42  278.93  278.34
  74   248.361 55388.17157911  0.75 120.809209  60.505089  5.596  279.42  278.93  278.34
  76   124.160 55408.00285854 41.33 120.794573  60.511943 19.975  276.24  275.61  275.15
  76   124.077 55408.00285913 42.00 120.798884  60.510396 25.907  276.24  275.61  275.15
  76   123.766 55408.00285972 46.25 120.803195  60.508849   -100  276.24  275.61  275.15
  76   123.965 55408.00286031 44.66 120.807505  60.507302   -100  276.24  275.61  275.15
  76   123.865 55408.00286090 48.88 120.811815  60.505755   -100  276.24  275.61  275.15
  77   195.300 55417.91850980 15.07 120.793992  60.509815  6.121  272.44  273.14  271.32
  77   192.054 55417.91851039 20.05 120.798303  60.508268 10.569  272.44  273.14  271.32
  77   192.760 55417.91851098 29.39 120.802613  60.506721 32.734  272.44  273.14  271.32
  77   189.741 55417.91851157 29.30 120.806923  60.505174   -100  272.44  273.14  271.32
  79   189.899 55437.74980172 12.96 120.786070  60.507452 10.587  270.33  270.48  269.33
  79   190.457 55437.74980231 17.16 120.790380  60.505905 12.803  270.33  270.48  269.33
  79   187.206 55437.74980290 21.15 120.794690  60.504358 22.650  270.33  270.48  269.33
  79   188.223 55437.74980349 24.13 120.799000  60.502811 24.752  270.33  270.48  269.33
  80   124.666 55447.66544530 24.65 120.787718  60.506827 11.814  266.53  266.24  265.60
  80   124.535 55447.66544589 23.72 120.792028  60.505280  9.883  266.53  266.24  265.60
  80   124.469 55447.66544648 25.66 120.796338  60.503733 16.445  266.53  266.24  265.60
  81   124.154 55457.58108812 40.83 120.787585  60.508050 25.515  264.34  263.93  263.98
  81   123.720 55457.58108871 42.86 120.791896  60.506503 30.799  264.34  263.93  263.98
  81   124.334 55457.58108930 45.53 120.796206  60.504956 24.833  264.34  263.93  263.98
  81   124.054 55457.58108989 46.55 120.800515  60.503409 27.620  264.34  263.93  263.98
  82   122.357 55467.49673043 37.46 120.788953  60.508780 30.963  261.23  260.44  261.23
  82   122.859 55467.49673102 39.08 120.793264  60.507233 25.549  261.23  260.44  261.23
  82   123.113 55467.49673161 41.31 120.797574  60.505686 24.547  261.23  260.44  261.23
  82   123.265 55467.49673220 43.26 120.801884  60.504139 22.989  261.23  260.44  261.23
  83   123.257 55477.41236941 39.11 120.788888  60.509088 15.179  260.64  259.54  260.61
  83   122.736 55477.41237000 42.35 120.793199  60.507541 23.051  260.64  259.54  260.61
  83   122.244 55477.41237059 46.26 120.797510  60.505994   -100  260.64  259.54  260.61
  83   122.036 55477.41237119 48.86 120.801820  60.504447   -100  260.64  259.54  260.61
  84   122.609 55487.32800533 37.26 120.788639  60.508837 19.366  259.91  258.24  259.03
  84   122.259 55487.32800592 42.28 120.792951  60.507291 29.873  259.91  258.24  259.03
  84   122.083 55487.32800651 45.95 120.797262  60.505744   -100  259.91  258.24  259.03
  84   121.965 55487.32800710 47.18 120.801572  60.504197   -100  259.91  258.24  259.03
  85   186.338 55497.24363920 17.15 120.789300  60.508375 10.712  259.43  257.25  257.47
  85   186.693 55497.24363979 22.03 120.793611  60.506828 21.345  259.43  257.25  257.47
  85   183.115 55497.24364038 20.31 120.797922  60.505281   -100  259.43  257.25  257.47
  85   184.086 55497.24364097 14.32 120.802233  60.503734 27.119  259.43  257.25  257.47
  86   120.904 55507.15927606 41.48 120.790073  60.509163 25.349  261.48  259.65  259.81
  86   120.724 55507.15927665 44.41 120.794385  60.507617 32.096  261.48  259.65  259.81
  86   120.672 55507.15927724 47.89 120.798696  60.506070   -100  261.48  259.65  259.81
  86   120.584 55507.15927783 50.48 120.803006  60.504523   -100  261.48  259.65  259.81
  87   121.481 55517.07492639 40.33 120.789203  60.510125 21.739  263.04  261.48  261.42
  87   121.717 55517.07492698 42.40 120.793514  60.508578 22.808  263.04  261.48  261.42
  87   121.560 55517.07492758 48.62 120.797825  60.507031 29.515  263.04  261.48  261.42
  87   121.263 55517.07492817 49.69 120.802136  60.505484   -100  263.04  261.48  261.42
  87   121.406 55517.07492876 50.63 120.806446  60.503937  5.666  263.04  261.48  261.42
  90   122.066 55546.82186969 20.36 120.794896  60.509163 22.769 -100.00 -100.00 -100.00
  90   122.172 55546.82187028 18.40 120.799207  60.507616 15.639 -100.00 -100.00 -100.00
  90   122.151 55546.82187087 20.44 120.803517  60.506069 24.595 -100.00 -100.00 -100.00
  90   122.138 55546.82187146 21.27 120.807827  60.504521 23.976 -100.00 -100.00 -100.00
  91   122.607 55556.73751282 16.62 120.791645  60.509853 12.351 -100.00 -100.00 -100.00
  91   122.604 55556.73751341 16.76 120.795955  60.508306 12.312 -100.00 -100.00 -100.00
  91   122.686 55556.73751400 18.46 120.800265  60.506759 18.221 -100.00 -100.00 -100.00
  91   122.835 55556.73751459 16.26 120.804575  60.505212 12.602 -100.00 -100.00 -100.00
  92   122.233 55566.65315533 15.80 120.791515  60.510158 12.497 -100.00 -100.00 -100.00
  92   122.289 55566.65315592 14.86 120.795826  60.508611 10.783 -100.00 -100.00 -100.00
  92   122.244 55566.65315651 16.45 120.800136  60.507064 13.534 -100.00 -100.00 -100.00
  92   122.394 55566.65315710 14.58 120.804446  60.505516 11.576 -100.00 -100.00 -100.00
  93   121.972 55576.56879733 16.51 120.793068  60.510008 13.941 -100.00 -100.00 -100.00
  93   121.957 55576.56879792 16.27 120.797379  60.508461 12.959 -100.00 -100.00 -100.00
  93   122.152 55576.56879851 15.65 120.801689  60.506914 11.980 -100.00 -100.00 -100.00
  93   122.055 55576.56879910 16.02 120.805999  60.505367 13.106 -100.00 -100.00 -100.00
  94   121.934 55586.48443708 15.40 120.791263  60.510104 13.772 -100.00 -100.00 -100.00
  94   122.053 55586.48443767 14.48 120.795574  60.508557 11.027 -100.00 -100.00 -100.00
  94   122.058 55586.48443826 13.68 120.799885  60.507010  8.600 -100.00 -100.00 -100.00
  94   121.870 55586.48443885 15.92 120.804195  60.505463 13.874 -100.00 -100.00 -100.00
  95   121.646 55596.40007392 13.73 120.790867  60.509187 10.221 -100.00 -100.00 -100.00
  95   121.300 55596.40007451 16.14 120.795178  60.507641 16.230 -100.00 -100.00 -100.00
  95   121.689 55596.40007510 13.19 120.799489  60.506094  9.539 -100.00 -100.00 -100.00
  95   121.536 55596.40007569 14.02 120.803800  60.504547 10.136 -100.00 -100.00 -100.00
  96   121.267 55606.31570759 12.46 120.789595  60.508960  8.671  244.67  238.18  226.16
  96   121.100 55606.31570818 14.27 120.793906  60.507414 13.036  244.67  238.18  226.16
  96   121.464 55606.31570877 15.47 120.798217  60.505867 15.164  244.67  238.18  226.16
  96   121.094 55606.31570936 14.58 120.802528  60.504320 12.141  244.67  238.18  226.16
  97   120.798 55616.23133970 13.84 120.792421  60.508510 10.283 -100.00 -100.00 -100.00
  97   120.815 55616.23134029 13.32 120.796732  60.506963 11.035 -100.00 -100.00 -100.00
  97   121.727 55616.23134088 13.83 120.801043  60.505416 11.832 -100.00 -100.00 -100.00
  97   120.841 55616.23134147 13.69 120.805353  60.503870 10.016 -100.00 -100.00 -100.00
  98   120.914 55626.14698178 10.46 120.790398  60.510162  7.292 -100.00 -100.00 -100.00
  98   121.515 55626.14698237 10.28 120.794709  60.508616  8.417 -100.00 -100.00 -100.00
  98   120.705 55626.14698296 10.33 120.799020  60.507069  8.131 -100.00 -100.00 -100.00
  98   121.884 55626.14698355  9.53 120.803331  60.505522  6.625 -100.00 -100.00 -100.00
  98   120.890 55626.14698414 11.77 120.807641  60.503975 10.275 -100.00 -100.00 -100.00
  99   121.624 55636.06263425  9.48 120.792801  60.509080  6.877 -100.00 -100.00 -100.00
  99   121.524 55636.06263484 10.22 120.797112  60.507533  7.602 -100.00 -100.00 -100.00
  99   121.583 55636.06263543 10.07 120.801422  60.505986  8.075 -100.00 -100.00 -100.00
  99   121.372 55636.06263602 10.02 120.805732  60.504439  7.070 -100.00 -100.00 -100.00
 100   121.288 55645.97828398  9.19 120.789930  60.509409  6.038 -100.00 -100.00 -100.00
 100   121.353 55645.97828457 10.14 120.794240  60.507863  8.408 -100.00 -100.00 -100.00
 100   120.763 55645.97828516  9.10 120.798551  60.506316  6.571 -100.00 -100.00 -100.00
 100   121.921 55645.97828575  9.48 120.802861  60.504769  7.036 -100.00 -100.00 -100.00
 103   195.097 55675.72521393  2.94 120.790048  60.507193  6.036  264.79  262.93  258.87
 103   208.135 55675.72521452  2.28 120.794358  60.505646  6.060  264.79  262.93  258.87
 103   208.089 55675.72521511  2.88 120.798668  60.504100  7.176  264.79  262.93  258.87
 104   236.706 55685.64085165 11.47 120.790615  60.508604 11.000  262.94  261.79  261.91
 104   236.336 55685.64085224  9.51 120.794925  60.507057  8.778  262.94  261.79  261.91
 104   236.349 55685.64085283  8.17 120.799235  60.505510  7.791  262.94  261.79  261.91
 104   240.008 55685.64085342  6.05 120.803544  60.503963  5.360  262.94  261.79  261.91
 105   191.987 55695.55648813 14.25 120.791425  60.510576  8.650 -100.00 -100.00 -100.00
 105   196.029 55695.55648872 17.40 120.795735  60.509029  5.962 -100.00 -100.00 -100.00
 105   196.922 55695.55648931 26.12 120.800046  60.507482  9.685 -100.00 -100.00 -100.00
 105   197.003 55695.55648990 26.23 120.804355  60.505935 12.739 -100.00 -100.00 -100.00
 105   197.392 55695.55649049 21.59 120.808665  60.504388 25.121 -100.00 -100.00 -100.00
 107   224.258 55715.38777258  0.11 120.799988  60.509362  4.733  276.85  276.67  277.26
 107   227.372 55715.38777317  0.15 120.804299  60.507815  5.773  276.85  276.67  277.26
 107   228.281 55715.38777377  0.38 120.808609  60.506268  4.490  276.85  276.67  277.26
 108   127.562 55725.30342066 35.82 120.793682  60.510657 16.735 -100.00 -100.00 -100.00
 108   127.163 55725.30342125 34.67 120.797993  60.509111 15.146 -100.00 -100.00 -100.00
 108   127.028 55725.30342184 37.85 120.802304  60.507564 24.860 -100.00 -100.00 -100.00
 108   126.974 55725.30342243 39.63 120.806614  60.506016 30.189 -100.00 -100.00 -100.00
 109   186.234 55735.21906785 11.38 120.794817  60.509922 11.135  285.54  285.02  284.94
 109   190.728 55735.21906844 16.00 120.799128  60.508375 11.376  285.54  285.02  284.94
 109   191.624 55735.21906903 19.37 120.803438  60.506828  9.902  285.54  285.02  284.94
 109   192.084 55735.21906962 22.56 120.807748  60.505281 12.612  285.54  285.02  284.94
 110   123.728 55745.13471350 26.25 120.794012  60.510397  6.890 -100.00 -100.00 -100.00
 110   123.727 55745.13471409 26.17 120.798323  60.508850  7.129 -100.00 -100.00 -100.00
 110   123.553 55745.13471468 28.64 120.802633  60.507303 11.840 -100.00 -100.00 -100.00
 110   123.633 55745.13471527 27.65 120.806943  60.505755  7.709 -100.00 -100.00 -100.00
 111   122.815 55755.05035771 45.11 120.794250  60.509980   -100  284.79  284.85  283.79
 111   122.430 55755.05035830 44.86 120.798561  60.508433   -100  284.79  284.85  283.79
 111   122.781 55755.05035890 48.84 120.802871  60.506885   -100  284.79  284.85  283.79
 111   122.851 55755.05035949 49.67 120.807180  60.505338   -100  284.79  284.85  283.79
 115   124.385 55794.71290731 23.62 120.789362  60.509137  7.413  272.37  273.27  271.13
 115   124.683 55794.71290790 25.81 120.793673  60.507590  9.802  272.37  273.27  271.13
 115   125.015 55794.71290849 26.71 120.797983  60.506044 11.340  272.37  273.27  271.13
 115   124.808 55794.71290908 29.72 120.802293  60.504497 18.489  272.37  273.27  271.13
 116   156.834 55804.62854544 10.52 120.794085  60.509781 12.483 -100.00 -100.00 -100.00
 116   157.340 55804.62854603 11.20 120.798396  60.508234  9.943 -100.00 -100.00 -100.00
 116   191.391 55804.62854662 11.98 120.802707  60.506687  8.442 -100.00 -100.00 -100.00
 116   193.040 55804.62854721 16.56 120.807017  60.505140 12.319 -100.00 -100.00 -100.00
 118   158.421 55824.45984128  7.67 120.790102  60.510419  7.091 -100.00 -100.00 -100.00
 118   192.961 55824.45984187  5.69 120.794413  60.508872  5.523 -100.00 -100.00 -100.00
 118   198.805 55824.45984246  3.35 120.798724  60.507325  2.930 -100.00 -100.00 -100.00
 118   195.398 55824.45984305  8.22 120.803035  60.505778  6.100 -100.00 -100.00 -100.00
 118   193.319 55824.45984364 12.85 120.807345  60.504231  8.222 -100.00 -100.00 -100.00
 119   124.149 55834.37548390 33.35 120.790239  60.508715 12.703 -100.00 -100.00 -100.00
 119   123.659 55834.37548449 34.67 120.794551  60.507168 19.088 -100.00 -100.00 -100.00
 119   123.788 55834.37548508 33.83 120.798862  60.505621 15.318 -100.00 -100.00 -100.00
 119   123.413 55834.37548567 37.58 120.803173  60.504074 27.304 -100.00 -100.00 -100.00
 121   122.680 55854.20675802 22.22 120.789792  60.509912  6.999 -100.00 -100.00 -100.00
 121   122.629 55854.20675861 24.78 120.794104  60.508365 11.169 -100.00 -100.00 -100.00
 121   122.757 55854.20675920 26.71 120.798415  60.506818 14.428 -100.00 -100.00 -100.00
 121   123.304 55854.20675979 30.56 120.802726  60.505271 18.234 -100.00 -100.00 -100.00
 121   122.915 55854.20676038 31.74 120.807037  60.503724 21.322 -100.00 -100.00 -100.00
 122   122.808 55864.12239676 40.51 120.795846  60.510259 20.921 -100.00 -100.00 -100.00
 122   122.597 55864.12239735 44.69 120.800158  60.508713 24.578 -100.00 -100.00 -100.00
 122   122.737 55864.12239794 49.68 120.804469  60.507165   -100 -100.00 -100.00 -100.00
 122   122.219 55864.12239853 50.14 120.808780  60.505618   -100 -100.00 -100.00 -100.00
 123   121.566 55874.03805014 41.57 120.794144  60.511211 27.701 -100.00 -100.00 -100.00
 123   121.419 55874.03805073 43.74 120.798456  60.509664   -100 -100.00 -100.00 -100.00
 123   121.683 55874.03805132 47.65 120.802767  60.508117   -100 -100.00 -100.00 -100.00
 123   121.299 55874.03805191 47.67 120.807077  60.506570   -100 -100.00 -100.00 -100.00
 124   122.691 55883.95369847 26.28 120.794121  60.511004 24.315  249.27  245.05  240.47
 124   122.541 55883.95369906 29.55 120.798432  60.509457   -100  249.27  245.05  240.47
 124   122.679 55883.95369965 29.16 120.802743  60.507910 31.730  249.27  245.05  240.47
 124   122.684 55883.95370024 27.75 120.807053  60.506363 29.693  249.27  245.05  240.47
 125   121.131 55893.86934081 26.28 120.795414  60.510167   -100  243.54  238.73  232.24
 125   121.491 55893.86934140 25.60 120.799725  60.508620 30.574  243.54  238.73  232.24
 125   121.630 55893.86934199 24.63 120.804035  60.507073 25.298  243.54  238.73  232.24
 125   121.580 55893.86934258 24.56 120.808345  60.505525 25.635  243.54  238.73  232.24
 126   122.136 55903.78497745 24.35 120.796007  60.510329 23.899  252.20  248.59  242.81
 126   122.178 55903.78497804 24.93 120.800318  60.508782 23.851  252.20  248.59  242.81
 126   122.389 55903.78497863 25.41 120.804629  60.507235 21.574  252.20  248.59  242.81
 126   122.366 55903.78497923 24.37 120.808939  60.505688 21.415  252.20  248.59  242.81
 127   122.687 55913.70061590 23.65 120.795480  60.511467 19.631  247.63  242.51  233.21
 127   122.537 55913.70061650 25.71 120.799791  60.509921 27.284  247.63  242.51  233.21
 127   122.688 55913.70061709 29.45 120.804102  60.508374   -100  247.63  242.51  233.21
 127   122.616 55913.70061768 24.68 120.808412  60.506827 24.141  247.63  242.51  233.21
 128   122.473 55923.61626968 21.88 120.793320  60.511577 16.589  243.59  238.09  226.86
 128   122.538 55923.61627027 22.93 120.797631  60.510030 19.445  243.59  238.09  226.86
 128   122.514 55923.61627086 23.61 120.801942  60.508483 19.908  243.59  238.09  226.86
 128   122.610 55923.61627145 23.72 120.806252  60.506936 20.401  243.59  238.09  226.86
 128   122.451 55923.61627204 22.48 120.810562  60.505388 17.768  243.59  238.09  226.86
 129   122.009 55933.53192097 23.34 120.795079  60.510005 22.186  243.42  236.63  223.52
 129   121.944 55933.53192156 23.94 120.799389  60.508458 23.953  243.42  236.63  223.52
 129   121.800 55933.53192215 23.43 120.803700  60.506911 24.463  243.42  236.63  223.52
 129   121.866 55933.53192274 22.75 120.808009  60.505363 21.965  243.42  236.63  223.52
 130   121.498 55943.44756719 23.81 120.791157  60.509044 28.244  239.92  232.81  218.52
 130   121.661 55943.44756779 22.87 120.795468  60.507497 24.202  239.92  232.81  218.52
 130   121.673 55943.44756838 21.55 120.799779  60.505950 18.132  239.92  232.81  218.52
 130   121.612 55943.44756897 22.22 120.804089  60.504403 21.364  239.92  232.81  218.52
 131   121.057 55953.36321028 18.97 120.795241  60.504788 16.561 -100.00 -100.00 -100.00
 131   120.732 55953.36321088 20.42 120.799551  60.503241 21.645 -100.00 -100.00 -100.00
 133   120.468 55973.19448567 16.73 120.786887  60.508071 13.265  247.91  241.36  228.76
 133   120.850 55973.19448626 15.76 120.791198  60.506524 10.531  247.91  241.36  228.76
 133   120.491 55973.19448685 16.52 120.795509  60.504977 12.671  247.91  241.36  228.76
 133   120.675 55973.19448744 14.94 120.799819  60.503430  9.137  247.91  241.36  228.76
 134   120.560 55983.11012240 15.74 120.793420  60.509112  9.967  242.98  234.68  219.54
 134   120.268 55983.11012299 16.50 120.797731  60.507565 12.526  242.98  234.68  219.54
 134   120.420 55983.11012358 16.05 120.802041  60.506018 10.945  242.98  234.68  219.54
 134   120.356 55983.11012417 16.96 120.806351  60.504471 13.024  242.98  234.68  219.54
 135   120.225 55993.02575682 16.18 120.796201  60.510708 12.116  242.15  232.39  215.59
 135   120.175 55993.02575741 15.89 120.800512  60.509161 11.516  242.15  232.39  215.59
 135   120.087 55993.02575800 17.14 120.804822  60.507614 14.881  242.15  232.39  215.59
 135   120.127 55993.02575859 15.70 120.809133  60.506067 11.265  242.15  232.39  215.59
 136   120.097 56002.94140566 16.72 120.791945  60.510549 13.631  239.51  228.08  210.45
 136   120.154 56002.94140625 17.48 120.796256  60.509002 15.362  239.51  228.08  210.45
 136   120.345 56002.94140684 16.25 120.800567  60.507456 12.231  239.51  228.08  210.45
 136   120.109 56002.94140743 16.62 120.804877  60.505909 13.324  239.51  228.08  210.45
 136   120.143 56002.94140802 16.94 120.809186  60.504362 13.520  239.51  228.08  210.45
 137   120.227 56012.85705499 17.97 120.787180  60.508800 14.849 -100.00 -100.00 -100.00
 137   120.099 56012.85705558 16.69 120.791490  60.507254 12.519 -100.00 -100.00 -100.00
 137   120.114 56012.85705617 17.66 120.795800  60.505707 15.226 -100.00 -100.00 -100.00
 137   119.975 56012.85705676 18.11 120.800110  60.504160 17.750 -100.00 -100.00 -100.00
 138   120.270 56022.77270109 17.38 120.785743  60.507485 14.794 -100.00 -100.00 -100.00
 138   120.269 56022.77270168 16.19 120.790053  60.505938 12.778 -100.00 -100.00 -100.00
 138   120.319 56022.77270227 17.53 120.794363  60.504391 16.041 -100.00 -100.00 -100.00
 138   120.160 56022.77270286 15.81 120.798672  60.502845 12.271 -100.00 -100.00 -100.00
 139   120.041 56032.68834444 17.37 120.787072  60.508174 16.091 -100.00 -100.00 -100.00
 139   120.171 56032.68834503 16.31 120.791382  60.506627 12.976 -100.00 -100.00 -100.00
 139   120.237 56032.68834562 18.22 120.795692  60.505081 17.061 -100.00 -100.00 -100.00
 139   120.015 56032.68834621 17.36 120.800002  60.503534 16.133 -100.00 -100.00 -100.00
 141   212.305 56052.51962470  2.66 120.796277  60.510712  5.604  267.07  266.22  265.66
 141   211.062 56052.51962529  5.29 120.800588  60.509166  8.767  267.07  266.22  265.66
 141   211.618 56052.51962588  1.67 120.804898  60.507618  4.649  267.07  266.22  265.66
 141   210.301 56052.51962647  2.76 120.809207  60.506071  5.734  267.07  266.22  265.66
 142   255.202 56062.43526022  5.74 120.796898  60.511526  4.506 -100.00 -100.00 -100.00
 142   278.073 56062.43526081  4.61 120.801208  60.509979  4.493 -100.00 -100.00 -100.00
 142   279.713 56062.43526140  4.65 120.805519  60.508432  5.160 -100.00 -100.00 -100.00
 142   256.885 56062.43526199  4.08 120.809829  60.506885  4.410 -100.00 -100.00 -100.00
 143   226.643 56072.35090008  3.91 120.793773  60.511676  4.598  275.45  275.79  277.47
 143   227.410 56072.35090067  2.36 120.798084  60.510129  3.419  275.45  275.79  277.47
 143   227.892 56072.35090126  0.86 120.802395  60.508582  2.877  275.45  275.79  277.47
 144   211.091 56082.26655062  6.11 120.793989  60.509679  7.993  280.57  280.36  281.33
 144   222.421 56082.26655121  2.24 120.798300  60.508132  5.265  280.57  280.36  281.33
 144   224.769 56082.26655180  0.14 120.802610  60.506585  3.265  280.57  280.36  281.33
 144   224.849 56082.26655239  0.90 120.806920  60.505038  3.954  280.57  280.36  281.33
 145   199.414 56092.18219850 16.89 120.794299  60.509379  9.957  283.51  284.17  284.71
 145   202.836 56092.18219909 12.42 120.798609  60.507832  4.928  283.51  284.17  284.71
 145   203.933 56092.18219968 15.20 120.802920  60.506285  7.025  283.51  284.17  284.71
 145   197.090 56092.18220027 20.79 120.807229  60.504738 11.022  283.51  284.17  284.71
 146   212.369 56102.09784361  1.17 120.791960  60.511239  5.023  276.64  276.33  277.03
 146   211.737 56102.09784420  3.31 120.796271  60.509692  7.565  276.64  276.33  277.03
 146   216.831 56102.09784479  0.16 120.800581  60.508145  4.483  276.64  276.33  277.03
 146   219.455 56102.09784538  0.71 120.804891  60.506598  5.864  276.64  276.33  277.03
 146   221.437 56102.09784597  0.38 120.809201  60.505051  5.987  276.64  276.33  277.03
 147   196.462 56112.01347534  8.39 120.795358  60.509940  6.423  278.30  278.63  278.90
 147   198.210 56112.01347593  6.13 120.799668  60.508393  3.910  278.30  278.63  278.90
 147   195.366 56112.01347652  9.74 120.803978  60.506846  7.992  278.30  278.63  278.90
 147   196.726 56112.01347711  8.41 120.808288  60.505298  5.826  278.30  278.63  278.90
 148   126.062 56121.92911446 36.53 120.793036  60.509375 21.389  276.74  277.53  276.41
 148   126.028 56121.92911505 41.08 120.797347  60.507828   -100  276.74  277.53  276.41
 148   126.404 56121.92911564 42.58 120.801657  60.506281 26.204  276.74  277.53  276.41
 148   126.106 56121.92911623 44.87 120.805967  60.504734 31.621  276.74  277.53  276.41
 151   197.983 56151.67603665 12.84 120.790944  60.507565 10.761  272.95  273.51  271.87
 151   197.992 56151.67603724 17.01 120.795254  60.506018 14.431  272.95  273.51  271.87
 151   193.975 56151.67603783 20.23 120.799564  60.504472 22.519  272.95  273.51  271.87
 152   124.392 56161.59168544 39.06 120.791107  60.509366 27.276 -100.00 -100.00 -100.00
 152   124.193 56161.59168604 38.29 120.795418  60.507819 23.754 -100.00 -100.00 -100.00
 152   124.231 56161.59168663 42.14 120.799728  60.506272   -100 -100.00 -100.00 -100.00
 152   124.124 56161.59168722 42.35 120.804038  60.504725   -100 -100.00 -100.00 -100.00
 153   209.236 56171.50733277 10.63 120.793465  60.509781  8.065 -100.00 -100.00 -100.00
 153   204.988 56171.50733336 14.05 120.797776  60.508234 10.402 -100.00 -100.00 -100.00
 153   200.307 56171.50733395 18.34 120.802086  60.506687 15.005 -100.00 -100.00 -100.00
 153   195.887 56171.50733454 21.61 120.806396  60.505139 16.913 -100.00 -100.00 -100.00
 154   182.361 56181.42297518 10.35 120.790370  60.510125 10.516 -100.00 -100.00 -100.00
 154   183.084 56181.42297577 11.45 120.794682  60.508578  9.939 -100.00 -100.00 -100.00
 154   187.668 56181.42297636 16.53 120.798993  60.507031 12.148 -100.00 -100.00 -100.00
 154   188.151 56181.42297695 18.58 120.803303  60.505484 11.894 -100.00 -100.00 -100.00
 154   188.850 56181.42297754 21.47 120.807613  60.503937 17.355 -100.00 -100.00 -100.00
 155   209.348 56191.33861464  0.28 120.792430  60.507459  3.160  268.45  267.69  269.22
 155   209.574 56191.33861523  0.43 120.796741  60.505912  4.170  268.45  267.69  269.22
 155   209.520 56191.33861582  0.11 120.801051  60.504365  3.661  268.45  267.69  269.22
 158   121.747 56221.08551750 41.87 120.798593  60.510940 28.684 -100.00 -100.00 -100.00
 158   121.706 56221.08551809 45.94 120.802905  60.509393   -100 -100.00 -100.00 -100.00
 158   121.594 56221.08551868 49.00 120.807216  60.507846   -100 -100.00 -100.00 -100.00
 158   121.586 56221.08551928 47.97 120.811526  60.506299   -100 -100.00 -100.00 -100.00
 159   121.551 56231.00116970 40.86 120.800146  60.511826 25.221  250.53  247.46  245.59
 159   121.338 56231.00117029 44.97 120.804457  60.510279 27.454  250.53  247.46  245.59
 159   121.385 56231.00117088 47.99 120.808768  60.508731 32.038  250.53  247.46  245.59
 159   120.831 56231.00117147 48.83 120.813078  60.507184  0.504  250.53  247.46  245.59
 162   121.781 56260.74811504 22.09 120.790913  60.510193 24.340 -100.00 -100.00 -100.00
 162   121.755 56260.74811563 25.13 120.795224  60.508646   -100 -100.00 -100.00 -100.00
 162   121.792 56260.74811622 22.37 120.799534  60.507099 24.853 -100.00 -100.00 -100.00
 162   121.847 56260.74811681 23.34 120.803845  60.505552 27.408 -100.00 -100.00 -100.00
 162   121.734 56260.74811740 21.28 120.808154  60.504005 20.056 -100.00 -100.00 -100.00
 163   122.435 56270.66375675 22.73 120.791568  60.510195 22.436 -100.00 -100.00 -100.00
 163   122.673 56270.66375734 22.22 120.795879  60.508648 24.092 -100.00 -100.00 -100.00
 163   122.553 56270.66375793 23.34 120.800189  60.507101 26.151 -100.00 -100.00 -100.00
 163   122.486 56270.66375852 23.27 120.804499  60.505554 27.955 -100.00 -100.00 -100.00
 164   122.128 56280.57939659 19.10 120.792251  60.511018 20.293  250.79  246.14  236.75
 164   122.082 56280.57939718 20.08 120.796562  60.509471 22.330  250.79  246.14  236.75
 164   122.070 56280.57939777 19.33 120.800873  60.507924 18.312  250.79  246.14  236.75
 164   122.254 56280.57939836 19.02 120.805183  60.506377 17.615  250.79  246.14  236.75
 164   122.137 56280.57939895 18.41 120.809493  60.504830 16.939  250.79  246.14  236.75
 165   121.937 56290.49504863 17.09 120.791529  60.510675 12.737 -100.00 -100.00 -100.00
 165   121.989 56290.49504922 17.85 120.795840  60.509128 13.371 -100.00 -100.00 -100.00
 165   121.813 56290.49504981 17.82 120.800151  60.507581 15.113 -100.00 -100.00 -100.00
 165   121.706 56290.49505040 19.28 120.804461  60.506034 18.678 -100.00 -100.00 -100.00
 165   121.733 56290.49505099 17.31 120.808771  60.504487 12.791 -100.00 -100.00 -100.00
 166   121.236 56300.41069642 19.93 120.788820  60.509515 24.082 -100.00 -100.00 -100.00
 166   121.280 56300.41069701 16.99 120.793131  60.507968 13.497 -100.00 -100.00 -100.00
 166   121.307 56300.41069760 18.35 120.797442  60.506421 18.852 -100.00 -100.00 -100.00
 166   121.277 56300.41069819 16.71 120.801752  60.504874 13.679 -100.00 -100.00 -100.00
 167   121.164 56310.32634042 17.74 120.787546  60.507316 18.440 -100.00 -100.00 -100.00
 167   121.048 56310.32634101 16.73 120.791857  60.505769 14.287 -100.00 -100.00 -100.00
 167   121.327 56310.32634160 17.40 120.796168  60.504222 17.637 -100.00 -100.00 -100.00
 168   120.809 56320.24198205 15.57 120.786316  60.506481 16.305 -100.00 -100.00 -100.00
 168   120.765 56320.24198264 16.22 120.790627  60.504934 15.728 -100.00 -100.00 -100.00
 168   120.888 56320.24198323 16.32 120.794937  60.503387 16.372 -100.00 -100.00 -100.00
 170   120.402 56340.07326316 15.25 120.788639  60.509826 12.378 -100.00 -100.00 -100.00
 170   120.631 56340.07326375 14.57 120.792950  60.508279 10.310 -100.00 -100.00 -100.00
 170   120.390 56340.07326434 16.21 120.797260  60.506732 17.344 -100.00 -100.00 -100.00
 170   120.477 56340.07326493 16.09 120.801570  60.505185 15.745 -100.00 -100.00 -100.00
 170   120.233 56340.07326552 15.68 120.805880  60.503638 14.609 -100.00 -100.00 -100.00
 171   120.658 56349.98890153 14.39 120.792338  60.510947 12.848 -100.00 -100.00 -100.00
 171   120.311 56349.98890212 14.99 120.796649  60.509400 12.948 -100.00 -100.00 -100.00
 171   121.310 56349.98890271 14.99 120.800959  60.507853 12.620 -100.00 -100.00 -100.00
 171   119.964 56349.98890330 16.32 120.805269  60.506306 17.411 -100.00 -100.00 -100.00
 171   120.096 56349.98890389 15.59 120.809579  60.504759 13.760 -100.00 -100.00 -100.00
 172   120.358 56359.90453905 10.74 120.794971  60.510003  8.032 -100.00 -100.00 -100.00
 172   120.186 56359.90453964 10.90 120.799282  60.508457  8.420 -100.00 -100.00 -100.00
 172   120.173 56359.90454023 10.90 120.803592  60.506910  8.762 -100.00 -100.00 -100.00
 172   120.240 56359.90454082 10.38 120.807902  60.505363  7.618 -100.00 -100.00 -100.00
 176   119.928 56399.56712500 12.17 120.794037  60.509340 13.237 -100.00 -100.00 -100.00
 176   120.180 56399.56712559 11.46 120.798348  60.507793 10.113 -100.00 -100.00 -100.00
 176   119.945 56399.56712618 11.72 120.802657  60.506246 11.151 -100.00 -100.00 -100.00
 176   119.988 56399.56712677 12.05 120.806967  60.504699 12.495 -100.00 -100.00 -100.00
 177   212.090 56409.48276577  2.20 120.797449  60.510588  5.863 -100.00 -100.00 -100.00
 177   212.138 56409.48276636  3.89 120.801759  60.509040  7.317 -100.00 -100.00 -100.00
 177   212.727 56409.48276695  2.03 120.806069  60.507493  5.348 -100.00 -100.00 -100.00
 178   230.519 56419.39840133 12.62 120.794740  60.512388  6.772 -100.00 -100.00 -100.00
 178   230.164 56419.39840192 10.74 120.799051  60.510841  6.668 -100.00 -100.00 -100.00
 178   229.505 56419.39840252 10.24 120.803362  60.509294  5.649 -100.00 -100.00 -100.00
 178   225.693 56419.39840311 10.98 120.807672  60.507747  6.971 -100.00 -100.00 -100.00
 178   228.681 56419.39840370  9.38 120.811982  60.506199  5.702 -100.00 -100.00 -100.00
 179   223.764 56429.31403622  7.17 120.795581  60.511694  5.695  273.36  273.36  275.69
 179   228.787 56429.31403682  8.01 120.799893  60.510148  7.981  273.36  273.36  275.69
 179   229.309 56429.31403741  6.13 120.804203  60.508601  5.095  273.36  273.36  275.69
 179   228.703 56429.31403800  6.61 120.808514  60.507054  5.571  273.36  273.36  275.69
 180   213.961 56439.22968980  8.09 120.793909  60.509692  6.521  277.22  276.76  277.82
 180   228.663 56439.22969039  7.88 120.798220  60.508145  7.534  277.22  276.76  277.82
 180   229.115 56439.22969098  6.49 120.802530  60.506598  5.526  277.22  276.76  277.82
 180   228.165 56439.22969157  7.19 120.806840  60.505050  7.595  277.22  276.76  277.82
 181   222.240 56449.14534041  4.66 120.789516  60.510052  5.157  277.83  277.35  278.47
 181   223.517 56449.14534100  2.10 120.793827  60.508505  3.711  277.83  277.35  278.47
 181   223.209 56449.14534159  2.64 120.798138  60.506958  4.658  277.83  277.35  278.47
 181   224.871 56449.14534218  0.17 120.802448  60.505411  3.325  277.83  277.35  278.47
 181   223.598 56449.14534277  3.36 120.806757  60.503864  5.791  277.83  277.35  278.47
 182   212.433 56459.06098940  1.24 120.790065  60.509822  2.512 -100.00 -100.00 -100.00
 182   212.481 56459.06098999  2.07 120.794375  60.508275  2.984 -100.00 -100.00 -100.00
 182   212.952 56459.06099058  2.00 120.798685  60.506728  3.559 -100.00 -100.00 -100.00
 182   211.136 56459.06099117  2.70 120.802995  60.505181  3.988 -100.00 -100.00 -100.00
 183   124.539 56468.97663516 32.21 120.790643  60.508938 11.776  270.94  270.72  270.30
 183   124.360 56468.97663575 32.18 120.794954  60.507392 12.814  270.94  270.72  270.30
 183   124.190 56468.97663634 32.66 120.799264  60.505845 14.022  270.94  270.72  270.30
 183   124.178 56468.97663693 32.61 120.803573  60.504297 15.647  270.94  270.72  270.30
 184   216.908 56478.89227667  9.40 120.789002  60.508621  9.888  269.55  269.96  270.41
 184   210.431 56478.89227726 13.17 120.793312  60.507074 20.259  269.55  269.96  270.41
 184   172.802 56478.89227785 14.10 120.797622  60.505527 32.602  269.55  269.96  270.41
 185   124.991 56488.80791426 39.04 120.787667  60.508206 18.868  271.25  271.64  270.69
 185   125.229 56488.80791485 44.01 120.791977  60.506660 22.118  271.25  271.64  270.69
 185   124.569 56488.80791544 50.41 120.796287  60.505113   -100  271.25  271.64  270.69
 185   124.432 56488.80791603 53.15 120.800597  60.503566   -100  271.25  271.64  270.69
 186   127.866 56498.72354932 29.75 120.788159  60.508536 20.341  269.08  269.16  268.52
 186   128.156 56498.72354991 32.03 120.792469  60.506990 29.580  269.08  269.16  268.52
 186   128.465 56498.72355050 33.10 120.796779  60.505443 26.740  269.08  269.16  268.52
 186   128.529 56498.72355110 37.03 120.801089  60.503896 32.122  269.08  269.16  268.52
 187   252.374 56508.63918339  6.97 120.792302  60.508984 13.030  272.23  271.81  271.59
 187   255.030 56508.63918398  3.30 120.796613  60.507437  7.936  272.23  271.81  271.59
 188   125.174 56518.55482286 18.21 120.794627  60.510326  9.666  273.37  273.48  273.17
 188   125.049 56518.55482345 21.67 120.798938  60.508779 15.412  273.37  273.48  273.17
 188   125.076 56518.55482404 22.00 120.803248  60.507233 17.883  273.37  273.48  273.17
 188   125.507 56518.55482463 17.98 120.807558  60.505686  8.391  273.37  273.48  273.17
 189   162.037 56528.47047661 11.25 120.793549  60.510464  7.171  269.40  268.94  268.80
 189   195.929 56528.47047720 11.21 120.797860  60.508917  5.932  269.40  268.94  268.80
 189   199.983 56528.47047779 10.03 120.802171  60.507370  5.713  269.40  268.94  268.80
 189   200.702 56528.47047838  9.89 120.806481  60.505823  4.380  269.40  268.94  268.80
 190   223.429 56538.38612618  2.58 120.792060  60.510113  7.711 -100.00 -100.00 -100.00
 190   211.131 56538.38612677  2.35 120.796371  60.508566  7.860 -100.00 -100.00 -100.00
 190   228.435 56538.38612736  0.22 120.800682  60.507019  5.442 -100.00 -100.00 -100.00
 191   200.584 56548.30177179  9.71 120.790370  60.509039  8.912 -100.00 -100.00 -100.00
 191   201.751 56548.30177238 11.49 120.794681  60.507492 11.981 -100.00 -100.00 -100.00
 191   177.247 56548.30177297  9.41 120.798992  60.505945  9.141 -100.00 -100.00 -100.00
 191   204.636 56548.30177357 16.21 120.803303  60.504398 14.178 -100.00 -100.00 -100.00
 193   122.681 56568.13305744 24.86 120.791324  60.509024 13.706  258.73  257.00  258.77
 193   123.016 56568.13305803 25.56 120.795635  60.507477 12.293  258.73  257.00  258.77
 193   123.080 56568.13305862 30.93 120.799946  60.505930 22.789  258.73  257.00  258.77
 193   123.595 56568.13305921 32.19 120.804256  60.504382 16.842  258.73  257.00  258.77
 194   191.035 56578.04869842 13.17 120.792746  60.511101  8.692  257.04  255.09  255.33
 194   191.531 56578.04869901 18.89 120.797057  60.509554  8.384  257.04  255.09  255.33
 194   188.320 56578.04869960 28.79 120.801368  60.508007 21.552  257.04  255.09  255.33
 194   185.497 56578.04870019 27.57 120.805678  60.506460 30.799  257.04  255.09  255.33
 194   185.907 56578.04870078 21.66 120.809988  60.504912   -100  257.04  255.09  255.33
 195   210.816 56587.96433650  9.64 120.799464  60.511169 18.899  252.23  250.27  249.01
 195   228.630 56587.96433709  5.31 120.803775  60.509622  9.152  252.23  250.27  249.01
 195   208.930 56587.96433768  7.45 120.808086  60.508075 14.373  252.23  250.27  249.01
 195   207.828 56587.96433827  6.96 120.812396  60.506528 12.573  252.23  250.27  249.01
 196   120.914 56597.87997868 42.21 120.799770  60.511291 25.067  260.46  259.00  259.18
 196   120.586 56597.87997927 45.24 120.804081  60.509744   -100  260.46  259.00  259.18
 196   120.673 56597.87997986 43.71 120.808391  60.508197   -100  260.46  259.00  259.18
 196   120.538 56597.87998045 44.91 120.812701  60.506650   -100  260.46  259.00  259.18
 197   190.621 56607.79562974 12.26 120.794449  60.510699 10.360  251.50  249.46  248.51
 197   187.229 56607.79563033 11.92 120.798760  60.509152 13.777  251.50  249.46  248.51
 197   203.625 56607.79563092  0.55 120.803071  60.507605  6.275  251.50  249.46  248.51
 197   184.514 56607.79563151 10.55 120.807381  60.506058 24.367  251.50  249.46  248.51
 198   121.838 56617.71127592 33.26 120.791018  60.510413 21.044  259.45  257.68  256.38
 198   122.324 56617.71127651 34.25 120.795329  60.508866 23.155  259.45  257.68  256.38
 198   121.799 56617.71127710 29.91 120.799640  60.507319 29.798  259.45  257.68  256.38
 198   121.299 56617.71127769 31.95 120.803950  60.505772   -100  259.45  257.68  256.38
 198   121.611 56617.71127828 31.22 120.808259  60.504225 32.486  259.45  257.68  256.38
 199   211.584 56627.62691892  1.57 120.790379  60.510399  6.728 -100.00 -100.00 -100.00
 199   221.263 56627.62691951  0.45 120.794690  60.508852  6.306 -100.00 -100.00 -100.00
 199   210.468 56627.62692010  2.38 120.799001  60.507305  7.504 -100.00 -100.00 -100.00
 199   209.014 56627.62692069  1.10 120.803311  60.505757  6.327 -100.00 -100.00 -100.00
 200   121.820 56637.54255951 24.95 120.793634  60.509679 16.199 -100.00 -100.00 -100.00
 200   121.876 56637.54256010 25.28 120.797945  60.508132 18.676 -100.00 -100.00 -100.00
 200   121.761 56637.54256069 24.35 120.802255  60.506585 15.362 -100.00 -100.00 -100.00
 200   121.840 56637.54256128 23.50 120.806565  60.505037 12.794 -100.00 -100.00 -100.00
 202   121.441 56657.37385324 22.03 120.789654  60.508591 13.382 -100.00 -100.00 -100.00
 202   121.408 56657.37385383 23.50 120.793965  60.507044 19.158 -100.00 -100.00 -100.00
 202   121.257 56657.37385442 23.92 120.798276  60.505497 18.760 -100.00 -100.00 -100.00
 202   121.372 56657.37385501 22.64 120.802586  60.503950 15.610 -100.00 -100.00 -100.00
 203   121.167 56667.28950102 23.10 120.789520  60.506941 15.419 -100.00 -100.00 -100.00
 203   121.226 56667.28950161 21.47 120.793831  60.505394 12.179 -100.00 -100.00 -100.00
 203   121.128 56667.28950220 23.15 120.798141  60.503847 15.482 -100.00 -100.00 -100.00
 204   120.883 56677.20514560 21.08 120.785746  60.508461 13.314 -100.00 -100.00 -100.00
 204   120.639 56677.20514619 21.85 120.790057  60.506914 16.584 -100.00 -100.00 -100.00
 204   120.723 56677.20514678 22.39 120.794368  60.505367 15.688 -100.00 -100.00 -100.00
 204   120.982 56677.20514737 21.76 120.798678  60.503820 14.456 -100.00 -100.00 -100.00
 205   120.432 56687.12079004 18.74 120.790255  60.508173 12.332 -100.00 -100.00 -100.00
 205   120.401 56687.12079063 19.32 120.794566  60.506626 12.405 -100.00 -100.00 -100.00
 205   120.626 56687.12079122 19.93 120.798876  60.505079 14.952 -100.00 -100.00 -100.00
 205   120.448 56687.12079181 19.45 120.803186  60.503531 13.281 -100.00 -100.00 -100.00
 206   120.235 56697.03643206 14.83 120.791989  60.508969  8.416 -100.00 -100.00 -100.00
 206   120.040 56697.03643265 16.16 120.796300  60.507422 10.482 -100.00 -100.00 -100.00
 206   120.265 56697.03643324 16.18 120.800610  60.505875  9.670 -100.00 -100.00 -100.00
 206   120.095 56697.03643383 15.60 120.804920  60.504328  9.632 -100.00 -100.00 -100.00
 207   120.125 56706.95206906 15.20 120.790219  60.510577  9.234  240.38  232.58  217.77
 207   120.226 56706.95206965 14.77 120.794530  60.509031  9.439  240.38  232.58  217.77
 207   120.319 56706.95207024 16.22 120.798841  60.507484 10.968  240.38  232.58  217.77
 207   119.947 56706.95207083 15.38 120.803151  60.505937 10.013  240.38  232.58  217.77
 207   120.242 56706.95207142 14.62 120.807461  60.504390  8.711  240.38  232.58  217.77
 208   120.280 56716.86770453 14.60 120.793555  60.509622  7.749  242.68  234.44  218.99
 208   120.338 56716.86770512 14.86 120.797866  60.508075  9.610  242.68  234.44  218.99
 208   119.986 56716.86770571 14.91 120.802176  60.506529  8.374  242.68  234.44  218.99
 208   120.027 56716.86770630 15.19 120.806486  60.504982  8.953  242.68  234.44  218.99
 210   119.529 56736.69900646 16.12 120.789367  60.509070 12.778 -100.00 -100.00 -100.00
 210   119.559 56736.69900705 16.45 120.793677  60.507524 12.727 -100.00 -100.00 -100.00
 210   119.703 56736.69900764 15.56 120.797987  60.505977 10.208 -100.00 -100.00 -100.00
 210   119.742 56736.69900823 15.20 120.802296  60.504430 10.474 -100.00 -100.00 -100.00
 211   119.683 56746.61465187 16.98 120.789584  60.510429 12.496  248.10  240.76  227.84
 211   120.223 56746.61465246 14.65 120.793894  60.508882  7.924  248.10  240.76  227.84
 211   120.003 56746.61465305 16.75 120.798204  60.507335 12.209  248.10  240.76  227.84
 211   120.110 56746.61465364 15.99 120.802514  60.505788 10.561  248.10  240.76  227.84
 211   120.040 56746.61465423 15.36 120.806823  60.504241  9.613  248.10  240.76  227.84
 212   121.798 56756.53029352 10.62 120.794603  60.510479 11.661 -100.00 -100.00 -100.00
 212   121.442 56756.53029411 12.13 120.798913  60.508932 13.026 -100.00 -100.00 -100.00
 212   121.442 56756.53029470 18.26 120.803223  60.507385 28.277 -100.00 -100.00 -100.00
 212   121.513 56756.53029529 13.58 120.807533  60.505838 13.796 -100.00 -100.00 -100.00
 213   223.584 56766.44592913  6.33 120.797357  60.510972  5.161 -100.00 -100.00 -100.00
 213   223.497 56766.44592972  4.67 120.801668  60.509425  3.931 -100.00 -100.00 -100.00
 213   227.493 56766.44593031  3.88 120.805978  60.507878  3.819 -100.00 -100.00 -100.00
 213   228.148 56766.44593090  3.48 120.810288  60.506331  3.359 -100.00 -100.00 -100.00
 214   255.082 56776.36157074  7.04 120.797232  60.510413  5.288  268.14  268.13  268.96
 214   254.544 56776.36157133  5.66 120.801543  60.508867  3.957  268.14  268.13  268.96
 214   253.760 56776.36157192  5.75 120.805853  60.507319  4.465  268.14  268.13  268.96
 214   253.546 56776.36157251  4.93 120.810163  60.505772  3.843  268.14  268.13  268.96
 215   227.550 56786.27722660  8.55 120.790914  60.510385  5.922  269.59  269.62  270.86
 215   226.553 56786.27722719  8.89 120.795225  60.508838  7.969  269.59  269.62  270.86
 215   229.287 56786.27722778  7.03 120.799536  60.507291  5.273  269.59  269.62  270.86
 215   228.698 56786.27722837  7.79 120.803846  60.505744  6.816  269.59  269.62  270.86
 215   230.332 56786.27722896  6.48 120.808155  60.504196  5.026  269.59  269.62  270.86
 216   212.440 56796.19287955  6.50 120.789957  60.509235  6.994  280.36  279.88  280.90
 216   222.296 56796.19288014  5.73 120.794268  60.507688  6.139  280.36  279.88  280.90
 216   225.771 56796.19288073  5.10 120.798578  60.506141  5.833  280.36  279.88  280.90
 216   221.414 56796.19288132  3.74 120.802887  60.504593  5.551  280.36  279.88  280.90
 217   214.366 56806.10852814  1.00 120.791008  60.508287  4.493  275.85  275.07  275.76
 217   214.802 56806.10852873  1.01 120.795318  60.506740  4.205  275.85  275.07  275.76
 217   218.206 56806.10852932  0.31 120.799628  60.505193  4.180  275.85  275.07  275.76
 218   212.218 56816.02416972  5.07 120.788628  60.508957  7.619  273.81  273.32  273.33
 218   214.238 56816.02417031  4.41 120.792938  60.507410  6.933  273.81  273.32  273.33
 218   211.071 56816.02417090  3.89 120.797248  60.505863  7.219  273.81  273.32  273.33
 218   224.715 56816.02417149  2.44 120.801558  60.504316  5.925  273.81  273.32  273.33
 220   242.574 56835.85544293  0.94 120.787539  60.508471  4.798  268.77  268.17  267.71
 220   244.423 56835.85544352  0.40 120.791849  60.506925  4.363  268.77  268.17  267.71
 220   243.441 56835.85544411  0.49 120.796159  60.505378  4.786  268.77  268.17  267.71
 221   124.708 56845.77107466 31.33 120.790214  60.508901 13.526 -100.00 -100.00 -100.00
 221   125.069 56845.77107525 31.97 120.794525  60.507355 16.091 -100.00 -100.00 -100.00
 221   124.837 56845.77107584 35.10 120.798835  60.505808 23.651 -100.00 -100.00 -100.00
 221   124.815 56845.77107643 38.13 120.803145  60.504261 28.954 -100.00 -100.00 -100.00
 222   208.571 56855.68672205  7.83 120.789787  60.509713 14.903  279.08  279.44  277.47
 222   209.185 56855.68672264 12.80 120.794098  60.508166 17.867  279.08  279.44  277.47
 222   208.766 56855.68672323  4.43 120.798408  60.506620 10.678  279.08  279.44  277.47
 222   190.965 56855.68672382 16.33 120.802718  60.505073 16.942  279.08  279.44  277.47
 223   200.675 56865.60237560  8.87 120.791489  60.509532 15.124  270.73  269.80  269.23
 223   212.715 56865.60237619  8.32 120.795800  60.507985 13.045  270.73  269.80  269.23
 223   214.812 56865.60237678 11.49 120.800110  60.506438 14.395  270.73  269.80  269.23
 223   213.075 56865.60237737  9.19 120.804419  60.504891 14.576  270.73  269.80  269.23
 224   123.576 56875.51802766 40.14 120.788741  60.509990 21.508  276.65  276.57  275.49
 224   123.890 56875.51802825 41.15 120.793052  60.508443 18.762  276.65  276.57  275.49
 224   123.391 56875.51802884 45.11 120.797362  60.506896   -100  276.65  276.57  275.49
 224   123.640 56875.51802943 45.30 120.801672  60.505349 31.534  276.65  276.57  275.49
 224   123.608 56875.51803002 50.29 120.805982  60.503802   -100  276.65  276.57  275.49
 225   124.593 56885.43367702 40.23 120.788545  60.508965 28.406 -100.00 -100.00 -100.00
 225   124.307 56885.43367761 32.85 120.792855  60.507419 11.878 -100.00 -100.00 -100.00
 225   124.377 56885.43367820 34.17 120.797166  60.505872 14.243 -100.00 -100.00 -100.00
 225   124.413 56885.43367879 37.52 120.801476  60.504324 19.323 -100.00 -100.00 -100.00
 226   123.549 56895.34932375 44.23 120.790200  60.507190 24.246 -100.00 -100.00 -100.00
 226   123.329 56895.34932434 47.97 120.794510  60.505643   -100 -100.00 -100.00 -100.00
 226   123.406 56895.34932493 40.19 120.798821  60.504095 25.343 -100.00 -100.00 -100.00
 227   193.449 56905.26496671 13.55 120.787723  60.508089  7.849  273.34  272.34  272.98
 227   193.401 56905.26496730 16.03 120.792034  60.506542 14.114  273.34  272.34  272.98
 227   194.906 56905.26496789 10.16 120.796344  60.504995  7.683  273.34  272.34  272.98
 227   192.207 56905.26496848 11.49 120.800654  60.503448 13.798  273.34  272.34  272.98
 228   207.128 56915.18060782 10.30 120.788100  60.509389  9.018  270.44  269.29  270.67
 228   208.185 56915.18060841 12.91 120.792411  60.507841 10.685  270.44  269.29  270.67
 228   198.023 56915.18060900 17.89 120.796721  60.506294 16.601  270.44  269.29  270.67
 228   192.956 56915.18060959 19.66 120.801031  60.504747 24.457  270.44  269.29  270.67
 229   222.273 56925.09624745  0.64 120.791518  60.510596  4.395  262.06  261.31  263.04
 229   222.881 56925.09624804  3.32 120.795829  60.509049  8.585  262.06  261.31  263.04
 229   221.529 56925.09624863  2.21 120.800140  60.507501  7.059  262.06  261.31  263.04
 229   208.565 56925.09624922  4.05 120.804450  60.505954 10.308  262.06  261.31  263.04
 229   207.123 56925.09624981  4.96 120.808759  60.504406 10.923  262.06  261.31  263.04
 230   124.476 56935.01188414 37.97 120.794489  60.511640 17.372 -100.00 -100.00 -100.00
 230   123.393 56935.01188473 42.38 120.798800  60.510093 23.841 -100.00 -100.00 -100.00
 230   123.057 56935.01188532 51.99 120.803110  60.508546   -100 -100.00 -100.00 -100.00
 230   123.046 56935.01188591 52.01 120.807421  60.506998   -100 -100.00 -100.00 -100.00
 230   123.048 56935.01188650 54.08 120.811730  60.505451   -100 -100.00 -100.00 -100.00
 231   186.964 56944.92751586 19.08 120.798786  60.511292 12.902 -100.00 -100.00 -100.00
 231   187.924 56944.92751645 24.31 120.803096  60.509745 15.785 -100.00 -100.00 -100.00
 231   184.612 56944.92751704 27.13 120.807407  60.508198   -100 -100.00 -100.00 -100.00
 231   185.591 56944.92751764 19.64 120.811717  60.506650   -100 -100.00 -100.00 -100.00
 232   185.318 56954.84316549 15.93 120.794189  60.510748 13.817 -100.00 -100.00 -100.00
 232   185.772 56954.84316608 21.01 120.798500  60.509201 21.733 -100.00 -100.00 -100.00
 232   182.760 56954.84316667 23.06 120.802811  60.507654 31.471 -100.00 -100.00 -100.00
 232   183.615 56954.84316726 25.19 120.807121  60.506107   -100 -100.00 -100.00 -100.00
 233   186.676 56964.75881515 16.07 120.791997  60.509482 11.728  255.48  252.84  250.07
 233   187.386 56964.75881574 19.12 120.796308  60.507935 12.247  255.48  252.84  250.07
 233   184.028 56964.75881633 28.35 120.800618  60.506388   -100  255.48  252.84  250.07
 233   184.415 56964.75881692 26.81 120.804928  60.504841   -100  255.48  252.84  250.07
 234   122.283 56974.67446035 28.76 120.793235  60.509007   -100 -100.00 -100.00 -100.00
 234   122.367 56974.67446094 29.78 120.797545  60.507460   -100 -100.00 -100.00 -100.00
 234   122.276 56974.67446153 27.43 120.801855  60.505913   -100 -100.00 -100.00 -100.00
 234   122.378 56974.67446212 27.85 120.806165  60.504365   -100 -100.00 -100.00 -100.00
 235   122.305 56984.59010066 23.71 120.792613  60.510487 23.294 -100.00 -100.00 -100.00
 235   122.293 56984.59010125 25.59 120.796924  60.508940 31.737 -100.00 -100.00 -100.00
 235   122.148 56984.59010184 25.88 120.801234  60.507392   -100 -100.00 -100.00 -100.00
 235   122.088 56984.59010243 25.17 120.805544  60.505845   -100 -100.00 -100.00 -100.00
 237   122.119 57004.42137698 24.03 120.803295  60.506347 26.934 -100.00 -100.00 -100.00
 237   122.021 57004.42137757 23.35 120.807606  60.504800 26.685 -100.00 -100.00 -100.00
 238   121.976 57014.33703114 22.62 120.788782  60.507998 22.184  243.60  237.36  226.92
 238   121.910 57014.33703174 24.81 120.793093  60.506451 32.529  243.60  237.36  226.92
 238   122.008 57014.33703233 22.65 120.797404  60.504904 23.202  243.60  237.36  226.92
 238   122.062 57014.33703292 22.14 120.801714  60.503357 20.855  243.60  237.36  226.92
 240   121.891 57034.16833075 19.82 120.789223  60.508283 17.087  247.57  241.71  230.15
 240   121.823 57034.16833134 20.75 120.793534  60.506736 20.706  247.57  241.71  230.15
 240   121.920 57034.16833193 18.70 120.797845  60.505189 14.995  247.57  241.71  230.15
 240   121.972 57034.16833252 19.54 120.802155  60.503642 17.483  247.57  241.71  230.15
 241   121.360 57044.08397762 18.42 120.795764  60.508183 16.379 -100.00 -100.00 -100.00
 241   121.418 57044.08397821 18.24 120.800074  60.506636 16.998 -100.00 -100.00 -100.00
 241   121.492 57044.08397880 18.36 120.804384  60.505089 17.800 -100.00 -100.00 -100.00
 242   121.069 57053.99962067 15.71 120.792453  60.510130 13.913 -100.00 -100.00 -100.00
 242   121.084 57053.99962126 16.21 120.796764  60.508583 13.021 -100.00 -100.00 -100.00
 242   121.215 57053.99962185 16.81 120.801074  60.507036 15.126 -100.00 -100.00 -100.00
 242   121.165 57053.99962244 16.50 120.805384  60.505489 15.113 -100.00 -100.00 -100.00
 243   120.948 57063.91525984 14.97 120.793337  60.508882 12.836 -100.00 -100.00 -100.00
 243   121.045 57063.91526043 14.21 120.797647  60.507335 11.572 -100.00 -100.00 -100.00
 243   121.333 57063.91526102 13.34 120.801957  60.505788  9.445 -100.00 -100.00 -100.00
 243   121.054 57063.91526161 13.80 120.806267  60.504241 10.222 -100.00 -100.00 -100.00
 244   120.657 57073.83089365 15.26 120.792007  60.508954 13.125 -100.00 -100.00 -100.00
 244   120.768 57073.83089424 14.65 120.796317  60.507408 12.781 -100.00 -100.00 -100.00
 244   120.693 57073.83089483 14.65 120.800627  60.505861 12.062 -100.00 -100.00 -100.00
 244   120.662 57073.83089542 14.67 120.804937  60.504314 12.106 -100.00 -100.00 -100.00
 246   120.188 57093.66217424 13.87 120.794339  60.511562 11.741 -100.00 -100.00 -100.00
 246   120.419 57093.66217483 13.94 120.798649  60.510015 14.071 -100.00 -100.00 -100.00
 246   120.460 57093.66217542 14.24 120.802959  60.508468 13.588 -100.00 -100.00 -100.00
 246   120.404 57093.66217601 12.64 120.807269  60.506921  9.836 -100.00 -100.00 -100.00
 246   120.393 57093.66217660 14.14 120.811579  60.505374 12.942 -100.00 -100.00 -100.00
 250   123.795 57133.32477250  9.58 120.796074  60.507766 10.896 -100.00 -100.00 -100.00
 250   123.514 57133.32477309 10.05 120.800384  60.506219 11.291 -100.00 -100.00 -100.00
 250   123.067 57133.32477368 10.32 120.804694  60.504671 11.838 -100.00 -100.00 -100.00
 251   229.057 57143.24040836 13.41 120.789099  60.510146  7.431  268.53  268.49  269.24
 251   228.987 57143.24040895 13.01 120.793410  60.508599  6.632  268.53  268.49  269.24
 251   229.386 57143.24040954 14.75 120.797720  60.507052 11.714  268.53  268.49  269.24
 251   229.031 57143.24041013 12.94 120.802030  60.505505  9.068  268.53  268.49  269.24
 251   228.363 57143.24041072 12.66 120.806340  60.503958  9.371  268.53  268.49  269.24
 252   222.470 57153.15604287  8.43 120.794298  60.510227  5.912  275.66  275.81  277.34
 252   224.993 57153.15604346  7.35 120.798609  60.508680  5.469  275.66  275.81  277.34
 252   227.404 57153.15604405  7.23 120.802919  60.507133  7.113  275.66  275.81  277.34
 252   228.375 57153.15604464  4.21 120.807229  60.505586  3.960  275.66  275.81  277.34
 253   213.366 57163.07167688 10.99 120.796460  60.511674 12.290 -100.00 -100.00 -100.00
 253   223.322 57163.07167747  6.81 120.800771  60.510128  5.142 -100.00 -100.00 -100.00
 253   224.254 57163.07167806  6.02 120.805081  60.508581  4.674 -100.00 -100.00 -100.00
 253   224.288 57163.07167865  5.98 120.809392  60.507034  5.098 -100.00 -100.00 -100.00
 254   195.580 57172.98733407  9.06 120.794925  60.510637  5.903  270.19  269.86  270.17
 254   200.318 57172.98733466  7.61 120.799235  60.509090  4.261  270.19  269.86  270.17
 254   203.014 57172.98733525  6.73 120.803545  60.507543  3.455  270.19  269.86  270.17
 254   205.137 57172.98733584  6.42 120.807855  60.505996  3.063  270.19  269.86  270.17
 255   210.878 57182.90298810  6.71 120.791956  60.508766  5.066  273.70  273.96  273.57
 255   211.611 57182.90298869  4.63 120.796266  60.507219  3.897  273.70  273.96  273.57
 255   208.264 57182.90298928  7.42 120.800576  60.505672  5.722  273.70  273.96  273.57
 255   207.361 57182.90298987  7.63 120.804885  60.504125  7.027  273.70  273.96  273.57
 256   199.007 57192.81863809 19.26 120.788011  60.507291 11.247 -100.00 -100.00 -100.00
 256   201.307 57192.81863868 14.04 120.792321  60.505745  6.006 -100.00 -100.00 -100.00
 256   193.512 57192.81863927 18.74 120.796631  60.504198 14.865 -100.00 -100.00 -100.00
 257   198.959 57202.73428546 12.07 120.786243  60.507143 10.841 -100.00 -100.00 -100.00
 257   194.546 57202.73428605 16.83 120.790553  60.505596 15.093 -100.00 -100.00 -100.00
 257   195.589 57202.73428664 18.79 120.794863  60.504050 18.797 -100.00 -100.00 -100.00
 258   125.577 57212.64991965 40.38 120.789609  60.507750 16.502  275.27  276.29  274.31
 258   125.334 57212.64992024 45.57 120.793919  60.506203 24.772  275.27  276.29  274.31
 258   125.287 57212.64992083 48.09 120.798229  60.504656   -100  275.27  276.29  274.31
 258   125.157 57212.64992142 47.70 120.802538  60.503109   -100  275.27  276.29  274.31
 259   123.915 57222.56556329 38.47 120.792158  60.509678 18.760 -100.00 -100.00 -100.00
 259   123.416 57222.56556389 40.27 120.796468  60.508131 27.336 -100.00 -100.00 -100.00
 259   123.717 57222.56556448 43.58 120.800778  60.506584   -100 -100.00 -100.00 -100.00
 259   123.510 57222.56556507 45.51 120.805088  60.505037   -100 -100.00 -100.00 -100.00
 260   123.346 57232.48120569 39.33 120.795587  60.509765 18.087 -100.00 -100.00 -100.00
 260   122.687 57232.48120628 44.35 120.799897  60.508218 30.894 -100.00 -100.00 -100.00
 260   122.767 57232.48120687 48.55 120.804208  60.506670   -100 -100.00 -100.00 -100.00
 260   122.775 57232.48120746 49.36 120.808517  60.505123   -100 -100.00 -100.00 -100.00
 261   121.796 57242.39684464 39.65 120.792009  60.510549 30.251 -100.00 -100.00 -100.00
 261   122.354 57242.39684523 35.64 120.796320  60.509002 15.245 -100.00 -100.00 -100.00
 261   121.909 57242.39684582 39.74 120.800630  60.507455 29.393 -100.00 -100.00 -100.00
 261   122.035 57242.39684641 41.39 120.804941  60.505908   -100 -100.00 -100.00 -100.00
 261   121.936 57242.39684700 44.35 120.809250  60.504360   -100 -100.00 -100.00 -100.00
 262   121.727 57252.31248143 36.62 120.790476  60.510096 24.033 -100.00 -100.00 -100.00
 262   121.986 57252.31248202 36.53 120.794787  60.508550 25.137 -100.00 -100.00 -100.00
 262   121.852 57252.31248261 38.74 120.799098  60.507003   -100 -100.00 -100.00 -100.00
 262   122.440 57252.31248320 33.88 120.803408  60.505456 15.492 -100.00 -100.00 -100.00
 262   121.932 57252.31248379 37.81 120.807718  60.503908 28.400 -100.00 -100.00 -100.00
 264   121.498 57272.14375165 35.72 120.795934  60.512231 16.300  271.79  271.55  271.54
 264   122.119 57272.14375224 41.36 120.800246  60.510684 18.104  271.79  271.55  271.54
 264   121.523 57272.14375283 51.58 120.804557  60.509137   -100  271.79  271.55  271.54
 264   121.552 57272.14375342 52.33 120.808868  60.507589   -100  271.79  271.55  271.54
 264   121.730 57272.14375401 51.37 120.813178  60.506042   -100  271.79  271.55  271.54
 265   123.036 57282.05940947 35.92 120.799162  60.512207 16.219 -100.00 -100.00 -100.00
 265   122.827 57282.05941006 34.85 120.803473  60.510660 15.924 -100.00 -100.00 -100.00
 265   122.702 57282.05941065 34.49 120.807784  60.509113 15.322 -100.00 -100.00 -100.00
 265   122.525 57282.05941124 37.84 120.812094  60.507566 24.025 -100.00 -100.00 -100.00
 266   212.356 57291.97506443  5.16 120.797924  60.512185 13.978 -100.00 -100.00 -100.00
 266   211.548 57291.97506502  1.75 120.802235  60.510638  8.308 -100.00 -100.00 -100.00
 266   209.727 57291.97506620  0.31 120.810855  60.507543  6.483 -100.00 -100.00 -100.00
 267   211.168 57301.89071621  5.95 120.795217  60.510497 11.798 -100.00 -100.00 -100.00
 267   215.077 57301.89071680  5.45 120.799528  60.508950 11.464 -100.00 -100.00 -100.00
 267   215.149 57301.89071739  2.80 120.803838  60.507402  7.592 -100.00 -100.00 -100.00
 267   214.904 57301.89071798  3.26 120.808148  60.505855  7.436 -100.00 -100.00 -100.00
 268   121.308 57311.80636409 37.67 120.791306  60.508658 19.143 -100.00 -100.00 -100.00
 268   121.868 57311.80636468 49.34 120.795617  60.507111   -100 -100.00 -100.00 -100.00
 268   121.345 57311.80636527 51.95 120.799927  60.505564   -100 -100.00 -100.00 -100.00
 268   121.376 57311.80636586 49.94 120.804237  60.504016   -100 -100.00 -100.00 -100.00
 269   187.530 57321.72200826 15.32 120.786208  60.508700  8.933  253.18  250.62  249.51
 269   188.630 57321.72200885 20.29 120.790519  60.507154 10.055  253.18  250.62  249.51
 269   185.562 57321.72200944 24.21 120.794829  60.505607 20.484  253.18  250.62  249.51
 269   196.478 57321.72201003  4.96 120.799139  60.504060   -100  253.18  250.62  249.51
 270   120.129 57331.63765056 39.51 120.787132  60.509117 24.217  251.79  248.81  247.05
 270   120.463 57331.63765115 42.44 120.791443  60.507570 24.420  251.79  248.81  247.05
 270   120.157 57331.63765174 46.75 120.795753  60.506023   -100  251.79  248.81  247.05
 270   120.273 57331.63765233 45.37 120.800063  60.504476   -100  251.79  248.81  247.05
 271   120.312 57341.55329093 32.65 120.790760  60.510049   -100  249.26  246.15  243.01
 271   120.963 57341.55329152 33.55 120.795071  60.508502 28.761  249.26  246.15  243.01
 271   120.704 57341.55329211 33.79 120.799382  60.506955   -100  249.26  246.15  243.01
 271   120.823 57341.55329270 31.17 120.803692  60.505408 28.542  249.26  246.15  243.01
 271   120.717 57341.55329329 30.45 120.808001  60.503860 25.577  249.26  246.15  243.01
 272   120.503 57351.46894206 31.50 120.790166  60.509733 29.663 -100.00 -100.00 -100.00
 272   120.817 57351.46894265 31.98 120.794477  60.508186 32.501 -100.00 -100.00 -100.00
 272   120.688 57351.46894324 32.64 120.798787  60.506639   -100 -100.00 -100.00 -100.00
 272   120.671 57351.46894383 32.26 120.803097  60.505091   -100 -100.00 -100.00 -100.00
 273   121.039 57361.38458677 29.47 120.790044  60.508172 23.931 -100.00 -100.00 -100.00
 273   121.134 57361.38458736 29.61 120.794354  60.506625 24.342 -100.00 -100.00 -100.00
 273   121.077 57361.38458795 30.41 120.798665  60.505078 24.233 -100.00 -100.00 -100.00
 273   121.388 57361.38458854 30.45 120.802975  60.503530 25.969 -100.00 -100.00 -100.00
 274   120.842 57371.30022786 30.39 120.786024  60.507590 25.618  250.64  246.71  241.14
 274   120.768 57371.30022845 29.38 120.790335  60.506043 25.934  250.64  246.71  241.14
 274   120.723 57371.30022904 29.93 120.794645  60.504496 28.059  250.64  246.71  241.14
 274   121.048 57371.30022963 30.53 120.798956  60.502949 23.844  250.64  246.71  241.14
 275   120.767 57381.21586748 28.39 120.787546  60.507154 25.859 -100.00 -100.00 -100.00
 275   120.639 57381.21586807 27.77 120.791857  60.505607 24.593 -100.00 -100.00 -100.00
 275   120.806 57381.21586866 27.69 120.796168  60.504060 21.972 -100.00 -100.00 -100.00
 276   119.952 57391.13150595 20.22 120.788093  60.509726 12.268 -100.00 -100.00 -100.00
 276   120.409 57391.13150654 20.03 120.792405  60.508180 11.197 -100.00 -100.00 -100.00
 276   120.347 57391.13150714 20.09 120.796716  60.506633 10.702 -100.00 -100.00 -100.00
 276   120.348 57391.13150773 19.56 120.801026  60.505086 10.323 -100.00 -100.00 -100.00
 276   120.350 57391.13150832 19.18 120.805336  60.503538  9.451 -100.00 -100.00 -100.00
 277   120.178 57401.04714417 21.14 120.794362  60.511144 10.466 -100.00 -100.00 -100.00
 277   119.963 57401.04714476 20.91 120.798673  60.509597 11.502 -100.00 -100.00 -100.00
 277   120.116 57401.04714535 21.84 120.802984  60.508050 13.072 -100.00 -100.00 -100.00
 277   119.968 57401.04714594 21.93 120.807294  60.506503 12.822 -100.00 -100.00 -100.00
 278   120.115 57410.96278533 19.51 120.797530  60.511595 10.130 -100.00 -100.00 -100.00
 278   120.147 57410.96278592 21.13 120.801841  60.510048 11.860 -100.00 -100.00 -100.00
 278   120.054 57410.96278651 19.34 120.806152  60.508501  9.148 -100.00 -100.00 -100.00
 278   119.973 57410.96278710 20.13 120.810462  60.506954 12.228 -100.00 -100.00 -100.00
 279   120.151 57420.87843759 19.72 120.795445  60.510182  9.893 -100.00 -100.00 -100.00
 279   119.925 57420.87843818 21.64 120.799756  60.508635 16.024 -100.00 -100.00 -100.00
 279   120.112 57420.87843877 20.18 120.804066  60.507088 11.441 -100.00 -100.00 -100.00
 279   119.869 57420.87843936 21.94 120.808376  60.505541 16.754 -100.00 -100.00 -100.00
 280   119.936 57430.79408712 16.99 120.792844  60.508846 10.088 -100.00 -100.00 -100.00
 280   119.712 57430.79408771 17.76 120.797155  60.507299 10.814 -100.00 -100.00 -100.00
 280   119.824 57430.79408830 18.14 120.801465  60.505752 10.658 -100.00 -100.00 -100.00
 280   119.684 57430.79408889 17.25 120.805774  60.504205 10.073 -100.00 -100.00 -100.00
 281   119.855 57440.70973425 18.14 120.789503  60.509612 10.801 -100.00 -100.00 -100.00
 281   120.021 57440.70973484 17.67 120.793814  60.508065  8.852 -100.00 -100.00 -100.00
 281   119.849 57440.70973543 18.35 120.798124  60.506518 11.598 -100.00 -100.00 -100.00
 281   119.887 57440.70973602 17.52 120.802433  60.504971  9.876 -100.00 -100.00 -100.00
 282   119.611 57450.62538078 19.50 120.790942  60.510860 14.459  250.73  244.36  232.37
 282   119.704 57450.62538137 19.76 120.795252  60.509313 13.467  250.73  244.36  232.37
 282   119.844 57450.62538196 19.03 120.799562  60.507766 12.061  250.73  244.36  232.37
 282   119.751 57450.62538255 19.20 120.803872  60.506219 12.707  250.73  244.36  232.37
 282   119.670 57450.62538314 19.54 120.808181  60.504672 13.849  250.73  244.36  232.37
 283   119.905 57460.54102645 19.82 120.797408  60.510370 12.354  248.00  240.17  226.67
 283   119.518 57460.54102704 20.97 120.801718  60.508823 16.305  248.00  240.17  226.67
 283   119.759 57460.54102763 21.24 120.806028  60.507275 17.567  248.00  240.17  226.67
 283   119.645 57460.54102822 20.69 120.810338  60.505728 13.726  248.00  240.17  226.67
 284   119.905 57470.45666789 18.08 120.796278  60.511601 11.819  258.45  253.59  244.47
 284   119.856 57470.45666848 18.80 120.800589  60.510054 13.295  258.45  253.59  244.47
 284   119.756 57470.45666907 19.74 120.804899  60.508507 15.688  258.45  253.59  244.47
 284   119.803 57470.45666966 18.44 120.809209  60.506959 12.133  258.45  253.59  244.47
 285   119.806 57480.37230576 16.74 120.796853  60.510568 14.946  253.71  247.96  238.60
 285   119.873 57480.37230635 16.99 120.801164  60.509021 15.175  253.71  247.96  238.60
 285   119.767 57480.37230694 16.41 120.805475  60.507473 13.134  253.71  247.96  238.60
 285   119.601 57480.37230753 16.63 120.809785  60.505926 13.998  253.71  247.96  238.60
 286   120.009 57490.28794007 13.80 120.792747  60.510656  8.833  265.10  264.53  264.41
 286   120.127 57490.28794066 13.11 120.797058  60.509109  7.669  265.10  264.53  264.41
 286   120.002 57490.28794125 14.71 120.801369  60.507562 11.796  265.10  264.53  264.41
 286   119.854 57490.28794184 13.83 120.805679  60.506015  9.340  265.10  264.53  264.41
 287   210.652 57500.20357408  2.93 120.801940  60.507396  8.263  268.05  267.60  267.87
 287   209.601 57500.20357467  2.92 120.806250  60.505849  7.990  268.05  267.60  267.87
 288   230.187 57510.11921860 12.93 120.794405  60.510388  9.506  267.45  266.99  267.37
 288   229.308 57510.11921919 11.73 120.798717  60.508842  8.015  267.45  266.99  267.37
 288   210.569 57510.11921978 12.71 120.803027  60.507295 12.207  267.45  266.99  267.37
 288   236.067 57510.11922037 10.30 120.807337  60.505748  6.404  267.45  266.99  267.37
 289   229.764 57520.03487446  9.21 120.793835  60.510060  7.861  263.39  262.50  263.42
 289   212.814 57520.03487505  9.59 120.798145  60.508513  9.652  263.39  262.50  263.42
 289   228.951 57520.03487564  8.43 120.802456  60.506966  7.715  263.39  262.50  263.42
 289   228.739 57520.03487623  5.86 120.806766  60.505419  5.816  263.39  262.50  263.42
 290   230.836 57529.95052755  5.95 120.792454  60.509955  4.632 -100.00 -100.00 -100.00
 290   232.786 57529.95052814  4.82 120.796764  60.508409  4.313 -100.00 -100.00 -100.00
 290   236.083 57529.95052874  4.94 120.801074  60.506862  4.029 -100.00 -100.00 -100.00
 290   236.282 57529.95052933  6.84 120.805384  60.505314  6.443 -100.00 -100.00 -100.00
 291   229.126 57539.86617772  8.19 120.792415  60.508291  7.478  263.85  263.40  263.69
 291   229.259 57539.86617831  7.54 120.796725  60.506744  7.175  263.85  263.40  263.69
 291   228.406 57539.86617890  7.50 120.801035  60.505197  8.007  263.85  263.40  263.69
 291   227.859 57539.86617949  7.55 120.805344  60.503650  8.556  263.85  263.40  263.69
 292   197.485 57549.78182472 18.46 120.789635  60.507398  8.689  269.95  270.17  268.98
 292   194.160 57549.78182531 23.42 120.793945  60.505851 23.296  269.95  270.17  268.98
 292   195.063 57549.78182590 26.67 120.798255  60.504304 30.550  269.95  270.17  268.98
 293   241.906 57559.69747009  2.88 120.786567  60.507772  7.367  269.15  268.58  267.80
 293   244.562 57559.69747127  0.03 120.795187  60.504678  4.904  269.15  268.58  267.80
 293   240.640 57559.69747186  0.66 120.799496  60.503131  6.267  269.15  268.58  267.80
 294   126.217 57569.61311511 42.68 120.787898  60.508608 21.695  278.31  278.50  276.85
 294   126.383 57569.61311570 42.32 120.792209  60.507062 22.535  278.31  278.50  276.85
 294   126.212 57569.61311629 42.09 120.796519  60.505515 28.098  278.31  278.50  276.85
 294   126.050 57569.61311688 44.65 120.800828  60.503968   -100  278.31  278.50  276.85
 295   124.218 57579.52875963 27.10 120.789229  60.510289  6.760 -100.00 -100.00 -100.00
 295   124.378 57579.52876022 27.45 120.793539  60.508742  7.805 -100.00 -100.00 -100.00
 295   124.453 57579.52876081 27.39 120.797850  60.507195  7.684 -100.00 -100.00 -100.00
 295   124.825 57579.52876140 26.76 120.802160  60.505648  6.300 -100.00 -100.00 -100.00
 295   124.553 57579.52876199 27.38 120.806469  60.504101  7.247 -100.00 -100.00 -100.00
 296   125.190 57589.44440285 43.31 120.792282  60.510754 25.276  273.57  273.56  272.86
 296   124.719 57589.44440344 40.71 120.796593  60.509207 29.546  273.57  273.56  272.86
 296   124.696 57589.44440403 45.86 120.800903  60.507660   -100  273.57  273.56  272.86
 296   125.235 57589.44440462 46.60 120.805213  60.506113 30.610  273.57  273.56  272.86
 296   125.071 57589.44440521 48.70 120.809523  60.504566 32.740  273.57  273.56  272.86
 297   129.031 57599.36004331 42.61 120.793303  60.510384 20.346  282.72  282.45  281.52
 297   128.497 57599.36004390 42.11 120.797614  60.508837 29.012  282.72  282.45  281.52
 297   128.522 57599.36004449 46.60 120.801925  60.507290   -100  282.72  282.45  281.52
 297   128.525 57599.36004508 47.27 120.806235  60.505743   -100  282.72  282.45  281.52
