-134023.298   177.397     0.00   12.93
-133736.865   177.590     0.67   13.63
-133450.433   177.532    -0.20   14.19
-133164.000   177.351    -0.63   14.58
-132877.569   175.883    -5.13   14.98
-132591.137   173.834    -7.15   14.92
-132304.707   171.981    -6.47   14.23
-132018.276   170.691    -4.51   12.34
-131731.846   169.718    -3.39    9.97
-131445.416   170.033     1.10    9.06
-131158.987   172.079     7.14    9.56
-130872.558   174.911     9.89    9.89
-130586.130   178.658    13.08   10.11
-130299.702   182.130    12.12    9.83
-130013.275   184.476     8.19    8.79
-129726.848   185.244     2.68    7.99
-129440.421   185.482     0.83    7.53
-129153.995   186.815     4.65    7.48
-128867.569   188.685     6.53    7.82
-128581.143   190.773     7.29    8.50
-128294.718   192.966     7.66    9.13
-128008.294   195.754     9.73    8.83
-127721.869   198.240     8.68    7.19
-127435.446   199.918     5.86    6.23
-127149.022   201.482     5.46    5.83
-126862.599   203.055     5.49    5.95
-126576.177   204.380     4.63    6.30
-126289.755   205.722     4.68    6.64
-126003.333   207.107     4.84    7.05
-125716.912   207.472     1.27    7.21
-125430.491   206.258    -4.24    7.05
-125144.071   204.228    -7.09    7.04
-124857.651   202.028    -7.68    6.71
-124571.231   199.678    -8.21    6.27
-124284.812   197.850    -6.38    6.25
-123998.393   195.649    -7.68    7.84
-123711.975   193.877    -6.19    9.53
-123425.557   192.848    -3.59   10.01
-123139.139   192.590    -0.90    9.69
-122852.722   192.890     1.05    9.20
-122566.306   192.597    -1.03    9.36
-122279.890   192.200    -1.38    9.50
-121993.474   192.073    -0.44    9.28
-121707.058   191.307    -2.68    9.57
-121420.643   190.730    -2.02    9.11
-121134.229   191.059     1.15    9.34
-120847.815   192.799     6.07   10.53
-120561.401   195.243     8.53   10.50
-120274.988   198.672    11.97   11.14
-119988.575   202.507    13.39   10.47
-119702.162   206.117    12.60    8.60
-119415.750   209.124    10.50    6.82
-119129.339   210.003     3.07    6.31
-118842.927   209.770    -0.81    6.79
-118556.517   207.940    -6.39    8.21
-118270.106   204.997   -10.27    9.78
-117983.696   201.195   -13.28   10.78
-117697.287   197.110   -14.26   10.24
-117410.877   193.059   -14.14    8.74
-117124.469   189.334   -13.01    7.10
-116838.060   186.285   -10.65    5.33
-116551.653   183.933    -8.21    4.55
-116265.245   181.514    -8.44    5.57
-115978.838   179.637    -6.56    5.09
-115692.432   177.954    -5.88    4.66
-115406.025   176.562    -4.86    4.32
-115119.620   176.009    -1.93    3.75
-114833.214   175.578    -1.51    3.08
-114546.809   175.238    -1.19    3.03
-114260.405   175.016    -0.77    2.90
-113974.001   174.506    -1.78    4.18
-113687.597   174.125    -1.33    5.50
-113401.194   174.557     1.51    6.12
-113114.791   175.356     2.79    6.34
-112828.388   175.562     0.72    6.30
-112541.986   175.507    -0.19    6.14
-112255.585   175.238    -0.94    6.07
-111969.183   175.925     2.40    5.11
-111682.783   176.755     2.90    4.53
-111396.382   176.278    -1.66    5.82
-111109.982   174.685    -5.56    7.75
-110823.583   173.795    -3.11    8.55
-110537.184   173.217    -2.02    8.95
-110250.785   173.497     0.98    8.82
-109964.387   174.562     3.72    8.00
-109677.989   175.103     1.89    7.23
-109391.592   176.146     3.64    5.14
-109105.195   176.044    -0.35    3.07
-108818.798   174.953    -3.81    3.80
-108532.402   174.132    -2.87    4.25
-108246.006   173.599    -1.86    4.55
-107959.611   173.321    -0.97    4.69
-107673.216   173.208    -0.40    4.76
-107386.821   173.525     1.11    5.00
-107100.427   173.637     0.39    5.12
-106814.034   173.767     0.45    4.93
-106527.640   173.823     0.19    4.64
-106241.248   173.391    -1.51    4.28
-105954.855   172.877    -1.79    3.88
-105668.463   171.946    -3.25    3.30
-105382.072   171.172    -2.70    2.68
-105095.680   170.640    -1.86    2.83
-104809.290   169.983    -2.30    3.19
-104522.899   169.607    -1.31    3.28
-104236.509   169.245    -1.26    3.54
-103950.120   168.841    -1.41    3.60
-103663.731   168.968     0.44    3.72
-103377.342   169.639     2.34    3.95
-103090.954   170.488     2.96    4.01
-102804.566   171.203     2.50    3.85
-102518.179   171.642     1.53    3.68
-102231.792   172.181     1.88    3.63
-101945.405   172.576     1.38    3.62
-101659.019   172.269    -1.07    3.86
-101372.633   171.543    -2.54    3.90
-101086.248   171.110    -1.51    3.69
-100799.863   170.522    -2.06    3.77
-100513.479   169.983    -1.88    3.85
-100227.095   169.480    -1.76    3.87
 -99940.711   168.640    -2.93    4.01
 -99654.328   167.276    -4.76    4.11
 -99367.945   166.105    -4.09    4.18
 -99081.563   164.983    -3.92    4.40
 -98795.181   163.676    -4.56    4.27
 -98508.799   161.531    -7.49    5.33
 -98222.418   157.841   -12.89    8.16
 -97936.037   153.786   -14.16   10.54
 -97649.657   150.807   -10.40   10.61
 -97363.277   149.656    -4.02    9.77
 -97076.898   149.615    -0.14    8.71
 -96790.519   149.293    -1.12    7.21
 -96504.140   149.384     0.32    6.25
 -96217.762   150.165     2.73    5.96
 -95931.384   150.187     0.08    6.54
 -95645.007   149.173    -3.54    6.67
 -95358.630   147.918    -4.38    6.38
 -95072.253   146.816    -3.85    5.75
 -94785.877   144.823    -6.96    6.24
 -94499.502   143.074    -6.11    6.16
 -94213.126   142.414    -2.30    6.13
 -93926.751   142.891     1.66    6.04
 -93640.377   143.408     1.81    5.42
 -93354.003   143.528     0.42    5.00
 -93067.629   143.623     0.33    5.92
 -92781.256   144.151     1.84    7.11
 -92494.883   144.206     0.19    8.07
 -92208.511   143.632    -2.00    8.37
 -91922.139   142.506    -3.93    8.64
 -91635.768   141.504    -3.50    9.40
 -91349.390   141.418    -0.30    8.82
 -91062.851   141.278    -0.49    7.71
 -90776.313   140.439    -2.93    7.09
 -90489.776   138.897    -5.38    7.75
 -90203.240   138.107    -2.76    7.03
 -89916.705   137.489    -2.16    5.73
 -89630.172   136.292    -4.18    5.28
 -89343.639   135.517    -2.70    4.32
 -89057.108   133.855    -5.80    5.74
 -88770.578   131.997    -6.49    7.97
 -88484.049   130.139    -6.49    8.89
 -88197.521   128.669    -5.13    8.91
 -87910.994   126.719    -6.81    9.41
 -87624.468   125.139    -5.52    9.94
 -87337.944   124.042    -3.83    9.45
 -87051.420   123.240    -2.80    8.81
 -86764.898   122.397    -2.94    8.73
 -86478.377   121.510    -3.10    7.61
 -86191.857   121.265    -0.85    6.47
 -85905.338   121.055    -0.73    5.32
 -85618.821   120.748    -1.07    4.75
 -85332.304   121.387     2.23    4.48
 -85045.789   123.773     8.33    5.15
 -84759.275   126.267     8.70    6.60
 -84472.761   129.015     9.59    8.09
 -84186.249   132.460    12.02    8.60
 -83899.739   135.443    10.41    7.52
 -83613.229   137.679     7.81    6.22
 -83326.720   139.116     5.01    6.16
 -83040.213   140.144     3.59    6.55
 -82753.707   141.387     4.34    6.78
 -82467.202   142.655     4.42    7.09
 -82180.698   144.245     5.55    6.94
 -81894.195   145.226     3.42    5.95
 -81607.693   145.805     2.02    5.53
 -81321.193   146.543     2.58    5.51
 -81034.693   147.235     2.42    5.26
 -80748.195   147.307     0.25    5.50
 -80461.698   147.384     0.27    5.49
 -80175.202   148.027     2.24    4.81
 -79888.707   148.142     0.40    4.40
 -79602.213   147.343    -2.79    4.71
 -79315.720   147.244    -0.34    4.80
 -79029.229   147.340     0.33    5.01
 -78742.739   147.877     1.87    5.49
 -78456.249   148.849     3.39    5.61
 -78169.761   149.332     1.69    5.16
 -77883.275   149.049    -0.99    5.18
 -77596.789   149.172     0.43    5.30
 -77310.304   149.200     0.10    5.31
 -77023.821   148.059    -3.98    5.21
 -76737.338   147.003    -3.69    5.32
 -76450.857   146.103    -3.14    5.69
 -76164.377   145.069    -3.61    6.53
 -75877.898   143.876    -4.16    6.46
 -75591.420   143.053    -2.87    5.69
 -75304.944   142.226    -2.89    5.55
 -75018.468   141.209    -3.55    6.25
 -74731.994   140.036    -4.10    7.62
 -74445.521   138.347    -5.90    8.61
 -74159.049   136.610    -6.06    9.11
 -73872.578   134.760    -6.46    8.13
 -73586.108   132.959    -6.29    6.82
 -73299.639   131.391    -5.47    5.82
 -73013.172   131.176    -0.75    5.57
 -72726.705   131.462     1.00    5.92
 -72440.240   132.877     4.94    6.97
 -72153.776   133.973     3.83    7.60
 -71867.313   134.596     2.17    7.33
 -71580.851   135.904     4.57    6.87
 -71294.390   136.841     3.27    5.93
 -71007.931   137.373     1.86    5.67
 -70721.472   137.674     1.05    5.06
 -70435.015   137.250    -1.48    5.05
 -70148.559   136.685    -1.97    5.87
 -69862.104   135.705    -3.42    6.38
 -69575.650   134.482    -4.27    6.54
 -69289.197   133.573    -3.17    6.24
 -69002.746   133.245    -1.15    6.39
 -68716.295   134.819     5.49    7.91
 -68429.846   137.849    10.58    8.65
 -68143.398   140.602     9.61    8.50
 -67856.951   143.224     9.15    7.59
 -67570.505   145.658     8.50    5.77
 -67284.060   146.394     2.57    5.61
 -66997.617   145.870    -1.83    6.95
 -66711.174   144.809    -3.70    7.70
 -66424.733   143.789    -3.56    7.61
 -66138.292   142.714    -3.75    7.48
 -65851.853   142.194    -1.81    7.26
 -65565.415   142.884     2.41    6.62
 -65278.979   144.127     4.34    5.38
 -64992.543   145.709     5.52    4.10
 -64706.109   146.792     3.78    3.88
 -64419.675   148.585     6.26    4.81
 -64133.243   150.988     8.39    5.55
 -63846.812   152.983     6.96    5.77
 -63560.382   154.330     4.70    5.30
 -63273.953   154.947     2.15    4.94
 -62987.525   155.855     3.17    4.70
 -62701.099   156.039     0.64    4.38
 -62414.673   155.640    -1.39    4.37
 -62128.249   154.718    -3.22    4.23
 -61841.826   154.260    -1.60    3.87
 -61555.404   154.466     0.72    3.95
 -61268.983   154.677     0.74    3.80
 -60982.563   154.612    -0.23    3.67
 -60696.145   154.843     0.81    3.61
 -60409.727   155.123     0.98    3.85
 -60123.311   155.306     0.64    4.04
 -59836.896   155.026    -0.98    3.94
 -59550.482   154.610    -1.45    3.87
 -59264.069   154.231    -1.32    3.65
 -58977.657   154.050    -0.63    3.13
 -58691.247   153.327    -2.53    3.09
 -58404.837   152.383    -3.29    3.14
 -58118.429   151.506    -3.06    3.08
 -57832.022   150.757    -2.62    3.21
 -57545.616   149.897    -3.00    3.71
 -57259.211   149.299    -2.09    4.33
 -56972.807   148.344    -3.33    4.53
 -56686.404   147.109    -4.31    4.57
 -56400.003   146.025    -3.78    4.48
 -56113.603   144.799    -4.28    4.46
 -55827.203   143.029    -6.18    6.09
 -55540.805   140.147   -10.06    8.06
 -55254.408   135.891   -14.86    9.37
 -54968.012   133.448    -8.53    9.20
 -54681.618   132.027    -4.96    8.92
 -54395.224   132.149     0.43    8.52
 -54108.832   132.677     1.84    8.19
 -53822.441   132.802     0.44    7.81
 -53536.050   132.945     0.50    7.48
 -53249.661   132.326    -2.16    7.33
 -52963.274   130.753    -5.49    7.50
 -52676.887   128.548    -7.70    7.27
 -52390.501   126.639    -6.67    6.29
 -52104.117   125.720    -3.21    4.98
 -51817.734   125.198    -1.82    3.95
 -51531.351   124.366    -2.91    3.53
 -51244.970   123.585    -2.73    3.78
 -50958.590   122.481    -3.86    4.49
 -50672.212   121.772    -2.48    4.52
 -50385.834   120.419    -4.72    5.13
 -50099.458   118.545    -6.54    5.13
 -49813.082   116.890    -5.78    5.12
 -49526.708   115.240    -5.76    5.52
 -49240.335   113.639    -5.59    5.46
 -48953.963   112.070    -5.48    5.41
 -48667.592   110.578    -5.21    4.55
 -48381.223   109.727    -2.97    3.41
 -48094.854   109.401    -1.14    3.16
 -47808.487   109.422     0.07    3.12
 -47522.121   109.503     0.28    3.17
 -47235.755   109.217    -1.00    3.55
 -46949.391   108.142    -3.75    4.37
 -46663.029   106.537    -5.61    5.57
 -46376.667   104.265    -7.93    6.28
 -46090.306   101.793    -8.64    6.28
 -45803.947    99.750    -7.13    6.29
 -45517.589    97.685    -7.21    6.31
 -45231.232    95.341    -8.18    5.76
 -44944.876    93.252    -7.30    5.53
 -44658.521    92.081    -4.09    5.61
 -44372.167    90.682    -4.88    5.86
 -44085.814    89.723    -3.35    5.64
 -43799.463    89.744     0.07    5.39
 -43513.113    90.250     1.77    4.98
 -43226.763    90.524     0.96    4.98
 -42940.415    90.071    -1.58    5.17
 -42654.069    90.099     0.10    5.45
 -42367.723    90.808     2.48    5.63
 -42081.378    91.566     2.65    6.07
 -41795.035    91.673     0.37    5.85
 -41508.692    91.315    -1.25    5.43
 -41222.351    90.673    -2.24    4.75
 -40936.011    89.741    -3.25    5.06
 -40649.672    88.849    -3.11    6.06
 -40363.334    87.973    -3.06    7.05
 -40076.998    87.178    -2.77    7.95
 -39790.662    86.615    -1.97    8.85
 -39504.328    86.376    -0.83    9.68
 -39217.994    86.238    -0.48   10.78
 -38931.662    85.890    -1.21   11.70
 -38645.331    85.031    -3.00   11.91
 -38359.001    84.155    -3.06   11.44
 -38072.673    83.543    -2.14   10.36
 -37786.345    83.130    -1.44    9.07
 -37500.019    82.953    -0.62    7.17
 -37213.693    82.144    -2.83    5.33
 -36927.369    81.744    -1.40    3.92
 -36641.046    81.387    -1.25    4.23
 -36354.724    81.008    -1.32    4.92
 -36068.403    80.608    -1.40    5.87
 -35782.084    80.104    -1.76    6.09
 -35495.765    79.966    -0.48    5.70
 -35209.448    79.836    -0.45    4.72
 -34923.132    78.877    -3.35    4.44
 -34636.817    77.469    -4.92    4.35
 -34350.503    75.721    -6.11    4.56
 -34064.190    73.678    -7.13    5.22
 -33777.878    71.206    -8.63    6.40
 -33491.568    68.739    -8.62    6.83
 -33205.258    66.479    -7.89    6.19
 -32918.950    64.612    -6.52    5.28
 -32632.643    62.626    -6.94    4.43
 -32346.337    61.018    -5.62    5.09
 -32060.032    60.097    -3.22    6.71
 -31773.728    58.791    -4.56    8.21
 -31487.426    56.693    -7.33    9.69
 -31201.124    55.116    -5.51    9.99
 -30914.824    53.777    -4.68   10.22
 -30628.525    53.037    -2.58    9.78
 -30342.227    52.842    -0.68    8.79
 -30055.930    53.259     1.46    7.85
 -29769.634    53.849     2.06    6.35
 -29483.307    53.786    -0.22    4.97
 -29196.688    53.028    -2.65    4.75
 -28910.071    51.302    -6.02    5.73
 -28623.455    48.663    -9.21    6.43
 -28336.842    46.752    -6.67    6.24
 -28050.230    46.384    -1.28    6.60
 -27763.620    47.376     3.46    6.94
 -27477.012    48.280     3.16    7.01
 -27190.406    49.644     4.76    6.50
 -26903.802    51.588     6.78    5.53
 -26617.200    52.505     3.20    4.26
 -26330.599    52.247    -0.90    4.31
 -26044.001    52.154    -0.32    4.15
 -25757.404    51.700    -1.58    4.24
 -25470.809    51.836     0.47    4.27
 -25184.216    51.891     0.19    4.14
 -24897.625    52.161     0.94    4.02
 -24611.036    52.349     0.66    4.18
 -24324.448    52.029    -1.11    4.14
 -24037.863    52.763     2.56    4.67
 -23751.279    54.735     6.88    6.63
 -23464.697    57.750    10.52    9.35
 -23178.117    61.036    11.47   10.60
 -22891.539    64.092    10.66   10.38
 -22604.963    67.362    11.41    9.09
 -22318.389    69.773     8.41    8.03
 -22031.816    69.835     0.22   10.35
 -21745.245    70.125     1.01   11.21
 -21458.677    70.333     0.73   11.57
 -21172.110    72.630     8.02    9.95
 -20885.545    74.435     6.30    7.50
 -20598.982    75.208     2.70    4.83
 -20312.420    75.504     1.03    4.84
 -20025.861    75.559     0.19    4.89
 -19739.303    74.804    -2.64    4.71
 -19452.748    73.862    -3.29    4.26
 -19166.194    72.905    -3.34    4.32
 -18879.642    72.033    -3.04    4.88
 -18593.092    71.247    -2.74    5.08
 -18306.543    69.870    -4.81    5.41
 -18019.997    68.374    -5.22    5.26
 -17733.453    67.510    -3.02    5.08
 -17446.910    67.047    -1.61    4.93
 -17160.369    66.082    -3.37    5.08
 -16873.830    63.718    -8.25    7.61
 -16587.293    59.474   -14.81   11.20
 -16300.758    54.003   -19.09   13.89
 -16014.225    47.995   -20.97   14.27
 -15727.693    42.286   -19.92   12.63
 -15441.164    37.800   -15.66    9.94
 -15154.636    34.219   -12.50    6.31
 -14868.110    32.507    -5.97    3.90
 -14581.586    32.272    -0.82    3.19
 -14295.064    30.161    -7.37    8.44
 -14008.544    28.325    -6.41   12.17
 -13722.025    29.999     5.84   15.20
 -13435.509    33.326    11.61   18.12
 -13148.994    37.428    14.32   21.09
 -12862.481    42.001    15.96   24.25
 -12575.970    48.050    21.11   25.84
 -12289.461    54.812    23.60   24.06
 -12002.954    60.076    18.37   20.51
 -11716.449    64.983    17.13   15.68
 -11429.945    69.243    14.87    8.64
 -11143.444    70.200     3.34    7.26
 -10856.944    70.904     2.46    6.21
 -10570.446    71.518     2.14    5.01
 -10283.950    72.972     5.08    4.71
  -9997.456    74.115     3.99    4.27
  -9710.963    74.829     2.49    4.67
  -9424.473    69.966   -16.97   17.73
  -9137.984    58.877   -38.71   30.10
  -8851.498    47.663   -39.14   34.18
  -8565.013    35.919   -40.99   34.70
  -8278.530    22.492   -46.87   30.50
  -7992.049    13.411   -31.70   22.47
  -7705.569     9.387   -14.05   16.70
  -7419.092    10.595     4.22   17.44
  -7132.616    13.011     8.43   18.85
  -6846.143    17.036    14.05   19.61
  -6559.671    22.363    18.59   19.12
  -6273.201    26.795    15.47   17.52
  -5986.733    29.244     8.55   16.60
  -5700.267    28.999    -0.85   17.30
  -5413.802    28.823    -0.62   17.52
  -5127.340    29.432     2.13   17.49
  -4840.879    27.293    -7.46   18.97
  -4554.420    22.583   -16.44   20.65
  -4267.964    16.347   -21.77   20.64
  -3981.509    10.612   -20.02   18.32
  -3695.055     7.013   -12.56   15.78
  -3408.604     4.013   -10.47   12.84
  -3122.155     3.390    -2.17   12.23
  -2835.707     3.635     0.85   12.76
  -2549.261     3.176    -1.60   12.33
  -2262.817     2.183    -3.47   11.18
  -1976.375     0.374    -6.32    8.66
  -1689.935    -0.144    -1.81    7.81
  -1403.497     4.615    16.61   14.62
  -1117.060     8.363    13.09   16.79
   -830.626     9.862     5.24   17.50
   -544.193    10.268     1.42   17.64
   -257.762    10.085    -0.64   17.64
     28.667     9.163    -3.22   17.31
    315.094     3.771   -18.83   13.81
    601.519    -1.103   -17.01    5.85
    887.942    -2.103    -3.49    0.00
   1174.364    -2.103     0.00    0.00
   1460.784    -2.103     0.00    0.00
   1747.201    -2.103     0.00    0.00
   2033.617    -2.103     0.00    0.00
   2320.031    -2.103     0.00    0.00
   2606.444    -1.496     2.12    4.22
   2892.854     0.377     6.54    8.65
   3179.262     3.897    12.29   13.06
   3465.669     6.861    10.35   14.94
   3752.074     7.155     1.02   15.05
   4038.477     7.185     0.11   14.78
   4324.878     8.624     5.02   14.95
   4611.277     9.800     4.10   14.41
   4897.674     9.491    -1.08   13.72
   5184.070     9.163    -1.14   13.24
   5470.463    11.353     7.65   13.82
   5756.855    15.625    14.92   13.97
   6043.245    17.370     6.09   14.09
   6329.633    18.435     3.72   14.46
   6616.019    20.967     8.84   14.85
   6902.404    24.628    12.78   14.39
   7188.786    29.595    17.34   11.05
   7475.167    33.175    12.50    6.08
   7761.545    34.765     5.55    5.03
   8047.922    36.200     5.01    3.87
   8334.297    36.482     0.98    3.17
   8620.670    35.932    -1.92    3.02
   8907.042    35.627    -1.07    3.18
   9193.411    36.146     1.81    3.59
   9479.779    36.789     2.24    3.76
   9766.144    37.336     1.91    4.65
  10052.508    37.224    -0.39    4.97
  10338.870    37.311     0.30    5.30
  10625.230    37.710     1.39    5.42
  10911.588    38.019     1.08    5.52
  11197.945    38.545     1.84    5.51
  11484.299    38.183    -1.26    5.18
  11770.652    37.097    -3.79    4.37
  12057.003    36.583    -1.80    3.64
  12343.352    36.988     1.42    3.32
  12629.699    36.411    -2.02    5.61
  12916.044    35.292    -3.91    8.69
  13202.388    33.761    -5.35   10.83
  13488.729    31.918    -6.44   12.57
  13775.069    30.830    -3.80   13.16
  14061.406    29.147    -5.88   13.49
  14347.742    27.233    -6.69   13.40
  14634.076    25.635    -5.58   12.69
  14920.409    22.989    -9.24   12.12
  15206.739    20.692    -8.02   12.32
  15493.068    19.429    -4.41   12.57
  15779.394    18.702    -2.54   12.57
  16065.719    18.784     0.29   13.32
  16352.042    20.684     6.63   14.63
  16638.363    22.693     7.02   15.56
  16924.682    26.002    11.56   16.13
  17211.000    28.815     9.82   16.02
  17497.315    33.110    15.00   14.47
  17783.629    37.091    13.90   11.58
  18069.940    39.904     9.83    7.99
  18356.250    41.359     5.08    6.68
  18642.558    42.190     2.90    6.65
  18928.865    42.678     1.70    6.28
  19215.169    43.200     1.83    5.56
  19501.471    43.105    -0.33    4.48
  19787.772    42.697    -1.42    3.66
  20074.071    42.513    -0.64    3.16
  20360.368    42.634     0.42    2.85
  20646.663    43.242     2.12    3.06
  20932.956    43.993     2.62    3.81
  21219.247    44.993     3.50    4.53
  21505.537    46.190     4.18    5.11
  21791.824    47.856     5.82    5.41
  22078.110    49.702     6.45    6.07
  22364.394    51.940     7.82    6.77
  22650.676    54.313     8.29    7.57
  22936.956    57.330    10.54    8.33
  23223.234    60.905    12.49    8.45
  23509.511    64.369    12.10    8.08
  23795.785    67.728    11.73    7.54
  24082.058    69.946     7.75    7.19
  24368.329    71.274     4.64    7.31
  24654.598    70.509    -2.67    9.63
  24940.865    64.711   -20.25   18.81
  25227.131    57.532   -25.08   23.64
  25513.394    52.411   -17.89   24.75
  25799.656    51.100    -4.58   25.93
  26085.915    53.116     7.04   28.68
  26372.173    59.635    22.77   32.50
  26658.429    69.200    33.41   32.81
  26944.683    81.869    44.26   24.13
  27230.936    90.217    29.16   13.05
  27517.186    93.140    10.21    8.79
  27803.435    93.953     2.84    8.11
  28089.682    94.734     2.73    8.50
  28375.926    95.401     2.33    9.00
  28662.169    95.571     0.59    9.08
  28948.411    94.242    -4.64   12.98
  29234.650    89.870   -15.27   20.37
  29520.887    83.062   -23.79   26.63
  29807.123    73.226   -34.36   30.56
  30093.357    63.190   -35.06   29.99
  30379.589    56.351   -23.89   26.34
  30665.819    54.621    -6.05   23.95
  30952.047    57.692    10.73   24.17
  31238.273    64.116    22.44   24.84
  31524.498    71.750    26.67   22.57
  31810.720    78.897    24.97   17.47
  32096.941    83.995    17.81   10.10
  32383.240    84.724     2.55    5.98
  32669.937    82.945    -6.20    5.08
  32956.632    81.585    -4.75    4.15
  33243.324    80.897    -2.40    3.47
  33530.013    81.073     0.61    3.25
  33816.700    81.658     2.04    3.97
  34103.384    81.327    -1.15    4.57
  34390.066    79.559    -6.17    6.46
  34676.745    76.757    -9.78    9.42
  34963.421    72.877   -13.53   11.73
  35250.095    68.510   -15.23   12.59
  35536.766    65.418   -10.78   11.76
  35823.435    62.719    -9.41   10.98
  36110.101    59.531   -11.12   11.73
  36396.765    54.519   -17.49   15.61
  36683.426    50.188   -15.11   17.66
  36970.084    45.433   -16.59   18.93
  37256.740    38.912   -22.75   19.31
  37543.393    33.780   -17.90   17.14
  37830.043    29.822   -13.81   15.14
  38116.691    30.224     1.40   14.81
  38403.337    32.503     7.95   15.46
  38689.979    36.596    14.28   17.29
  38976.620    41.587    17.41   18.46
  39263.257    48.247    23.24   18.35
  39549.892    54.564    22.04   18.12
  39836.525    61.791    25.21   15.54
  40123.154    67.600    20.26   10.67
  40409.782    71.142    12.36    7.12
  40696.406    72.394     4.37    5.76
  40983.028    72.911     1.80    5.45
  41269.648    72.765    -0.51    5.31
  41556.265    72.049    -2.50    4.31
  41842.879    72.429     1.32    3.69
  42129.491    73.545     3.90    3.60
  42416.100    75.217     5.83    3.92
  42702.706    76.855     5.72    5.26
  42989.310    78.555     5.93    6.85
  43275.912    81.353     9.76    8.80
  43562.510    84.618    11.39   10.13
  43849.107    87.580    10.34   10.53
  44135.700    89.175     5.57    9.91
  44422.291    89.855     2.37    9.31
  44708.880    90.404     1.92    8.18
  44995.465    91.010     2.11    7.28
  45282.049    91.855     2.95    7.70
  45568.629    93.597     6.08    9.00
  45855.207    96.446     9.94   10.48
  46141.783   100.562    14.36   11.04
  46428.356   104.619    14.16   11.23
  46714.926   108.782    14.53   11.76
  47001.494   112.677    13.59   13.10
  47288.059   116.760    14.25   15.23
  47574.621   119.562     9.78   15.91
  47861.181   122.483    10.19   15.80
  48147.739   125.155     9.32   15.20
  48434.293   126.833     5.86   13.79
  48720.845   128.675     6.43   12.24
  49007.395   130.278     5.59   11.14
  49293.942   131.144     3.02    9.41
  49580.486   132.394     4.36    7.56
  49867.028   133.613     4.25    7.22
  50153.568   134.562     3.31    7.55
  50440.104   135.109     1.91    7.81
  50726.638   135.720     2.13    7.90
  51013.170   137.116     4.87    7.44
  51299.699   138.812     5.92    6.93
  51586.225   141.113     8.03    6.73
  51872.749   143.228     7.38    6.30
  52159.270   145.302     7.24    5.82
  52445.788   146.911     5.62    5.88
  52732.304   148.342     4.99    6.41
  53018.818   150.531     7.64    6.59
  53305.329   153.010     8.65    7.60
  53591.837   156.224    11.22    8.77
  53878.342   160.137    13.66    9.84
  54164.845   164.492    15.20   10.57
  54451.346   169.043    15.89   10.63
  54737.844   173.539    15.69   10.41
  55024.339   177.190    12.74    9.05
  55310.832   179.591     8.38    7.79
  55597.322   181.219     5.68    6.89
  55883.809   182.733     5.28    6.80
  56170.294   184.683     6.81    7.29
  56456.777   187.514     9.88    8.43
  56743.256   191.192    12.84    9.78
  57029.734   195.106    13.66   10.23
  57316.208   198.718    12.61    9.15
  57602.680   201.564     9.93    7.75
  57889.150   203.380     6.34    6.42
  58175.617   204.733     4.72    5.55
  58462.081   205.718     3.44    5.56
  58748.543   206.905     4.14    6.62
  59035.002   208.188     4.48    7.70
  59321.458   209.975     6.24    8.63
  59607.912   211.833     6.49    9.25
  59894.364   213.611     6.21    9.75
  60180.812   215.245     5.70    9.99
  60467.258   215.945     2.45    9.99
  60753.702   216.642     2.43    9.32
  61040.143   216.890     0.87    8.67
  61326.582   216.834    -0.20    8.56
  61613.017   216.264    -1.99    9.05
  61899.451   216.130    -0.47    9.83
  62185.881   215.996    -0.47   10.67
  62472.310   216.590     2.07   11.52
  62758.735   218.474     6.58   11.79
  63045.158   221.231     9.63   11.41
  63331.578   224.356    10.91   10.82
  63617.996   227.828    12.12    9.41
  63904.411   230.453     9.16    7.85
  64190.824   231.756     4.55    7.70
  64477.234   232.510     2.63    8.37
  64763.641   233.440     3.25    9.28
  65050.046   234.517     3.76   10.15
  65336.449   235.912     4.87   10.02
  65622.848   237.224     4.58    9.69
  65909.245   238.729     5.25    9.42
  66195.640   240.733     7.00    8.66
  66482.032   242.884     7.51    7.75
  66768.421   244.793     6.67    6.66
  67054.808   247.312     8.79    6.73
  67341.192   249.610     8.02    7.49
  67627.574   251.841     7.79    7.86
  67913.953   254.126     7.98    8.29
  68200.330   255.787     5.80    8.50
  68486.703   256.808     3.56    8.52
  68773.075   257.707     3.14    8.06
  69059.443   257.959     0.88    7.53
  69345.810   258.240     0.98    7.90
  69632.173   258.284     0.15    8.23
  69918.534   258.533     0.87    8.30
  70204.893   258.209    -1.13    8.13
  70491.248   258.919     2.48    9.24
  70777.602   262.011    10.80   13.53
  71063.952   265.807    13.26   16.14
  71350.300   268.967    11.04   16.69
  71636.646   272.360    11.85   17.48
  71922.989   277.373    17.51   18.30
  72209.329   282.529    18.01   17.47
  72495.667   285.764    11.30   15.70
  72782.002   286.066     1.06   13.84
  73068.335   287.686     5.66   11.97
  73354.665   289.940     7.87   11.36
  73640.992   290.713     2.70   11.00
  73927.317   290.724     0.04    9.76
  74213.640   292.199     5.15    9.49
  74499.959   295.240    10.62    9.54
  74786.276   297.828     9.04    8.58
  75072.591   297.078    -2.62    9.18
  75358.903   294.510    -8.97   10.18
  75645.212   291.778    -9.54   10.33
  75931.519   288.983    -9.76    9.66
  76217.824   287.109    -6.55    9.58
  76504.125   287.674     1.97   11.68
  76790.424   291.342    12.81   17.37
  77076.721   297.397    21.15   23.78
  77363.015   299.931     8.85   24.29
  77649.306   300.727     2.78   24.23
  77935.595   300.548    -0.63   25.16
  78221.881   299.955    -2.07   26.15
  78508.165   296.955   -10.48   25.43
  78794.446   293.295   -12.78   21.52
  79080.724   290.084   -11.21   15.19
  79367.000   289.995    -0.31   13.05
  79653.274   290.925     3.25   11.56
  79939.544   291.598     2.35    9.97
  80225.812   292.625     3.59    8.82
  80512.078   294.222     5.58    8.22
  80798.341   297.056     9.90    8.55
  81084.602   300.387    11.63    8.68
  81370.859   303.912    12.31    8.69
  81657.115   307.252    11.67    8.47
  81943.367   310.383    10.94    8.08
  82229.618   314.573    14.64    8.17
  82515.865   319.117    15.87    9.31
  82802.110   324.144    17.56   11.01
  83088.352   330.864    23.48   15.05
  83374.592   343.515    44.20   27.78
  83660.830   361.940    64.37   45.23
  83947.064   383.073    73.83   59.47
  84233.296   408.947    90.39   68.86
  84519.526   431.454    78.63   69.90
  84805.753   452.209    72.51   65.39
  85091.977   469.043    58.81   59.65
  85378.199   486.647    61.50   51.23
  85664.418   506.137    68.09   49.83
  85950.635   527.219    73.66   56.66
  86236.849   554.036    93.70   69.53
  86523.060   583.271   102.14   78.69
  86809.269   609.447    91.46   79.66
  87095.476   631.038    75.44   72.31
  87381.680   652.010    73.28   60.94
  87667.881   665.404    46.80   56.29
  87954.079   666.752     4.71   51.71
  88240.275   653.911   -44.87   53.78
  88526.469   634.939   -66.29   60.21
  88812.660   615.580   -67.64   67.11
  89098.848   596.219   -67.65   70.42
  89385.034   571.489   -86.41   67.13
  89671.217   540.103  -109.67   59.30
  89957.398   509.273  -107.73   57.88
  90243.576   480.756   -99.65   59.44
  90529.751   452.397   -99.09   60.39
  90815.924   428.932   -82.00   63.08
  91102.094   405.299   -82.58   62.42
  91388.262   386.977   -64.03   58.92
  91674.427   375.881   -38.77   55.98
  91960.590   367.140   -30.55   53.07
