# NaN NaN NaN ;Mean Elev.(m), Avg Gradient(m/km), RMS Gradient(m/km) - SRTM1     
#   57.729  -0.904   2.528 ;Mean Elev.(m), Avg Gradient(m/km), RMS Gradient(m/km) - ASTER GDEM
#   34.007  -0.754   8.034 ;Mean Elev.(m), Avg Gradient(m/km), RMS Gradient(m/km) - GMTED2010 
   1 128.219483  63.566320    69.144    68.957  6 54659.17017061 23.857
   2 128.206329  63.563398    68.589    67.919 11 54669.08581536 26.991
   3 128.201828  63.563584   -14.463   -13.374 11 54679.00145914  9.207
   4 128.198644  63.564204    70.151    69.996 12 54688.91710186 24.478
   5 128.198346  63.564307   -11.975   -11.573 12 54698.83274272 10.440
   6 128.205232  63.564411    68.047    68.032 11 54708.74838677 39.815
   7 128.207430  63.563378    -0.848    -0.459 11 54718.66403839  4.082
   8 128.218854  63.564438    69.983    69.887  7 54728.57968850 54.121
   9 128.218821  63.564561    68.261    68.267  7 54738.49533597 49.172
  10 128.206825  63.563287    68.116    67.388 11 54748.41098214 30.984
  11 128.201145  63.563325    66.593    66.561 12 54758.32662871 49.359
  12 128.204030  63.563844    66.206    66.224 11 54768.24227392 45.227
  13 128.214777  63.564473    65.210    65.238  8 54778.15791648 40.161
  14 128.220470  63.563896    64.986    65.393  7 54788.07355600 37.816
  15 128.220941  63.563546    64.459    64.905  7 54797.98919398 36.910
  16 128.218136  63.563987    65.044    65.327  7 54807.90483162 26.349
  17 128.215773  63.564566    65.401    65.607  8 54817.82046874 25.719
  18 128.205215  63.563527    65.199    65.377 11 54827.73611793 23.779
  19 128.201872  63.563423    64.947    65.065 11 54837.65175655 22.594
  20 128.199074  63.563845    65.065    65.253 12 54847.56740564 20.892
  21 128.196079  63.564352    65.161    65.119 12 54857.48305421 20.307
  22 128.194886  63.565209    65.176    65.159 12 54867.39870308 19.210
  23 128.198176  63.565736    65.093    65.167 12 54877.31435168 18.606
  24 128.197607  63.564087    65.004    65.038 12 54887.22999670 18.413
  25 128.206504  63.564047    65.068    65.119 11 54897.14563933 18.526
  26 128.207295  63.563204    65.241    65.255 10 54907.06127846 17.110
  27 128.203335  63.562422    65.174    65.236 11 54916.97691590 16.521
  28 128.205192  63.563181    65.372    65.340 11 54926.89255384 15.620
  29 128.208351  63.563464    65.466    65.315 10 54936.80819122 15.095
  30 128.213956  63.563373    65.259    65.172  8 54946.72382695 40.657
  31 128.219744  63.562669    66.013    66.048  7 54956.63946068 43.606
  32 128.220605  63.562766    69.953    69.785  7 54966.55510935 34.116
  33 128.219160  63.563452    70.193    70.040  6 54976.47075697 29.803
  34 128.216902  63.564568    71.183    71.196  8 54986.38640459 40.919
  35 128.203384  63.562824    71.255    71.336 11 54996.30205101 28.485
  36 128.204269  63.563670    69.721    69.763 11 55006.21769736 38.418
  37 128.200049  63.563299    69.026    69.055 12 55016.13334091 38.058
  38 128.200741  63.564189    68.095    68.105 12 55026.04898358 44.449
  39 128.199321  63.565018    69.142    69.600 12 55035.96462554 28.218
  40 128.200226  63.565234    67.737    67.017 12 55045.88026679 32.858
  41 128.199444  63.563359    69.991    69.944 12 55055.79590588 25.384
  42 128.213064  63.563483    67.861    67.871  8 55065.71154417 37.641
  43 128.213792  63.562647    68.053    68.088  8 55075.62719277 52.287
  44 128.213348  63.563146    69.003    68.898  8 55085.54284062 27.426
  45 128.207938  63.563454    68.544    68.581 10 55095.45848643 53.115
  46 128.206944  63.563994    67.799    67.787 11 55105.37413248 38.625
  47 128.206245  63.563458    68.924    69.160 11 55115.28977820 28.637
  48 128.217653  63.564585    66.867    66.941  7 55125.20542278 39.233
  49 128.214853  63.562979    65.985    66.037  8 55135.12106315 41.997
  50 128.220300  63.563978    65.629    65.434  7 55145.03670233 38.922
  51 128.216253  63.564082    65.803    65.316  8 55154.95233980 35.669
  52 128.213851  63.564390    66.186    65.566  8 55164.86797770 32.610
  53 128.205591  63.562982    65.756    65.559 11 55174.78361468 26.538
  54 128.213549  63.564238    66.284    65.942  8 55184.69925533 25.694
  55 128.206262  63.563586    66.369    65.920 11 55194.61490571 24.649
  56 128.200757  63.564113    65.771    65.438 12 55204.53055511 24.490
  57 128.197791  63.565275    65.982    65.486 13 55214.44620419 24.066
  58 128.195223  63.565160    66.386    66.513 12 55224.36185271 22.449
  59 128.199224  63.564401    65.997    65.224 12 55234.27750001 21.492
  60 128.205718  63.562937    65.926    65.285 10 55244.19314422 20.959
  61 128.218068  63.563832    65.195    65.179  7 55254.10878613 20.918
  62 128.218355  63.564491    65.588    65.469  7 55264.02442496 19.010
  63 128.203159  63.563057    66.262    66.111 11 55273.94006120 18.578
  64 128.206264  63.564152    66.032    66.046 11 55283.85569884 18.042
  65 128.217728  63.564733    65.882    65.647  7 55293.77133573 18.143
  66 128.218421  63.562274    66.787    65.373  7 55303.68697258 17.567
  67 128.222680  63.562495    68.033    66.257  6 55313.60262043 20.333
  68 128.218590  63.562976    65.326    65.313  7 55323.51826552 46.529
  69 128.213590  63.564181    67.352    67.209  8 55333.43390935 45.580
  70 128.203522  63.563658    71.997    71.985 10 55343.34955246 56.512
  71 128.202410  63.563387    69.341    69.358 11 55353.26519599 40.108
  72 128.205952  63.563546    70.392    70.390 11 55363.18083783 24.473
  73 128.205834  63.563481    68.990    69.024 11 55373.09647744 38.115
  74 128.201107  63.563365    68.904    68.077 12 55383.01211527 28.710
  75 128.199547  63.563919    69.355    69.382 12 55392.92775264 36.429
  76 128.205244  63.564619    69.166    69.391 11 55402.84338909 26.596
  77 128.203348  63.562769    68.929    68.447 11 55412.75904056 34.942
  78 128.214843  63.562922    68.362    68.492  8 55422.67469076 39.154
  79 128.221240  63.562937    67.692    67.770  7 55432.59033785 34.804
  80 128.218654  63.563689    68.157    68.034  7 55442.50598233 32.841
  81 128.206343  63.563230    67.972    67.980 11 55452.42162437 49.270
  82 128.201690  63.563475    68.640    69.353 11 55462.33726641 26.896
  83 128.203223  63.562382    69.494    69.425 11 55472.25290714 24.620
  84 128.214554  63.562234    65.598    65.639  8 55482.16854599 30.801
  85 128.223859  63.562348    65.869    65.871  7 55492.08418242 44.510
  86 128.222944  63.562689    64.798    64.836  6 55501.99981615 37.556
  87 128.213422  63.563380    65.134    65.194  8 55511.91546022 34.730
  88 128.205756  63.564188    65.125    65.259 11 55521.83110913 24.538
  89 128.201239  63.563936    65.383    65.267 11 55531.74675695 21.182
  90 128.204336  63.563951    65.058    64.984 11 55541.66240386 19.431
  91 128.204928  63.563721    65.544    65.052 11 55551.57804848 17.621
  92 128.199088  63.563464    65.597    65.205 12 55561.49369110 16.760
  93 128.200786  63.565096    66.235    65.280 12 55571.40933387 16.817
  94 128.198847  63.564566    65.593    65.137 12 55581.32497500 16.909
  95 128.206227  63.563726    65.361    65.237 11 55591.24061384 15.972
  96 128.221078  63.563422    65.073    65.072  7 55601.15625017 15.166
  97 128.223095  63.561676    65.761    65.319  7 55611.07188298 15.604
  98 128.225174  63.562533    64.950    64.870  5 55620.98751513 15.224
  99 128.218158  63.564231    66.094    65.531  7 55630.90316741 13.942
 100 128.205335  63.563126    66.689    66.107 11 55640.81881686 13.605
 101 128.214221  63.564146    66.591    65.937  8 55650.73446585 13.485
 102 128.215423  63.562124    67.216    67.069  8 55660.65011024 12.780
 103 128.222312  63.562625    69.336    68.847  6 55670.56575205  9.632
 104 128.218809  63.563043    64.897    64.809  7 55680.48139117 38.728
 105 128.212118  63.563806    66.335    66.300  8 55690.39702823 45.812
 106 128.204774  63.563564    71.157    71.262 11 55700.31266357 36.603
 107 128.205769  63.563703    68.721    68.737 11 55710.22830325 54.164
 108 128.202676  63.562808    70.610    70.216 11 55720.14395309 24.607
 109 128.203528  63.563178    69.667    69.664 11 55730.05960115 41.232
 110 128.204120  63.563942    68.877    68.769 11 55739.97524786 26.186
 111 128.205019  63.564857    68.286    68.198 11 55749.89089334 47.931
 112 128.205327  63.564595    67.468    67.472 11 55759.80653628 47.409
 113 128.207567  63.563491    66.674    66.595 11 55769.72217647 28.971
 114 128.221670  63.564045    68.515    68.402  7 55779.63781461 30.353
 115 128.223191  63.562623    68.624    68.627  6 55789.55344891 37.534
 116 128.222970  63.562517    67.680    67.672  6 55799.46908203 46.741
 117 128.218881  63.563600    67.483    67.309  8 55809.38472862 40.000
 118 128.215037  63.564362    67.858    67.821  8 55819.30037736 38.829
 119 128.213703  63.563556    67.468    67.411  8 55829.21602180 37.238
 120 128.215684  63.562112    67.575    67.694  8 55839.13166202 33.122
 121 128.221321  63.561987    65.964    65.794  7 55849.04729960 27.305
 122 128.220872  63.562586    66.920    66.843  7 55858.96293460 44.209
 123 128.216562  63.564452    65.759    65.727  8 55868.87858270 41.901
 124 128.200606  63.563341    64.708    64.854 12 55878.79423253 33.409
 125 128.201081  63.563873    65.000    65.096 11 55888.70987739 31.004
 126 128.205879  63.564007    65.075    65.273 11 55898.62551685 30.343
 127 128.207782  63.563329    64.610    64.997 10 55908.54115106 27.123
 128 128.203319  63.563176    64.792    65.016 11 55918.45679968 25.612
 129 128.201985  63.563689    64.988    65.207 11 55928.37245268 24.671
 130 128.204592  63.563857    65.099    65.223 11 55938.28810248 20.437
 131 128.214754  63.564442    65.292    65.382  8 55948.20374809 19.595
 132 128.218292  63.563707    65.925    65.897  7 55958.11938843 19.659
 133 128.221574  63.563912    65.777    65.467  7 55968.03502633 19.133
 134 128.218443  63.563786    65.824    65.592  7 55977.95066269 18.450
 135 128.218494  63.564140    65.812    65.485  7 55987.86629871 18.533
 136 128.220417  63.564315    65.757    65.588  7 55997.78193857 16.684
 137 128.219669  63.563950    65.696    65.392  7 56007.69758962 16.516
 138 128.220608  63.563685    65.732    65.362  7 56017.61323667 16.235
 139 128.219383  63.564019    65.709    65.412  7 56027.52888072 16.215
 140 128.213613  63.564190    68.499    68.399  8 56037.44452274 14.836
 141 128.204908  63.563561    65.348    65.231 11 56047.36016250 20.622
 142 128.201779  63.563412    66.654    66.671 11 56057.27580003 46.169
 143 128.202867  63.562948    72.374    72.369 11 56067.19143358 51.952
 144 128.203964  63.563489    71.259    71.278 11 56077.10708272 53.306
 145 128.200591  63.563461    70.661    70.576 12 56087.02273129 27.581
 146 128.201553  63.564011    70.414    70.490 11 56096.93837782 28.170
 147 128.202731  63.563660    68.681    68.703 11 56106.85402211 50.170
 148 128.212701  63.564162    70.377    70.071  8 56116.76965286 25.966
 149 128.213816  63.562615    68.353    68.319  8 56126.68529049 50.530
 150 128.218031  63.562222    69.060    69.087  7 56136.60092469 49.829
 151 128.222094  63.563784    69.507    69.611  7 56146.51656924 31.887
 152 128.217110  63.564125    67.892    67.732  8 56156.43221836 35.696
 153 128.212177  63.563937    69.725    69.318  8 56166.34786654 26.966
 154 128.214404  63.564100    68.977    69.042  8 56176.26351306 42.600
 155 128.218236  63.563962    68.189    68.127  7 56186.17915473 38.040
 156 128.215373  63.562620    69.400    68.896  8 56196.09479190 26.299
 157 128.218285  63.563710    68.443    67.846  8 56206.01042678 26.667
 158 128.213466  63.563842    67.148    67.270  8 56215.92605933 35.923
 159 128.207118  63.563685    66.122    66.170 11 56225.84169837 42.490
 160 128.202135  63.563371    66.100    65.014 11 56235.75735310 40.618
 161 128.202457  63.563352    65.781    65.126 11 56245.67300448 37.575
 162 128.201941  63.563235    65.693    65.424 11 56255.58865070 35.698
 163 128.200331  63.563563    65.509    65.616 12 56265.50429302 35.667
 164 128.204588  63.564975    65.499    65.613 11 56275.41993430 32.332
 165 128.204063  63.564254    65.704    65.783 11 56285.33558002 27.272
 166 128.205787  63.562833    65.601    65.648 10 56295.25123067 26.398
 167 128.215399  63.562962    65.463    65.445  8 56305.16687801 27.128
 168 128.219524  63.563631    65.341    65.351  7 56315.08252128 24.094
 169 128.212838  63.563758    65.314    65.231  8 56324.99816153 22.400
 170 128.206543  63.563813    65.380    65.340 11 56334.91380096 21.988
 171 128.207719  63.563622    65.432    65.360 10 56344.82944010 20.142
 172 128.215004  63.563227    65.376    65.176  8 56354.74507746 19.796
 173 128.222246  63.563615    65.637    65.581  7 56364.66072294 19.836
 174 128.220988  63.564157    65.280    65.165  7 56374.57637171 19.691
 176 128.200123  63.564324    66.586    66.303 11 56394.40765972 19.113
 177 128.200376  63.564957    65.959    65.763 12 56404.32330185 34.867
 178 128.198590  63.563734    65.436    65.414 12 56414.23894060 45.822
 179 128.205079  63.563151    66.560    66.554 10 56424.15457525 34.685
 180 128.205277  63.563094    71.689    71.665 11 56434.07022079 54.169
 181 128.205634  63.564555    70.843    70.876 11 56443.98587311 28.382
 182 128.198493  63.564473    70.334    70.293 12 56453.90152206 54.092
 183 128.200464  63.564419    69.595    69.412 12 56463.81716905 31.173
 184 128.206554  63.563525    67.985    67.949 11 56473.73281291 41.903
 185 128.215394  63.562747    68.595    68.807  8 56483.64845364 32.012
 186 128.220623  63.563033    69.381    69.380  7 56493.56409087 47.723
 187 128.220379  63.564066    70.656    70.456  7 56503.47972546 30.962
 188 128.214434  63.564071    70.993    70.996  7 56513.39535786 40.143
 189 128.206033  63.563000    69.983    69.866 11 56523.31100664 24.352
 190 128.218124  63.564683    69.062    68.956  7 56533.22665998 39.566
 192 128.215291  63.563174    68.258    68.489  8 56553.05795270 30.752
 193 128.206483  63.563591    67.661    67.769 10 56562.97359465 36.873
 194 128.201075  63.564895    67.103    67.147 12 56572.88923572 39.949
 195 128.199742  63.565324    66.505    66.498 12 56582.80487494 44.654
 196 128.200941  63.563642    65.574    65.546 12 56592.72050973 43.154
 197 128.206902  63.563670    64.394    64.622 10 56602.63616151 40.275
 198 128.207589  63.563566    64.893    65.214 10 56612.55181081 31.600
 199 128.203893  63.563881    64.913    64.986 11 56622.46745549 24.535
 200 128.200551  63.564103    64.988    65.093 11 56632.38309731 20.970
 201 128.204825  63.564199    65.380    65.479 11 56642.29873546 19.098
 202 128.213474  63.564111    65.477    65.652  8 56652.21438594 18.803
 203 128.214290  63.562455    65.437    65.620  8 56662.13003561 17.559
 204 128.220419  63.563503    65.626    65.660  7 56672.04568301 16.982
 205 128.213308  63.564092    65.904    65.514  8 56681.96132742 16.200
 206 128.205431  63.564225    65.675    65.476 11 56691.87696965 15.727
 207 128.201992  63.563544    65.875    65.653 11 56701.79260832 14.895
 208 128.214269  63.563925    66.370    65.799  8 56711.70824358 14.061
 209 128.219912  63.564067    65.124    65.152  7 56721.62388917 15.178
 210 128.213023  63.563479    66.993    66.839  8 56731.53954001 13.704
 211 128.200502  63.563459    67.007    66.726 12 56741.45518675 13.828
 212 128.198411  63.565352    67.586    67.251 12 56751.37083035 12.812
 213 128.197561  63.565453    67.180    67.174 12 56761.28646882 20.781
 214 128.200355  63.564001    65.523    65.515 12 56771.20210077 41.148
 215 128.202305  63.563491    66.351    66.365 11 56781.11775561 43.264
 216 128.202737  63.563514    71.942    71.927 11 56791.03341043 51.480
 217 128.198503  63.563717    69.838    69.924 12 56800.94906172 53.087
 218 128.199012  63.564795    70.249    70.236 12 56810.86470652 28.831
 219 128.201027  63.564771    69.706    69.749 12 56820.78034668 26.853
 220 128.203617  63.563012    68.877    68.812 11 56830.69598269 44.090
 221 128.220787  63.563735    68.170    68.226  7 56840.61161701 45.083
 222 128.222031  63.562856    68.762    68.404  6 56850.52725260 27.058
 223 128.214301  63.563403    67.993    67.986  8 56860.44290645 36.272
 224 128.206112  63.564219    67.868    67.887 11 56870.35855956 46.158
 225 128.201388  63.564265    68.033    67.882 12 56880.27421024 50.431
 226 128.201008  63.563566    67.893    67.633 12 56890.18985761 30.376
 227 128.204532  63.563286    67.554    67.151 11 56900.10550253 29.159
 228 128.204077  63.563773    68.004    67.657 10 56910.02114498 26.582
 229 128.204661  63.565467    67.363    67.296 11 56919.93678593 49.405
 230 128.198443  63.565516    68.671    68.640 12 56929.85242395 30.216
 231 128.200505  63.565510    66.692    66.660 12 56939.76805799 49.587
 232 128.204750  63.564768    65.992    65.960 11 56949.68369529 43.870
 233 128.204961  63.563914    65.024    64.646 11 56959.59934750 39.135
 234 128.204587  63.563513    64.729    64.700 10 56969.51499464 32.512
 235 128.204239  63.563601    64.819    64.881 11 56979.43063797 25.408
 236 128.205372  63.563830    66.116    66.300 11 56989.34627705 20.687
 237 128.216169  63.564828    65.857    65.327  8 56999.26191081 20.095
 238 128.212450  63.563446    66.435    65.979  8 57009.17756247 18.960
 239 128.214386  63.563194    66.248    65.759  8 57019.09321527 18.462
 240 128.219419  63.564488    65.994    65.725  7 57029.00886534 17.743
 241 128.207971  63.563250    66.969    66.505 10 57038.92451194 16.760
 242 128.204257  63.563670    67.019    66.531 10 57048.84015702 15.542
 243 128.205148  63.563991    66.693    66.309 11 57058.75579859 14.502
 244 128.206321  63.563265    66.937    66.627 10 57068.67143443 14.331
 245 128.213458  63.563900    66.649    66.052  8 57078.58706667 13.922
 246 128.214257  63.564260    67.215    66.664  8 57088.50270197 14.185
 247 128.200207  63.563742    67.805    67.816 12 57098.41835909 14.158
 248 128.196947  63.564870    69.387    69.371 12 57108.33401441 11.151
 249 128.193656  63.564149    69.347    69.407 13 57118.24966441 10.870
 250 128.204985  63.565409    68.463    68.209 11 57128.16530979 10.721
 251 128.206218  63.564469    67.841    67.934 11 57138.08094853 15.808
 252 128.206534  63.563829    65.364    65.220 10 57147.99658331 37.125
 253 128.203212  63.562452    70.048    70.022 11 57157.91221510 51.636
 254 128.208014  63.563284    70.527    70.593 11 57167.82786254 29.968
 255 128.212546  63.564160    70.413    70.356  8 57177.74351920 42.992
 256 128.212938  63.563711    70.981    70.588  8 57187.65917131 28.066
 257 128.217706  63.564673    70.115    69.804  7 57197.57481988 28.722
 258 128.203525  63.562315    69.735    69.624 11 57207.49045282 29.809
 259 128.205547  63.563673    68.317    68.300 11 57217.40609792 50.592
 260 128.205541  63.563931    68.674    68.459 11 57227.32174169 30.314
 261 128.203627  63.563159    67.495    67.009 11 57237.23738309 33.899
 262 128.206656  63.563262    67.152    67.118 10 57247.15302159 33.662
 263 128.207271  63.563425    68.706    68.215 11 57257.06865726 26.628
 264 128.202875  63.563380    68.029    67.857 11 57266.98429121 27.831
 265 128.205126  63.565154    66.070    65.963 11 57276.89993757 40.330
 266 128.199740  63.564721    66.392    66.489 12 57286.81559362 36.706
 267 128.199891  63.564169    66.339    66.182 12 57296.73124725 31.956
 268 128.201822  63.563645    65.737    65.697 11 57306.64689744 36.468
 269 128.202580  63.563744    65.749    65.228 11 57316.56254381 44.589
 270 128.205530  63.564969    65.034    64.431 11 57326.47818730 38.973
 271 128.199202  63.563852    64.534    64.399 12 57336.39382768 35.881
 272 128.200311  63.563483    63.911    64.043 12 57346.30947498 33.883
 273 128.207461  63.563604    64.147    64.385 10 57356.22512294 32.325
 274 128.212975  63.563507    64.956    64.828  8 57366.14076705 27.294
 275 128.212545  63.563243    66.343    65.732  8 57376.05640725 21.941
 276 128.216040  63.564883    65.661    65.005  8 57385.97204605 21.029
 277 128.205571  63.563201    65.823    65.085 11 57395.88768267 20.261
 278 128.208063  63.563320    65.575    64.961 11 57405.80331961 19.751
 279 128.214134  63.564193    66.155    65.670  8 57415.71896958 18.995
 280 128.216320  63.564925    65.595    64.971  8 57425.63462105 18.746
 281 128.202213  63.563416    66.254    66.254 11 57435.55026789 17.901
 282 128.200331  63.565267    66.463    66.039 12 57445.46591451 17.042
 283 128.194552  63.565396    67.051    67.102 12 57455.38155985 16.386
 284 128.198653  63.565654    67.275    67.203 12 57465.29720410 15.931
 285 128.205750  63.564524    67.181    67.118 11 57475.21284469 14.923
 286 128.214678  63.564040    66.230    65.817  8 57485.12848202 15.331
 287 128.213350  63.563093    66.903    67.265  8 57495.04411564 19.514
 288 128.214232  63.564081    65.410    65.082  8 57504.95974801 30.224
 289 128.204155  63.563768    65.345    65.239 11 57514.87540345 39.514
 290 128.205325  63.563651    69.039    69.122 11 57524.79105762 44.624
 291 128.218754  63.564644    69.741    69.826  7 57534.70671069 54.037
 292 128.214918  63.562605    70.806    70.774  8 57544.62235896 52.727
 293 128.213587  63.563120    70.817    70.759  8 57554.53800545 53.785
 294 128.207149  63.563861    69.343    69.046 11 57564.45365005 35.170
 295 128.200359  63.563902    69.536    69.148 12 57574.36929397 29.983
 296 128.201179  63.563886    69.891    69.994 11 57584.28493813 28.335
 297 128.202981  63.563107    69.329    69.428 11 57594.20058031 43.413
