-147584.522   162.914     0.00    5.89
-147296.266   165.107     7.61    6.79
-147008.030   167.269     7.50    7.25
-146719.813   169.661     8.30    6.85
-146431.616   172.627    10.29    5.48
-146143.438   173.038     1.42    6.26
-145855.280   173.527     1.70    6.67
-145567.141   174.644     3.88    6.93
-145279.021   175.576     3.24    6.70
-144990.921   177.785     7.67    7.32
-144702.841   179.773     6.90    8.43
-144414.779   183.458    12.79    9.74
-144126.738   188.289    16.77    9.94
-143838.715   193.057    16.56    9.74
-143550.712   198.071    17.41    9.03
-143262.729   202.694    16.05    8.45
-142974.765   205.603    10.10    7.60
-142686.820   208.031     8.43    6.18
-142398.895   209.584     5.39    4.36
-142110.989   209.261    -1.12    4.54
-141823.103   207.502    -6.11    6.33
-141535.236   205.282    -7.71    6.79
-141247.388   202.277   -10.44    7.05
-140959.560   199.619    -9.23    6.38
-140671.751   197.510    -7.33    5.14
-140383.961   195.002    -8.71    5.27
-140096.191   192.331    -9.29    6.51
-139808.440   189.292   -10.56    7.89
-139520.709   186.524    -9.62    7.83
-139232.997   184.400    -7.38    7.19
-138945.304   182.692    -5.94    6.03
-138657.631   181.538    -4.01    5.72
-138369.977   180.903    -2.21    5.79
-138082.342   181.102     0.69    5.89
-137794.727   181.261     0.55    6.12
-137507.131   180.997    -0.92    6.54
-137219.554   180.542    -1.58    7.28
-136931.997   181.077     1.86    8.56
-136644.459   181.224     0.51    9.44
-136356.940   181.559     1.17    9.43
-136069.441   180.860    -2.43   10.18
-135781.960   179.760    -3.83   10.69
-135494.500   177.754    -6.98   11.13
-135207.058   174.136   -12.59   11.12
-134919.636   169.452   -16.29   10.93
-134632.233   165.612   -13.36   10.10
-134344.849   162.396   -11.19    8.78
-134057.485   160.319    -7.23    7.17
-133770.140   160.104    -0.75    7.14
-133482.814   160.087    -0.06    6.98
-133195.507   159.610    -1.66    6.61
-132908.220   158.900    -2.47    6.38
-132620.952   158.090    -2.82    5.97
-132333.703   156.618    -5.13    5.72
-132046.473   155.123    -5.21    5.50
-131759.263   153.468    -5.76    5.33
-131472.072   152.369    -3.83    5.14
-131184.900   151.728    -2.23    5.60
-130897.747   151.263    -1.62    6.42
-130610.614   151.102    -0.56    6.92
-130323.499   151.815     2.48    7.64
-130036.404   153.064     4.35    7.41
-129749.328   154.107     3.63    7.28
-129462.272   154.636     1.84    7.20
-129175.234   154.946     1.08    6.77
-128888.216   155.373     1.49    5.96
-128601.217   154.991    -1.33    5.14
-128314.237   154.826    -0.58    5.88
-128027.277   154.153    -2.35    7.76
-127740.335   152.396    -6.12   10.30
-127453.413   150.049    -8.18   11.82
-127166.510   149.483    -1.97   13.41
-126879.626   152.015     8.83   16.17
-126592.761   157.041    17.52   19.44
-126305.915   163.879    23.84   18.35
-126019.088   171.947    28.13   15.75
-125732.281   179.352    25.82   16.14
-125445.493   187.106    27.04   14.36
-125158.724   192.866    20.09   12.09
-124871.974   197.439    15.95   10.95
-124585.243   200.718    11.44    9.57
-124298.531   203.165     8.53    7.34
-124011.838   204.101     3.27    5.94
-123725.165   203.324    -2.71    5.43
-123438.511   202.233    -3.81    5.33
-123151.875   201.601    -2.20    5.26
-122865.259   200.008    -5.56    5.43
-122578.662   198.693    -4.59    5.10
-122292.084   198.869     0.61    5.24
-122005.525   200.106     4.32    6.14
-121718.985   202.127     7.06    6.81
-121432.464   204.737     9.11    7.01
-121145.963   207.463     9.52    6.50
-120859.480   210.256     9.75    5.25
-120573.017   212.173     6.69    4.44
-120286.572   212.941     2.68    4.70
-120000.147   212.885    -0.19    4.96
-119713.740   212.061    -2.88    5.53
-119427.353   211.826    -0.82    5.97
-119140.985   213.232     4.91    7.81
-118854.635   215.123     6.60    9.51
-118568.305   216.273     4.02    9.74
-118281.994   216.357     0.29   10.56
-117995.702   214.403    -6.83   13.68
-117709.429   209.898   -15.74   17.25
-117423.175   201.997   -27.61   19.78
-117136.940   192.331   -33.77   19.39
-116850.723   182.063   -35.88   15.71
-116564.526   174.454   -26.59   13.41
-116278.348   167.484   -24.36   10.59
-115992.189   162.409   -17.74    8.82
-115706.049   158.568   -13.42    7.23
-115419.928   156.173    -8.37    6.10
-115133.826   155.204    -3.39    5.64
-114847.743   155.371     0.58    5.86
-114561.678   156.518     4.01    5.38
-114275.633   158.224     5.96    5.28
-113989.607   160.351     7.44    6.17
-113703.599   162.779     8.49    8.10
-113417.611   165.087     8.07    9.81
-113131.642   167.025     6.78   10.98
-112845.691   167.447     1.48   11.28
-112559.760   167.217    -0.81   11.64
-112273.847   165.693    -5.33   11.61
-111987.953   162.834   -10.00   10.47
-111702.079   160.123    -9.48    8.63
-111416.223   157.513    -9.13    6.21
-111130.386   155.636    -6.57    5.26
-110844.568   154.473    -4.07    5.69
-110558.769   154.429    -0.15    6.33
-110272.989   154.636     0.72    7.00
-109987.228   155.204     1.99    7.20
-109701.485   155.831     2.19    7.59
-109415.762   155.568    -0.92    8.04
-109130.057   154.558    -3.54    8.23
-108844.372   153.446    -3.89    8.46
-108558.705   152.056    -4.87    8.16
-108273.057   150.610    -5.06    7.29
-107987.428   149.977    -2.22    6.24
-107701.818   150.005     0.10    5.84
-107416.226   151.719     6.00    6.55
-107130.654   153.986     7.94    6.55
-106845.100   157.225    11.34    6.78
-106559.565   159.660     8.53    6.46
-106274.050   161.800     7.49    6.29
-105988.552   164.015     7.76    6.74
-105703.074   166.447     8.52    8.20
-105417.615   169.292     9.96    8.58
-105132.174   172.075     9.75    8.37
-104846.752   175.929    13.50    8.67
-104561.350   179.415    12.22    9.61
-104275.965   183.677    14.94   10.56
-103990.600   188.427    16.64   10.96
-103705.254   194.394    20.91   11.96
-103419.926   200.678    22.02   11.85
-103134.617   204.929    14.90   10.54
-102849.327   208.140    11.26    8.21
-102564.056   208.801     2.32    7.03
-102278.803   207.610    -4.18    8.71
-101993.569   204.093   -12.33   11.36
-101708.354   198.610   -19.23   12.99
-101423.158   192.432   -21.66   13.66
-101137.981   187.328   -17.90   12.16
-100852.822   182.049   -18.51   10.99
-100567.682   178.421   -12.73   10.00
-100282.561   175.263   -11.08    8.39
 -99997.459   172.549    -9.52    8.21
 -99712.375   170.123    -8.51    8.96
 -99427.310   167.552    -9.02    8.60
 -99142.264   164.860    -9.45    7.57
 -98857.236   162.619    -7.86    5.84
 -98572.228   161.211    -4.94    3.83
 -98287.238   160.721    -1.72    2.85
 -98002.266   161.316     2.09    3.21
 -97717.314   162.717     4.91    3.80
 -97432.380   163.751     3.63    4.22
 -97147.465   164.644     3.14    4.48
 -96862.568   165.869     4.30    5.36
 -96577.691   167.169     4.56    6.13
 -96292.831   168.140     3.41    6.19
 -96007.991   170.342     7.73    7.45
 -95723.169   172.127     6.27    8.14
 -95438.366   173.787     5.83    8.28
 -95153.582   174.877     3.83    7.76
 -94868.816   175.881     3.53    7.47
 -94584.070   176.501     2.18    7.25
 -94299.341   176.972     1.65    6.77
 -94014.632   177.730     2.66    5.95
 -93729.941   178.955     4.30    6.45
 -93443.601   181.458     8.74    8.18
 -93154.778   185.350    13.48   10.11
 -92865.975   190.161    16.66   11.69
 -92577.191   195.355    17.99   11.95
 -92288.428   201.302    20.60   11.90
 -91999.684   208.757    25.82   12.28
 -91710.961   215.283    22.60   13.61
 -91422.258   222.099    23.61   14.79
 -91133.574   227.405    18.38   13.92
 -90844.911   233.437    20.90   12.18
 -90556.267   236.277     9.84    9.85
 -90267.643   236.587     1.07    8.50
 -89979.040   235.114    -5.10    9.00
 -89690.456   231.799   -11.49   10.84
 -89401.892   227.229   -15.84   11.98
 -89113.348   221.636   -19.39   12.58
 -88824.824   215.773   -20.32   11.90
 -88536.320   209.815   -20.65   10.14
 -88247.836   205.349   -15.48    7.83
 -87959.372   201.794   -12.32    6.30
 -87670.928   199.351    -8.47    5.56
 -87382.503   197.089    -7.84    5.30
 -87094.099   195.198    -6.56    5.07
 -86805.714   193.585    -5.59    4.49
 -86517.350   192.398    -4.11    3.63
 -86229.005   191.203    -4.14    2.72
 -85940.680   190.494    -2.46    2.28
 -85652.375   190.473    -0.07    2.15
 -85364.090   191.144     2.33    2.68
 -85075.824   192.136     3.44    3.33
 -84787.579   193.711     5.47    4.34
 -84499.353   195.558     6.41    5.22
 -84211.147   197.791     7.75    5.36
 -83922.961   199.815     7.02    4.56
 -83634.795   201.331     5.26    4.44
 -83346.649   201.482     0.52    4.24
 -83058.523   201.548     0.23    4.49
 -82770.416   201.856     1.07    5.11
 -82482.329   201.627    -0.79    5.43
 -82194.262   201.148    -1.66    5.73
 -81906.215   201.032    -0.40    4.89
 -81618.188   201.089     0.20    4.34
 -81330.181   201.398     1.07    3.67
 -81042.193   202.355     3.32    4.00
 -80754.225   203.661     4.54    4.86
 -80466.277   205.694     7.06    5.50
 -80178.348   207.836     7.44    6.24
 -79890.440   210.687     9.90    5.86
 -79602.551   212.752     7.17    5.26
 -79314.682   214.578     6.34    4.51
 -79026.833   215.989     4.90    3.91
 -78739.003   216.894     3.14    4.43
 -78451.193   217.185     1.01    5.53
 -78163.403   217.376     0.66    6.96
 -77875.633   218.411     3.60    7.67
 -77587.883   217.789    -2.16    8.80
 -77300.152   217.308    -1.67    9.51
 -77012.441   216.119    -4.13    9.97
 -76724.750   214.282    -6.39    9.61
 -76437.078   212.093    -7.61    8.79
 -76149.426   210.528    -5.44    7.79
 -75861.794   208.911    -5.62    6.09
 -75574.182   207.925    -3.43    4.77
 -75286.589   208.358     1.51    5.04
 -74999.016   209.388     3.58    6.42
 -74711.462   210.396     3.51    7.62
 -74423.929   212.322     6.70    8.96
 -74136.415   214.392     7.20    9.49
 -73848.920   216.417     7.04    9.73
 -73561.446   218.670     7.84    9.74
 -73273.991   220.791     7.38    8.99
 -72986.556   222.619     6.36    8.09
 -72699.140   224.602     6.90    7.23
 -72411.744   226.704     7.31    6.18
 -72124.368   228.853     7.48    6.96
 -71837.011   230.052     4.17    8.57
 -71549.674   231.567     5.27    9.22
 -71262.357   233.459     6.59    9.92
 -70975.059   235.042     5.51   10.15
 -70687.781   236.446     4.89    9.50
 -70400.522   237.458     3.52    8.48
 -70113.284   238.593     3.95    6.96
 -69826.064   239.593     3.48    5.24
 -69538.865   240.846     4.36    4.85
 -69251.685   242.079     4.29    5.07
 -68964.524   243.789     5.96    5.13
 -68677.383   246.153     8.23    6.31
 -68390.262   248.415     7.88    6.05
 -68103.160   250.334     6.68    5.91
 -67816.078   251.896     5.44    5.84
 -67529.016   251.258    -2.23    5.90
 -67241.973   250.593    -2.31    6.08
 -66954.950   249.931    -2.31    5.98
 -66667.946   248.814    -3.89    6.63
 -66380.962   247.036    -6.20    8.24
 -66093.997   245.174    -6.49    8.63
 -65807.052   242.741    -8.48    8.74
 -65520.126   241.005    -6.05    8.58
 -65233.220   239.644    -4.75    8.27
 -64946.334   238.792    -2.97    8.25
 -64659.467   238.253    -1.88    9.08
 -64372.619   237.818    -1.52    9.59
 -64085.791   237.223    -2.07    9.65
 -63798.983   236.635    -2.05    7.21
 -63512.194   236.296    -1.18    6.28
 -63225.425   237.818     5.31    6.92
 -62938.675   239.819     6.98    6.51
 -62651.945   242.170     8.20    6.19
 -62365.234   244.356     7.62    6.23
 -62078.542   245.627     4.44    5.83
 -61791.870   246.153     1.83    5.60
 -61505.218   245.618    -1.86    6.04
 -61218.585   244.336    -4.47    6.95
 -60931.972   242.999    -4.66    8.06
 -60645.378   241.739    -4.40    8.55
 -60358.803   239.006    -9.54    8.80
 -60072.248   237.330    -5.85    9.01
 -59785.712   234.939    -8.34    7.73
 -59499.196   233.273    -5.81    5.28
 -59212.700   232.653    -2.17    3.90
 -58926.222   233.712     3.70    5.02
 -58639.764   236.014     8.04    7.05
 -58353.326   239.825    13.31    9.17
 -58066.907   243.527    12.93    9.80
 -57780.507   246.963    12.00    8.55
 -57494.127   250.037    10.73    7.02
 -57207.767   253.041    10.49    6.08
 -56921.425   255.098     7.18    6.73
 -56635.103   255.477     1.33    9.38
 -56348.801   255.049    -1.50   11.22
 -56062.518   252.429    -9.15   13.17
 -55776.254   251.495    -3.26   13.73
 -55490.010   251.294    -0.70   13.74
 -55203.785   250.929    -1.28   13.61
 -54917.579   252.737     6.32   14.86
 -54631.393   256.561    13.36   18.19
 -54345.226   261.780    18.24   21.71
 -54059.078   270.161    29.29   23.31
 -53772.950   279.930    34.14   23.80
 -53486.841   290.177    35.82   23.44
 -53200.752   298.670    29.69   20.01
 -52914.682   308.006    32.64   16.65
 -52628.631   311.316    11.57   14.26
 -52342.600   312.669     4.73   12.04
 -52056.588   312.153    -1.80   10.97
 -51770.595   309.186   -10.37   13.74
 -51484.621   303.594   -19.56   17.66
 -51198.667   294.915   -30.35   22.06
 -50912.733   284.583   -36.14   23.50
 -50626.817   277.569   -24.53   21.61
 -50340.921   275.545    -7.08   19.62
 -50055.044   277.214     5.84   21.13
 -49769.186   283.209    20.97   22.83
 -49483.348   289.793    23.03   21.25
 -49197.529   294.652    17.00   16.75
 -48911.729   295.767     3.90   15.14
 -48625.949   287.088   -30.37   20.85
 -48340.188   277.269   -34.36   23.94
 -48054.446   268.534   -30.57   21.16
 -47768.723   262.776   -20.15   17.00
 -47483.020   262.249    -1.84   15.52
 -47197.335   265.844    12.58   18.30
 -46911.671   273.201    25.75   21.43
 -46626.025   284.314    38.91   19.97
 -46340.398   294.519    35.73   16.13
 -46054.791   302.127    26.64   13.21
 -45769.203   307.934    20.33   10.53
 -45483.635   312.653    16.53    7.37
 -45198.085   314.552     6.65    5.58
 -44912.555   313.975    -2.02    6.38
 -44627.044   311.214    -9.67    8.33
 -44341.552   306.432   -16.75   11.96
 -44056.079   300.944   -19.23   15.15
 -43770.626   294.140   -23.84   17.45
 -43485.192   288.767   -18.82   18.92
 -43199.776   281.836   -24.28   19.54
 -42914.381   272.386   -33.11   20.99
 -42629.004   263.276   -31.92   21.45
 -42343.646   254.109   -32.12   20.10
 -42058.308   249.702   -15.44   21.06
 -41772.989   244.500   -18.23   22.21
 -41487.689   241.328   -11.12   23.93
 -41202.408   241.804     1.67   25.02
 -40917.146   244.402     9.11   26.15
 -40631.904   248.192    13.29   27.12
 -40346.680   257.398    32.28   26.30
 -40061.476   266.768    32.85   26.21
 -39776.291   278.077    39.66   22.33
 -39491.125   287.131    31.75   18.40
 -39205.978   295.731    30.16   18.41
 -38920.850   299.347    12.68   18.94
 -38635.742   300.854     5.29   18.64
 -38350.652   300.661    -0.68   20.25
 -38065.582   297.536   -10.96   24.95
 -37780.530   292.735   -16.84   31.39
 -37495.498   286.209   -22.90   35.32
 -37210.485   272.792   -47.08   39.90
 -36925.491   255.161   -61.87   45.79
 -36640.516   239.283   -55.72   48.32
 -36355.560   227.653   -40.81   47.63
 -36070.624   218.542   -31.98   43.17
 -35785.706   211.779   -23.74   42.96
 -35500.807   202.550   -32.39   42.30
 -35215.928   194.092   -29.69   41.72
 -34931.067   186.677   -26.03   38.88
 -34646.226   181.553   -17.99   33.44
 -34361.404   179.403    -7.55   29.55
 -34076.600   180.825     4.99   32.87
 -33791.816   186.827    21.08   41.62
 -33507.051   198.694    41.67   50.90
 -33222.305   214.489    55.47   56.96
 -32937.577   232.678    63.88   59.97
 -32652.869   254.754    77.54   61.01
 -32368.180   275.186    71.77   61.31
 -32083.510   287.894    44.64   58.37
 -31798.859   294.594    23.54   54.94
 -31511.949   300.181    19.48   50.06
 -31223.074   304.244    14.06   42.89
 -30934.218   305.213     3.35   37.47
 -30645.384   306.459     4.31   33.05
 -30356.569   305.711    -2.59   30.84
 -30067.775   301.157   -15.77   30.39
 -29779.001   293.714   -25.77   34.37
 -29490.248   284.594   -31.59   37.79
 -29201.514   275.011   -33.19   37.64
 -28912.802   268.401   -22.90   34.65
 -28624.109   263.416   -17.27   30.39
 -28335.437   260.829    -8.96   28.26
 -28046.785   260.728    -0.35   28.04
 -27758.154   259.533    -4.14   28.89
 -27469.542   255.863   -12.71   33.17
 -27180.951   248.747   -24.66   38.91
 -26892.381   236.703   -41.74   44.21
 -26603.830   224.601   -41.94   42.66
 -26315.300   209.591   -52.02   35.60
 -26026.790   199.746   -34.13   32.24
 -25738.301   191.394   -28.95   31.81
 -25449.832   186.093   -18.38   30.36
 -25161.383   183.451    -9.16   28.85
 -24872.954   182.737    -2.47   30.75
 -24584.545   179.471   -11.33   35.23
 -24296.157   179.025    -1.54   42.81
 -24007.789   178.248    -2.70   50.75
 -23719.442   172.949   -18.38   56.00
 -23431.114   165.999   -24.10   59.14
 -23142.807   153.900   -41.97   56.74
 -22854.520   138.119   -54.74   50.94
 -22566.253   123.314   -51.36   43.55
 -22278.006   112.024   -39.17   37.97
 -21989.780    98.097   -48.32   28.19
 -21701.574    87.106   -38.14   18.84
 -21413.388    78.783   -28.88   11.00
 -21125.222    74.319   -15.49    7.33
 -20837.076    71.353   -10.29    4.11
 -20548.951    70.200    -4.00    2.63
 -20260.846    70.196    -0.01    2.52
 -19972.761    71.510     4.56    3.77
 -19684.696    74.169     9.23    6.71
 -19396.651    77.783    12.55    9.50
 -19108.626    83.383    19.44   12.05
 -18820.622    90.173    23.58   15.44
 -18532.638    98.737    29.73   18.88
 -18244.674   107.714    31.18   21.32
 -17956.730   120.088    42.97   24.08
 -17668.806   131.011    37.94   28.50
 -17380.902   143.258    42.54   29.95
 -17093.019   153.241    34.68   27.23
 -16805.155   163.512    35.68   26.87
 -16517.312   167.369    13.40   24.77
 -16229.489   172.022    16.17   21.56
 -15941.686   176.809    16.63   19.00
 -15653.903   186.366    33.21   26.71
 -15366.140   194.173    27.13   34.59
 -15078.397   200.458    21.84   36.82
 -14790.674   202.584     7.39   35.86
 -14502.972   203.879     4.50   33.99
 -14215.289   200.769   -10.81   28.24
 -13927.627   198.308    -8.56   23.81
 -13639.984   193.801   -15.67   18.59
 -13352.362   190.809   -10.40   15.09
 -13064.760   189.518    -4.49   15.20
 -12777.177   190.127     2.12   19.34
 -12489.615   189.881    -0.86   20.96
 -12202.073   192.425     8.85   24.83
 -11914.551   191.377    -3.64   23.38
 -11627.049   188.804    -8.95   20.74
 -11339.567   184.662   -14.41   15.54
 -11052.105   182.035    -9.14   11.36
 -10764.663   180.085    -6.79    8.11
 -10477.241   178.798    -4.48    7.78
 -10189.839   178.148    -2.26   10.31
  -9902.457   177.653    -1.72   10.18
  -9615.095   176.347    -4.54    9.29
  -9327.753   174.174    -7.56    7.83
  -9040.432   171.844    -8.11    7.16
  -8753.130   168.548   -11.47    7.00
  -8465.848   165.459   -10.75    7.42
  -8178.586   162.157   -11.50    7.62
  -7891.344   158.383   -13.14    7.97
  -7604.122   154.348   -14.05    7.23
  -7316.920   151.678    -9.30    6.63
  -7029.737   149.653    -7.05    8.40
  -6742.575   148.670    -3.42    9.97
  -6455.433   148.792     0.42   11.32
  -6168.311   149.392     2.09   11.87
  -5881.209   150.258     3.01   12.23
  -5594.126   150.512     0.89   12.51
  -5307.064   150.792     0.97   12.22
  -5020.021   149.518    -4.44   12.44
  -4732.999   144.754   -16.60   16.59
  -4445.996   138.153   -23.00   20.24
  -4159.013   129.722   -29.38   23.81
  -3872.050   120.331   -32.73   25.58
  -3585.107   106.795   -47.17   25.90
  -3298.184    92.170   -50.97   24.14
  -3011.281    78.089   -49.08   24.81
  -2724.398    63.881   -49.52   27.06
  -2437.534    51.085   -44.61   27.95
  -2150.691    39.223   -41.35   24.66
  -1863.867    28.157   -38.58   18.25
  -1577.063    21.422   -23.48   11.45
  -1290.279    17.394   -14.04    6.05
  -1003.515    14.355   -10.60    7.00
   -716.771    11.986    -8.26    8.74
   -430.047     9.047   -10.25    9.52
   -143.342     7.127    -6.70    9.97
    143.342    16.495    32.68   37.44
    430.007    41.379    86.81   78.34
    716.652    93.801   182.88  129.44
   1003.277   159.106   227.84  158.11
   1289.883   226.593   235.47  159.46
   1576.468   290.712   223.73  130.56
   1863.034   338.322   166.14   81.65
   2149.580   363.575    88.13   34.00
   2436.106   368.898    18.58   18.58
   2722.612   364.405   -15.68   17.89
   3009.099   358.224   -21.57   16.99
   3295.566   352.368   -20.44   17.81
   3582.012   346.565   -20.26   16.35
   3868.440   342.771   -13.25   13.05
   4154.847   341.089    -5.87   11.42
   4441.235   341.355     0.93   12.54
   4727.603   343.337     6.92   13.84
   5013.951   346.525    11.13   13.84
   5300.279   350.644    14.38   13.52
   5586.588   354.653    14.00   12.79
   5872.876   355.748     3.83   12.86
   6159.146   355.232    -1.80   12.39
   6445.395   355.161    -0.25   11.53
   6731.625   355.521     1.26   10.27
   7017.834   350.749   -16.67   12.62
   7304.025   345.186   -19.44   15.06
   7590.195   338.763   -22.44   14.97
   7876.346   334.931   -13.39   13.09
   8162.477   332.757    -7.60   12.21
   8448.588   331.432    -4.63   10.42
   8734.680   331.559     0.44    8.67
   9020.752   334.357     9.78    9.20
   9306.804   338.828    15.63    8.72
   9592.837   342.071    11.34    8.83
   9878.850   343.285     4.24    9.85
  10164.843   344.348     3.72    9.98
  10450.816   345.157     2.83    9.84
  10736.770   345.475     1.11    9.79
  11022.704   345.081    -1.38    9.85
  11308.619   344.609    -1.65    9.90
  11594.514   342.828    -6.23    9.89
  11880.389   340.804    -7.08   10.25
  12166.245   338.169    -9.22   10.73
  12452.081   334.302   -13.53    9.17
  12737.897   332.413    -6.61    9.35
  13023.694   330.153    -7.91    9.66
  13309.471   328.434    -6.01   10.40
  13595.228   327.688    -2.61   11.01
  13880.966   327.975     1.00   10.23
  14166.685   326.755    -4.27   10.92
  14452.383   323.273   -12.19   14.27
  14738.062   312.583   -37.42   25.76
  15023.722   298.029   -50.95   37.58
  15309.362   278.888   -67.01   47.97
  15594.982   257.353   -75.39   51.06
  15880.583   243.192   -49.58   47.47
  16166.164   238.499   -16.43   48.33
  16451.725   242.627    14.46   57.52
  16737.267   254.311    40.92   65.89
  17022.790   270.131    55.41   67.25
  17308.292   291.157    73.64   56.63
  17593.776   310.254    66.89   42.57
  17879.239   319.144    31.14   34.72
  18164.684   324.705    19.48   27.75
  18450.108   329.888    18.16   21.72
  18735.513   332.501     9.16   16.72
  19020.899   335.390    10.12   10.57
  19306.265   335.166    -0.78    8.93
  19591.611   331.913   -11.40   10.96
  19876.938   327.308   -16.14   13.68
  20162.246   322.328   -17.45   15.14
  20447.534   317.697   -16.23   16.00
  20732.802   312.678   -17.59   16.78
  21018.051   307.898   -16.76   16.97
  21303.281   303.934   -13.90   15.76
  21588.491   300.635   -11.56   14.93
  21873.681   294.947   -19.95   16.20
  22158.852   288.368   -23.07   18.12
  22444.004   277.627   -37.67   24.21
  22729.136   264.866   -44.75   29.58
  23014.249   244.925   -69.94   40.72
  23299.342   225.046   -69.73   47.00
  23584.416   204.539   -71.93   51.45
  23869.470   178.918   -89.88   52.60
  24154.505   160.669   -64.02   52.08
  24439.520   144.739   -55.89   49.63
  24724.516   134.346   -36.47   48.80
  25009.492   123.568   -37.82   48.22
  25294.449   112.237   -39.76   47.99
  25579.387    99.530   -44.60   49.97
  25864.305    81.792   -62.26   50.43
  26149.204    62.712   -66.97   44.31
  26434.083    46.500   -56.91   35.37
  26718.943    31.741   -51.81   22.15
  27003.784    22.337   -33.01    9.40
  27288.605    19.263   -10.79    4.78
  27573.407    16.526    -9.61    4.25
  27858.189    17.219     2.43   10.16
  28142.952    24.027    23.91   23.71
  28427.696    37.924    48.80   38.67
  28712.420    60.084    77.83   56.77
  28997.125    87.723    97.08   68.47
  29281.810   123.088   124.22   72.75
  29566.476   154.039   108.73   66.98
  29851.123   177.183    81.30   52.85
  30135.751   192.179    52.69   43.48
  30423.313   200.679    29.56   41.00
  30712.222   201.601     3.19   45.61
  31001.110   194.353   -25.09   50.99
  31289.978   185.627   -30.21   52.78
  31578.824   177.783   -27.15   51.53
  31867.651   165.747   -41.67   47.08
  32156.456   158.081   -26.54   43.87
  32445.241   149.179   -30.82   39.06
  32734.005   145.697   -12.06   37.51
  33022.748   143.217    -8.59   35.33
  33311.471   140.963    -7.80   31.04
  33600.173   141.972     3.49   27.95
  33888.855   145.775    13.17   26.06
  34177.515   151.695    20.51   29.74
  34466.156   163.377    40.47   39.30
  34754.775   180.157    58.14   48.17
  35043.374   200.284    69.74   51.96
  35331.952   224.476    83.83   52.07
  35620.510   244.063    67.88   50.09
  35909.047   259.694    54.17   47.05
  36197.563   272.856    45.62   44.56
  36486.059   281.267    29.15   43.51
  36774.534   290.532    32.12   41.91
  37062.989   298.385    27.23   41.91
  37351.423   307.644    32.10   40.57
  37639.836   317.495    34.15   37.83
  37928.229   329.437    41.41   31.60
  38216.601   341.653    42.36   23.85
  38504.953   348.937    25.26   18.08
  38793.284   351.387     8.50   15.65
  39081.595   347.820   -12.38   20.28
  39369.885   338.381   -32.74   30.79
  39658.154   323.063   -53.14   40.87
  39946.403   306.609   -57.08   46.46
  40234.631   286.539   -69.63   49.09
  40522.839   264.373   -76.91   47.22
  40811.026   241.755   -78.48   41.74
  41099.193   224.039   -61.48   37.30
  41387.339   208.127   -55.22   32.55
  41675.465   196.873   -39.06   27.74
  41963.570   188.483   -29.12   22.80
  42251.655   183.334   -17.87   20.39
  42539.719   178.355   -17.28   18.35
  42827.763   174.757   -12.49   19.98
  43115.786   172.779    -6.87   19.90
  43403.789   171.747    -3.58   22.08
  43691.771   173.296     5.38   28.26
  43979.733   175.767     8.58   35.96
  44267.674   176.106     1.18   40.18
  44555.595   169.873   -21.65   44.55
  44843.495   160.202   -33.59   47.50
  45131.375   150.538   -33.57   45.78
  45419.234   153.051     8.73   47.71
  45707.073   154.023     3.38   47.76
  45994.892   155.044     3.55   47.53
  46282.690   170.495    53.69   53.88
  46570.467   191.739    73.82   61.72
  46858.225   217.618    89.93   67.87
  47145.961   246.418   100.09   75.82
  47433.678   273.346    93.59   81.12
  47721.374   295.218    76.02   74.78
  48009.049   317.136    76.19   57.21
  48296.705   325.456    28.92   47.73
  48584.339   316.434   -31.37   58.64
  48871.954   299.065   -60.39   73.70
  49159.548   273.814   -87.80   80.62
  49447.121   247.186   -92.59   80.41
  49734.674   222.113   -87.19   74.23
  50022.207   204.477   -61.33   66.66
  50309.720   185.952   -64.43   58.64
  50597.212   174.935   -38.32   54.08
  50884.684   166.515   -29.29   50.17
  51172.135   161.977   -15.78   45.03
  51459.566   159.148    -9.84   39.66
  51746.977   158.841    -1.07   34.33
  52034.367   162.075    11.25   32.65
  52321.737   168.074    20.87   34.45
  52609.087   175.931    27.34   38.56
  52896.416   185.694    33.98   42.23
  53183.725   195.308    33.46   46.04
  53471.014   203.963    30.12   49.00
  53758.283   211.830    27.39   50.94
  54045.531   223.653    41.16   51.45
  54332.759   231.148    26.10   49.69
  54619.966   237.104    20.74   46.97
  54907.153   239.521     8.42   41.06
  55194.320   241.161     5.71   37.17
  55481.467   241.020    -0.49   32.34
  55768.593   237.337   -12.83   28.62
  56055.700   232.205   -17.87   25.90
  56342.785   227.989   -14.69   25.58
  56629.851   221.669   -22.01   25.69
  56916.896   213.712   -27.72   25.88
  57203.921   203.935   -34.06   23.76
  57490.926   194.918   -31.42   20.56
  57777.911   191.115   -13.25   20.09
  58064.875   188.331    -9.70   20.51
  58351.820   186.942    -4.84   22.38
  58638.743   186.144    -2.78   25.53
  58925.647   183.618    -8.80   26.37
  59212.531   185.463     6.43   25.91
  59499.394   188.486    10.54   24.41
  59786.237   192.202    12.95   22.17
  60073.060   193.627     4.97   23.55
  60359.863   195.898     7.92   23.55
  60646.645   198.670     9.67   22.72
  60933.407   201.109     8.50   20.16
  61220.149   203.302     7.65   16.52
  61506.871   206.644    11.66   15.33
  61793.573   210.311    12.79   16.90
  62080.255   215.697    18.79   18.10
  62366.916   223.217    26.23   17.60
  62653.557   229.948    23.48   16.12
  62940.179   236.444    22.66   15.85
  63226.780   241.697    18.33   16.32
  63513.360   247.135    18.98   15.68
  63799.921   252.488    18.68   13.81
  64086.462   257.403    17.15   10.96
  64372.982   262.600    18.14    7.12
  64659.482   265.209     9.11    6.65
  64945.963   266.322     3.88    8.51
  65232.423   266.841     1.81   10.93
  65518.863   266.741    -0.35   13.15
  65805.283   265.688    -3.68   15.34
  66091.682   264.405    -4.48   17.23
  66378.062   261.712    -9.40   18.53
  66664.422   258.214   -12.21   18.11
  66950.761   252.635   -19.48   18.21
  67237.080   249.244   -11.84   18.02
  67523.380   246.584    -9.29   16.29
  67809.659   245.998    -2.05   14.15
  68095.918   247.363     4.77   13.08
  68382.157   249.994     9.19   12.21
  68668.377   253.703    12.96   10.37
  68954.576   256.434     9.54    8.31
  69240.755   257.635     4.20    7.33
  69526.914   255.983    -5.77    9.02
  69813.052   253.012   -10.38   11.71
  70099.171   248.091   -17.20   15.92
  70385.270   242.144   -20.79   20.03
  70671.349   234.844   -25.52   25.49
  70957.408   228.096   -23.59   29.04
  71243.447   219.366   -30.52   33.44
  71529.465   212.416   -24.30   37.02
  71815.464   210.983    -5.01   40.50
  72101.443   212.451     5.13   43.52
  72387.402   213.977     5.34   44.57
  72673.341   221.016    24.61   40.19
  72959.259   227.407    22.35   35.37
  73245.158   227.997     2.06   38.77
  73531.037   229.000     3.51   41.58
  73816.896   231.521     8.82   42.22
  74102.735   239.528    28.01   38.44
  74388.554   243.345    13.35   37.60
  74674.353   250.986    26.73   27.89
  74960.132   255.776    16.76   20.09
  75245.891   257.148     4.80   16.41
  75531.630   252.986   -14.57   19.33
  75817.350   247.183   -20.31   21.34
  76103.049   236.820   -36.27   24.90
  76388.728   226.618   -35.71   28.47
  76674.388   207.952   -65.34   43.68
  76960.027   183.738   -84.77   58.13
  77245.647   163.749   -69.98   59.35
  77531.247   141.180   -79.02   57.62
  77816.827   129.187   -41.99   53.49
  78102.387   118.868   -36.13   50.76
  78387.927   110.732   -28.49   50.60
  78673.447    94.995   -55.11   55.07
  78958.947    80.713   -50.02   56.32
  79244.428    69.032   -40.91   53.52
  79529.888    60.764   -28.97   47.43
  79815.329    57.100   -12.83   40.54
  80100.750    61.084    13.96   39.15
  80386.150    69.818    30.60   43.28
  80671.532    84.618    51.86   46.64
  80956.893   104.046    68.08   42.69
  81242.234   125.618    75.60   40.33
  81527.556   142.688    59.82   49.27
  81812.857   160.331    61.84   56.54
  82098.139   180.091    69.26   62.06
  82383.401   201.261    74.21   67.39
  82668.644   219.034    62.30   69.18
  82953.866   236.550    61.41   66.82
  83239.069   254.157    61.73   62.66
  83524.251   274.803    72.39   58.42
  83809.414   287.998    46.27   57.97
  84094.557   304.366    57.40   48.89
  84379.681   317.839    47.25   36.00
  84664.784   326.144    29.13   22.37
  84949.868   324.222    -6.74   21.70
  85234.932   319.721   -15.79   23.61
  85519.977   313.108   -23.20   26.39
  85805.001   303.302   -34.40   29.56
  86090.006   290.832   -43.75   35.74
  86374.991   277.405   -47.11   43.79
  86659.956   265.104   -43.16   50.22
  86944.901   247.219   -62.76   56.73
  87229.827   225.235   -77.15   53.78
  87514.733   206.929   -64.25   45.15
  87799.619   197.343   -33.64   35.74
  88084.486   194.547    -9.82   34.86
  88369.333   203.390    31.04   44.37
  88654.160   223.814    71.70   55.31
  88938.967   249.162    89.00   53.76
  89223.755   266.733    61.70   48.92
  89508.523   282.183    54.25   42.92
  89793.271   293.420    39.46   38.30
  90077.999   298.644    18.35   34.16
  90362.708   301.113     8.67   32.03
  90647.397   300.575    -1.89   33.63
  90932.067   300.946     1.30   33.15
  91216.716   302.582     5.75   32.82
  91501.347   305.998    12.00   33.86
  91785.957   307.371     4.82   35.79
  92070.548   311.935    16.04   36.70
  92358.773   316.954    17.42   35.43
  92647.724   322.679    19.81   34.45
  92936.653   333.942    38.98   32.98
  93225.562   345.135    38.74   29.75
  93514.450   353.853    30.17   27.39
  93803.316   362.233    29.01   27.66
  94092.162   372.942    37.07   27.17
  94380.986   381.877    30.93   22.93
  94669.790   388.314    22.29   18.87
  94958.573   391.046     9.46   16.51
  95247.334   389.439    -5.57   19.11
  95536.075   385.803   -12.59   21.34
  95824.794   381.097   -16.30   22.43
  96113.493   375.801   -18.34   20.86
  96402.171   370.314   -19.01   18.52
  96690.828   365.653   -16.15   16.79
  96979.463   363.856    -6.22   17.56
  97268.078   362.860    -3.45   19.83
  97556.672   358.575   -14.85   22.86
  97845.245   351.483   -24.57   25.27
  98133.797   343.530   -27.56   26.10
  98422.328   332.824   -37.10   25.48
  98710.839   324.930   -27.36   23.96
  98999.328   318.048   -23.85   21.48
  99287.796   311.565   -22.47   18.07
  99576.244   308.126   -11.92   15.14
  99864.670   310.601     8.58   16.27
 100153.076   314.627    13.96   19.27
 100441.461   320.210    19.36   22.07
 100729.825   327.405    24.95   23.76
 101018.168   331.053    12.65   22.12
 101306.490   333.224     7.53   20.25
 101594.791   331.670    -5.39   17.20
 101883.072   329.837    -6.36   12.74
 102171.331   331.644     6.27   12.18
 102459.570   336.601    17.20   15.11
 102747.788   342.920    21.92   19.18
 103035.985   351.865    31.04   23.49
 103324.161   365.635    47.78   28.23
 103612.316   378.696    45.32   33.20
 103900.451   395.024    56.67   36.57
 104188.564   408.825    47.90   35.62
 104476.657   418.769    34.51   31.03
 104764.729   423.653    16.95   26.16
 105052.780   423.868     0.75   24.74
 105340.811   416.334   -26.16   27.80
 105628.820   406.707   -33.42   26.04
 105916.809   394.091   -43.80   23.29
 106204.777   386.270   -27.16   20.94
 106492.725   380.896   -18.66   19.66
 106780.651   380.409    -1.69   17.63
 107068.557   380.278    -0.46   17.93
 107356.442   382.892     9.08   17.09
 107644.306   387.187    14.92   17.09
 107932.149   392.704    19.17   16.80
 108219.972   397.444    16.47   15.09
 108507.774   402.548    17.73   13.95
 108795.555   403.995     5.03   13.72
 109083.315   400.331   -12.73   17.36
 109371.055   392.118   -28.54   26.25
 109658.774   379.832   -42.70   34.82
 109946.472   360.867   -65.91   41.93
 110234.150   340.388   -71.18   46.93
 110521.807   322.791   -61.17   47.33
 110809.443   308.352   -50.19   48.28
 111097.058   297.385   -38.13   48.67
 111384.653   291.811   -19.38   50.42
 111672.227   290.815    -3.46   55.65
 111959.780   288.454    -8.21   59.85
 112247.313   289.434     3.41   63.64
 112534.825   286.019   -11.88   66.54
 112822.316   291.273    18.28   71.67
 113109.787   295.351    14.18   71.76
 113397.237   292.892    -8.55   67.21
 113684.666   282.912   -34.72   62.05
 113972.075   270.582   -42.90   62.78
 114259.463   254.291   -56.68   65.39
 114546.830   234.118   -70.19   64.29
 114834.177   215.198   -65.84   58.11
 115121.503   204.921   -35.76   52.97
 115408.809   198.920   -20.89   51.81
 115696.094   201.273     8.19   56.35
 115983.358   210.025    30.46   61.74
 116270.602   212.626     9.06   61.32
 116557.825   215.733    10.81   54.93
 116845.027   228.023    42.79   50.21
 117132.209   243.041    52.29   51.99
 117419.370   261.224    63.32   61.90
 117706.511   279.945    65.19   67.58
 117993.631   302.575    78.81   63.64
 118280.730   325.360    79.36   47.32
 118567.809   338.858    47.02   31.67
 118854.868   346.153    25.41   25.86
 119141.906   344.432    -6.00   29.76
 119428.923   336.018   -29.31   34.17
 119715.920   323.722   -42.84   39.65
 120002.896   312.474   -39.19   46.80
 120289.851   299.653   -44.68   53.92
 120576.787   278.360   -74.20   58.30
 120863.701   251.870   -92.32   60.73
 121150.595   229.590   -77.65   61.34
 121437.469   205.421   -84.24   67.28
 121724.322   189.977   -53.83   69.84
 122011.154   180.357   -33.54   76.71
 122297.966   172.792   -26.38   83.10
 122584.758   163.305   -33.08   87.64
 122871.529   155.538   -27.08   88.54
 123158.279   151.926   -12.59   87.49
 123445.009   139.061   -44.86   78.98
 123731.719   122.064   -59.28   68.69
 124018.408   107.332   -51.38   58.46
 124305.076   102.696   -16.17   55.00
 124591.725    96.757   -20.72   49.37
 124878.352    91.522   -18.26   48.37
 125164.959    87.253   -14.89   49.57
 125451.546    83.821   -11.97   47.53
 125738.113    83.259    -1.96   45.98
 126024.658    81.983    -4.45   44.45
 126311.184    81.266    -2.50   46.27
 126597.689    83.171     6.65   48.80
 126884.173    90.179    24.46   56.83
 127170.638    95.892    19.94   65.46
 127457.081   105.748    34.40   78.21
 127743.505   111.792    21.10   85.83
 128029.908   118.548    23.59   90.80
 128316.290   124.291    20.05   93.12
 128602.652   127.757    12.10   95.28
 128888.994   128.635     3.07   95.30
 129175.315   118.671   -34.80   89.68
 129461.616   115.815    -9.97   88.44
 129747.897   110.178   -19.69   86.06
 130034.157    97.794   -43.26   79.85
 130320.397    84.257   -47.29   72.22
 130606.617    78.357   -20.61   65.58
 130892.816    76.598    -6.14   62.62
