# NaN NaN NaN ;Mean Elev.(m), Avg Gradient(m/km), RMS Gradient(m/km) - SRTM1     
#   55.821  -7.144  14.694 ;Mean Elev.(m), Avg Gradient(m/km), RMS Gradient(m/km) - ASTER GDEM
#   53.109  -7.881  16.716 ;Mean Elev.(m), Avg Gradient(m/km), RMS Gradient(m/km) - GMTED2010 
   1 129.629729  63.251377    76.023    76.054  3 54662.13689742 50.906
   2 129.644196  63.255718   140.357   140.023  9 54672.05254435 19.836
   3 129.647145  63.257835    -3.557    -4.677  8 54681.96818850  7.098
   4 129.650384  63.258961   140.492   141.272  9 54691.88383134 25.202
   5 129.645234  63.256574    -3.078    -3.930  9 54701.79947067  7.909
   6 129.643177  63.254295   141.029   141.058 10 54711.71511782 26.614
   7 129.645051  63.253680     5.684     4.367 10 54721.63076896  7.554
  10 129.645097  63.255704   141.395   141.742 10 54751.37771152 16.955
  11 129.636527  63.253700   139.416   139.530  6 54761.29335728 25.634
  12 129.646965  63.254849   139.823   140.313 10 54771.20900266 19.401
  13 129.642784  63.252674   124.934   125.537  9 54781.12464322 14.315
  14 129.646374  63.252819   136.015   136.612  8 54791.04028209  0.453
  17 129.632604  63.251339   133.648   133.743  3 54820.78719545  0.357
  21 129.679146  63.267121    77.237    77.021  4 54860.44978962 17.605
  22 129.677829  63.267788    77.267    77.367  3 54870.36543829 16.767
  23 129.680860  63.267147    77.651    77.698  3 54880.28108595 16.989
  24 129.676891  63.263386    76.573    76.298  3 54890.19672945 17.442
  25 129.681388  63.262272    76.892    76.141  3 54900.11237089 17.279
  26 129.663047  63.258394    75.489    75.624  6 54910.02800781 16.298
  27 129.671636  63.261875    76.085    76.853  5 54919.94364661 15.185
  28 129.651397  63.257686    75.973    75.293  9 54929.85928162 15.220
  29 129.674486  63.261092    76.538    77.276  5 54939.77492026 14.590
  30 129.648239  63.252280   138.369   137.459  8 54949.69055159 10.578
  31 129.660576  63.253537   141.705   141.747  8 54959.60619125  6.503
  32 129.646744  63.251689   142.257   142.574  9 54969.52183836 26.981
  33 129.648575  63.254257   141.798   142.279 10 54979.43748623 26.528
  34 129.647693  63.255681    79.191    79.175 10 54989.35313362 54.226
  35 129.686485  63.264831    78.889    78.889  2 54999.26878543 27.815
  36 129.637996  63.253761   146.831   146.019  5 55009.18442551  1.603
  37 129.683912  63.264444    77.533    77.536  3 55019.10007454 29.913
  38 129.644539  63.256770   141.294   141.562 10 55029.01571262 27.692
  39 129.660865  63.261972   141.398   140.783  8 55038.93135644  7.662
  40 129.645214  63.258544   141.026   140.692  6 55048.84699522  3.266
  41 129.678520  63.263946    75.736    75.725  5 55058.76263727 52.760
  42 129.672757  63.259421    77.479    77.095  9 55068.67827526 26.601
  44 129.680800  63.260678    75.812    75.808  4 55088.50957366 50.414
  45 129.646771  63.255317   138.125   141.462 10 55098.42521633 12.022
  46 129.678601  63.264293    77.316    78.156  5 55108.34086593 26.570
  47 129.645144  63.255840   139.961   140.255 10 55118.25650691 11.257
  48 129.651166  63.254681   147.637   147.637  2 55128.17214984 25.463
  49 129.653432  63.253287   123.662   124.146 11 55138.08779022 17.170
  50 129.650711  63.253044   124.847   125.487  9 55148.00342859  9.162
  51 129.645423  63.253907   127.406   126.673 10 55157.91906619  5.430
  52 129.645215  63.255420   126.378   126.388  9 55167.83470412  4.889
  53 129.647168  63.255812   129.596   127.843 10 55177.75034150  3.143
  54 129.647083  63.254852   127.105   127.398 11 55187.66598561  3.580
  55 129.643714  63.254530   128.502   127.236 10 55197.58163607  2.962
  56 129.642524  63.256074   129.263   128.890  9 55207.49728590  2.174
  57 129.649685  63.259790   131.940   131.758  7 55217.41293618  1.111
  58 129.647949  63.259965   132.246   132.595  4 55227.32858466  0.430
  59 129.681238  63.265836    73.561    73.562  4 55237.24423412 23.659
  60 129.680545  63.262582    73.537    73.529  4 55247.15987610 22.565
  61 129.680325  63.260552    73.527    73.536  4 55257.07551567 22.624
  62 129.672997  63.259388    73.603    73.575  7 55266.99115365 20.737
  63 129.680392  63.263079    73.546    73.541  4 55276.90679282 20.471
  64 129.673352  63.262175    73.528    73.553  6 55286.82242909 20.063
  65 129.649804  63.255100    74.017    73.964  9 55296.73806102 17.869
  66 129.649768  63.252469    73.863    74.006 10 55306.65370143 16.350
  67 129.648387  63.251132   138.641   139.357  8 55316.56934785 11.519
  68 129.649930  63.252653   136.176   136.121 10 55326.48499359 17.154
  69 129.646640  63.254400   129.568   128.441 10 55336.40063792 14.987
  70 129.685312  63.265237    78.905    78.905  2 55346.31628653 28.054
  71 129.649342  63.257388   147.517   143.414  7 55356.23192520  2.951
  72 129.684461  63.264910    78.394    78.741  3 55366.14756983 24.280
  73 129.679595  63.263230    77.211    77.211  2 55376.06320840 24.242
  74 129.644723  63.255455   140.999   142.061 10 55385.97884261 23.424
  75 129.685344  63.265144    76.732    76.732  2 55395.89448450 33.745
  76 129.678666  63.263444    74.871    74.799  5 55405.81012445 50.958
  77 129.676249  63.262108    75.667    75.594  6 55415.72577538 35.113
  78 129.648046  63.253768   139.555   140.296  9 55425.64142002 26.539
  79 129.646175  63.252007   138.267   137.974  9 55435.55706510 25.624
  81 129.676947  63.261464    76.233    75.724  5 55455.38835632 29.310
  82 129.644803  63.255502   138.524   140.881 10 55465.30399544 19.535
  83 129.685785  63.263998    78.262    78.262  2 55475.21963975 23.585
  84 129.646432  63.252551   138.902   139.205  9 55485.13527171 18.696
  85 129.647962  63.250875   138.646   139.126  8 55495.05090620 18.528
  86 129.652263  63.252133   124.465   123.628  9 55504.96654027 18.310
  87 129.642583  63.252771   125.121   125.929  9 55514.88218976  8.930
  88 129.647375  63.256281   126.722   126.122 10 55524.79784010  2.456
  89 129.634912  63.254375   130.831   130.991  4 55534.71348643  0.463
  90 129.630934  63.253245   128.061   128.069  5 55544.62913168  0.393
  91 129.644638  63.256354    76.905    75.324  9 55554.54477709 18.328
  92 129.645517  63.257170    75.323    74.316 10 55564.46042018 18.498
  93 129.645241  63.257265    75.214    74.369 10 55574.37606251 18.254
  94 129.644382  63.255950    75.006    74.060  9 55584.29170317 17.998
  95 129.645207  63.253993    77.230    75.479 10 55594.20734051 17.356
  96 129.651575  63.253299    74.981    74.663 10 55604.12297513 17.671
  97 129.649766  63.251753    75.168    74.563  9 55614.03860677 16.880
  98 129.653770  63.253039    76.531    74.993 11 55623.95424518 16.046
  99 129.646781  63.253154    76.963    75.564 10 55633.86989711 14.765
 100 129.645437  63.253578    77.548    75.352 10 55643.78554733 14.822
 101 129.679465  63.261075    74.903    74.673  4 55653.70119862 16.865
 102 129.679489  63.260042    76.278    76.211  4 55663.61684156 15.083
 103 129.646568  63.252253    74.562    73.958  9 55673.53247792 17.727
 104 129.674979  63.259471    76.879    76.699  6 55683.44811989 28.527
 105 129.648125  63.254492   141.991   140.900  9 55693.36375431  5.357
 106 129.686124  63.263853    78.309    78.309  2 55703.27939456 28.763
 107 129.636642  63.253010   140.179   139.627  7 55713.19503355 22.776
 108 129.643312  63.255146   141.891   142.307  9 55723.11068369 19.347
 109 129.643625  63.255916   141.446   142.166  9 55733.02633110 25.966
 110 129.646231  63.257025   143.264   144.185  9 55742.94197744  2.340
 111 129.679717  63.264486    75.218    75.261  5 55752.85762585 47.804
 112 129.647915  63.255710    74.637    74.670 10 55762.77326442 43.112
 113 129.647658  63.253731    74.568    74.548  9 55772.68890373 46.840
 114 129.641302  63.250680   142.371   142.753  6 55782.60453891  6.116
 115 129.646628  63.251675   142.334   142.644  9 55792.52017305 12.651
 116 129.662240  63.255651    76.259    75.895  6 55802.43580903 26.687
 118 129.680109  63.260928    75.816    75.797  4 55822.26710972 26.721
 119 129.691057  63.262426    75.151    75.151  2 55832.18275450 38.169
 121 129.653668  63.253095   139.103   139.158 11 55852.01402535 16.800
 122 129.646442  63.252660   139.635   140.654  9 55861.92965847 22.402
 123 129.644236  63.254505   138.694   138.852  9 55871.84531280 14.084
 124 129.643265  63.255099   124.671   125.091 10 55881.76096253 11.946
 125 129.645471  63.255407   124.218   123.736  9 55891.67660596  7.861
 126 129.640311  63.253838   145.037   145.115  8 55901.59224280  4.864
 127 129.644880  63.254934   140.920   140.704  9 55911.50787718  1.376
 128 129.639901  63.255490   141.612   142.064  5 55921.42353137  1.301
 129 129.646223  63.256917   126.142   125.165 11 55931.33918406  4.131
 130 129.640865  63.253808   126.935   125.540  8 55941.25483122  4.458
 131 129.648386  63.253268   125.973   125.529  9 55951.17047530  2.396
 132 129.648186  63.252532   128.632   127.631  9 55961.08611482  1.347
 133 129.642338  63.252191   128.718   129.596  7 55971.00175154  0.940
 134 129.638233  63.252434   130.128   130.623  6 55980.91738726  1.150
 135 129.642868  63.252893   130.518   131.513  4 55990.83302263  0.676
 136 129.683356  63.261060    75.591    75.489  4 56000.74867220 19.684
 137 129.681288  63.259646    73.090    73.109  3 56010.66432220 19.949
 139 129.675383  63.260240    74.035    73.091  5 56030.49561168 19.675
 140 129.645422  63.255522    73.147    73.210 10 56040.41125011 34.949
 141 129.645952  63.256503    73.993    73.368 11 56050.32688973 27.905
 142 129.631713  63.252767   140.685   141.575  5 56060.24252489 26.916
 143 129.645154  63.254282   143.913   144.075 10 56070.15816267 24.933
 144 129.686157  63.264164    78.968    78.968  2 56080.07381830 28.054
 145 129.645482  63.256158   140.645   144.517  9 56089.98946197 14.992
 146 129.680511  63.265397    77.726    77.528  3 56099.90511173 28.389
 147 129.647386  63.257259   142.308   142.499 10 56109.82073951 16.386
 148 129.650018  63.255277    77.965    77.934  8 56119.73637967 54.155
 149 129.647589  63.251609   140.767   141.545  8 56129.65201556 19.038
 150 129.652180  63.251229   142.530   141.862  9 56139.56764927 26.811
 151 129.650742  63.253264   140.605   140.607 10 56149.48329913 25.768
 152 129.646658  63.255007   139.796   139.625 10 56159.39894808 15.575
 153 129.682540  63.264009    76.423    75.677  3 56169.31460008 27.943
 154 129.648650  63.254659   145.906   142.464 10 56179.23024055  6.019
 155 129.639599  63.250521   131.630   135.329  4 56189.14587954  8.789
 158 129.680718  63.262697    76.230    75.968  4 56218.89278815 28.226
 159 129.645781  63.256366   138.073   138.055 11 56228.80843104 12.894
 160 129.648428  63.256939   134.655   137.101  9 56238.72408513  2.608
 161 129.647580  63.256063   135.251   135.144  7 56248.63973490  1.320
 162 129.631124  63.251840   133.017   132.770  4 56258.55537806  1.227
 163 129.631919  63.252856   130.420   130.406  4 56268.47102033  1.419
 164 129.631749  63.253490   130.240   130.130  4 56278.38666079  1.673
 165 129.644489  63.256616    84.543    85.856 10 56288.30231166 16.832
 166 129.631431  63.251717   128.858   128.846  5 56298.21795895  1.566
 167 129.626046  63.248155   129.092   129.092  2 56308.13360313  0.742
 170 129.645567  63.255325    89.877    86.383  9 56337.88052895 13.243
 173 129.679707  63.259782    76.511    76.407  4 56367.62745525 17.516
 176 129.675060  63.264211    77.761    78.772  5 56397.37439258 14.482
 177 129.649149  63.259340    78.024    78.026  7 56407.29003097 17.073
 178 129.686604  63.266752    72.859    72.859  2 56417.20567249 38.514
 179 129.639667  63.253501   145.858   145.376  8 56427.12129957 22.038
 181 129.647269  63.256348   141.358   141.454 10 56446.95260403 25.885
 182 129.650127  63.258372   140.875   141.152  9 56456.86825371 23.102
 184 129.656456  63.257776   106.510   106.510  2 56476.69954230 20.405
 185 129.649881  63.253620   141.390   141.600 10 56486.61517971 17.432
 186 129.691407  63.261930    78.451    78.451  2 56496.53082009 24.070
 187 129.652989  63.253755   142.189   142.925 11 56506.44645021 16.143
 188 129.647285  63.253684   143.801   143.538  9 56516.36208429 10.081
 189 129.685359  63.263779    76.696    76.696  2 56526.27774340 25.790
 190 129.687475  63.263803    78.302    78.302  2 56536.19339412 22.733
 192 129.651180  63.254764   135.264   138.421 10 56556.02468059 11.429
 193 129.658095  63.258033   109.207   109.207  2 56565.94032423 24.198
 194 129.654324  63.259223   107.877   107.877  2 56575.85596533 23.845
 195 129.646553  63.257995   138.977   139.207  8 56585.77160261 14.358
 196 129.645890  63.256633   139.134   139.433 11 56595.68724004 13.349
 197 129.644604  63.255768   125.184   125.821  9 56605.60289228  8.682
 198 129.640973  63.254512   126.406   125.993  8 56615.51853946  6.668
 200 129.678456  63.263284   126.286   126.286  2 56635.34982909  1.090
 202 129.625639  63.249862   128.771   128.639  3 56655.18111427  0.108
 204 129.648277  63.253678    87.504    85.377 10 56675.01241073 16.395
 205 129.645169  63.254000    87.755    86.212 10 56684.92805498 15.489
 206 129.646060  63.255339    77.206    74.880 11 56694.84369763 17.337
 207 129.646385  63.255329    78.493    76.388 11 56704.75933563 16.382
 208 129.645235  63.253532    77.381    75.583 10 56714.67496790 16.005
 209 129.659366  63.256904    79.772    78.288  8 56724.59062080  9.725
 210 129.647014  63.255245    76.944    75.291 11 56734.50626957 16.519
 211 129.643968  63.256626    74.861    75.529 10 56744.42191618 15.957
 212 129.680911  63.266349    72.539    72.514  4 56754.33756298 18.450
 213 129.650214  63.258883    77.669    77.912  9 56764.25319645 15.432
 214 129.644294  63.255997    74.475    73.656 10 56774.16883138 29.559
 215 129.637006  63.254660   143.589   143.317  6 56784.08448774 25.663
 216 129.645863  63.257335   143.341   142.159 10 56794.00014227 27.449
 217 129.650747  63.259081   140.344   140.616  9 56803.91579304 25.652
 218 129.646733  63.257533   140.596   140.676  9 56813.83143520 15.979
 219 129.643838  63.255345   140.456   140.691  9 56823.74707389 26.136
 220 129.645188  63.253837    78.153    78.225 10 56833.66270899 26.237
 221 129.679676  63.260341    76.055    75.994  4 56843.57834450 37.370
 222 129.679189  63.260629    76.404    76.410  4 56853.49398676 47.136
 223 129.655711  63.256754   112.899   112.899  2 56863.40963826 27.497
 224 129.661289  63.259086    75.523    75.234  6 56873.32529246 25.401
 225 129.672574  63.261919    75.481    74.937  7 56883.24094407 26.414
 226 129.649753  63.256668   145.360   142.352  9 56893.15658835 11.131
 227 129.674867  63.262783    75.722    75.288  5 56903.07223491 31.180
 228 129.643709  63.257049   139.670   139.907  9 56912.98787318 12.786
 229 129.661013  63.262008   140.860   141.150  8 56922.90351520 11.930
 231 129.643088  63.256360   140.738   142.864  9 56942.73478288 11.922
 232 129.643476  63.255322   141.414   142.515  9 56952.65042731 11.256
 233 129.647190  63.256208   123.753   123.993 10 56962.56607842 12.199
 234 129.633196  63.253631   133.547   132.672  5 56972.48172276  0.897
 235 129.633255  63.253824   130.640   130.604  5 56982.39736449  0.701
 237 129.631006  63.249517   127.851   127.790  3 57002.22863514  1.027
 238 129.649293  63.253358    86.841    84.572  9 57012.14429444 15.731
 239 129.647807  63.253453    82.070    86.273  9 57022.05994581 14.726
 240 129.643554  63.254202    76.333    75.950  9 57031.97559415 17.003
 241 129.645491  63.255955    79.510    76.281  9 57041.89124105 15.986
 242 129.643771  63.255711    76.014    75.777  9 57051.80688528 15.867
 243 129.646276  63.254911    78.134    75.674 11 57061.72252557 14.242
 244 129.647589  63.253959    76.806    75.305 10 57071.63816034 13.854
 245 129.647570  63.253913    77.825    76.005 10 57081.55379093 14.054
 246 129.643837  63.255224    76.215    75.541  9 57091.46943448 14.029
 247 129.680235  63.266419    77.940    77.886  4 57101.38509641 14.266
 248 129.681082  63.267277    78.282    78.333  3 57111.30075078 12.505
 249 129.679998  63.265475    78.050    78.111  3 57121.21639895 12.403
 250 129.673212  63.262120    77.094    77.470  6 57131.13204074 13.376
 251 129.647349  63.255669    78.070    78.314 10 57141.04767531 11.093
 252 129.646110  63.255926   139.209   139.462 11 57150.96330941  6.434
 253 129.645135  63.255424   143.063   143.258 10 57160.87894022 27.366
 254 129.647049  63.255555   138.506   141.452 10 57170.79459506 16.945
 255 129.647243  63.254122   142.278   142.256 10 57180.71024992 16.810
 256 129.651325  63.253946   142.266   142.474 10 57190.62590133 25.498
 257 129.641396  63.252433   140.520   140.186  5 57200.54154807  6.293
 258 129.646805  63.255590   141.066   140.866 11 57210.45718305 26.399
 259 129.631714  63.253506   140.422   139.884  4 57220.37282549  2.320
 260 129.675245  63.263084    74.947    74.929  6 57230.28847329 48.651
 261 129.638836  63.253526   137.808   138.245  7 57240.20410959  8.718
 262 129.647022  63.254198   139.222   140.172 10 57250.11974814 18.038
 263 129.671339  63.260146    74.655    74.265  7 57260.03538642 29.120
 264 129.645429  63.255680    73.789    73.783  9 57269.95101776 38.431
 265 129.660015  63.261413    73.610    73.542  8 57279.86667240 46.882
 266 129.661757  63.262321   138.979   139.609  8 57289.78232815 20.760
 267 129.645232  63.257268   138.566   138.486 10 57299.69797874 15.582
 268 129.646005  63.255524   138.482   138.992 11 57309.61362760 20.117
 269 129.646099  63.255278   141.777   143.392 11 57319.52927312 11.744
 270 129.645219  63.256323   125.214   126.086  9 57329.44491581  8.994
 271 129.644439  63.257410   127.091   126.067  7 57339.36055636  5.688
 272 129.644806  63.257310   129.267   128.540  7 57349.27620586  3.063
 273 129.644315  63.254869   131.793   131.866  9 57359.19185140  1.177
 274 129.641068  63.251650   128.260   127.504  7 57369.10749339  2.032
 275 129.651324  63.253778    78.066    74.931 10 57379.02313445 20.966
 276 129.643583  63.253784    78.873    73.966 10 57388.93877218 19.721
 277 129.643100  63.255116    77.159    74.319 10 57398.85440975 19.113
 278 129.643608  63.254800    75.289    74.091  9 57408.77004667 18.644
 279 129.646444  63.254720    75.434    75.458 10 57418.68569981 18.497
 280 129.646394  63.254439    77.422    74.989 11 57428.60135009 17.758
 281 129.645419  63.255710    75.766    75.773 10 57438.51699803 17.329
 282 129.649326  63.259091    75.426    73.839  7 57448.43264540 17.580
 283 129.661778  63.263522    76.359    76.136  8 57458.34829246 17.423
 284 129.661058  63.262580    75.590    75.910  8 57468.26393494 17.714
 285 129.644847  63.256042    76.402    76.290 10 57478.17957144 14.430
 286 129.646543  63.253818    76.207    75.849 10 57488.09520682 13.671
 287 129.650170  63.253545    77.499    77.269 10 57498.01084045  9.684
 289 129.645445  63.255569    74.957    75.077 10 57517.84213627 43.162
 290 129.644886  63.255722   140.562   140.608  9 57527.75778939 21.608
 291 129.645338  63.254147   141.352   141.369 10 57537.67343965 25.397
 292 129.646713  63.253012   142.602   142.800 10 57547.58908743 24.939
 293 129.646387  63.253082   142.535   142.967 10 57557.50473376 21.395
 294 129.686840  63.264267    77.702    77.702  2 57567.42038388 24.792
 295 129.682539  63.265063    77.541    77.521  4 57577.33602822 24.315
 296 129.644389  63.256801   140.918   140.556  9 57587.25166735 15.872
 297 129.643087  63.255653   141.607   141.640  8 57597.16730813  4.765
