# NaN NaN NaN ;Mean Elev.(m), Avg Gradient(m/km), RMS Gradient(m/km) - SRTM1     
#  126.357 -14.236  20.722 ;Mean Elev.(m), Avg Gradient(m/km), RMS Gradient(m/km) - ASTER GDEM
#  138.356  -5.133  22.234 ;Mean Elev.(m), Avg Gradient(m/km), RMS Gradient(m/km) - GMTED2010 
   1   140.290 54661.36291764 19.39 119.172708  60.063372 12.097 -100.00 -100.00 -100.00
   1   140.195 54661.36291823 16.45 119.176897  60.061782  8.052 -100.00 -100.00 -100.00
   1   139.828 54661.36291882 14.56 119.181086  60.060192  5.687 -100.00 -100.00 -100.00
   2   133.400 54671.27856269 41.69 119.170183  60.063529 23.155 -100.00 -100.00 -100.00
   2   133.113 54671.27856328 47.09 119.174372  60.061939   -100 -100.00 -100.00 -100.00
   2   132.974 54671.27856387 51.98 119.178561  60.060350  4.333 -100.00 -100.00 -100.00
   4   133.259 54691.10984899 36.12 119.170429  60.065518 26.114 -100.00 -100.00 -100.00
   4   133.185 54691.10984958 39.88 119.174618  60.063929   -100 -100.00 -100.00 -100.00
   4   133.421 54691.10985017 51.11 119.178807  60.062339  3.459 -100.00 -100.00 -100.00
   4   133.394 54691.10985076 54.50 119.182996  60.060749 27.464 -100.00 -100.00 -100.00
   8   140.715 54730.77243649 21.54 119.168513  60.060253  6.911 -100.00 -100.00 -100.00
   8   140.322 54730.77243708 20.97 119.172701  60.058664  7.209 -100.00 -100.00 -100.00
   8   139.628 54730.77243767 20.91 119.176889  60.057074  7.317 -100.00 -100.00 -100.00
  10   140.645 54750.60373003 25.25 119.166251  60.059873  8.135 -100.00 -100.00 -100.00
  10   140.070 54750.60373062 24.37 119.170440  60.058283  7.083 -100.00 -100.00 -100.00
  10   139.772 54750.60373121 24.18 119.174628  60.056694  6.177 -100.00 -100.00 -100.00
  11   133.776 54760.51937672 35.76 119.167168  60.059969 14.446 -100.00 -100.00 -100.00
  11   131.388 54760.51937731 48.16 119.171357  60.058379   -100 -100.00 -100.00 -100.00
  11   131.253 54760.51937790 52.88 119.175545  60.056789  4.059 -100.00 -100.00 -100.00
  12   130.285 54770.43502101 38.83 119.167484  60.059808 31.465 -100.00 -100.00 -100.00
  12   130.629 54770.43502160 51.41 119.171673  60.058218   -100 -100.00 -100.00 -100.00
  12   130.338 54770.43502219 52.96 119.175861  60.056628 28.298 -100.00 -100.00 -100.00
  13   130.408 54780.35066180 36.89 119.165755  60.060162   -100 -100.00 -100.00 -100.00
  13   130.324 54780.35066239 38.57 119.169945  60.058572   -100 -100.00 -100.00 -100.00
  13   130.161 54780.35066298 38.74 119.174134  60.056982   -100 -100.00 -100.00 -100.00
  14   140.410 54790.26630048 25.70 119.166775  60.059518 21.612  252.24  248.58  243.74
  14   139.735 54790.26630107 26.14 119.170964  60.057928 27.767  252.24  248.58  243.74
  14   130.411 54790.26630166 26.56 119.175153  60.056338 28.310  252.24  248.58  243.74
  15   140.455 54800.18193808 20.50 119.168228  60.059893 12.745 -100.00 -100.00 -100.00
  15   140.077 54800.18193867 21.67 119.172417  60.058303 16.573 -100.00 -100.00 -100.00
  15   139.169 54800.18193926 21.53 119.176606  60.056713 16.584 -100.00 -100.00 -100.00
  16   140.333 54810.09757575 20.46 119.169904  60.061153 15.803  246.18  240.99  231.61
  16   140.045 54810.09757634 17.71 119.174093  60.059564 10.223  246.18  240.99  231.61
  16   139.304 54810.09757693 18.47 119.178282  60.057974 11.859  246.18  240.99  231.61
  17   140.446 54820.01321458 17.90 119.170154  60.063354 11.619  241.85  235.54  223.32
  17   140.064 54820.01321517 17.10 119.174343  60.061764 10.229  241.85  235.54  223.32
  17   139.324 54820.01321576 18.17 119.178532  60.060174 15.440  241.85  235.54  223.32
  18   140.556 54829.92886727 14.58 119.172023  60.062491  6.682  248.73  243.47  231.65
  18   140.056 54829.92886786 14.39 119.176212  60.060901  7.670  248.73  243.47  231.65
  18   139.599 54829.92886845 13.41 119.180401  60.059311  6.511  248.73  243.47  231.65
  19   140.852 54839.84450571 13.89 119.168141  60.063152  7.515  245.41  238.66  224.68
  19   140.375 54839.84450630 14.29 119.172330  60.061562  7.750  245.41  238.66  224.68
  19   139.924 54839.84450689 13.96 119.176519  60.059973  7.444  245.41  238.66  224.68
  20   140.719 54849.76015521 14.42 119.170439  60.061572  9.780 -100.00 -100.00 -100.00
  20   140.157 54849.76015580 13.61 119.174628  60.059983  7.581 -100.00 -100.00 -100.00
  20   139.857 54849.76015639 13.12 119.178816  60.058393  7.225 -100.00 -100.00 -100.00
  21   140.646 54859.67580368 13.18 119.170110  60.061920  7.696 -100.00 -100.00 -100.00
  21   140.330 54859.67580427 12.52 119.174298  60.060330  6.324 -100.00 -100.00 -100.00
  21   139.985 54859.67580486 12.76 119.178486  60.058740  6.271 -100.00 -100.00 -100.00
  22   140.945 54869.59145196 11.98 119.168055  60.063156  6.767 -100.00 -100.00 -100.00
  22   140.594 54869.59145255 11.81 119.172243  60.061567  6.507 -100.00 -100.00 -100.00
  22   140.058 54869.59145314 11.78 119.176432  60.059976  5.768 -100.00 -100.00 -100.00
  23   140.825 54879.50709977 11.83 119.169574  60.061954  8.019 -100.00 -100.00 -100.00
  23   140.630 54879.50710036 11.16 119.173763  60.060364  6.105 -100.00 -100.00 -100.00
  23   139.868 54879.50710095 10.59 119.177951  60.058774  5.900 -100.00 -100.00 -100.00
  24   140.840 54889.42274407 12.65 119.167469  60.061054  9.048 -100.00 -100.00 -100.00
  24   140.434 54889.42274466 12.55 119.171658  60.059464  7.862 -100.00 -100.00 -100.00
  24   140.140 54889.42274525 11.02 119.175846  60.057874  5.688 -100.00 -100.00 -100.00
  25   141.150 54899.33838520 12.23 119.164593  60.059810  7.314 -100.00 -100.00 -100.00
  25   140.800 54899.33838579 12.75 119.168782  60.058221  7.021 -100.00 -100.00 -100.00
  25   140.416 54899.33838638 11.40 119.172970  60.056631  5.570 -100.00 -100.00 -100.00
  26   140.804 54909.25402465 12.88 119.166965  60.058109 12.041 -100.00 -100.00 -100.00
  26   140.406 54909.25402524 12.12 119.171154  60.056520 12.216 -100.00 -100.00 -100.00
  27   141.028 54919.16966219 11.61 119.166030  60.059626  8.897 -100.00 -100.00 -100.00
  27   140.636 54919.16966278 13.11 119.170219  60.058036 14.451 -100.00 -100.00 -100.00
  27   140.215 54919.16966337 12.13 119.174407  60.056446 11.683 -100.00 -100.00 -100.00
  30   130.668 54948.91657174 40.82 119.169000  60.061124 10.080 -100.00 -100.00 -100.00
  30   130.720 54948.91657233 41.07 119.173189  60.059535  8.641 -100.00 -100.00 -100.00
  30   130.847 54948.91657292 41.04 119.177377  60.057945  9.936 -100.00 -100.00 -100.00
  31   137.764 54958.83220903 39.77 119.168863  60.060896   -100  262.77  260.86  259.92
  31   137.790 54958.83220962 38.67 119.173051  60.059307   -100  262.77  260.86  259.92
  31   137.582 54958.83221021 33.42 119.177240  60.057717   -100  262.77  260.86  259.92
  32   133.302 54968.74785720 44.20 119.165733  60.061705 29.537 -100.00 -100.00 -100.00
  32   132.919 54968.74785779 48.13 119.169922  60.060116  3.758 -100.00 -100.00 -100.00
  32   133.050 54968.74785838 45.43 119.174111  60.058527   -100 -100.00 -100.00 -100.00
  33   135.573 54978.66350470 46.01 119.167602  60.061806 29.951  266.45  266.35  266.75
  33   135.167 54978.66350530 47.91 119.171790  60.060216   -100  266.45  266.35  266.75
  33   135.303 54978.66350589 52.07 119.175979  60.058627   -100  266.45  266.35  266.75
  35   137.712 54998.49479928 32.28 119.168076  60.062404 15.435  278.20  277.70  276.74
  35   137.467 54998.49479987 29.94 119.172265  60.060814 12.294  278.20  277.70  276.74
  35   137.851 54998.49480046 31.28 119.176453  60.059224 14.002  278.20  277.70  276.74
  36   140.726 55008.41044514 21.93 119.169987  60.061535 16.239  279.36  278.52  278.50
  36   140.284 55008.41044573 20.41 119.174176  60.059945 11.884  279.36  278.52  278.50
  36   139.811 55008.41044632 19.39 119.178364  60.058356 11.960  279.36  278.52  278.50
  37   133.951 55018.32608874 38.90 119.169393  60.061952   -100  280.57  279.46  279.96
  37   134.481 55018.32608933 44.88 119.173582  60.060362   -100  280.57  279.46  279.96
  37   134.292 55018.32608992 54.84 119.177770  60.058772  0.936  280.57  279.46  279.96
  38   133.318 55028.24173088 43.19 119.168417  60.063248   -100 -100.00 -100.00 -100.00
  38   133.591 55028.24173147 41.42 119.172606  60.061659   -100 -100.00 -100.00 -100.00
  38   133.389 55028.24173206 46.45 119.176795  60.060069 20.578 -100.00 -100.00 -100.00
  39   132.768 55038.15737309 40.17 119.171525  60.063363   -100  288.08  287.01  286.91
  39   132.606 55038.15737368 38.01 119.175714  60.061773 25.947  288.08  287.01  286.91
  39   132.693 55038.15737427 36.85 119.179903  60.060183 20.465  288.08  287.01  286.91
  40   132.412 55048.07301400 42.26 119.173067  60.063924   -100 -100.00 -100.00 -100.00
  40   132.434 55048.07301459 42.88 119.177256  60.062334   -100 -100.00 -100.00 -100.00
  40   132.355 55048.07301518 45.20 119.181445  60.060744   -100 -100.00 -100.00 -100.00
  41   131.793 55057.98865273 34.22 119.171785  60.064111 12.995 -100.00 -100.00 -100.00
  41   131.801 55057.98865332 35.32 119.175974  60.062522 14.388 -100.00 -100.00 -100.00
  41   131.844 55057.98865391 36.56 119.180163  60.060932 16.065 -100.00 -100.00 -100.00
  42   135.834 55067.90429060 41.98 119.168331  60.063516 17.149  266.30  265.11  264.95
  42   134.880 55067.90429119 43.78 119.172520  60.061926   -100  266.30  265.11  264.95
  42   134.836 55067.90429179 50.18 119.176709  60.060337   -100  266.30  265.11  264.95
  43   140.865 55077.81994100 22.49 119.166710  60.060829   -100  269.08  268.63  268.31
  43   140.519 55077.81994159 20.89 119.170899  60.059239 28.681  269.08  268.63  268.31
  43   140.009 55077.81994218 18.35 119.175088  60.057649 21.863  269.08  268.63  268.31
  44   133.863 55087.73558860 36.37 119.164568  60.060161 20.796 -100.00 -100.00 -100.00
  44   133.751 55087.73558919 37.49 119.168757  60.058572 25.753 -100.00 -100.00 -100.00
  44   133.849 55087.73558978 35.92 119.172945  60.056982 22.436 -100.00 -100.00 -100.00
  45   132.549 55097.65123476 33.36 119.165796  60.060258 19.041  266.30  265.57  265.54
  45   133.359 55097.65123535 46.22 119.169985  60.058668   -100  266.30  265.57  265.54
  45   132.851 55097.65123594 50.44 119.174173  60.057078 14.624  266.30  265.57  265.54
  46   140.623 55107.56688060 23.40 119.168950  60.060269  4.915 -100.00 -100.00 -100.00
  46   140.145 55107.56688119 23.28 119.173138  60.058679  5.582 -100.00 -100.00 -100.00
  47   131.708 55117.48252535 37.05 119.168252  60.060381 23.048 -100.00 -100.00 -100.00
  47   132.090 55117.48252594 49.09 119.172441  60.058791   -100 -100.00 -100.00 -100.00
  47   131.911 55117.48252653 53.77 119.176630  60.057201   -100 -100.00 -100.00 -100.00
  48   131.938 55127.39816799 43.07 119.167496  60.059034 21.265 -100.00 -100.00 -100.00
  48   130.970 55127.39816858 50.60 119.171685  60.057445 19.170 -100.00 -100.00 -100.00
  49   130.696 55137.31380807 38.55 119.164422  60.058794   -100 -100.00 -100.00 -100.00
  49   130.527 55137.31380866 41.76 119.168612  60.057204   -100 -100.00 -100.00 -100.00
  49   130.505 55137.31380925 43.08 119.172800  60.055614   -100 -100.00 -100.00 -100.00
  50   140.373 55147.22944666 28.97 119.165061  60.059199   -100 -100.00 -100.00 -100.00
  50   140.258 55147.22944725 26.98 119.169250  60.057609   -100 -100.00 -100.00 -100.00
  50   139.585 55147.22944784 27.48 119.173439  60.056019   -100 -100.00 -100.00 -100.00
  51   140.436 55157.14508484 24.48 119.168978  60.060566   -100 -100.00 -100.00 -100.00
  51   140.107 55157.14508543 24.05 119.173167  60.058976 32.705 -100.00 -100.00 -100.00
  51   139.516 55157.14508603 22.29 119.177356  60.057386 26.788 -100.00 -100.00 -100.00
  52   140.610 55167.06072245 23.64 119.168687  60.063411 28.064 -100.00 -100.00 -100.00
  52   140.162 55167.06072304 22.80 119.172877  60.061821 24.893 -100.00 -100.00 -100.00
  52   139.752 55167.06072363 23.25 119.177066  60.060231 30.720 -100.00 -100.00 -100.00
  53   140.048 55176.97636044 24.84 119.172969  60.063315   -100 -100.00 -100.00 -100.00
  53   139.717 55176.97636103 22.24 119.177158  60.061725 23.659 -100.00 -100.00 -100.00
  53   139.115 55176.97636162 21.34 119.181347  60.060135 20.192 -100.00 -100.00 -100.00
  54   140.604 55186.89200340 23.52 119.169855  60.063764 29.465  245.64  240.96  232.82
  54   140.074 55186.89200399 22.68 119.174044  60.062174 29.960  245.64  240.96  232.82
  54   139.678 55186.89200458 19.62 119.178233  60.060585 21.497  245.64  240.96  232.82
  55   140.587 55196.80765449 20.88 119.168815  60.062631 23.579 -100.00 -100.00 -100.00
  55   140.104 55196.80765508 20.97 119.173004  60.061042 29.633 -100.00 -100.00 -100.00
  55   139.828 55196.80765567 19.79 119.177192  60.059452 21.837 -100.00 -100.00 -100.00
  56   140.756 55206.72330413 20.01 119.167581  60.062951 20.695 -100.00 -100.00 -100.00
  56   140.331 55206.72330472 19.24 119.171770  60.061362 20.769 -100.00 -100.00 -100.00
  56   139.992 55206.72330531 18.81 119.175959  60.059772 21.117 -100.00 -100.00 -100.00
  57   140.663 55216.63895329 19.86 119.168820  60.063613 28.704 -100.00 -100.00 -100.00
  57   140.356 55216.63895388 19.12 119.173008  60.062023 22.573 -100.00 -100.00 -100.00
  57   139.913 55216.63895447 18.15 119.177197  60.060433 18.116 -100.00 -100.00 -100.00
  58   140.677 55226.55460185 19.13 119.169577  60.063487 21.278  243.05  235.96  222.37
  58   140.217 55226.55460244 17.30 119.173766  60.061897 21.111  243.05  235.96  222.37
  58   139.899 55226.55460303 16.72 119.177955  60.060307 18.807  243.05  235.96  222.37
  59   140.889 55236.47024780 17.08 119.167740  60.062297 19.968 -100.00 -100.00 -100.00
  59   140.456 55236.47024839 16.69 119.171929  60.060707 19.568 -100.00 -100.00 -100.00
  59   140.085 55236.47024898 15.34 119.176118  60.059117 15.088 -100.00 -100.00 -100.00
  60   140.751 55246.38589071 17.06 119.167283  60.059416 20.626 -100.00 -100.00 -100.00
  60   140.151 55246.38589130 17.85 119.171472  60.057826 25.279 -100.00 -100.00 -100.00
  60   140.016 55246.38589189 14.02 119.175660  60.056236 13.984 -100.00 -100.00 -100.00
  61   141.249 55256.30153031 16.38 119.162176  60.058842 18.932 -100.00 -100.00 -100.00
  61   140.925 55256.30153090 16.80 119.166365  60.057253 19.678 -100.00 -100.00 -100.00
  61   140.291 55256.30153149 16.45 119.170553  60.055663 19.877 -100.00 -100.00 -100.00
  62   141.290 55266.21716926 16.47 119.162753  60.058891 23.093 -100.00 -100.00 -100.00
  62   140.868 55266.21716985 15.48 119.166942  60.057301 17.455 -100.00 -100.00 -100.00
  62   140.369 55266.21717044 14.41 119.171130  60.055711 17.787 -100.00 -100.00 -100.00
  63   141.049 55276.13280766 17.03 119.166201  60.060279 25.899 -100.00 -100.00 -100.00
  63   140.742 55276.13280825 15.29 119.170389  60.058689 19.468 -100.00 -100.00 -100.00
  63   140.146 55276.13280884 16.82 119.174577  60.057099 25.937 -100.00 -100.00 -100.00
  64   141.222 55286.04844503 14.87 119.168917  60.061850 16.923  257.35  251.05  239.43
  64   140.800 55286.04844562 16.05 119.173105  60.060260 21.229  257.35  251.05  239.43
  64   140.321 55286.04844621 15.62 119.177294  60.058670 19.751  257.35  251.05  239.43
  65   140.791 55295.96408042 17.17 119.170423  60.061984 29.495 -100.00 -100.00 -100.00
  65   140.714 55295.96408101 12.39 119.174612  60.060394 13.955 -100.00 -100.00 -100.00
  65   139.933 55295.96408160 12.16 119.178800  60.058804 13.003 -100.00 -100.00 -100.00
  67   130.513 55315.79536719 39.74 119.164345  60.059685   -100 -100.00 -100.00 -100.00
  67   130.441 55315.79536778 43.12 119.168533  60.058096   -100 -100.00 -100.00 -100.00
  67   130.218 55315.79536837 45.59 119.172722  60.056506 23.551 -100.00 -100.00 -100.00
  68   467.206 55325.71101266 11.72 119.164374  60.059898 13.851 -100.00 -100.00 -100.00
  68   468.626 55325.71101325 13.64 119.168562  60.058309 17.338 -100.00 -100.00 -100.00
  68   470.305 55325.71101384 13.22 119.172750  60.056719 13.916 -100.00 -100.00 -100.00
  69   137.320 55335.62665723 50.41 119.169042  60.060607  4.763  263.31  262.45  263.25
  69   137.267 55335.62665782 52.62 119.173230  60.059017 29.307  263.31  262.45  263.25
  69   137.281 55335.62665841 51.45 119.177418  60.057428 23.845  263.31  262.45  263.25
  70   133.988 55345.54230081 40.60 119.169608  60.062697 32.304 -100.00 -100.00 -100.00
  70   133.858 55345.54230140 38.73 119.173797  60.061107 28.405 -100.00 -100.00 -100.00
  70   134.245 55345.54230199 37.45 119.177985  60.059517 18.887 -100.00 -100.00 -100.00
  71   134.734 55355.45794366 44.03 119.170842  60.062703   -100 -100.00 -100.00 -100.00
  71   134.840 55355.45794425 42.89 119.175031  60.061113   -100 -100.00 -100.00 -100.00
  71   134.678 55355.45794484 48.63 119.179219  60.059524 20.624 -100.00 -100.00 -100.00
  72   132.754 55365.37358413 35.75 119.168404  60.063093   -100  275.61  274.06  274.42
  72   132.615 55365.37358472 38.41 119.172593  60.061504   -100  275.61  274.06  274.42
  72   133.026 55365.37358531 35.56 119.176782  60.059914 29.519  275.61  274.06  274.42
  73   132.284 55375.28922384 45.07 119.171525  60.061663   -100  281.49  280.49  280.06
  73   132.542 55375.28922443 43.70 119.175714  60.060073   -100  281.49  280.49  280.06
  74   136.044 55385.20486208 45.25 119.172639  60.062536   -100  279.89  278.61  278.31
  74   135.926 55385.20486267 51.64 119.176828  60.060946   -100  279.89  278.61  278.31
  74   135.667 55385.20486326 53.67 119.181017  60.059356   -100  279.89  278.61  278.31
  75   131.855 55395.12049902 34.31 119.170929  60.065071   -100  285.84  285.14  284.22
  75   131.901 55395.12049961 35.42 119.175119  60.063481   -100  285.84  285.14  284.22
  75   132.423 55395.12050020 36.41 119.179308  60.061892 28.209  285.84  285.14  284.22
  76   140.460 55405.03613859 22.65 119.172190  60.065929   -100 -100.00 -100.00 -100.00
  76   140.239 55405.03613918 18.68 119.176379  60.064339 23.063 -100.00 -100.00 -100.00
  76   139.878 55405.03613977 16.54 119.180568  60.062749 18.120 -100.00 -100.00 -100.00
  77   133.635 55414.95179047 37.25 119.172048  60.063560   -100  268.96  268.42  268.10
  77   133.758 55414.95179106 49.64 119.176237  60.061970 14.026  268.96  268.42  268.10
  77   133.936 55414.95179165 51.24 119.180426  60.060380  3.007  268.96  268.42  268.10
  78   140.797 55424.86743881 20.82 119.167650  60.061332 26.182 -100.00 -100.00 -100.00
  78   140.410 55424.86743940 20.50 119.171839  60.059743 29.440 -100.00 -100.00 -100.00
  78   139.929 55424.86743999 17.48 119.176027  60.058153 18.025 -100.00 -100.00 -100.00
  79   133.724 55434.78308472 46.35 119.165892  60.058864 30.575 -100.00 -100.00 -100.00
  79   133.572 55434.78308532 50.75 119.170080  60.057274   -100 -100.00 -100.00 -100.00
  79   133.418 55434.78308591 50.48 119.174268  60.055685  8.225 -100.00 -100.00 -100.00
  80   140.880 55444.69872901 21.66 119.165869  60.058359 24.344 -100.00 -100.00 -100.00
  80   140.450 55444.69872960 20.41 119.170057  60.056770 20.083 -100.00 -100.00 -100.00
  81   132.036 55454.61437172 36.62 119.164890  60.060487   -100  262.92  261.44  261.99
  81   133.124 55454.61437231 40.30 119.169079  60.058897 20.624  262.92  261.44  261.99
  81   132.279 55454.61437290 51.61 119.173267  60.057307 20.301  262.92  261.44  261.99
  82   131.404 55464.53001442 39.17 119.170085  60.060945 32.051 -100.00 -100.00 -100.00
  82   131.735 55464.53001501 51.67 119.174274  60.059355   -100 -100.00 -100.00 -100.00
  83   130.883 55474.44565396 43.60 119.169926  60.061616   -100 -100.00 -100.00 -100.00
  83   131.159 55474.44565455 41.57 119.174115  60.060026 24.734 -100.00 -100.00 -100.00
  83   131.299 55474.44565514 43.63 119.178304  60.058436   -100 -100.00 -100.00 -100.00
  84   140.605 55484.36129036 27.31 119.166488  60.061517   -100 -100.00 -100.00 -100.00
  84   140.373 55484.36129096 25.85 119.170678  60.059927   -100 -100.00 -100.00 -100.00
  84   140.005 55484.36129155 23.47 119.174867  60.058338 30.578 -100.00 -100.00 -100.00
  85   130.400 55494.27692543 41.33 119.167802  60.059386   -100 -100.00 -100.00 -100.00
  85   130.313 55494.27692602 47.25 119.171992  60.057797   -100 -100.00 -100.00 -100.00
  86   130.917 55504.19255881 38.97 119.166800  60.060987 27.913 -100.00 -100.00 -100.00
  86   130.544 55504.19255940 40.12 119.170989  60.059398   -100 -100.00 -100.00 -100.00
  86   130.109 55504.19255999 42.21 119.175179  60.057808 17.296 -100.00 -100.00 -100.00
  87   130.490 55514.10820808 34.50 119.170145  60.061649 29.762 -100.00 -100.00 -100.00
  87   130.272 55514.10820867 35.26 119.174335  60.060059   -100 -100.00 -100.00 -100.00
  87   130.226 55514.10820926 33.32 119.178524  60.058470   -100 -100.00 -100.00 -100.00
  88   139.886 55524.02385767 28.47 119.171240  60.063414 30.872 -100.00 -100.00 -100.00
  88   139.706 55524.02385826 24.47 119.175430  60.061824 19.369 -100.00 -100.00 -100.00
  88   139.274 55524.02385885 22.87 119.179618  60.060234 19.375 -100.00 -100.00 -100.00
  89   140.489 55533.93950552 24.27 119.170628  60.063913 22.316  246.92  243.39  238.38
  89   140.063 55533.93950611 21.31 119.174818  60.062323 15.461  246.92  243.39  238.38
  89   139.701 55533.93950670 19.34 119.179007  60.060733 13.112  246.92  243.39  238.38
  90   130.585 55543.85515180 14.51 119.170491  60.062422  4.795  243.98  239.41  232.93
  90   137.830 55543.85515239 18.91 119.174680  60.060832 12.130  243.98  239.41  232.93
  90   138.237 55543.85515298 15.37 119.178868  60.059242  5.234  243.98  239.41  232.93
  91   130.582 55553.77079564 15.40 119.167312  60.062264  7.126 -100.00 -100.00 -100.00
  91   137.904 55553.77079623 16.68 119.171501  60.060674  8.104 -100.00 -100.00 -100.00
  91   138.258 55553.77079682 20.88 119.175689  60.059084 15.374 -100.00 -100.00 -100.00
  92   136.959 55563.68643867 14.29 119.168221  60.062109  6.511  248.07  243.79  236.20
  92   137.741 55563.68643926 16.34 119.172410  60.060519  9.082  248.07  243.79  236.20
  92   138.238 55563.68643985 17.85 119.176598  60.058929 11.466  248.07  243.79  236.20
  93   125.380 55573.60208115 14.82 119.171109  60.062464  6.109 -100.00 -100.00 -100.00
  93   137.860 55573.60208175 16.22 119.175298  60.060874  8.500 -100.00 -100.00 -100.00
  93   138.602 55573.60208234 14.95 119.179487  60.059284  5.519 -100.00 -100.00 -100.00
  94   130.101 55583.51772162 14.73 119.169009  60.063877  8.026 -100.00 -100.00 -100.00
  94   130.197 55583.51772221 13.22 119.173198  60.062287  5.437 -100.00 -100.00 -100.00
  94   137.719 55583.51772280 13.81 119.177387  60.060697  5.858 -100.00 -100.00 -100.00
  95   129.954 55593.43335944 12.87 119.170746  60.062281  5.360 -100.00 -100.00 -100.00
  95   136.971 55593.43336003 14.10 119.174935  60.060692  7.472 -100.00 -100.00 -100.00
  95   137.723 55593.43336062 13.95 119.179124  60.059102  7.720 -100.00 -100.00 -100.00
  96   124.819 55603.34899351 12.01 119.168767  60.061380  6.607 -100.00 -100.00 -100.00
  96   136.312 55603.34899410 11.16 119.172956  60.059790  5.389 -100.00 -100.00 -100.00
  96   136.725 55603.34899469 11.73 119.177145  60.058201  5.066 -100.00 -100.00 -100.00
  97   129.308 55613.26462535 10.89 119.166181  60.061730  4.873 -100.00 -100.00 -100.00
  97   125.753 55613.26462594 11.90 119.170371  60.060141  6.899 -100.00 -100.00 -100.00
  97   136.353 55613.26462653 11.82 119.174560  60.058551  5.678 -100.00 -100.00 -100.00
  98   129.719 55623.18026187 10.74 119.166873  60.062413  5.657 -100.00 -100.00 -100.00
  98   129.431 55623.18026246 10.76 119.171063  60.060823  5.468 -100.00 -100.00 -100.00
  98   135.705 55623.18026305 10.66 119.175252  60.059234  5.813 -100.00 -100.00 -100.00
  99   129.363 55633.09591523 10.02 119.170087  60.061645  4.095 -100.00 -100.00 -100.00
  99   125.273 55633.09591582 11.30 119.174277  60.060055  6.414 -100.00 -100.00 -100.00
  99   123.514 55633.09591641 11.11 119.178465  60.058466  5.977 -100.00 -100.00 -100.00
 100   126.778 55643.01156593  9.80 119.170275  60.061956  4.985 -100.00 -100.00 -100.00
 100   129.459 55643.01156652 10.24 119.174463  60.060367  5.102 -100.00 -100.00 -100.00
 100   135.507 55643.01156711  9.40 119.178652  60.058777  4.596 -100.00 -100.00 -100.00
 101   129.958 55652.92721368  8.56 119.168937  60.061828  4.008 -100.00 -100.00 -100.00
 101   129.934 55652.92721427  8.12 119.173125  60.060238  3.583 -100.00 -100.00 -100.00
 101   136.021 55652.92721486  8.45 119.177314  60.058649  3.739 -100.00 -100.00 -100.00
 102   140.846 55662.84285713 14.43 119.166467  60.060798 27.667 -100.00 -100.00 -100.00
 102   140.610 55662.84285772  8.14 119.170656  60.059208 11.286 -100.00 -100.00 -100.00
 102   139.723 55662.84285832 14.74 119.174844  60.057619 28.907 -100.00 -100.00 -100.00
 103   129.836 55672.75849789 29.48 119.167422  60.059134   -100 -100.00 -100.00 -100.00
 103   129.891 55672.75849848 30.38 119.171610  60.057545   -100 -100.00 -100.00 -100.00
 104   131.861 55682.67413639 32.60 119.165470  60.060511   -100  265.97  264.90  265.54
 104   131.710 55682.67413698 34.15 119.169658  60.058921  1.296  265.97  264.90  265.54
 104   131.949 55682.67413757 37.35 119.173846  60.057332  4.242  265.97  264.90  265.54
 105   135.213 55692.58977382 46.58 119.169095  60.062136   -100 -100.00 -100.00 -100.00
 105   135.106 55692.58977441 48.67 119.173284  60.060546   -100 -100.00 -100.00 -100.00
 105   135.138 55692.58977500 51.54 119.177472  60.058957   -100 -100.00 -100.00 -100.00
 106   134.282 55702.50540927 39.38 119.170317  60.065011 17.087 -100.00 -100.00 -100.00
 106   134.296 55702.50540986 42.42 119.174507  60.063422 17.879 -100.00 -100.00 -100.00
 106   133.476 55702.50541045 48.73 119.178696  60.061832   -100 -100.00 -100.00 -100.00
 107   132.993 55712.42105263 34.81 119.173617  60.064835 17.982 -100.00 -100.00 -100.00
 107   132.954 55712.42105322 37.49 119.177807  60.063245 26.805 -100.00 -100.00 -100.00
 107   133.333 55712.42105381 38.86 119.181996  60.061655 27.967 -100.00 -100.00 -100.00
 108   138.442 55722.33670216 30.61 119.173152  60.063488  9.632 -100.00 -100.00 -100.00
 108   135.220 55722.33670275 32.13 119.177341  60.061898 12.734 -100.00 -100.00 -100.00
 108   135.297 55722.33670334 30.19 119.181530  60.060308  9.120 -100.00 -100.00 -100.00
 109   140.567 55732.25234917 27.59 119.168807  60.063655 27.805 -100.00 -100.00 -100.00
 109   140.349 55732.25234976 23.98 119.172997  60.062065 20.675 -100.00 -100.00 -100.00
 109   140.164 55732.25235035 18.33 119.177185  60.060475  8.782 -100.00 -100.00 -100.00
 110   140.562 55742.16799552 23.85 119.169038  60.063000   -100  279.36  278.56  278.25
 110   140.632 55742.16799611 18.50 119.173227  60.061411 14.961  279.36  278.56  278.25
 110   139.908 55742.16799670 17.73 119.177415  60.059821 18.484  279.36  278.56  278.25
 111   140.780 55752.08364067 21.41 119.170141  60.062610 16.503  283.25  282.25  281.88
 111   140.515 55752.08364126 18.80 119.174330  60.061020 10.557  283.25  282.25  281.88
 111   139.801 55752.08364185 19.02 119.178518  60.059430 12.249  283.25  282.25  281.88
 112   131.512 55761.99928354 42.49 119.171150  60.062113   -100 -100.00 -100.00 -100.00
 112   131.495 55761.99928413 41.36 119.175339  60.060523   -100 -100.00 -100.00 -100.00
 112   131.582 55761.99928472 45.53 119.179527  60.058933   -100 -100.00 -100.00 -100.00
 113   133.567 55771.91492308 37.63 119.168057  60.062486   -100 -100.00 -100.00 -100.00
 113   134.111 55771.91492367 42.31 119.172246  60.060896   -100 -100.00 -100.00 -100.00
 113   133.768 55771.91492426 53.54 119.176435  60.059307  5.292 -100.00 -100.00 -100.00
 114   134.527 55781.83055959 39.47 119.167901  60.061057   -100 -100.00 -100.00 -100.00
 114   134.778 55781.83056018 51.55 119.172090  60.059468  3.939 -100.00 -100.00 -100.00
 114   134.933 55781.83056077 52.97 119.176278  60.057878   -100 -100.00 -100.00 -100.00
 115   133.679 55791.74619350 41.45 119.169715  60.060287   -100 -100.00 -100.00 -100.00
 115   133.426 55791.74619409 46.88 119.173903  60.058698   -100 -100.00 -100.00 -100.00
 116   140.605 55801.66182614 19.54 119.170638  60.061611 22.394 -100.00 -100.00 -100.00
 116   140.266 55801.66182673 17.92 119.174827  60.060021 17.685 -100.00 -100.00 -100.00
 116   139.787 55801.66182732 16.43 119.179016  60.058432 15.059 -100.00 -100.00 -100.00
 117   138.560 55811.57747580 26.73 119.168730  60.062827  7.615  264.07  262.62  263.13
 117   132.489 55811.57747639 27.34 119.172919  60.061237  7.232  264.07  262.62  263.13
 117   132.371 55811.57747698 27.09 119.177108  60.059648  8.038  264.07  262.62  263.13
 118   140.639 55821.49312451 19.76 119.171035  60.062277 12.939  268.62  268.14  268.69
 118   140.212 55821.49312510 19.27 119.175224  60.060687 13.530  268.62  268.14  268.69
 118   139.444 55821.49312569 21.19 119.179413  60.059097 17.917  268.62  268.14  268.69
 119   131.777 55831.40876827 26.40 119.171473  60.061768  8.223 -100.00 -100.00 -100.00
 119   131.311 55831.40876886 26.74 119.175662  60.060178  8.802 -100.00 -100.00 -100.00
 120   131.015 55841.32440707 28.46 119.168208  60.062040 15.596  270.18  269.77  270.91
 120   131.414 55841.32440766 41.63 119.172398  60.060450 28.720  270.18  269.77  270.91
 120   131.581 55841.32440825 45.77 119.176588  60.058861   -100  270.18  269.77  270.91
 121   131.294 55851.24004308 36.38 119.166897  60.062210 29.890 -100.00 -100.00 -100.00
 121   131.293 55851.24004367 32.82 119.171087  60.060620 16.856 -100.00 -100.00 -100.00
 121   131.298 55851.24004426 33.20 119.175276  60.059030 18.411 -100.00 -100.00 -100.00
 122   140.553 55861.15567723 27.74 119.168196  60.063448   -100 -100.00 -100.00 -100.00
 122   140.072 55861.15567782 25.63 119.172386  60.061859   -100 -100.00 -100.00 -100.00
 122   139.893 55861.15567841 21.61 119.176575  60.060269   -100 -100.00 -100.00 -100.00
 123   131.028 55871.07133039 35.98 119.169863  60.063465   -100  259.49  257.30  256.13
 123   131.080 55871.07133098 37.70 119.174053  60.061876   -100  259.49  257.30  256.13
 123   130.697 55871.07133157 39.13 119.178242  60.060286 11.863  259.49  257.30  256.13
 124   131.085 55880.98698098 30.71 119.171761  60.063816   -100  248.58  245.86  242.12
 124   130.926 55880.98698157 32.67 119.175951  60.062227   -100  248.58  245.86  242.12
 124   130.635 55880.98698216 33.55 119.180140  60.060637  2.111  248.58  245.86  242.12
 125   140.356 55890.90262449 19.35 119.170076  60.064856 23.106 -100.00 -100.00 -100.00
 125   140.507 55890.90262508 16.67 119.174265  60.063267 14.240 -100.00 -100.00 -100.00
 125   139.965 55890.90262567 15.35 119.178455  60.061677 11.958 -100.00 -100.00 -100.00
 126   140.412 55900.81826270 18.55 119.172215  60.064212 15.633 -100.00 -100.00 -100.00
 126   139.418 55900.81826329 20.33 119.176405  60.062623 23.084 -100.00 -100.00 -100.00
 126   131.316 55900.81826388 21.62 119.180594  60.061033 30.126 -100.00 -100.00 -100.00
 127   140.182 55910.73389595 18.20 119.173470  60.064498 16.686 -100.00 -100.00 -100.00
 127   140.440 55910.73389654 14.63 119.177659  60.062908  9.317 -100.00 -100.00 -100.00
 127   139.467 55910.73389713 14.52 119.181848  60.061318  9.762 -100.00 -100.00 -100.00
 128   140.247 55920.64954946 18.41 119.170838  60.064073 18.892 -100.00 -100.00 -100.00
 128   140.411 55920.64955005 15.68 119.175027  60.062483 12.186 -100.00 -100.00 -100.00
 128   139.370 55920.64955064 16.74 119.179216  60.060893 15.714 -100.00 -100.00 -100.00
 129   141.033 55930.56520152 15.35 119.169269  60.063425 15.204 -100.00 -100.00 -100.00
 129   140.501 55930.56520211 13.18 119.173458  60.061835  9.423 -100.00 -100.00 -100.00
 129   140.036 55930.56520270 14.43 119.177647  60.060246 13.623 -100.00 -100.00 -100.00
 130   141.135 55940.48084978 13.76 119.168008  60.062238 13.773 -100.00 -100.00 -100.00
 130   140.300 55940.48085037 15.89 119.172197  60.060648 16.419 -100.00 -100.00 -100.00
 130   139.766 55940.48085096 15.35 119.176386  60.059058 14.296 -100.00 -100.00 -100.00
 131   140.849 55950.39649370 14.63 119.168138  60.060055 15.733 -100.00 -100.00 -100.00
 131   140.569 55950.39649429 13.21 119.172327  60.058465 12.460 -100.00 -100.00 -100.00
 131   139.892 55950.39649488 13.34 119.176516  60.056876 14.303 -100.00 -100.00 -100.00
 132   141.264 55960.31213325 13.22 119.166682  60.059558 14.400 -100.00 -100.00 -100.00
 132   140.878 55960.31213384 13.04 119.170871  60.057969 13.824 -100.00 -100.00 -100.00
 132   139.508 55960.31213443 13.57 119.175060  60.056379 15.852 -100.00 -100.00 -100.00
 133   140.638 55970.22777072 17.08 119.167902  60.059789 22.598  247.86  240.56  225.99
 133   140.454 55970.22777131 13.05 119.172091  60.058199 12.812  247.86  240.56  225.99
 133   140.016 55970.22777190 10.86 119.176279  60.056609  9.166  247.86  240.56  225.99
 134   140.720 55980.14340716 11.80 119.170149  60.061091 11.051 -100.00 -100.00 -100.00
 134   140.109 55980.14340775 12.06 119.174338  60.059502 11.464 -100.00 -100.00 -100.00
 134   139.561 55980.14340834 12.83 119.178526  60.057912 13.678 -100.00 -100.00 -100.00
 135   140.210 55990.05904264 13.92 119.171682  60.062369 16.985  245.83  236.35  220.17
 135   139.615 55990.05904323 11.47 119.175872  60.060779 11.331  245.83  236.35  220.17
 135   139.556 55990.05904382 13.24 119.180060  60.059189 13.443  245.83  236.35  220.17
 136   141.033 55999.97468667 11.73 119.171752  60.062084 13.270 -100.00 -100.00 -100.00
 136   140.613 55999.97468726  9.86 119.175941  60.060495  9.280 -100.00 -100.00 -100.00
 136   139.962 55999.97468785 10.40 119.180129  60.058905  8.715 -100.00 -100.00 -100.00
 137   141.327 56009.89033725 10.07 119.167911  60.061471  9.260  247.35  237.66  222.11
 137   140.045 56009.89033784 13.66 119.172100  60.059882 17.632  247.35  237.66  222.11
 137   139.982 56009.89033843 11.20 119.176288  60.058292 11.043  247.35  237.66  222.11
 138   140.641 56019.80598401 12.22 119.166918  60.060606 15.868 -100.00 -100.00 -100.00
 138   140.539 56019.80598460  8.02 119.171107  60.059017  7.444 -100.00 -100.00 -100.00
 138   140.285 56019.80598519 10.06 119.175295  60.057427 10.523 -100.00 -100.00 -100.00
 139   141.619 56029.72162764  9.98 119.166662  60.060727  9.576 -100.00 -100.00 -100.00
 139   141.165 56029.72162823  8.86 119.170850  60.059137  7.433 -100.00 -100.00 -100.00
 139   140.700 56029.72162882  9.44 119.175038  60.057548  8.985 -100.00 -100.00 -100.00
 141   140.314 56049.55290900 13.94 119.170003  60.062820 24.452 -100.00 -100.00 -100.00
 141   139.999 56049.55290959 10.88 119.174192  60.061230 17.076 -100.00 -100.00 -100.00
 141   131.916 56049.55291018 16.78 119.178380  60.059640   -100 -100.00 -100.00 -100.00
 142   315.310 56059.46854641  0.18 119.175089  60.062772  4.724  267.46  267.49  268.15
 142   317.653 56059.46854700  1.90 119.179278  60.061183  6.695  267.46  267.49  268.15
 143   136.854 56069.38418079 42.59 119.173062  60.064701   -100 -100.00 -100.00 -100.00
 143   136.473 56069.38418138 47.04 119.177252  60.063111  7.324 -100.00 -100.00 -100.00
 143   136.552 56069.38418197 47.45 119.181441  60.061522 15.551 -100.00 -100.00 -100.00
 144   136.869 56079.29983149 42.51 119.169390  60.064679 21.876 -100.00 -100.00 -100.00
 144   136.066 56079.29983208 43.45 119.173579  60.063090   -100 -100.00 -100.00 -100.00
 144   136.058 56079.29983267 46.08 119.177768  60.061500  3.712 -100.00 -100.00 -100.00
 144   136.066 56079.29983326 46.06 119.181957  60.059910   -100 -100.00 -100.00 -100.00
 145   138.754 56089.21548008 35.32 119.170065  60.063508   -100  284.35  283.72  284.69
 145   140.473 56089.21548067 25.13 119.174254  60.061918 22.684  284.35  283.72  284.69
 145   139.998 56089.21548126 23.49 119.178442  60.060328 19.570  284.35  283.72  284.69
 146   138.752 56099.13112615 28.66 119.171093  60.063194   -100  270.51  270.34  270.95
 146   140.336 56099.13112674 21.22 119.175282  60.061604 18.286  270.51  270.34  270.95
 146   139.828 56099.13112733 20.50 119.179470  60.060014 18.521  270.51  270.34  270.95
 147   136.157 56109.04675797 45.45 119.169292  60.063428   -100 -100.00 -100.00 -100.00
 147   136.173 56109.04675857 47.98 119.173481  60.061838   -100 -100.00 -100.00 -100.00
 147   136.046 56109.04675916 52.75 119.177670  60.060249  0.827 -100.00 -100.00 -100.00
 148   140.914 56118.96239866 20.13 119.168089  60.062584 13.373  279.78  280.10  279.53
 148   140.508 56118.96239925 18.37 119.172278  60.060994 11.532  279.78  280.10  279.53
 148   140.194 56118.96239984 16.89 119.176466  60.059405 11.907  279.78  280.10  279.53
 149   135.784 56128.87803608 37.32 119.169705  60.060666 18.900  275.58  275.72  274.21
 149   135.763 56128.87803667 37.62 119.173894  60.059077 15.192  275.58  275.72  274.21
 150   137.085 56138.79366966 44.52 119.169646  60.060487 26.451 -100.00 -100.00 -100.00
 150   136.431 56138.79367025 51.17 119.173835  60.058898 20.578 -100.00 -100.00 -100.00
 151   133.138 56148.70931780 36.34 119.169795  60.060561 23.360  270.95  270.01  269.60
 151   132.978 56148.70931839 37.42 119.173984  60.058972 27.202  270.95  270.01  269.60
 152   132.880 56158.62496672 36.06 119.170681  60.061479 21.050 -100.00 -100.00 -100.00
 152   132.987 56158.62496731 49.13 119.174870  60.059890   -100 -100.00 -100.00 -100.00
 152   132.900 56158.62496790 52.50 119.179058  60.058300   -100 -100.00 -100.00 -100.00
 153   132.938 56168.54061408 40.72 119.168324  60.062986 18.022  272.31  271.16  271.45
 153   132.382 56168.54061467 43.46 119.172513  60.061396   -100  272.31  271.16  271.45
 153   132.292 56168.54061526 49.99 119.176702  60.059806  3.400  272.31  271.16  271.45
 154   132.464 56178.45625885 37.73 119.167521  60.062201 24.075 -100.00 -100.00 -100.00
 154   132.174 56178.45625944 35.49 119.171710  60.060611 23.946 -100.00 -100.00 -100.00
 154   132.595 56178.45626003 43.03 119.175899  60.059021   -100 -100.00 -100.00 -100.00
 155   141.223 56188.37189905 22.52 119.165297  60.061599 25.033 -100.00 -100.00 -100.00
 155   140.893 56188.37189964 21.38 119.169486  60.060009 21.277 -100.00 -100.00 -100.00
 155   140.275 56188.37190024 19.66 119.173675  60.058419 19.054 -100.00 -100.00 -100.00
 156   131.027 56198.28753639 34.00 119.167513  60.060524 19.836  268.45  267.60  268.95
 156   131.930 56198.28753699 45.91 119.171703  60.058934   -100  268.45  267.60  268.95
 156   131.330 56198.28753758 51.19 119.175892  60.057344 24.301  268.45  267.60  268.95
 157   132.130 56208.20317033 41.51 119.167498  60.062842   -100 -100.00 -100.00 -100.00
 157   132.310 56208.20317092 42.91 119.171688  60.061252   -100 -100.00 -100.00 -100.00
 157   132.113 56208.20317151 47.07 119.175878  60.059663 15.972 -100.00 -100.00 -100.00
 158   131.229 56218.11880329 36.67 119.172926  60.064404   -100 -100.00 -100.00 -100.00
 158   130.950 56218.11880388 33.75 119.177116  60.062815   -100 -100.00 -100.00 -100.00
 158   130.845 56218.11880447 47.12 119.181305  60.061225   -100 -100.00 -100.00 -100.00
 159   130.564 56228.03444804 35.59 119.172477  60.066108   -100 -100.00 -100.00 -100.00
 159   130.418 56228.03444863 38.46 119.176667  60.064518   -100 -100.00 -100.00 -100.00
 159   130.213 56228.03444922 41.64 119.180857  60.062928  1.747 -100.00 -100.00 -100.00
 160   139.853 56237.95010243 30.96 119.171398  60.065212 31.262 -100.00 -100.00 -100.00
 160   130.665 56237.95010302 34.26 119.175587  60.063622   -100 -100.00 -100.00 -100.00
 160   130.393 56237.95010361 34.57 119.179776  60.062032   -100 -100.00 -100.00 -100.00
 161   140.363 56247.86575322 22.11 119.171742  60.063119 21.884 -100.00 -100.00 -100.00
 161   140.168 56247.86575381 19.38 119.175931  60.061529 15.296 -100.00 -100.00 -100.00
 161   139.317 56247.86575440 21.25 119.180119  60.059939 25.027 -100.00 -100.00 -100.00
 162   138.572 56257.78139835 26.45 119.168374  60.063321   -100 -100.00 -100.00 -100.00
 162   140.134 56257.78139894 23.28 119.172563  60.061731   -100 -100.00 -100.00 -100.00
 162   139.720 56257.78139953 22.54 119.176752  60.060142 30.341 -100.00 -100.00 -100.00
 163   140.225 56267.69704057 22.39 119.169816  60.063436 27.670  247.59  243.52  235.23
 163   139.935 56267.69704116 22.31 119.174006  60.061847 29.907  247.59  243.52  235.23
 163   139.643 56267.69704175 21.34 119.178194  60.060257 27.619  247.59  243.52  235.23
 164   140.570 56277.61268088 18.65 119.170334  60.064143 19.061  249.07  244.59  235.18
 164   140.236 56277.61268147 17.57 119.174523  60.062553 16.550  249.07  244.59  235.18
 164   139.763 56277.61268206 16.67 119.178712  60.060963 14.910  249.07  244.59  235.18
 165   140.274 56287.52832950 17.91 119.172538  60.062506 18.055 -100.00 -100.00 -100.00
 165   139.015 56287.52833009 21.25 119.176727  60.060916   -100 -100.00 -100.00 -100.00
 165   138.776 56287.52833068 21.12 119.180915  60.059326 32.747 -100.00 -100.00 -100.00
 166   140.775 56297.44397835 16.12 119.167777  60.061567 16.893 -100.00 -100.00 -100.00
 166   140.327 56297.44397894 16.41 119.171967  60.059977 19.247 -100.00 -100.00 -100.00
 166   139.746 56297.44397953 16.63 119.176155  60.058387 20.641 -100.00 -100.00 -100.00
 167   141.078 56307.35962360 15.16 119.165219  60.059606 14.984 -100.00 -100.00 -100.00
 167   140.642 56307.35962419 15.77 119.169408  60.058016 16.549 -100.00 -100.00 -100.00
 167   140.104 56307.35962478 15.35 119.173597  60.056426 16.235 -100.00 -100.00 -100.00
 168   140.843 56317.27526624 15.93 119.165028  60.058556 19.168 -100.00 -100.00 -100.00
 168   140.527 56317.27526683 14.99 119.169217  60.056966 16.731 -100.00 -100.00 -100.00
 168   139.984 56317.27526742 13.73 119.173406  60.055376 15.153 -100.00 -100.00 -100.00
 169   141.154 56327.19090712 11.52 119.164937  60.060407 11.859 -100.00 -100.00 -100.00
 169   140.590 56327.19090771 12.32 119.169126  60.058817 13.068 -100.00 -100.00 -100.00
 169   140.076 56327.19090830 14.06 119.173315  60.057227 17.107 -100.00 -100.00 -100.00
 170   140.763 56337.10654768 12.71 119.170414  60.061336 12.107  246.74  239.36  224.61
 170   140.415 56337.10654827 13.19 119.174603  60.059747 13.627  246.74  239.36  224.61
 170   140.017 56337.10654886 11.17 119.178792  60.058157  9.402  246.74  239.36  224.61
 171   140.683 56347.02218605 16.05 119.170772  60.063190 19.661  246.97  238.94  222.60
 171   140.302 56347.02218664 13.06 119.174961  60.061600 13.457  246.97  238.94  222.60
 171   139.848 56347.02218724 12.18 119.179149  60.060011 11.865  246.97  238.94  222.60
 172   140.875 56356.93782183 13.64 119.168749  60.063658 17.600  252.98  246.15  233.81
 172   140.853 56356.93782242 12.05 119.172938  60.062069 11.624  252.98  246.15  233.81
 172   140.195 56356.93782301 11.69 119.177127  60.060479 12.560  252.98  246.15  233.81
 173   140.713 56366.85347053 11.75 119.168609  60.060598 14.979 -100.00 -100.00 -100.00
 173   140.404 56366.85347112 10.22 119.172798  60.059009 10.852 -100.00 -100.00 -100.00
 173   139.989 56366.85347171  8.74 119.176986  60.057419  9.498 -100.00 -100.00 -100.00
 177   140.753 56406.51604921 17.24 119.171911  60.064140 31.643 -100.00 -100.00 -100.00
 177   140.426 56406.51604980 12.83 119.176100  60.062550 17.354 -100.00 -100.00 -100.00
 177   139.690 56406.51605040 12.60 119.180288  60.060960 19.820 -100.00 -100.00 -100.00
 178   474.223 56416.43168660  7.99 119.170633  60.065172 10.189 -100.00 -100.00 -100.00
 178   469.016 56416.43168719  9.41 119.174822  60.063582 12.632 -100.00 -100.00 -100.00
 178   470.124 56416.43168778 12.13 119.179011  60.061992 19.671 -100.00 -100.00 -100.00
 179   142.778 56426.34731951 54.80 119.170178  60.065042  2.561  275.11  274.27  276.29
 179   142.782 56426.34732010 53.38 119.174368  60.063452   -100  275.11  274.27  276.29
 179   142.637 56426.34732069 55.26 119.178557  60.061863 24.962  275.11  274.27  276.29
 180   139.783 56436.26297026 29.85 119.171508  60.062405 31.663 -100.00 -100.00 -100.00
 180   140.298 56436.26297085 26.40 119.175697  60.060815 23.704 -100.00 -100.00 -100.00
 180   139.684 56436.26297144 25.14 119.179886  60.059225 19.932 -100.00 -100.00 -100.00
 181   140.845 56446.17862181 27.44 119.168871  60.062387  6.867  278.26  277.07  277.84
 181   139.582 56446.17862240 27.38 119.173060  60.060798  7.585  278.26  277.07  277.84
 181   139.044 56446.17862299 27.26 119.177248  60.059208  6.687  278.26  277.07  277.84
 182   134.441 56456.09427153 38.56 119.170990  60.062134   -100 -100.00 -100.00 -100.00
 182   134.422 56456.09427212 42.01 119.175179  60.060544  2.146 -100.00 -100.00 -100.00
 182   134.549 56456.09427271 42.05 119.179367  60.058954   -100 -100.00 -100.00 -100.00
 183   132.714 56466.00991784 27.49 119.169872  60.062201 25.559  283.44  283.28  283.07
 183   132.753 56466.00991843 34.71 119.174061  60.060611  3.337  283.44  283.28  283.07
 183   133.739 56466.00991902 33.09 119.178249  60.059021 26.088  283.44  283.28  283.07
 184   132.955 56475.92556009 37.79 119.166247  60.061836 29.509  275.79  274.73  274.95
 184   132.683 56475.92556068 38.84 119.170436  60.060246   -100  275.79  274.73  274.95
 184   132.969 56475.92556128 41.83 119.174624  60.058656   -100  275.79  274.73  274.95
 185   134.121 56485.84119914 45.59 119.164832  60.060281   -100  274.15  274.20  273.03
 185   134.057 56485.84119973 48.14 119.169021  60.058692   -100  274.15  274.20  273.03
 185   133.871 56485.84120032 51.38 119.173209  60.057102 12.780  274.15  274.20  273.03
 186   135.761 56495.75683547 33.29 119.166614  60.059328 12.953 -100.00 -100.00 -100.00
 186   135.601 56495.75683606 36.97 119.170803  60.057738 24.248 -100.00 -100.00 -100.00
 186   135.713 56495.75683665 34.56 119.174991  60.056149 15.658 -100.00 -100.00 -100.00
 187   140.954 56505.67246958 22.08 119.167432  60.061658 11.436 -100.00 -100.00 -100.00
 187   140.318 56505.67247017 20.65 119.171621  60.060069 10.212 -100.00 -100.00 -100.00
 187   139.664 56505.67247076 21.73 119.175809  60.058479 12.767 -100.00 -100.00 -100.00
 188   133.592 56515.58810244 37.91 119.171740  60.064384 29.202 -100.00 -100.00 -100.00
 188   134.604 56515.58810303 44.91 119.175929  60.062795 24.684 -100.00 -100.00 -100.00
 188   134.001 56515.58810362 54.13 119.180119  60.061205  8.307 -100.00 -100.00 -100.00
 189   134.436 56525.50375681 30.53 119.173394  60.063951 14.305  271.69  270.99  270.52
 189   134.530 56525.50375740 29.41 119.177584  60.062361 12.070  271.69  270.99  270.52
 189   134.521 56525.50375799 31.16 119.181773  60.060771 15.916  271.69  270.99  270.52
 190   136.259 56535.41940713 17.33 119.169589  60.063424  4.267 -100.00 -100.00 -100.00
 190   136.894 56535.41940772 17.14 119.173778  60.061835  3.346 -100.00 -100.00 -100.00
 190   137.184 56535.41940832 17.74 119.177967  60.060245  4.299 -100.00 -100.00 -100.00
 192   131.162 56555.25069822 38.75 119.166049  60.060453 22.459 -100.00 -100.00 -100.00
 192   130.875 56555.25069882 40.22 119.170238  60.058863   -100 -100.00 -100.00 -100.00
 192   130.795 56555.25069941 34.39 119.174427  60.057273 15.351 -100.00 -100.00 -100.00
 193   140.844 56565.16634113 22.56 119.168375  60.061336 21.333 -100.00 -100.00 -100.00
 193   140.565 56565.16634172 18.80 119.172565  60.059747 13.417 -100.00 -100.00 -100.00
 193   140.156 56565.16634231 17.00 119.176753  60.058157 11.373 -100.00 -100.00 -100.00
 194   130.312 56575.08198239 41.94 119.169723  60.064219   -100 -100.00 -100.00 -100.00
 194   130.492 56575.08198298 35.65 119.173913  60.062629 16.156 -100.00 -100.00 -100.00
 194   130.185 56575.08198357 37.44 119.178102  60.061039 25.015 -100.00 -100.00 -100.00
 195   130.799 56584.99762137 40.09 119.175030  60.064950 19.928 -100.00 -100.00 -100.00
 195   129.935 56584.99762196 52.25 119.179219  60.063360 12.742 -100.00 -100.00 -100.00
 195   129.864 56584.99762255 48.40 119.183408  60.061770 15.340 -100.00 -100.00 -100.00
 196   129.738 56594.91325721 37.27 119.172529  60.066544   -100 -100.00 -100.00 -100.00
 196   129.778 56594.91325780 39.05 119.176719  60.064954   -100 -100.00 -100.00 -100.00
 196   129.644 56594.91325839 40.96 119.180908  60.063364   -100 -100.00 -100.00 -100.00
 197   130.040 56604.82891030 30.05 119.170458  60.064078 32.733  242.23  237.55  232.53
 197   129.996 56604.82891089 31.05 119.174647  60.062489   -100  242.23  237.55  232.53
 197   129.889 56604.82891148 27.05 119.178836  60.060899 27.662  242.23  237.55  232.53
 198   129.817 56614.74455876 28.80 119.170982  60.061548 26.832 -100.00 -100.00 -100.00
 198   129.751 56614.74455935 26.47 119.175170  60.059958 21.487 -100.00 -100.00 -100.00
 198   129.645 56614.74455994 23.91 119.179359  60.058369 15.140 -100.00 -100.00 -100.00
 199   139.594 56624.66020247 24.43 119.167441  60.062928 15.168 -100.00 -100.00 -100.00
 199   130.150 56624.66020306 28.46 119.171630  60.061339 28.881 -100.00 -100.00 -100.00
 199   138.895 56624.66020365 23.46 119.175819  60.059749 13.512 -100.00 -100.00 -100.00
 200   139.700 56634.57584381 22.51 119.168160  60.063631 13.141 -100.00 -100.00 -100.00
 200   139.402 56634.57584440 23.34 119.172349  60.062041 16.491 -100.00 -100.00 -100.00
 200   130.132 56634.57584499 21.64 119.176538  60.060451 11.420 -100.00 -100.00 -100.00
 201   130.304 56644.49148079 22.02 119.169329  60.064446 15.410  246.38  242.09  235.08
 201   130.355 56644.49148138 22.44 119.173518  60.062856 15.948  246.38  242.09  235.08
 201   130.226 56644.49148197 23.65 119.177708  60.061266 19.986  246.38  242.09  235.08
 202   130.298 56654.40713401 20.61 119.170002  60.061657 12.485 -100.00 -100.00 -100.00
 202   139.336 56654.40713460 19.85 119.174191  60.060067 12.756 -100.00 -100.00 -100.00
 202   130.044 56654.40713519 22.94 119.178380  60.058477 20.451 -100.00 -100.00 -100.00
 203   140.648 56664.32278230 18.93 119.165379  60.060568 12.418  241.42  235.05  223.98
 203   139.726 56664.32278289 19.39 119.169568  60.058978 13.101  241.42  235.05  223.98
 203   130.030 56664.32278348 21.65 119.173757  60.057388 19.136  241.42  235.05  223.98
 204   140.499 56674.23842857 17.01 119.166028  60.058872  9.464 -100.00 -100.00 -100.00
 204   140.210 56674.23842916 16.38 119.170217  60.057282 10.273 -100.00 -100.00 -100.00
 204   139.597 56674.23842975 16.57 119.174406  60.055692  9.969 -100.00 -100.00 -100.00
 205   140.872 56684.15407315 14.53 119.164874  60.060467  8.222 -100.00 -100.00 -100.00
 205   140.709 56684.15407374 13.91 119.169063  60.058877  8.195 -100.00 -100.00 -100.00
 205   140.199 56684.15407433 12.95 119.173252  60.057287  6.104 -100.00 -100.00 -100.00
 206   140.893 56694.06971616 13.01 119.168214  60.061736  6.512 -100.00 -100.00 -100.00
 206   140.299 56694.06971675 13.63 119.172403  60.060147  7.559 -100.00 -100.00 -100.00
 206   139.767 56694.06971734 13.44 119.176591  60.058557  8.263 -100.00 -100.00 -100.00
 207   140.738 56703.98535481 12.00 119.171415  60.062966  5.064 -100.00 -100.00 -100.00
 207   140.430 56703.98535540 11.11 119.175604  60.061376  4.462 -100.00 -100.00 -100.00
 207   139.736 56703.98535599 11.54 119.179792  60.059786  5.264 -100.00 -100.00 -100.00
 208   140.761 56713.90098787 12.59 119.171253  60.063622  6.676 -100.00 -100.00 -100.00
 208   140.293 56713.90098846 13.78 119.175442  60.062033  7.406 -100.00 -100.00 -100.00
 208   139.970 56713.90098905 11.35 119.179630  60.060443  5.116 -100.00 -100.00 -100.00
 210   141.055 56733.73228835 11.86 119.168045  60.059969  5.184 -100.00 -100.00 -100.00
 210   140.371 56733.73228894 10.85 119.172233  60.058379  5.239 -100.00 -100.00 -100.00
 210   139.931 56733.73228953 11.75 119.176421  60.056789  6.457 -100.00 -100.00 -100.00
 211   129.779 56743.64793539 11.07 119.169356  60.060650  6.544  248.03  240.33  227.86
 211   136.861 56743.64793598 10.03 119.173544  60.059060  5.359  248.03  240.33  227.86
 211   138.505 56743.64793657  9.75 119.177732  60.057470  5.306  248.03  240.33  227.86
 212   141.098 56753.56357790  9.69 119.171181  60.062970  7.183  262.51  262.85  264.28
 212   140.815 56753.56357849  9.71 119.175369  60.061380  7.388  262.51  262.85  264.28
 212   140.273 56753.56357908  8.71 119.179557  60.059790  6.243  262.51  262.85  264.28
 213   140.941 56763.47921503 20.48 119.172921  60.065036 13.477  267.71  265.70  263.75
 213   130.142 56763.47921562 25.04 119.177110  60.063446 31.941  267.71  265.70  263.75
 213   130.221 56763.47921621 24.14 119.181299  60.061856 29.991  267.71  265.70  263.75
 214   311.773 56773.39484868  1.30 119.174475  60.065161  5.429 -100.00 -100.00 -100.00
 214   315.901 56773.39484986  0.39 119.182854  60.061981  4.521 -100.00 -100.00 -100.00
 215   133.534 56783.31050591 40.95 119.169884  60.063258   -100 -100.00 -100.00 -100.00
 215   133.669 56783.31050650 41.36 119.174073  60.061669   -100 -100.00 -100.00 -100.00
 215   133.565 56783.31050709 43.44 119.178261  60.060079 22.150 -100.00 -100.00 -100.00
 216   134.300 56793.22615961 40.07 119.166431  60.061761 24.272 -100.00 -100.00 -100.00
 216   134.200 56793.22616020 43.14 119.170620  60.060171 32.415 -100.00 -100.00 -100.00
 216   134.017 56793.22616079 49.19 119.174809  60.058581   -100 -100.00 -100.00 -100.00
 217   133.381 56803.14181084 38.88 119.166807  60.060442   -100 -100.00 -100.00 -100.00
 217   133.257 56803.14181143 37.05 119.170995  60.058852   -100 -100.00 -100.00 -100.00
 217   133.610 56803.14181202 44.96 119.175183  60.057262   -100 -100.00 -100.00 -100.00
 218   138.116 56813.05745388 27.35 119.166501  60.061297   -100 -100.00 -100.00 -100.00
 218   140.733 56813.05745447 19.47 119.170689  60.059707 17.655 -100.00 -100.00 -100.00
 218   140.296 56813.05745506 17.09 119.174877  60.058117 14.279 -100.00 -100.00 -100.00
 219   135.232 56822.97309371 43.23 119.168133  60.061154 31.652  271.85  270.44  270.77
 219   135.364 56822.97309430 47.14 119.172322  60.059564   -100  271.85  270.44  270.77
 219   135.151 56822.97309489 50.60 119.176510  60.057975 14.304  271.85  270.44  270.77
 221   132.289 56842.80436128 36.21 119.168908  60.061067 17.479  272.97  272.07  271.83
 221   132.930 56842.80436187 45.08 119.173097  60.059478   -100  272.97  272.07  271.83
 221   132.337 56842.80436246 54.50 119.177285  60.057888   -100  272.97  272.07  271.83
 222   131.765 56852.72000143 37.74 119.167341  60.061870 24.641 -100.00 -100.00 -100.00
 222   132.068 56852.72000202 36.57 119.171529  60.060281 20.193 -100.00 -100.00 -100.00
 222   132.272 56852.72000261 41.70 119.175718  60.058692   -100 -100.00 -100.00 -100.00
 223   130.786 56862.63565584 37.02 119.169891  60.060602 19.824  277.56  277.32  275.98
 223   130.891 56862.63565643 51.42 119.174079  60.059013  5.670  277.56  277.32  275.98
 224   130.902 56872.55130889 35.27 119.167802  60.061871 31.080 -100.00 -100.00 -100.00
 224   131.531 56872.55130948 41.82 119.171991  60.060281   -100 -100.00 -100.00 -100.00
 224   131.153 56872.55131007 52.56 119.176180  60.058691 23.700 -100.00 -100.00 -100.00
 225   131.671 56882.46695902 38.02 119.166615  60.062353 19.827  275.46  274.49  274.27
 225   132.581 56882.46695961 41.20 119.170804  60.060763 21.066  275.46  274.49  274.27
 225   131.792 56882.46696020 53.64 119.174993  60.059173   -100  275.46  274.49  274.27
 226   131.876 56892.38260619 26.94 119.169046  60.060832 26.631  274.13  272.89  272.13
 226   131.889 56892.38260678 28.42 119.173235  60.059242 27.379  274.13  272.89  272.13
 226   132.640 56892.38260737 30.44 119.177423  60.057652 20.070  274.13  272.89  272.13
 227   139.950 56902.29824981 27.00 119.167466  60.060270 13.489  281.51  280.44  280.47
 227   133.311 56902.29825040 25.42 119.171655  60.058680 10.213  281.51  280.44  280.47
 227   133.147 56902.29825099 24.79 119.175843  60.057090  9.871  281.51  280.44  280.47
 228   140.851 56912.21389162 21.43 119.167322  60.060400 30.989  273.23  272.02  272.26
 228   140.451 56912.21389221 20.52 119.171511  60.058810 25.109  273.23  272.02  272.26
 228   139.984 56912.21389280 17.35 119.175699  60.057220 16.570  273.23  272.02  272.26
 229   132.143 56922.12953178 25.69 119.167771  60.061883 10.542 -100.00 -100.00 -100.00
 229   139.807 56922.12953237 25.16 119.171960  60.060293  8.601 -100.00 -100.00 -100.00
 229   132.278 56922.12953296 25.77 119.176148  60.058703 10.096 -100.00 -100.00 -100.00
 230   131.642 56932.04517011 37.49 119.172121  60.063058 20.962  261.33  260.12  259.89
 230   131.818 56932.04517070 50.70 119.176310  60.061468   -100  261.33  260.12  259.89
 230   131.421 56932.04517129 51.81 119.180498  60.059878 21.613  261.33  260.12  259.89
 231   140.196 56941.96080260 26.02 119.171460  60.065655 22.090 -100.00 -100.00 -100.00
 231   139.995 56941.96080319 24.62 119.175650  60.064065 19.412 -100.00 -100.00 -100.00
 231   139.500 56941.96080378 27.76 119.179839  60.062475 30.820 -100.00 -100.00 -100.00
 232   129.937 56951.87644529 37.95 119.171429  60.065402   -100 -100.00 -100.00 -100.00
 232   129.810 56951.87644588 40.17 119.175618  60.063813   -100 -100.00 -100.00 -100.00
 232   129.857 56951.87644647 43.28 119.179807  60.062223  6.601 -100.00 -100.00 -100.00
 233   129.861 56961.79209655 35.66 119.169912  60.063403   -100  260.29  258.06  256.34
 233   130.048 56961.79209714 36.14 119.174101  60.061813   -100  260.29  258.06  256.34
 233   129.494 56961.79209773 39.39 119.178290  60.060223 13.102  260.29  258.06  256.34
 234   129.581 56971.70774276 25.18 119.169126  60.062145   -100 -100.00 -100.00 -100.00
 234   139.823 56971.70774335 23.05 119.173315  60.060556 27.845 -100.00 -100.00 -100.00
 234   129.483 56971.70774394 26.41 119.177503  60.058966   -100 -100.00 -100.00 -100.00
 235   140.582 56981.62338457 18.70 119.168187  60.062571 21.829 -100.00 -100.00 -100.00
 235   139.593 56981.62338517 20.98 119.172376  60.060982 30.742 -100.00 -100.00 -100.00
 235   139.287 56981.62338576 19.98 119.176565  60.059392 26.639 -100.00 -100.00 -100.00
 236   140.448 56991.53902228 16.59 119.170862  60.062542 14.435  246.26  242.09  234.68
 236   139.636 56991.53902287 16.57 119.175051  60.060952 14.798  246.26  242.09  234.68
 236   139.111 56991.53902346 17.59 119.179240  60.059362 17.954  246.26  242.09  234.68
 237   139.906 57001.45465408 20.39 119.171499  60.063424 30.996  248.28  243.42  235.20
 237   139.997 57001.45465467 16.48 119.175689  60.061835 16.954  248.28  243.42  235.20
 237   139.292 57001.45465526 16.74 119.179878  60.060245 18.343  248.28  243.42  235.20
 238   140.800 57011.37031120 18.40 119.166833  60.062520 20.759  243.31  237.76  226.86
 238   140.211 57011.37031179 17.97 119.171023  60.060931 22.199  243.31  237.76  226.86
 238   139.729 57011.37031238 16.84 119.175212  60.059341 19.346  243.31  237.76  226.86
 239   140.620 57021.28596330 16.99 119.168315  60.060090 18.893 -100.00 -100.00 -100.00
 239   140.340 57021.28596389 14.81 119.172504  60.058500 14.913 -100.00 -100.00 -100.00
 239   139.637 57021.28596448 13.95 119.176693  60.056910 13.560 -100.00 -100.00 -100.00
 240   141.029 57031.20161192 17.51 119.166317  60.060776 24.997 -100.00 -100.00 -100.00
 240   140.785 57031.20161251 15.25 119.170507  60.059187 17.267 -100.00 -100.00 -100.00
 240   140.623 57031.20161310 13.86 119.174695  60.057597 17.305 -100.00 -100.00 -100.00
 241   141.107 57041.11725895 15.01 119.166885  60.061433 18.564 -100.00 -100.00 -100.00
 241   140.414 57041.11725954 14.88 119.171074  60.059843 15.573 -100.00 -100.00 -100.00
 241   139.884 57041.11726013 13.88 119.175263  60.058253 15.513 -100.00 -100.00 -100.00
 242   141.522 57051.03290378 12.19 119.166775  60.062611 11.905 -100.00 -100.00 -100.00
 242   140.243 57051.03290437 15.30 119.170964  60.061021 21.854 -100.00 -100.00 -100.00
 242   140.468 57051.03290496 11.56 119.175152  60.059431 11.043 -100.00 -100.00 -100.00
 243   140.613 57060.94854511 13.30 119.170900  60.061660 13.336 -100.00 -100.00 -100.00
 243   140.463 57060.94854570 12.63 119.175089  60.060071 13.043 -100.00 -100.00 -100.00
 243   139.696 57060.94854629 11.86 119.179277  60.058481 13.635 -100.00 -100.00 -100.00
 244   140.903 57070.86417988 13.73 119.168113  60.063318 14.717 -100.00 -100.00 -100.00
 244   140.285 57070.86418047 14.28 119.172302  60.061728 14.332 -100.00 -100.00 -100.00
 244   139.748 57070.86418106 13.06 119.176491  60.060139 13.902 -100.00 -100.00 -100.00
 245   140.771 57080.77981090 12.01 119.170110  60.063768 11.757 -100.00 -100.00 -100.00
 245   140.157 57080.77981149 12.00 119.174299  60.062179 12.127 -100.00 -100.00 -100.00
 245   139.943 57080.77981208 13.11 119.178488  60.060589 15.238 -100.00 -100.00 -100.00
 246   140.957 57090.69545258 10.04 119.172977  60.063788  9.799 -100.00 -100.00 -100.00
 246   140.155 57090.69545317 10.95 119.177165  60.062199 10.060 -100.00 -100.00 -100.00
 246   140.251 57090.69545376 10.78 119.181354  60.060609 10.766 -100.00 -100.00 -100.00
 247   140.334 57100.61111018 10.50 119.172858  60.063712 11.144 -100.00 -100.00 -100.00
 247   140.521 57100.61111077  8.50 119.177047  60.062122  7.488 -100.00 -100.00 -100.00
 247   139.460 57100.61111136  8.77 119.181235  60.060533  7.248 -100.00 -100.00 -100.00
 248   130.156 57110.52676429 16.99 119.170445  60.064554 22.902  246.85  237.15  222.90
 248   130.153 57110.52676488 20.48 119.174634  60.062964 32.481  246.85  237.15  222.90
 248   130.125 57110.52676547 20.10 119.178822  60.061374 29.464  246.85  237.15  222.90
 249   129.515 57120.44241343 17.12 119.172082  60.063209 20.282 -100.00 -100.00 -100.00
 249   129.592 57120.44241402 16.69 119.176271  60.061619 22.177 -100.00 -100.00 -100.00
 249   129.300 57120.44241461 18.91 119.180459  60.060029 29.441 -100.00 -100.00 -100.00
 250   129.631 57130.35805621 19.82 119.168966  60.063024   -100 -100.00 -100.00 -100.00
 250   129.606 57130.35805680 18.33 119.173155  60.061434 31.652 -100.00 -100.00 -100.00
 250   129.840 57130.35805739 17.28 119.177344  60.059845 23.151 -100.00 -100.00 -100.00
 251   130.071 57140.27369399 40.33 119.168543  60.062881   -100 -100.00 -100.00 -100.00
 251   129.810 57140.27369458 43.41 119.172732  60.061291 13.476 -100.00 -100.00 -100.00
 251   129.739 57140.27369517 44.36 119.176921  60.059702 18.987 -100.00 -100.00 -100.00
 252   138.704 57150.18932855 33.78 119.170770  60.063250   -100 -100.00 -100.00 -100.00
 252   134.372 57150.18932914 36.53 119.174959  60.061660  5.219 -100.00 -100.00 -100.00
 252   134.377 57150.18932973 36.89 119.179147  60.060070  4.181 -100.00 -100.00 -100.00
 253   136.190 57160.10496023 44.35 119.174319  60.063840 24.028  271.44  270.71  271.97
 253   135.397 57160.10496082 55.74 119.178508  60.062251   -100  271.44  270.71  271.97
 253   135.263 57160.10496141 53.78 119.182697  60.060661   -100  271.44  270.71  271.97
 254   137.042 57170.02061271 42.44 119.170330  60.063859 21.075  270.72  269.94  271.31
 254   136.339 57170.02061330 47.47 119.174519  60.062269  0.011  270.72  269.94  271.31
 254   136.254 57170.02061389 52.64 119.178708  60.060680 20.163  270.72  269.94  271.31
 256   136.779 57189.85192005 42.43 119.167073  60.060003 27.239 -100.00 -100.00 -100.00
 256   136.236 57189.85192064 54.47 119.171262  60.058414   -100 -100.00 -100.00 -100.00
 256   135.987 57189.85192123 57.37 119.175450  60.056824   -100 -100.00 -100.00 -100.00
 257   133.991 57199.76756805 40.03 119.167682  60.059440   -100  268.71  268.51  267.75
 257   134.014 57199.76756864 38.30 119.171870  60.057850   -100  268.71  268.51  267.75
 258   140.748 57209.68320220 20.41 119.169391  60.060123 19.051 -100.00 -100.00 -100.00
 258   140.350 57209.68320279 16.28 119.173579  60.058534 11.101 -100.00 -100.00 -100.00
 259   140.828 57219.59884609 17.85 119.170464  60.061390 11.390  277.23  277.58  276.47
 259   140.321 57219.59884668 16.76 119.174652  60.059800  9.436  277.23  277.58  276.47
 259   139.820 57219.59884727 15.86 119.178840  60.058210  9.281  277.23  277.58  276.47
 260   131.661 57229.51448877 37.66 119.169481  60.062325 22.756  274.31  273.96  273.48
 260   131.995 57229.51448936 44.66 119.173670  60.060736 29.537  274.31  273.96  273.48
 260   131.584 57229.51448995 54.58 119.177858  60.059146 12.096  274.31  273.96  273.48
 261   140.813 57239.43012961 16.74 119.170801  60.061755 10.505  282.71  282.04  281.62
 261   140.163 57239.43013020 16.32 119.174990  60.060165 10.814  282.71  282.04  281.62
 261   139.757 57239.43013079 17.07 119.179179  60.058575 11.835  282.71  282.04  281.62
 262   140.149 57249.34576686 25.22 119.167790  60.063063   -100  283.54  282.29  282.20
 262   140.605 57249.34576745 16.38 119.171979  60.061474  8.848  283.54  282.29  282.20
 262   140.132 57249.34576804 15.50 119.176169  60.059884  8.786  283.54  282.29  282.20
 263   138.715 57259.26140222 25.65 119.168947  60.064163 21.190  288.33  287.65  286.95
 263   140.158 57259.26140281 20.73 119.173136  60.062574  9.507  288.33  287.65  286.95
 263   139.538 57259.26140340 21.84 119.177326  60.060984 13.843  288.33  287.65  286.95
 264   129.718 57269.17703642 32.13 119.171237  60.065912 13.817  279.41  278.59  278.24
 264   129.837 57269.17703701 31.73 119.175427  60.064323 11.452  279.41  278.59  278.24
 264   129.726 57269.17703760 31.51 119.179616  60.062733 10.514  279.41  278.59  278.24
 264   129.671 57269.17703819 31.54 119.183805  60.061143 11.205  279.41  278.59  278.24
 265   129.934 57279.09268771 31.64 119.173622  60.065906 20.220 -100.00 -100.00 -100.00
 265   130.897 57279.09268830 44.27 119.177812  60.064316 26.904 -100.00 -100.00 -100.00
 265   130.178 57279.09268889 49.68 119.182001  60.062726 16.347 -100.00 -100.00 -100.00
 266   140.631 57289.00834339 22.07 119.171024  60.065968 29.462 -100.00 -100.00 -100.00
 266   140.573 57289.00834399 16.47 119.175214  60.064378 17.200 -100.00 -100.00 -100.00
 266   139.822 57289.00834458 17.09 119.179403  60.062788 20.088 -100.00 -100.00 -100.00
 266   139.312 57289.00834517 15.82 119.183592  60.061198 18.684 -100.00 -100.00 -100.00
 267   140.348 57298.92399656 22.75 119.169599  60.064228 19.411  263.56  262.32  263.52
 267   140.256 57298.92399715 19.61 119.173789  60.062638 13.248  263.56  262.32  263.52
 267   130.236 57298.92399774 31.73 119.177977  60.061049  3.848  263.56  262.32  263.52
 268   129.671 57308.83964639 36.55 119.170152  60.061437 20.053 -100.00 -100.00 -100.00
 268   130.002 57308.83964698 49.65 119.174341  60.059847   -100 -100.00 -100.00 -100.00
 268   129.647 57308.83964757 54.75 119.178529  60.058257   -100 -100.00 -100.00 -100.00
 269   130.776 57318.75529182 37.50 119.166365  60.061479 15.995 -100.00 -100.00 -100.00
 269   130.162 57318.75529241 40.25 119.170554  60.059889 28.329 -100.00 -100.00 -100.00
 269   129.625 57318.75529300 51.08 119.174743  60.058299  7.458 -100.00 -100.00 -100.00
 270   129.540 57328.67093444 35.73 119.166650  60.061584   -100  259.53  257.39  256.52
 270   129.836 57328.67093503 38.57 119.170839  60.059994 27.216  259.53  257.39  256.52
 270   129.193 57328.67093562 41.49 119.175027  60.058404 12.059  259.53  257.39  256.52
 271   140.346 57338.58657522 21.65 119.170991  60.061547 13.567  254.67  251.95  250.00
 271   129.784 57338.58657581 25.09 119.175180  60.059957 24.918  254.67  251.95  250.00
 271   139.114 57338.58657640 20.53 119.179368  60.058367 12.845  254.67  251.95  250.00
 272   140.705 57348.50222328 20.35 119.166630  60.062575 10.339  249.72  246.99  242.57
 272   140.029 57348.50222387 21.91 119.170819  60.060985 14.166  249.72  246.99  242.57
 272   129.576 57348.50222446 24.44 119.175008  60.059395 21.398  249.72  246.99  242.57
 273   140.570 57358.41786936 21.39 119.165489  60.061138 11.536  255.19  252.32  248.17
 273   130.365 57358.41786995 26.13 119.169678  60.059548 26.217  255.19  252.32  248.17
 273   130.479 57358.41787054 24.16 119.173867  60.057958 18.626  255.19  252.32  248.17
 274   140.703 57368.33351240 20.19 119.165752  60.059200 11.135 -100.00 -100.00 -100.00
 274   140.321 57368.33351299 18.44 119.169942  60.057610  7.595 -100.00 -100.00 -100.00
 274   139.554 57368.33351358 17.24 119.174130  60.056020  7.009 -100.00 -100.00 -100.00
 275   140.818 57378.24915262 15.52 119.167570  60.058892  5.007 -100.00 -100.00 -100.00
 275   139.949 57378.24915321 15.97 119.171760  60.057302  6.620 -100.00 -100.00 -100.00
 276   140.720 57388.16479076 14.94 119.167892  60.061819  6.092 -100.00 -100.00 -100.00
 276   140.227 57388.16479135 15.27 119.172082  60.060230  6.139 -100.00 -100.00 -100.00
 276   139.567 57388.16479194 15.03 119.176271  60.058640  6.816 -100.00 -100.00 -100.00
 277   139.417 57398.08042833 14.21 119.170093  60.064413  5.646  251.38  246.64  237.43
 277   140.149 57398.08042892 13.46 119.174282  60.062823  5.214  251.38  246.64  237.43
 277   139.435 57398.08042951 15.33 119.178472  60.061234  7.521  251.38  246.64  237.43
 278   138.876 57407.99606439 12.92 119.171017  60.065859  4.854  242.49  235.99  223.01
 278   139.690 57407.99606498 15.88 119.175207  60.064270  9.276  242.49  235.99  223.01
 278   140.185 57407.99606557 13.69 119.179397  60.062680  5.623  242.49  235.99  223.01
 278   139.624 57407.99606616 13.36 119.183586  60.061090  5.655  242.49  235.99  223.01
 279   138.485 57417.91171770 11.77 119.169703  60.063756  5.416 -100.00 -100.00 -100.00
 279   139.308 57417.91171829 12.11 119.173892  60.062166  4.160 -100.00 -100.00 -100.00
 279   139.772 57417.91171888 12.69 119.178081  60.060576  4.861 -100.00 -100.00 -100.00
 280   141.235 57427.82736836 14.29 119.166757  60.062559  9.795 -100.00 -100.00 -100.00
 280   140.804 57427.82736895 14.28 119.170945  60.060969  8.591 -100.00 -100.00 -100.00
 280   140.354 57427.82736954 13.16 119.175134  60.059380  6.659 -100.00 -100.00 -100.00
 281   141.078 57437.74301667 11.92 119.168533  60.061740  6.477 -100.00 -100.00 -100.00
 281   140.397 57437.74301726 11.70 119.172722  60.060151  5.848 -100.00 -100.00 -100.00
 281   139.944 57437.74301785 11.52 119.176910  60.058561  5.661 -100.00 -100.00 -100.00
 282   141.303 57447.65866303 12.61 119.169092  60.063644  9.133  253.91  248.09  236.86
 282   140.806 57447.65866362 12.49 119.173281  60.062054  7.720  253.91  248.09  236.86
 282   140.146 57447.65866421 11.29 119.177469  60.060464  6.402  253.91  248.09  236.86
 283   141.408 57457.57430846 11.94 119.171042  60.064955  5.899 -100.00 -100.00 -100.00
 283   140.816 57457.57430905 12.09 119.175231  60.063365  6.442 -100.00 -100.00 -100.00
 283   140.708 57457.57430964 10.57 119.179419  60.061775  5.630 -100.00 -100.00 -100.00
 284   129.536 57467.48995165 11.18 119.174365  60.064063  4.750  259.61  254.96  245.76
 284   138.069 57467.48995224 10.69 119.178554  60.062473  4.784  259.61  254.96  245.76
 284   138.882 57467.48995283 11.74 119.182743  60.060883  6.306  259.61  254.96  245.76
 285   141.191 57477.40559042  8.51 119.172806  60.063313  6.183 -100.00 -100.00 -100.00
 285   140.708 57477.40559101  8.49 119.176995  60.061723  6.171 -100.00 -100.00 -100.00
 285   139.942 57477.40559160 10.43 119.181183  60.060133  9.733 -100.00 -100.00 -100.00
 288   140.107 57507.15249758 30.99 119.172113  60.064222 32.214 -100.00 -100.00 -100.00
 288   129.516 57507.15249817 31.96 119.176303  60.062633   -100 -100.00 -100.00 -100.00
 288   129.712 57507.15249877 33.43 119.180492  60.061043   -100 -100.00 -100.00 -100.00
 289   130.898 57517.06815375 37.33 119.170314  60.064538  4.573 -100.00 -100.00 -100.00
 289   131.116 57517.06815434 33.59 119.174503  60.062948   -100 -100.00 -100.00 -100.00
 289   130.882 57517.06815493 35.76 119.178692  60.061359 10.159 -100.00 -100.00 -100.00
 290   133.447 57526.98380765 34.11 119.171543  60.062876   -100  264.36  263.48  264.01
 290   133.762 57526.98380824 31.69 119.175732  60.061287   -100  264.36  263.48  264.01
 290   133.544 57526.98380883 37.92 119.179920  60.059697 18.015  264.36  263.48  264.01
 291   137.043 57536.89945843 41.42 119.167935  60.061447 20.060 -100.00 -100.00 -100.00
 291   136.026 57536.89945902 47.83 119.172123  60.059857   -100 -100.00 -100.00 -100.00
 291   135.752 57536.89945961 57.95 119.176312  60.058268   -100 -100.00 -100.00 -100.00
 292   137.453 57546.81510676 42.34 119.166507  60.059462 26.792 -100.00 -100.00 -100.00
 292   137.245 57546.81510735 48.67 119.170695  60.057872   -100 -100.00 -100.00 -100.00
 292   137.014 57546.81510794 52.61 119.174883  60.056282   -100 -100.00 -100.00 -100.00
 293   135.557 57556.73075333 40.26 119.166762  60.058931   -100  269.27  268.23  268.11
 293   135.385 57556.73075392 46.81 119.170950  60.057341  9.511  269.27  268.23  268.11
 294   133.846 57566.64639833 42.73 119.167740  60.060809   -100  271.57  270.45  270.16
 294   133.785 57566.64639892 41.25 119.171928  60.059220   -100  271.57  270.45  270.16
 294   133.648 57566.64639951 44.44 119.176116  60.057630   -100  271.57  270.45  270.16
 295   132.033 57576.56204252 37.23 119.168742  60.062960 26.808 -100.00 -100.00 -100.00
 295   132.311 57576.56204311 39.56 119.172931  60.061370 28.060 -100.00 -100.00 -100.00
 295   132.285 57576.56204370 40.53 119.177120  60.059780 28.700 -100.00 -100.00 -100.00
 296   140.368 57586.47768593 23.08 119.170406  60.063366 25.065  276.15  275.05  273.06
 296   140.327 57586.47768652 19.39 119.174595  60.061777 14.446  276.15  275.05  273.06
 296   140.051 57586.47768711 15.82 119.178783  60.060187  9.375  276.15  275.05  273.06
 297   133.266 57596.39332726 44.38 119.171739  60.062099 25.276  285.34  284.91  284.08
 297   132.673 57596.39332785 51.00 119.175928  60.060509   -100  285.34  284.91  284.08
 297   132.465 57596.39332844 54.14 119.180117  60.058919   -100  285.34  284.91  284.08
