# NaN NaN NaN ;Mean Elev.(m), Avg Gradient(m/km), RMS Gradient(m/km) - SRTM1     
#   22.343  -4.529  15.557 ;Mean Elev.(m), Avg Gradient(m/km), RMS Gradient(m/km) - ASTER GDEM
#   27.027  -4.277  13.081 ;Mean Elev.(m), Avg Gradient(m/km), RMS Gradient(m/km) - GMTED2010 
   1 124.414095  65.323659    44.978    44.582  7 54661.28220093 28.103
   3 124.415346  65.324120    -4.557    -4.568  7 54681.11349024 10.672
   4 124.412877  65.325393    45.419    45.384  7 54691.02913264 54.668
   5 124.416903  65.325332    -2.859    -2.470  7 54700.94477341 13.679
   6 124.417442  65.324001    46.507    46.892  7 54710.86042003 25.173
   7 124.417302  65.322129    12.763    12.749  8 54720.77607136 22.571
   8 124.421239  65.319955    46.439    46.408  8 54730.69172044 53.316
   9 124.418660  65.319831    44.479    44.456  8 54740.60736716 56.477
  10 124.417080  65.320316    45.473    45.395  8 54750.52301390 23.588
  11 124.417680  65.320583    43.011    42.986  8 54760.43866068 52.290
  12 124.419424  65.320092    42.449    42.494  8 54770.35430522 46.495
  13 124.418853  65.319560    42.966    42.961  8 54780.26994629 23.983
  14 124.417208  65.319207    43.680    43.833  8 54790.18558471 18.026
  15 124.417066  65.319725    44.278    44.362  8 54800.10122217 16.765
  16 124.418417  65.320788    44.528    44.583  8 54810.01685985 15.887
  17 124.418055  65.322279    44.639    44.689  8 54819.93249862 15.208
  18 124.416143  65.322739    44.589    44.700  7 54829.84815074 14.675
  19 124.417378  65.322549    44.608    44.582  8 54839.76378967 14.191
  20 124.415046  65.323033    44.560    44.596  7 54849.67943849 13.727
  21 124.416440  65.323620    44.542    44.541  8 54859.59508715 13.102
  22 124.415901  65.324261    44.750    44.651  7 54869.51073574 13.168
  23 124.416512  65.323480    44.563    44.535  8 54879.42638345 12.982
  24 124.416553  65.321669    44.476    44.595  8 54889.34202802 12.506
  25 124.419759  65.319347    44.402    44.452  8 54899.25766974 11.778
  26 124.421965  65.318694    44.465    44.517  8 54909.17330897 12.576
  27 124.420800  65.319845    44.414    44.353  8 54919.08894656 12.727
  28 124.419712  65.321013    44.755    44.758  8 54929.00458392 11.852
  29 124.418125  65.321035    44.742    44.710  7 54938.92022047 11.330
  30 124.416809  65.320300    41.842    41.886  8 54948.83585541 44.255
  31 124.422506  65.318967    97.698    96.835  7 54958.75149306  4.960
  32 124.418244  65.319636    45.920    45.866  8 54968.66714117 32.755
  33 124.405727  65.322128    93.978    94.006  3 54978.58278728 25.638
  34 124.414001  65.322143    73.680    78.246  7 54988.49843537  5.358
  35 124.417983  65.321860    47.470    47.413  7 54998.41408321 29.874
  36 124.416989  65.321956    94.127    94.104  7 55008.32972879 28.430
  37 124.417578  65.322146    45.560    45.598  8 55018.24537261 52.844
  38 124.417960  65.323065    45.575    45.448  7 55028.16101501 25.527
  39 124.417870  65.324279    46.823    47.218  7 55038.07665686 24.911
  40 124.416018  65.325084    46.221    46.919  7 55047.99229746 25.130
  41 124.417196  65.323969    46.373    47.028  7 55057.90793646 24.208
  42 124.418639  65.321638    44.991    45.238  7 55067.82357467 25.729
  43 124.419058  65.319416    44.667    44.426  8 55077.73922501 27.503
  44 124.417111  65.319249    44.550    44.213  8 55087.65487257 26.105
  45 124.418733  65.320175    44.455    44.471  7 55097.57051878 28.276
  46 124.416527  65.321533    44.911    44.704  8 55107.48616416 27.178
  47 124.418429  65.320908    45.024    45.015  8 55117.40180934 25.241
  48 124.420652  65.318962    43.538    43.584  8 55127.31745231 51.427
  49 124.431725  65.316408    89.920    89.963  5 55137.23309387 20.540
  50 124.420534  65.318108    44.191    44.332  9 55147.14873135 24.902
  51 124.416332  65.320734    44.388    44.444  8 55157.06436877 21.811
  52 124.417899  65.322467    44.673    44.623  7 55166.98000674 20.764
  53 124.415592  65.323520    44.504    44.523  7 55176.89564399 19.891
  54 124.416488  65.322724    44.665    44.652  8 55186.81128722 18.895
  55 124.417132  65.322083    44.509    44.528  7 55196.72693830 18.676
  56 124.416916  65.322740    44.659    44.655  8 55206.64258803 17.751
  57 124.414385  65.324406    44.360    44.594  7 55216.55823686 17.146
  58 124.412825  65.324895    44.339    44.385  7 55226.47388524 16.180
  59 124.417986  65.322647    44.234    44.362  7 55236.38953189 15.745
  60 124.420503  65.319566    44.423    44.500  8 55246.30517495 15.267
  61 124.432630  65.316144    44.997    44.617  4 55256.22081629 15.126
  62 124.431161  65.316717    44.622    44.620  5 55266.13645499 14.667
  63 124.416554  65.320569    44.401    44.472  8 55276.05209161 14.359
  64 124.417422  65.322101    44.413    44.471  8 55285.96772884 14.365
  65 124.417202  65.321765    44.375    44.425  7 55295.88336401 13.991
  66 124.420626  65.319287    43.937    43.951  8 55305.79900423 15.743
  67 124.432177  65.316310    99.407   100.152  4 55315.71465248  5.061
  68 124.419936  65.318315    41.788    41.825  9 55325.63029675 42.501
  69 124.419219  65.320650    91.730    90.578  8 55335.54594084 10.984
  70 124.416567  65.322848    48.751    48.753  7 55345.46158436 54.677
  71 124.416566  65.323135    93.304    93.106  7 55355.37722719 28.745
  72 124.417920  65.322465   110.460   109.656  8 55365.29286819  9.807
  73 124.415972  65.322376    45.445    45.356  8 55375.20850731 27.774
  74 124.417471  65.323052    44.562    44.532  7 55385.12414567 45.749
  75 124.416888  65.324326    46.610    47.039  7 55395.03978295 25.810
  76 124.415182  65.325161    46.069    46.971  7 55404.95542212 25.683
  77 124.416451  65.323415    45.082    44.843  7 55414.87107387 25.099
  78 124.416859  65.320571    45.144    45.214  8 55424.78672249 26.619
  79 124.431481  65.316740    91.256    91.364  4 55434.70236980 31.355
  80 124.431457  65.316754    44.098    43.940  5 55444.61801408 27.234
  81 124.418447  65.319876    44.882    44.964  8 55454.53365589 28.980
  82 124.416651  65.321913    91.007    90.966  8 55464.44929800 27.444
  83 124.416489  65.321859    44.481    44.337  7 55474.36493776 25.054
  84 124.416955  65.320061    42.526    42.524  8 55484.28057474 52.662
  85 124.432608  65.316640    42.197    42.172  5 55494.19621111 45.997
  86 124.417428  65.319076    43.044    43.050  8 55504.11184328 19.284
  87 124.418425  65.321108    44.003    43.962  7 55514.02749210 17.996
  88 124.414464  65.323663    42.907    42.676  7 55523.94314123 16.974
  89 124.417026  65.323868    43.522    43.641  7 55533.85878936 16.815
  90 124.417311  65.322859    43.487    43.290  8 55543.77443549 16.170
  91 124.418492  65.321922    43.576    43.622  7 55553.69007974 14.792
  92 124.415296  65.322638    43.655    43.857  7 55563.60572237 14.378
  93 124.418211  65.323280    44.549    44.580  7 55573.52136492 13.750
  94 124.415535  65.323628    44.284    44.342  7 55583.43700559 13.183
  95 124.416239  65.322236    44.301    44.411  8 55593.35264326 12.349
  96 124.416961  65.320300    44.136    44.203  8 55603.26827764 12.098
  97 124.420377  65.319000    44.326    44.326  8 55613.18391016 11.900
  98 124.420344  65.319613    44.260    44.305  8 55623.09954645 11.623
  99 124.418797  65.320880    44.229    44.026  7 55633.01519912 11.504
 100 124.417520  65.321652    44.651    44.676  8 55642.93084958 10.559
 101 124.417525  65.321207    44.705    44.614  7 55652.84649736 10.608
 102 124.419185  65.319447    44.440    44.527  8 55662.76214111  9.981
 103 124.418825  65.318603    42.232    42.183  8 55672.67778156 26.994
 104 124.417057  65.319403    45.710    44.900  8 55682.59342026 25.271
 105 124.415320  65.321706    98.508    94.486  6 55692.50905737  8.441
 106 124.418499  65.323434    95.801    95.745  7 55702.42469337 27.916
 107 124.417386  65.324282    47.024    47.373  7 55712.34033620 27.472
 108 124.415944  65.323792    46.477    46.298  8 55722.25598556 27.096
 109 124.414337  65.323373    93.671    93.576  7 55732.17163291 26.625
 110 124.417555  65.322874    46.531    47.269  7 55742.08727947 24.180
 111 124.416388  65.323038    91.344    91.528  7 55752.00292432 27.504
 112 124.415532  65.322687    44.678    43.878  7 55761.91856692 26.229
 113 124.416919  65.321516    44.374    44.236  7 55771.83420694 25.724
 114 124.415682  65.320201    96.461    91.134  7 55781.74984321  9.618
 115 124.419125  65.319462    92.113    91.935  9 55791.66547724 26.024
 116 124.421043  65.320093    91.217    91.431  8 55801.58111006 28.249
 117 124.415932  65.321479    44.531    44.394  8 55811.49675962 23.472
 118 124.417374  65.321704    44.840    44.592  8 55821.41240830 24.650
 119 124.419063  65.321079    45.003    44.937  8 55831.32805227 23.131
 120 124.419914  65.320002    44.839    44.722  8 55841.24369165 25.473
 121 124.417466  65.319935    89.707    89.648  8 55851.15932764 26.504
 122 124.419465  65.320961    42.710    42.713  8 55861.07496195 46.259
 123 124.417439  65.322477    44.435    44.529  8 55870.99061447 18.351
 124 124.415707  65.323733    45.113    45.108  7 55880.90626466 15.283
 125 124.413691  65.324198    44.928    44.952  7 55890.82190822 15.584
 126 124.417316  65.323704    45.075    45.103  7 55900.73754649 15.361
 127 124.413131  65.324429    44.778    44.838  7 55910.65317926 15.254
 128 124.413935  65.324152    44.791    44.775  7 55920.56883290 15.066
 129 124.415959  65.323310    45.046    45.024  7 55930.48448534 13.755
 130 124.416878  65.321771    44.798    44.798  8 55940.40013385 13.808
 131 124.421655  65.319383    44.929    44.894  8 55950.31577813 13.335
 132 124.420752  65.318656    44.806    44.786  8 55960.23141774 12.552
 133 124.420994  65.319226    44.754    44.733  8 55970.14705509 12.706
 134 124.418679  65.320922    44.679    44.717  7 55980.06269112 12.703
 135 124.416523  65.321930    44.753    44.810  8 55989.97832630 12.392
 136 124.418584  65.321259    45.015    44.982  7 55999.89397026 11.668
 137 124.417362  65.320133    44.697    44.687  8 56009.80962098 11.867
 138 124.418927  65.319415    44.762    44.746  8 56019.72526783 11.750
 139 124.418231  65.320017    44.868    44.818  8 56029.64091140 11.348
 140 124.418552  65.321400    44.839    44.970  8 56039.55655312  6.991
 141 124.417672  65.322772    44.570    44.546  7 56049.47219270  9.178
 142 124.416988  65.323752    91.496    92.150  7 56059.38782963 16.703
 143 124.417277  65.323841   102.752    97.514  7 56069.30346440 17.897
 144 124.415515  65.323546   111.458   114.003  7 56079.21911534 10.062
 145 124.416835  65.323352    94.068    94.018  7 56089.13476386 27.999
 146 124.416179  65.323823    46.787    46.550  8 56099.05040968 27.334
 147 124.415860  65.323374    46.876    47.273  8 56108.96605324 25.432
 148 124.416588  65.321730    93.960    93.901  7 56118.88168248 14.528
 149 124.417675  65.319910    44.402    44.396  8 56128.79731967 53.452
 150 124.421053  65.318945    92.245    92.091  8 56138.71295359 27.113
 151 124.420683  65.319813    92.823    92.768  8 56148.62860152 27.224
 152 124.416312  65.321811    44.543    44.773  7 56158.54425006 26.791
 153 124.417490  65.322247    45.609    45.631  8 56168.45989804 24.407
 154 124.418762  65.321012    92.532    92.421  8 56178.37554313 27.794
 155 124.419845  65.319464    91.515    91.475  8 56188.29118378 28.739
 156 124.418141  65.319327    45.081    44.903  8 56198.20682071 28.990
 157 124.419593  65.320848    97.099    97.610  8 56208.12245501 29.134
 158 124.413967  65.324015    90.744    90.700  7 56218.03808695 20.247
 159 124.416092  65.325117    89.306    89.292  7 56227.95373185 15.713
 160 124.415864  65.324494    43.144    43.039  7 56237.86938620 27.276
 161 124.417574  65.323080    43.205    43.265  7 56247.78503689 25.929
 162 124.415920  65.322629    43.264    43.113  8 56257.70068222 25.121
 163 124.417777  65.323123    44.050    44.075  7 56267.61632449 22.035
 164 124.415507  65.324101    43.577    43.480  7 56277.53196465 21.392
 165 124.414560  65.323741    44.035    44.067  7 56287.44761276 17.849
 166 124.419209  65.321008    43.912    43.908  8 56297.36326261 17.170
 167 124.420196  65.318507    44.000    44.034  9 56307.27890818 16.384
 168 124.432640  65.316323    44.244    44.315  5 56317.19455197 15.545
 169 124.416969  65.319709    44.075    44.026  8 56327.11019142 14.926
 170 124.417300  65.321920    44.244    44.276  8 56337.02583142 14.324
 171 124.417223  65.322925    44.437    44.480  8 56346.94146985 13.512
 172 124.418463  65.321787    44.300    44.343  7 56356.85710597 12.780
 173 124.417257  65.319823    44.069    44.055  8 56366.77275408 12.732
 176 124.416885  65.323371    44.285    44.423  7 56396.51969155 12.060
 177 124.415821  65.324954    41.713    42.016  7 56406.43533266 18.652
 178 124.415923  65.324792    88.959    88.935  7 56416.35097044 17.115
 179 124.416524  65.323616    90.556    90.399  7 56426.26660359 13.502
 180 124.416690  65.322444    48.143    48.076  7 56436.18225381 31.450
 181 124.418171  65.322262    46.983    47.022  8 56446.09790573 45.365
 182 124.416766  65.323310    46.566    46.379  7 56456.01355499 26.034
 183 124.416644  65.323109    93.200    93.113  8 56465.92920135 26.110
 184 124.418198  65.321235    45.477    45.675  7 56475.84484411 25.792
 185 124.403888  65.320649    93.025    92.924  4 56485.76048180  5.913
 186 124.420547  65.318189    45.772    45.302  8 56495.67611953 28.942
 187 124.421258  65.319823    46.533    46.482  8 56505.59175392 26.947
 188 124.414964  65.323293    46.849    46.870  7 56515.50738606 52.438
 189 124.414267  65.323987    46.425    46.811  7 56525.42304006 23.456
 190 124.417286  65.322329    45.407    45.333  8 56535.33869118 25.615
 192 124.417586  65.319653    91.070    91.081  8 56555.16998257 28.097
 193 124.418247  65.321247    45.011    45.032  8 56565.08562533 23.685
 194 124.415951  65.324140    43.440    43.390  7 56575.00126643 51.756
 195 124.414565  65.325966    42.548    42.559  6 56584.91690475 42.476
 196 124.415360  65.325641    42.686    42.709  7 56594.83254089 32.132
 197 124.417904  65.323383    41.928    41.933  7 56604.74819419 16.415
 198 124.416664  65.322132    42.688    42.732  8 56614.66384227 16.436
 199 124.416179  65.322356    42.999    42.670  7 56624.57948648 15.187
 200 124.417110  65.322897    43.827    43.755  8 56634.49512800 14.041
 201 124.416486  65.323347    43.778    43.836  8 56644.41076483 13.529
 202 124.417398  65.321607    44.083    44.162  8 56654.32641791 12.872
 203 124.416380  65.319710    44.156    44.172  8 56664.24206657 12.771
 204 124.420192  65.318353    44.204    44.282  9 56674.15771299 12.692
 205 124.416830  65.319831    44.316    44.295  8 56684.07335744 11.876
 206 124.418790  65.321487    44.286    44.285  8 56693.98900031 12.290
 207 124.415098  65.323238    44.240    44.332  7 56703.90463830 11.783
 208 124.415557  65.322860    44.477    44.493  7 56713.82027146 11.076
 210 124.420751  65.319986    44.565    44.701  8 56733.65157216 11.087
 211 124.418544  65.321665    44.724    44.878  8 56743.56721894 11.233
 212 124.414239  65.324348    44.777    44.612  7 56753.48286114 10.557
 213 124.407893  65.326431    92.692    92.384  3 56763.39849780  2.948
 214 124.416759  65.325174    42.729    42.506  7 56773.31413206 32.101
 215 124.414809  65.323478    90.391    89.785  7 56783.22978945 14.711
 216 124.418900  65.321675    98.110    95.664  8 56793.14544376 13.366
 217 124.417344  65.321520    94.468    94.364  7 56803.06109468 28.513
 218 124.416923  65.321917    93.898    94.024  8 56812.97673775 30.073
 219 124.416431  65.321830    46.163    46.030  8 56822.89237732 26.730
 220 124.428784  65.319740    49.505    49.613  3 56832.80801398  8.551
 221 124.418685  65.320252    45.331    45.633  7 56842.72364502 28.987
 222 124.418337  65.320331    44.237    44.236  8 56852.63928523 51.399
 223 124.417230  65.320899    44.694    44.535  8 56862.55493920 26.088
 224 124.418127  65.321629    44.867    44.754  8 56872.47059276 24.971
 225 124.416980  65.321981    44.056    44.063  8 56882.38624307 46.240
 226 124.418948  65.321407    44.658    44.602  8 56892.30189013 25.113
 227 124.418540  65.320812    45.074    45.079  8 56902.21753390 23.982
 228 124.419748  65.321129    44.099    44.082  8 56912.13317587 53.218
 229 124.417888  65.322579    44.796    44.755  7 56922.04881592 24.048
 230 124.416981  65.324293    45.048    44.987  7 56931.96445380 27.563
 231 124.417111  65.325059    44.850    44.764  7 56941.88008663 27.425
 232 124.412438  65.325039    42.395    42.383  7 56951.79572860 45.825
 233 124.415164  65.323345    41.863    41.885  7 56961.71138008 28.725
 234 124.417398  65.322384    41.881    41.873  7 56971.62702651 22.151
 235 124.415495  65.322609    42.462    42.467  7 56981.54266838 18.781
 236 124.416650  65.322617    43.302    43.280  8 56991.45830607 16.199
 237 124.417917  65.322219    43.752    43.886  8 57001.37393794 15.307
 238 124.417615  65.320848    43.672    43.651  8 57011.28959552 14.865
 239 124.421476  65.319504    43.800    43.720  8 57021.20524766 14.172
 240 124.421275  65.319921    43.012    43.020  8 57031.12089648 14.865
 241 124.418453  65.321093    43.848    43.844  7 57041.03654317 14.016
 242 124.418793  65.321831    44.262    44.354  8 57050.95218807 12.845
 243 124.417105  65.322042    43.520    43.630  7 57060.86782867 12.939
 244 124.417726  65.321910    43.957    44.054  7 57070.78346392 12.521
 245 124.416100  65.322606    43.966    43.909  7 57080.69909459 11.880
 246 124.416011  65.323773    44.021    43.941  7 57090.61473571 11.933
 247 124.414742  65.324851    44.501    44.681  7 57100.53039321 11.387
 248 124.414545  65.325196    44.704    44.919  7 57110.44604772 11.102
 249 124.414635  65.324386    44.638    44.625  7 57120.36169671 10.980
 250 124.415152  65.323027    43.179    43.262  7 57130.27733997 20.689
 252 124.417034  65.323139    90.087    89.144  8 57150.10861237 15.560
 254 124.415967  65.323169   104.466   103.931  8 57169.93989624  4.233
 255 124.417380  65.321158    94.230    94.382  8 57179.85555202 28.044
 256 124.418865  65.319476    94.347    94.340  8 57189.77120376 28.591
 257 124.420481  65.319400    46.297    46.116  8 57199.68685178 28.844
 259 124.417476  65.322302    92.095    92.159  7 57219.51812955 27.893
 260 124.415490  65.322655    44.222    44.196  7 57229.43377236 27.344
 261 124.416712  65.322080    90.773    90.708  8 57239.34941329 27.616
 262 124.416039  65.321899    90.564    90.326  8 57249.26505103 29.132
 263 124.417376  65.322710    45.064    44.452  8 57259.18068656 25.386
 264 124.414867  65.324847    90.963    90.243  6 57269.09632042 16.654
 265 124.419141  65.325603    43.854    42.533  6 57279.01197161 31.174
 267 124.416609  65.323986    90.048    90.149  7 57298.84328040 29.811
 268 124.417756  65.321920    42.354    42.368  7 57308.75893002 34.630
 269 124.417440  65.321210    41.727    41.747  7 57318.67457582 49.045
 270 124.417760  65.321694    42.402    42.386  7 57328.59021848 30.667
 271 124.417417  65.322921    44.431    44.543  7 57338.50585885 20.268
 272 124.417873  65.322370    44.834    44.788  8 57348.42150754 18.962
 273 124.416859  65.320689    44.546    44.482  8 57358.33715367 17.437
 274 124.417612  65.318834    44.696    44.690  8 57368.25279671 16.729
 275 124.421341  65.318581    44.632    44.645  8 57378.16843709 16.336
 276 124.416825  65.321287    44.603    44.644  8 57388.08407496 16.026
 277 124.418288  65.323362    44.911    44.882  7 57397.99971259 15.091
 278 124.416619  65.324264    44.858    44.850  7 57407.91534847 14.963
 279 124.417253  65.322599    44.745    44.817  8 57417.83100155 14.448
 280 124.417356  65.321329    44.668    44.644  7 57427.74665236 14.544
 281 124.417446  65.321849    44.754    44.773  7 57437.66230036 13.798
 282 124.414401  65.324252    44.616    44.535  7 57447.57794652 13.349
 283 124.414639  65.325901    44.744    44.684  6 57457.49359194 13.778
 284 124.414344  65.325802    44.785    44.777  6 57467.40923480 13.872
 285 124.413401  65.324085    44.709    44.743  7 57477.32487372 13.645
 286 124.417519  65.321774    44.701    44.658  7 57487.24050995 12.871
 287 124.416467  65.321707    44.000    44.082  8 57497.15614341 10.740
 288 124.418169  65.323034    45.291    44.995  7 57507.07178138 15.422
 289 124.417941  65.323660   100.255    96.346  7 57516.98743762  5.343
 290 124.415205  65.323348   104.571   104.307  7 57526.90309088  4.593
 291 124.416414  65.321033    93.420    93.368  8 57536.81874200 27.591
 292 124.418808  65.318906    94.261    94.254  8 57546.73439051 26.915
 293 124.419567  65.318760    94.791    94.742  9 57556.65003709 27.660
 294 124.418235  65.320889    45.752    45.624  8 57566.56568206 32.182
 296 124.414716  65.323848    46.373    46.936  7 57586.39696945 22.883
 297 124.417729  65.322708    45.889    45.428  7 57596.31261095 25.138
