-114552.520   193.195     0.00    4.12
-114267.072   193.652     1.60    3.89
-113981.614   193.681     0.10    3.50
-113696.147   193.943     0.92    3.19
-113410.670   194.889     3.31    2.68
-113125.184   195.305     1.46    2.42
-112839.689   195.293    -0.04    2.37
-112554.185   195.199    -0.33    2.15
-112268.671   195.459     0.91    2.06
-111983.148   196.436     3.42    2.91
-111697.615   197.303     3.03    3.00
-111412.073   197.656     1.24    3.21
-111126.522   198.235     2.03    3.26
-110840.961   198.547     1.09    3.48
-110555.391   198.737     0.67    3.73
-110269.811   198.589    -0.52    3.61
-109984.223   198.907     1.12    3.52
-109698.624   199.039     0.46    3.30
-109413.017   198.839    -0.70    3.11
-109127.400   198.126    -2.50    2.96
-108841.773   198.122    -0.01    3.10
-108556.138   197.840    -0.99    3.22
-108270.493   197.567    -0.95    3.37
-107984.838   198.050     1.69    3.83
-107699.174   198.819     2.69    4.25
-107413.501   199.351     1.86    4.17
-107127.818   199.931     2.03    3.90
-106842.126   199.923    -0.03    3.48
-106556.425   200.369     1.56    2.84
-106270.714   200.596     0.79    2.34
-105984.994   200.629     0.12    2.28
-105699.264   200.659     0.11    2.38
-105413.525   200.610    -0.17    2.55
-105127.777   200.402    -0.73    2.55
-104842.019   200.129    -0.96    2.82
-104556.252   199.731    -1.39    3.06
-104270.475   199.692    -0.13    2.99
-103984.690   199.012    -2.38    3.07
-103698.894   198.106    -3.17    3.13
-103413.089   197.234    -3.05    3.54
-103127.275   196.910    -1.14    3.73
-102841.452   196.945     0.12    3.78
-102555.619   197.228     0.99    3.69
-102269.776   197.519     1.02    3.56
-101983.925   198.163     2.25    3.46
-101698.063   198.897     2.57    3.53
-101412.193   199.481     2.04    3.96
-101126.313   199.591     0.39    3.96
-100840.423   200.167     2.02    3.96
-100554.525   200.626     1.60    3.80
-100268.616   200.789     0.57    3.54
 -99982.699   200.953     0.57    2.73
 -99696.772   200.444    -1.78    2.72
 -99410.835   199.976    -1.64    2.60
 -99124.889   200.060     0.29    3.41
 -98838.934   200.123     0.22    3.62
 -98552.969   199.973    -0.53    3.54
 -98266.995   199.834    -0.49    3.56
 -97981.012   199.797    -0.13    3.60
 -97695.019   199.403    -1.38    3.63
 -97409.016   199.086    -1.11    3.15
 -97123.004   198.348    -2.58    2.12
 -96836.983   197.624    -2.53    2.00
 -96550.952   196.887    -2.58    2.22
 -96264.912   196.017    -3.04    2.44
 -95978.863   195.267    -2.62    2.38
 -95692.804   194.753    -1.80    2.60
 -95406.735   194.074    -2.37    2.55
 -95120.657   193.634    -1.54    2.22
 -94834.570   193.116    -1.81    2.32
 -94548.473   192.122    -3.47    2.51
 -94262.367   191.234    -3.10    2.60
 -93976.251   189.846    -4.85    3.22
 -93690.126   187.781    -7.21    3.94
 -93403.992   185.591    -7.66    4.31
 -93117.848   183.185    -8.41    4.92
 -92831.695   180.300   -10.08    5.91
 -92545.532   177.447    -9.97    6.38
 -92259.359   174.389   -10.69    6.20
 -91973.178   172.716    -5.84    5.31
 -91686.987   171.635    -3.78    4.16
 -91400.786   171.367    -0.94    3.79
 -91114.576   172.419     3.68    5.15
 -90828.356   174.057     5.72    5.70
 -90542.127   175.315     4.39    5.20
 -90255.889   175.532     0.76    4.92
 -89969.641   174.580    -3.33    5.88
 -89683.384   172.645    -6.76    6.75
 -89397.117   170.753    -6.61    6.69
 -89110.841   168.220    -8.85    5.57
 -88824.555   166.545    -5.85    4.37
 -88538.260   166.427    -0.41    4.38
 -88251.955   167.767     4.68    5.47
 -87965.641   170.151     8.33    6.26
 -87679.317   173.296    10.98    6.73
 -87392.984   175.959     9.30    7.37
 -87106.642   179.582    12.65    7.68
 -86820.290   182.974    11.85    6.95
 -86533.928   185.134     7.54    6.20
 -86247.557   187.353     7.75    4.89
 -85961.177   188.674     4.62    4.14
 -85674.787   188.567    -0.37    3.97
 -85388.388   187.405    -4.06    5.51
 -85101.979   184.401   -10.49    7.88
 -84815.560   180.190   -14.70   10.01
 -84529.133   175.539   -16.24   11.30
 -84242.695   170.217   -18.58   10.96
 -83956.249   166.209   -13.99   10.00
 -83669.792   162.070   -14.45    7.71
 -83383.327   159.227    -9.92    5.87
 -83096.851   158.016    -4.23    5.46
 -82810.367   157.335    -2.38    6.20
 -82523.873   157.122    -0.74    6.49
 -82237.369   156.935    -0.65    6.51
 -81950.856   155.882    -3.67    6.65
 -81664.333   154.148    -6.05    6.18
 -81377.801   152.603    -5.39    6.23
 -81091.259   151.300    -4.55    5.61
 -80804.708   150.409    -3.11    4.60
 -80518.147   149.840    -1.99    4.01
 -80231.577   149.301    -1.88    3.58
 -79944.998   148.782    -1.81    4.27
 -79658.409   147.108    -5.84    6.42
 -79371.810   144.857    -7.85    7.56
 -79085.202   142.546    -8.06    7.43
 -78798.584   139.960    -9.02    6.20
 -78511.957   137.767    -7.65    5.11
 -78225.320   135.824    -6.78    4.69
 -77938.674   134.660    -4.06    5.19
 -77652.019   133.523    -3.97    5.65
 -77365.353   131.278    -7.83    6.18
 -77078.679   128.884    -8.35    5.54
 -76791.995   127.479    -4.90    4.97
 -76505.301   126.048    -4.99    4.14
 -76218.598   124.367    -5.86    4.05
 -75931.885   122.760    -5.61    4.64
 -75645.163   121.170    -5.55    5.43
 -75358.431   119.407    -6.15    5.78
 -75071.690   117.717    -5.89    5.87
 -74784.939   115.848    -6.52    5.98
 -74498.179   115.620    -0.79    6.60
 -74211.409   118.271     9.24   10.50
 -73924.629   122.767    15.68   14.27
 -73637.840   128.028    18.34   16.68
 -73351.042   133.479    19.01   17.30
 -73064.234   138.716    18.26   14.96
 -72777.417   141.890    11.07   10.95
 -72490.590   142.489     2.09    9.26
 -72203.753   140.582    -6.65   10.05
 -71916.907   134.724   -20.42   17.42
 -71630.051   125.951   -30.58   23.84
 -71343.186   118.223   -26.94   26.25
 -71056.312   108.910   -32.46   26.31
 -70769.427    99.476   -32.88   23.68
 -70482.534    93.072   -22.32   21.08
 -70195.630    87.422   -19.69   15.33
 -69908.717    83.666   -13.09   10.47
 -69621.795    80.596   -10.70    7.14
 -69334.863    78.981    -5.63    6.58
 -69047.922    78.079    -3.15    5.39
 -68760.971    77.022    -3.68    4.80
 -68474.010    77.187     0.57    5.16
 -68187.040    77.812     2.18    6.71
 -67900.060    79.408     5.56    9.77
 -67613.071    80.753     4.69   10.75
 -67326.072    83.304     8.89   11.43
 -67039.064    85.264     6.83   11.11
 -66752.046    87.642     8.28   10.26
 -66465.019    90.026     8.31    9.18
 -66177.982    93.319    11.47    8.96
 -65890.935    96.108     9.72    7.99
 -65603.879    98.483     8.28    7.38
 -65316.814   100.153     5.81    6.29
 -65029.738   100.235     0.29    5.84
 -64742.654    99.381    -2.97    5.57
 -64455.559    97.899    -5.16    5.85
 -64168.455    96.597    -4.53    5.14
 -63881.342    96.081    -1.80    4.68
 -63594.219    96.341     0.90    5.14
 -63307.086    97.274     3.25    5.22
 -63019.944    97.135    -0.49    6.12
 -62732.792    96.039    -3.82    7.74
 -62445.631    94.981    -3.68    8.61
 -62158.460    93.370    -5.61    9.43
 -61871.280    92.393    -3.40    9.72
 -61584.089    92.746     1.23   10.37
 -61296.890    94.025     4.45   10.79
 -61009.681    96.674     9.23   10.27
 -60722.462    99.210     8.83    8.78
 -60435.233   101.790     8.98    6.02
 -60147.996   102.567     2.71    4.40
 -59860.748   101.017    -5.40    7.86
 -59573.491    98.891    -7.40   10.49
 -59286.224    96.048    -9.90   12.46
 -58998.948    94.628    -4.94   12.64
 -58711.662    94.463    -0.57   11.69
 -58424.367    94.127    -1.17   10.59
 -58137.061    94.086    -0.14    8.87
 -57849.747    94.149     0.22    6.69
 -57562.423    94.493     1.20    4.40
 -57275.089    95.373     3.06    3.01
 -56987.745    96.295     3.21    3.59
 -56700.392    97.738     5.02    4.78
 -56413.030    99.524     6.22    4.86
 -56125.657   101.474     6.79    4.52
 -55838.276   102.709     4.30    4.27
 -55550.884   102.410    -1.04    5.27
 -55263.483   101.089    -4.60    6.77
 -54976.072    98.988    -7.31    7.39
 -54688.652    97.089    -6.61    7.53
 -54401.222    96.205    -3.07    7.80
 -54113.783    96.205     0.00    7.72
 -53826.334    96.731     1.83    7.60
 -53539.237    97.385     2.28    7.63
 -53253.745    98.526     4.00    7.21
 -52968.244    98.937     1.44    6.68
 -52682.734    98.905    -0.11    6.63
 -52397.216    98.377    -1.85    6.50
 -52111.688    96.996    -4.84    6.62
 -51826.153    95.945    -3.68    6.20
 -51540.608    94.267    -5.88    6.01
 -51255.055    93.192    -3.77    5.04
 -50969.493    92.642    -1.92    5.22
 -50683.922    92.596    -0.16    5.75
 -50398.343    93.310     2.50    6.59
 -50112.755    94.201     3.12    6.84
 -49827.159    95.336     3.97    6.51
 -49541.553    96.569     4.32    6.05
 -49255.939    97.954     4.85    5.21
 -48970.316    99.030     3.77    3.77
 -48684.685    99.353     1.13    3.16
 -48399.045    99.847     1.73    3.44
 -48113.396   100.246     1.40    3.57
 -47827.739   100.431     0.65    3.45
 -47542.072   100.901     1.64    3.35
 -47256.397   101.039     0.48    3.06
 -46970.714   101.118     0.28    2.92
 -46685.021   100.347    -2.70    3.42
 -46399.320    99.210    -3.98    4.57
 -46113.611    97.339    -6.55    7.23
 -45827.892    94.715    -9.18    8.92
 -45542.165    92.038    -9.37    8.93
 -45256.429    89.775    -7.92    8.43
 -44970.685    88.320    -5.09    8.06
 -44684.931    87.760    -1.96    7.53
 -44399.169    87.115    -2.26    6.37
 -44113.399    86.841    -0.96    4.84
 -43827.619    85.543    -4.54    5.03
 -43541.831    83.076    -8.63    5.32
 -43256.034    81.375    -5.95    5.58
 -42970.229    80.417    -3.35    5.50
 -42684.414    79.123    -4.53    5.42
 -42398.591    78.050    -3.75    5.54
 -42112.760    77.978    -0.25    7.04
 -41826.919    77.664    -1.10    6.93
 -41541.070    77.850     0.65    6.68
 -41255.212    78.267     1.46    7.09
 -40969.345    77.709    -1.95    5.88
 -40683.470    78.475     2.68    5.38
 -40397.586    79.384     3.18    4.80
 -40111.693    79.693     1.08    4.81
 -39825.792    80.086     1.37    4.45
 -39539.881    81.323     4.33    4.01
 -39253.963    81.275    -0.17    3.75
 -38968.035    80.819    -1.59    4.04
 -38682.098    80.703    -0.41    4.91
 -38396.153    81.404     2.45    4.17
 -38110.199    81.137    -0.94    4.47
 -37824.237    81.026    -0.39    4.55
 -37538.265    81.169     0.50    4.27
 -37252.285    81.167    -0.01    4.29
 -36966.296    81.860     2.42    4.41
 -36680.299    82.350     1.71    4.43
 -36394.292    82.103    -0.86    5.06
 -36108.277    81.129    -3.41    5.34
 -35822.253    80.390    -2.58    5.38
 -35536.221    80.089    -1.05    5.51
 -35250.179    79.667    -1.47    5.08
 -34964.129    80.307     2.24    6.43
 -34678.071    80.976     2.34    7.42
 -34392.003    81.845     3.04    7.81
 -34105.927    83.618     6.20    7.45
 -33819.842    85.874     7.88    7.05
 -33533.748    89.010    10.96    6.22
 -33247.645    91.586     9.00    6.34
 -32961.534    93.048     5.11    6.80
 -32675.414    94.533     5.19    7.43
 -32389.285    96.348     6.34    7.92
 -32103.147    98.167     6.36    7.63
 -31817.001    99.028     3.01    7.13
 -31530.846    99.992     3.37    6.55
 -31244.682   101.221     4.30    6.25
 -30958.510   101.853     2.21    6.33
 -30672.328   101.598    -0.89    7.31
 -30386.138   102.888     4.51    9.36
 -30099.939   104.775     6.59   10.46
 -29813.731   106.202     4.99   10.70
 -29527.515   107.026     2.88   10.75
 -29241.290   107.108     0.29   10.90
 -28955.056   106.316    -2.77   11.00
 -28668.813   104.936    -4.82   10.73
 -28382.562   102.400    -8.86   10.06
 -28096.301    98.404   -13.96    9.57
 -27810.032    93.703   -16.42    8.78
 -27523.755    89.928   -13.19    7.17
 -27237.468    88.590    -4.67    6.15
 -26951.173    88.485    -0.36    6.35
 -26664.868    88.437    -0.17    7.01
 -26378.555    89.172     2.57    7.40
 -26092.234    91.539     8.27    8.45
 -25805.903    93.532     6.96    7.59
 -25519.564    93.584     0.18    7.39
 -25233.216    93.590     0.02    7.38
 -24946.859    93.620     0.11    7.21
 -24660.494    93.694     0.26    7.47
 -24374.119    94.652     3.35    8.40
 -24087.736    96.382     6.04    9.72
 -23801.344    98.494     7.37   10.33
 -23514.943   102.482    13.93    9.78
 -23228.534   106.064    12.50    7.77
 -22942.115   107.999     6.76    6.09
 -22655.688   109.364     4.77    4.53
 -22369.252   110.140     2.71    4.05
 -22082.808   110.059    -0.28    3.77
 -21796.354   109.415    -2.25    4.09
 -21509.892   107.982    -5.00    4.75
 -21223.421   106.667    -4.59    5.46
 -20936.941   106.160    -1.77    5.59
 -20650.452   104.943    -4.25    5.35
 -20363.955   103.120    -6.36    4.85
 -20077.449   101.611    -5.27    4.99
 -19790.934   100.797    -2.84    5.19
 -19504.410   100.554    -0.85    5.48
 -19217.877    99.789    -2.67    5.76
 -18931.336    99.195    -2.07    5.24
 -18644.785    99.408     0.74    5.16
 -18358.226    99.992     2.04    5.72
 -18071.658   100.856     3.01    6.23
 -17785.082   102.817     6.84    7.23
 -17498.496   105.164     8.19    7.11
 -17211.902   107.238     7.24    7.16
 -16925.299   108.795     5.43    7.65
 -16638.687   109.178     1.34    7.97
 -16352.066   108.260    -3.20    8.70
 -16065.436   104.228   -14.07   12.21
 -15778.798    99.840   -15.31   14.38
 -15492.151    94.811   -17.54   15.42
 -15205.495    90.164   -16.21   14.28
 -14918.830    83.854   -22.01   12.65
 -14632.156    77.547   -22.00   11.01
 -14345.474    72.274   -18.39   10.94
 -14058.782    67.775   -15.70   11.20
 -13772.082    63.224   -15.87    9.98
 -13485.373    58.626   -16.04    8.94
 -13198.655    52.789   -20.36    9.91
 -12911.929    47.003   -20.18   12.52
 -12625.193    39.047   -27.75   15.78
 -12338.449    31.130   -27.61   17.47
 -12051.696    23.731   -25.80   17.79
 -11764.934    16.689   -24.56   14.54
 -11478.163    12.392   -14.98   10.67
 -11191.384     9.883    -8.75    7.98
 -10904.595     8.823    -3.70    7.40
 -10617.798     8.659    -0.57    7.54
 -10330.992     9.905     4.35    8.32
 -10044.177    11.039     3.95    8.93
  -9757.353    12.183     3.99    8.82
  -9470.521    13.349     4.06    9.63
  -9183.679    14.873     5.31   10.36
  -8896.829    15.318     1.55   10.42
  -8609.970    15.120    -0.69   10.01
  -8323.102    14.989    -0.46   10.05
  -8036.225    15.187     0.69    9.97
  -7749.340    15.489     1.05    9.83
  -7462.445    16.008     1.81   10.06
  -7175.542    17.072     3.71   10.28
  -6888.630    18.859     6.23   11.70
  -6601.708    20.086     4.28   12.16
  -6314.779    20.032    -0.19   11.75
  -6027.840    19.717    -1.10   12.23
  -5740.892    18.267    -5.05   12.16
  -5453.936    15.673    -9.04   12.03
  -5166.971    13.183    -8.68   11.28
  -4879.996    10.224   -10.31   10.01
  -4593.013     6.481   -13.05    8.17
  -4306.022     5.046    -5.00    8.16
  -4019.021     3.463    -5.52    7.44
  -3732.011     2.159    -4.54    6.95
  -3444.993     2.809     2.27    8.37
  -3157.965     4.501     5.89    9.24
  -2870.929     6.084     5.51    9.40
  -2583.884     6.839     2.63    9.20
  -2296.830     7.001     0.57    9.06
  -2009.768     6.782    -0.76    9.06
  -1722.696     4.978    -6.28    8.52
  -1435.615     1.628   -11.67    5.62
  -1148.526    -0.292    -6.69    2.88
   -861.428    -1.177    -3.08    0.45
   -574.321    -1.240    -0.22    0.00
   -287.205    -1.240     0.00    0.00
     -0.080    -1.240     0.00    0.00
    287.054    -0.600     2.23    2.67
    574.196     1.050     5.75    5.19
    861.348     2.696     5.73    6.46
   1148.508     4.550     6.46    6.86
   1435.677     6.127     5.49    6.60
   1722.856     6.654     1.84    6.25
   2010.043     7.297     2.24    6.00
   2297.238     6.810    -1.69    6.26
   2584.443     4.910    -6.62    6.12
   2871.657     3.905    -3.50    6.12
   3158.879     4.717     2.83    7.49
   3446.111     5.514     2.77    8.00
   3733.351     5.753     0.83    8.07
   4020.600     5.367    -1.34    8.13
   4307.858     4.838    -1.84    7.83
   4595.125     3.630    -4.21    7.29
   4882.401     1.098    -8.81    5.35
   5169.686    -0.644    -6.07    2.20
   5456.980    -1.240    -2.07    0.00
   5744.282    -0.937     1.05    2.00
   6031.594     2.567    12.20   10.04
   6318.914     6.950    15.25   13.93
   6606.243    10.103    10.97   14.64
   6893.581    12.680     8.97   14.36
   7180.928    13.501     2.86   14.36
   7468.284    13.367    -0.46   14.31
   7755.649    11.281    -7.26   14.87
   8043.023     7.267   -13.97   12.80
   8329.965     2.357   -17.11    8.66
   8615.531    -0.369    -9.55    4.70
   8901.105    -0.806    -1.53    3.19
   9186.687     0.647     5.09    4.90
   9472.277     2.160     5.30    5.53
   9757.875     3.319     4.06    5.56
  10043.481     3.602     0.99    5.29
  10329.095     4.781     4.13    4.78
  10614.718     6.414     5.72    4.28
  10900.348     7.710     4.54    4.74
  11185.986     8.638     3.25    5.56
  11471.632     9.782     4.01    5.94
  11757.286    10.337     1.94    6.23
  12042.948    11.180     2.95    7.30
  12328.618    11.826     2.26    9.71
  12614.296    11.172    -2.29   11.26
  12899.982     7.976   -11.19   13.68
  13185.677     7.103    -3.06   14.62
  13471.379     8.521     4.96   14.64
  13757.089    10.028     5.27   13.76
  14042.807    10.903     3.06   11.70
  14328.534    11.760     3.00    8.95
  14614.268    13.881     7.42    7.45
  14900.010    16.498     9.16    8.00
  15185.760    18.363     6.53    9.23
  15471.519    20.144     6.23   10.26
  15757.285    22.017     6.55   10.06
  16043.059    24.341     8.13    8.54
  16328.842    24.213    -0.45    8.70
  16614.632    21.946    -7.93    9.48
  16900.431    18.547   -11.89    8.12
  17186.237    16.351    -7.68    5.65
  17472.052    15.395    -3.35    3.92
  17757.874    14.897    -1.74    3.80
  18043.705    14.804    -0.32    4.27
  18329.543    14.646    -0.55    4.49
  18615.390    13.774    -3.05    4.84
  18901.245    12.412    -4.77    4.72
  19187.107    10.953    -5.10    3.80
  19472.978    10.434    -1.82    3.33
  19758.857    10.782     1.22    3.02
  20044.744    11.203     1.47    2.71
  20330.639    11.260     0.20    2.51
  20616.541    10.642    -2.16    3.00
  20902.452     9.717    -3.24    3.35
  21188.371     8.319    -4.89    3.54
  21474.298     6.701    -5.66    3.34
  21760.233     5.517    -4.14    3.33
  22046.176     4.931    -2.05    3.13
  22332.128     4.573    -1.25    3.00
  22618.087     4.906     1.16    3.43
  22904.054     6.036     3.95    4.15
  23190.029     7.264     4.29    4.20
  23476.012     9.054     6.26    4.48
  23762.004    11.147     7.32    4.89
  24048.003    12.725     5.52    6.00
  24334.011    12.679    -0.16    6.45
  24620.026    11.897    -2.74    6.60
  24906.050    10.746    -4.02    6.92
  25192.081    11.535     2.76    6.40
  25478.121    11.954     1.46    6.24
  25764.169    12.581     2.19    5.33
  26050.224    12.297    -1.00    4.44
  26336.288    12.497     0.70    4.38
  26622.360    12.788     1.02    4.79
  26908.440    13.461     2.35    4.88
  27194.528    13.929     1.64    5.24
  27480.624    14.472     1.90    5.84
  27766.728    15.689     4.25    5.96
  28052.840    16.488     2.79    5.70
  28338.961    16.633     0.51    5.46
  28625.089    17.321     2.40    5.02
  28911.225    18.369     3.66    5.30
  29197.370    18.845     1.66    6.50
  29483.522    18.072    -2.70    7.41
  29769.683    16.914    -4.05    7.18
  30055.851    16.632    -0.99    6.98
  30342.028    15.788    -2.95    6.58
  30628.213    13.796    -6.96    5.12
  30914.406    13.234    -1.96    4.45
  31200.606    14.267     3.61    5.22
  31486.815    15.900     5.70    6.42
  31773.032    16.738     2.93    7.39
  32059.258    16.471    -0.93    8.88
  32345.491    16.960     1.71    9.12
  32631.732    17.361     1.40    9.11
  32917.981    16.239    -3.92    9.06
  33204.239    14.846    -4.87    8.10
  33490.504    14.731    -0.40    8.08
  33776.778    17.271     8.87    9.49
  34063.059    20.115     9.93    9.65
  34349.349    22.688     8.99    9.81
  34635.647    25.429     9.58    8.85
  34921.953    26.498     3.73    8.46
  35208.267    26.891     1.38    8.58
  35494.589    25.149    -6.09    9.94
  35780.919    23.154    -6.96   10.64
  36067.257    21.016    -7.47    9.95
  36353.603    20.006    -3.52    9.49
  36639.958    20.211     0.71    9.30
  36926.320    20.037    -0.61    9.30
  37212.691    22.093     7.18   10.31
  37499.070    25.084    10.44   10.12
  37785.456    28.335    11.35    9.89
  38071.851    30.948     9.13    9.48
  38358.254    33.547     9.07    9.53
  38644.665    35.256     5.97   10.08
  38931.084    38.106     9.95   11.00
  39217.511    40.203     7.32   12.75
  39503.947    42.973     9.67   13.84
  39790.390    44.709     6.06   13.32
  40076.842    46.717     7.01   12.51
  40363.301    48.201     5.18   12.38
  40649.769    50.811     9.11   11.71
  40936.245    53.417     9.10   10.82
  41222.729    54.924     5.26    9.97
  41509.221    56.702     6.20   10.45
  41795.721    58.935     7.80   10.55
  42082.229    60.347     4.93   10.19
  42368.745    62.160     6.33    9.08
  42655.270    63.304     3.99    8.59
  42941.802    64.256     3.33    8.21
  43228.343    65.960     5.95    8.48
  43514.892    66.709     2.61    8.62
  43801.448    67.164     1.59    8.35
  44088.013    66.902    -0.92    8.17
  44374.586    66.477    -1.48    7.90
  44661.168    65.471    -3.51    8.04
  44947.757    64.296    -4.10    7.41
  45234.354    62.398    -6.62    7.03
  45520.960    60.403    -6.96    6.71
  45807.574    58.204    -7.67    6.50
  46094.195    57.919    -0.99    6.29
  46380.825    59.057     3.97    6.59
  46667.463    60.654     5.57    7.69
  46954.109    62.767     7.37    8.57
  47240.764    65.680    10.16    9.31
  47527.426    70.003    15.08    8.82
  47814.096    74.674    16.30    7.17
  48100.775    78.130    12.05    6.26
  48387.462    80.788     9.27    6.11
  48674.157    83.152     8.25    5.70
  48960.859    85.614     8.59    5.24
  49247.571    87.971     8.22    5.52
  49534.290    90.221     7.85    6.26
  49821.017    92.716     8.70    6.84
  50107.753    95.553     9.89    7.70
  50394.496    98.719    11.04    7.89
  50681.248   101.883    11.04    6.94
  50968.008   103.180     4.52    6.26
  51254.776   103.363     0.64    6.45
  51541.552   103.826     1.61    6.36
  51828.336   104.045     0.76    6.17
  52115.129   104.166     0.42    5.44
  52401.929   104.062    -0.36    4.43
  52688.738   103.992    -0.25    3.58
  52975.555   103.526    -1.62    3.48
  53262.380   103.384    -0.49    3.78
  53549.213   104.307     3.22    4.10
  53836.054   105.448     3.98    4.64
  54122.903   106.696     4.35    5.93
  54409.761   109.260     8.94    7.21
  54696.627   112.084     9.84    6.99
  54983.500   114.711     9.16    5.92
  55270.382   117.191     8.64    5.03
  55557.272   119.274     7.26    4.99
  55844.171   121.062     6.23    5.07
  56131.077   121.854     2.76    5.19
  56417.992   123.296     5.03    5.43
  56704.914   123.892     2.08    5.49
  56991.845   124.898     3.51    5.71
  57278.784   125.745     2.95    5.67
  57565.731   126.653     3.16    5.37
  57852.686   127.926     4.43    4.58
  58139.650   129.716     6.24    4.52
  58426.622   131.559     6.42    4.24
  58713.601   133.188     5.68    4.50
  59000.589   135.064     6.54    5.22
  59287.585   136.704     5.71    5.44
  59574.589   138.274     5.47    5.49
  59861.602   140.664     8.33    6.16
  60148.622   144.718    14.12    9.57
  60435.651   149.915    18.11   13.07
  60722.688   156.108    21.58   16.98
  61009.733   163.300    25.05   20.24
  61296.786   171.522    28.65   23.14
  61583.848   178.797    25.34   23.27
  61870.917   185.709    24.08   22.77
  62157.995   192.008    21.94   22.56
  62445.081   198.614    23.01   22.72
  62732.175   202.948    15.10   23.23
  63019.277   209.015    21.13   22.12
  63306.387   214.386    18.71   19.99
  63593.506   218.304    13.65   19.02
  63880.632   223.060    16.56   18.38
  64167.767   227.581    15.75   16.85
  64454.910   231.278    12.87   15.48
  64742.062   234.943    12.76   13.89
  65029.221   238.839    13.57   10.89
  65316.389   241.905    10.68    8.20
  65603.564   243.598     5.90    8.79
  65890.748   245.866     7.90   10.75
  66177.940   250.818    17.24   13.29
  66465.141   255.008    14.59   15.60
  66752.349   259.859    16.89   17.61
  67039.566   265.340    19.08   19.04
  67326.791   273.012    26.71   19.99
  67614.024   278.522    19.18   20.22
  67901.265   285.198    23.24   19.42
  68188.514   291.439    21.73   18.40
  68475.772   297.639    21.58   16.74
  68763.038   304.658    24.43   16.31
  69050.312   310.176    19.21   16.18
  69337.594   313.939    13.10   16.15
  69624.884   317.985    14.08   16.02
  69912.183   324.427    22.42   15.89
  70198.986   329.340    17.13   15.94
  70484.624   334.542    18.21   15.55
  70770.270   340.731    21.67   14.47
  71055.923   345.253    15.83   13.12
  71341.583   348.288    10.63   12.54
  71627.251   351.405    10.91   11.79
  71912.926   355.840    15.52   11.57
  72198.608   358.380     8.89   11.00
  72484.297   361.345    10.38    8.65
  72769.994   363.804     8.61    6.33
  73055.698   365.374     5.50    5.55
  73341.410   366.168     2.78    5.13
  73627.128   365.256    -3.19    5.66
  73912.855   362.557    -9.45    6.91
  74198.588   360.829    -6.05    7.80
  74484.329   359.373    -5.10    8.54
  74770.077   357.490    -6.59    9.94
  75055.832   355.203    -8.00   11.56
  75341.595   352.946    -7.90   13.24
  75627.365   352.081    -3.03   13.93
  75913.142   349.963    -7.41   15.49
  76198.927   349.616    -1.21   16.23
  76484.719   349.471    -0.51   14.89
  76770.518   349.419    -0.18   11.91
  77056.325   347.902    -5.31   10.00
  77342.139   346.147    -6.14    8.46
  77627.961   344.140    -7.02    7.71
  77913.789   340.760   -11.82    9.52
  78199.625   336.663   -14.33   12.51
  78485.469   332.235   -15.49   14.59
  78771.319   327.586   -16.26   16.07
  79057.177   322.760   -16.88   17.28
  79343.043   318.247   -15.79   16.72
  79628.915   316.179    -7.23   13.82
