# NaN NaN NaN ;Mean Elev.(m), Avg Gradient(m/km), RMS Gradient(m/km) - SRTM1     
#   58.358   0.522   2.976 ;Mean Elev.(m), Avg Gradient(m/km), RMS Gradient(m/km) - ASTER GDEM
#   33.565   0.525  12.180 ;Mean Elev.(m), Avg Gradient(m/km), RMS Gradient(m/km) - GMTED2010 
   2    67.369 54669.08584487 34.67 128.472682  63.619825   -100 -100.00 -100.00 -100.00
   2    67.206 54669.08584546 32.93 128.478020  63.620948   -100 -100.00 -100.00 -100.00
   2    67.098 54669.08584665 36.26 128.488698  63.623193   -100 -100.00 -100.00 -100.00
   3   -13.561 54679.00148925 16.60 128.473512  63.621141  2.575 -100.00 -100.00 -100.00
   3   -14.040 54679.00148984 16.02 128.478850  63.622264  2.338 -100.00 -100.00 -100.00
   3   -15.243 54679.00149102 15.40 128.489528  63.624509  2.058 -100.00 -100.00 -100.00
   4    70.738 54688.91713227 29.52 128.472988  63.622331 21.779 -100.00 -100.00 -100.00
   4    69.254 54688.91713286 30.13 128.478327  63.623454 24.093 -100.00 -100.00 -100.00
   4    70.043 54688.91713404 35.19 128.489005  63.625699 22.906 -100.00 -100.00 -100.00
   5   -12.492 54698.83277312  8.85 128.472675  63.622440  1.882 -100.00 -100.00 -100.00
   5   -13.022 54698.83277371  8.79 128.478014  63.623563  2.090 -100.00 -100.00 -100.00
   5   -16.063 54698.83277489  8.98 128.488692  63.625808  2.579 -100.00 -100.00 -100.00
   6    68.543 54708.74841629 48.00 128.471561  63.620846   -100 -100.00 -100.00 -100.00
   6    68.179 54708.74841688 53.22 128.476899  63.621969 29.532 -100.00 -100.00 -100.00
   6    68.448 54708.74841747 51.88 128.482237  63.623092   -100 -100.00 -100.00 -100.00
   6    68.162 54708.74841806 56.35 128.487576  63.624215   -100 -100.00 -100.00 -100.00
   7   -26.720 54718.66406791  1.23 128.473754  63.619801  2.623 -100.00 -100.00 -100.00
   7   -29.185 54718.66406850  2.11 128.479092  63.620924  2.606 -100.00 -100.00 -100.00
   7   -34.054 54718.66406968  2.10 128.489769  63.623169  2.618 -100.00 -100.00 -100.00
   8    70.224 54728.57971684 56.05 128.474544  63.618584 12.819 -100.00 -100.00 -100.00
   8    70.163 54728.57971743 58.10 128.479882  63.619706   -100 -100.00 -100.00 -100.00
   9    68.173 54738.49536431 49.21 128.474524  63.618701 17.066 -100.00 -100.00 -100.00
   9    68.504 54738.49536490 52.82 128.479861  63.619824   -100 -100.00 -100.00 -100.00
  10    68.181 54748.41101166 45.01 128.473180  63.619696 22.090 -100.00 -100.00 -100.00
  10    67.455 54748.41101225 47.80 128.478518  63.620819   -100 -100.00 -100.00 -100.00
  10    67.389 54748.41101343 50.73 128.489196  63.623063  2.437 -100.00 -100.00 -100.00
  11    67.214 54758.32665852 39.81 128.470169  63.620308 23.540 -100.00 -100.00 -100.00
  11    67.173 54758.32665912 41.74 128.475508  63.621431 30.628 -100.00 -100.00 -100.00
  11    66.583 54758.32665971 44.12 128.480847  63.622554  2.515 -100.00 -100.00 -100.00
  11    66.499 54758.32666030 41.06 128.486186  63.623676   -100 -100.00 -100.00 -100.00
  12    66.442 54768.24230344 36.92 128.470404  63.620265 31.038 -100.00 -100.00 -100.00
  12    66.541 54768.24230403 37.79 128.475743  63.621388 28.700 -100.00 -100.00 -100.00
  12    66.241 54768.24230462 34.68 128.481082  63.622510 29.517 -100.00 -100.00 -100.00
  12    66.090 54768.24230521 33.72 128.486422  63.623633 27.826 -100.00 -100.00 -100.00
  13    65.411 54778.15794511 34.94 128.473181  63.619192   -100 -100.00 -100.00 -100.00
  13    65.650 54778.15794570 35.78 128.478519  63.620315   -100 -100.00 -100.00 -100.00
  13    66.084 54778.15794688 28.58 128.489198  63.622560 14.886 -100.00 -100.00 -100.00
  14    68.858 54788.07358434 18.68 128.476214  63.618046  5.172 -100.00 -100.00 -100.00
  14    72.723 54788.07358493 19.14 128.481553  63.619169  6.651 -100.00 -100.00 -100.00
  15    70.704 54797.98922232 17.29 128.476681  63.617696  6.452 -100.00 -100.00 -100.00
  15    69.100 54797.98922291 16.58 128.482019  63.618819  5.747 -100.00 -100.00 -100.00
  16    71.293 54807.90485995 15.93 128.473863  63.618145  4.847 -100.00 -100.00 -100.00
  16    70.562 54807.90486054 15.75 128.479201  63.619268  4.894 -100.00 -100.00 -100.00
  17    71.032 54817.82049737 14.99 128.474157  63.619296  4.306 -100.00 -100.00 -100.00
  17    72.320 54817.82049796 15.16 128.479496  63.620419  4.681 -100.00 -100.00 -100.00
  17    73.717 54817.82049914 14.26 128.490174  63.622665  3.891 -100.00 -100.00 -100.00
  18    73.253 54827.73614744 14.88 128.471567  63.619961  4.369 -100.00 -100.00 -100.00
  18    71.116 54827.73614803 14.67 128.476905  63.621084  4.973 -100.00 -100.00 -100.00
  18    70.689 54827.73614862 14.73 128.482244  63.622207  4.851 -100.00 -100.00 -100.00
  18    73.383 54827.73614922 13.84 128.487583  63.623330  3.607 -100.00 -100.00 -100.00
  19    65.928 54837.65178665 27.89 128.473555  63.620979 30.172 -100.00 -100.00 -100.00
  19    65.783 54837.65178724 28.28 128.478894  63.622102   -100 -100.00 -100.00 -100.00
  19    65.335 54837.65178843 25.41 128.489573  63.624347 31.656 -100.00 -100.00 -100.00
  20    70.685 54847.56743604 15.67 128.473433  63.621959  6.181 -100.00 -100.00 -100.00
  20    70.921 54847.56743663 15.03 128.478772  63.623082  5.660 -100.00 -100.00 -100.00
  20    69.853 54847.56743781 13.97 128.489451  63.625327  4.664 -100.00 -100.00 -100.00
  21    72.205 54857.48308461 15.44 128.470447  63.622468  6.862 -100.00 -100.00 -100.00
  21    71.318 54857.48308521 14.95 128.475786  63.623591  5.468 -100.00 -100.00 -100.00
  21    70.368 54857.48308580 14.64 128.481125  63.624713  5.726 -100.00 -100.00 -100.00
  21    70.083 54857.48308639 15.25 128.486465  63.625836  7.252 -100.00 -100.00 -100.00
  22    71.729 54867.39873348 15.59 128.469267  63.623327  7.134 -100.00 -100.00 -100.00
  22    74.127 54867.39873407 14.95 128.474607  63.624450  5.967 -100.00 -100.00 -100.00
  22    74.795 54867.39873466 15.27 128.479947  63.625573  6.622 -100.00 -100.00 -100.00
  22    66.749 54867.39873525 16.71 128.485287  63.626695  9.461 -100.00 -100.00 -100.00
  23    71.829 54877.31438208 14.50 128.472576  63.623850  5.591 -100.00 -100.00 -100.00
  23    70.784 54877.31438267 14.66 128.477916  63.624973  5.516 -100.00 -100.00 -100.00
  23    74.713 54877.31438327 14.75 128.483256  63.626096  6.761 -100.00 -100.00 -100.00
  24    71.126 54887.23002710 15.19 128.471995  63.622206  7.185 -100.00 -100.00 -100.00
  24    74.190 54887.23002769 15.09 128.477334  63.623329  7.294 -100.00 -100.00 -100.00
  24    70.269 54887.23002887 15.77 128.488015  63.625574  8.157 -100.00 -100.00 -100.00
  25    70.975 54897.14566885 16.61 128.472907  63.620464  8.690 -100.00 -100.00 -100.00
  25    68.333 54897.14566944 15.48 128.478247  63.621586  7.736 -100.00 -100.00 -100.00
  25    73.883 54897.14567062 13.76 128.488926  63.623831  5.512 -100.00 -100.00 -100.00
  26    70.656 54907.06130827 15.46 128.476364  63.620178  7.505 -100.00 -100.00 -100.00
  26    70.464 54907.06130886 14.07 128.481704  63.621301  5.132 -100.00 -100.00 -100.00
  27    71.696 54916.97694601 13.45 128.475051  63.619964  4.653 -100.00 -100.00 -100.00
  27    71.118 54916.97694660 13.70 128.480390  63.621086  5.816 -100.00 -100.00 -100.00
  27    70.234 54916.97694778 12.07 128.491070  63.623331  3.964 -100.00 -100.00 -100.00
  28    71.772 54926.89258336 13.12 128.471567  63.619598  4.924 -100.00 -100.00 -100.00
  28    73.771 54926.89258395 13.38 128.476906  63.620721  5.337 -100.00 -100.00 -100.00
  28    70.696 54926.89258454 13.09 128.482245  63.621843  4.410 -100.00 -100.00 -100.00
  29    71.679 54936.80822044 12.92 128.472046  63.619319  5.267 -100.00 -100.00 -100.00
  29    71.658 54936.80822103 12.23 128.477384  63.620442  4.547 -100.00 -100.00 -100.00
  30    65.854 54946.72385558 42.00 128.472306  63.618098  1.047 -100.00 -100.00 -100.00
  30    66.024 54946.72385617 40.07 128.477644  63.619222   -100 -100.00 -100.00 -100.00
  31    66.114 54956.63948901 43.66 128.475413  63.616828   -100 -100.00 -100.00 -100.00
  31    65.733 54956.63948960 45.35 128.480750  63.617951 15.028 -100.00 -100.00 -100.00
  32    70.314 54966.55513769 49.56 128.476278  63.616917   -100 -100.00 -100.00 -100.00
  32    70.187 54966.55513828 50.16 128.481615  63.618040  7.974 -100.00 -100.00 -100.00
  33    71.582 54976.47078502 31.98 128.472176  63.617040 15.247 -100.00 -100.00 -100.00
  33    70.512 54976.47078561 34.30 128.477513  63.618163 19.963 -100.00 -100.00 -100.00
  33    70.350 54976.47078620 39.95 128.482851  63.619286   -100 -100.00 -100.00 -100.00
  34    68.829 54986.38643322 29.19 128.475271  63.619282 13.105 -100.00 -100.00 -100.00
  34    65.758 54986.38643381 24.96 128.480609  63.620404  5.466 -100.00 -100.00 -100.00
  35    71.776 54996.30208112 26.94 128.475059  63.620374 11.907 -100.00 -100.00 -100.00
  35    72.078 54996.30208171 29.21 128.480397  63.621497 17.292 -100.00 -100.00 -100.00
  35    71.823 54996.30208289 32.01 128.491075  63.623742 29.040 -100.00 -100.00 -100.00
  36    70.277 55006.21772688 41.67 128.470622  63.620097  2.557 -100.00 -100.00 -100.00
  36    70.278 55006.21772747 44.15 128.475960  63.621220  3.999 -100.00 -100.00 -100.00
  36    70.790 55006.21772806 43.03 128.481299  63.622343   -100 -100.00 -100.00 -100.00
  36    70.458 55006.21772865 37.58 128.486638  63.623465   -100 -100.00 -100.00 -100.00
  37    69.643 55016.13337132 48.34 128.474403  63.621419   -100 -100.00 -100.00 -100.00
  37    69.456 55016.13337191 52.09 128.479742  63.622541  0.308 -100.00 -100.00 -100.00
  38    68.232 55026.04901339 43.89 128.469769  63.621181   -100 -100.00 -100.00 -100.00
  38    68.479 55026.04901398 48.97 128.475108  63.622304   -100 -100.00 -100.00 -100.00
  38    68.122 55026.04901457 52.42 128.480447  63.623427 29.816 -100.00 -100.00 -100.00
  38    68.184 55026.04901516 54.41 128.485787  63.624549   -100 -100.00 -100.00 -100.00
  39    68.208 55035.96465535 41.75 128.468351  63.622011   -100 -100.00 -100.00 -100.00
  39    67.958 55035.96465594 35.64 128.473690  63.623134   -100 -100.00 -100.00 -100.00
  39    67.825 55035.96465653 39.36 128.479029  63.624257   -100 -100.00 -100.00 -100.00
  39    67.775 55035.96465712 40.86 128.484368  63.625379  7.498 -100.00 -100.00 -100.00
  40    67.289 55045.88029661 44.00 128.469250  63.622227   -100 -100.00 -100.00 -100.00
  40    67.529 55045.88029720 45.04 128.474589  63.623351 30.155 -100.00 -100.00 -100.00
  40    66.820 55045.88029779 49.49 128.479928  63.624473 32.025 -100.00 -100.00 -100.00
  40    66.699 55045.88029838 48.77 128.485267  63.625596   -100 -100.00 -100.00 -100.00
  41    68.777 55055.79593629 40.80 128.473769  63.621483  5.763 -100.00 -100.00 -100.00
  41    68.905 55055.79593688 39.99 128.479108  63.622606   -100 -100.00 -100.00 -100.00
  41    68.902 55055.79593806 45.48 128.489785  63.624851 24.503 -100.00 -100.00 -100.00
  42    68.009 55065.71157339 49.28 128.476731  63.619337  3.489 -100.00 -100.00 -100.00
  42    68.242 55065.71157398 52.98 128.482069  63.620460   -100 -100.00 -100.00 -100.00
  43    68.414 55075.62722140 49.22 128.472117  63.617371   -100 -100.00 -100.00 -100.00
  43    68.064 55075.62722199 49.17 128.477455  63.618494  2.491 -100.00 -100.00 -100.00
  43    67.911 55075.62722258 53.87 128.482792  63.619616 20.616 -100.00 -100.00 -100.00
  44    67.457 55085.54286925 35.36 128.471687  63.617862 27.215 -100.00 -100.00 -100.00
  44    67.193 55085.54286984 35.58 128.477025  63.618985 27.294 -100.00 -100.00 -100.00
  44    72.508 55085.54287043 34.52 128.482362  63.620108 23.563 -100.00 -100.00 -100.00
  45    68.741 55095.45851565 53.10 128.471619  63.619298  2.811 -100.00 -100.00 -100.00
  45    68.668 55095.45851624 53.36 128.476957  63.620421 21.138 -100.00 -100.00 -100.00
  45    68.604 55095.45851683 55.44 128.482295  63.621544   -100 -100.00 -100.00 -100.00
  46    68.479 55105.37416200 47.82 128.473309  63.620404   -100 -100.00 -100.00 -100.00
  46    68.372 55105.37416259 52.42 128.478648  63.621526   -100 -100.00 -100.00 -100.00
  46    68.126 55105.37416377 57.20 128.489326  63.623771   -100 -100.00 -100.00 -100.00
  47    67.558 55115.28980772 43.47 128.472613  63.619873  7.557 -100.00 -100.00 -100.00
  47    67.874 55115.28980831 43.93 128.477952  63.620995   -100 -100.00 -100.00 -100.00
  47    67.583 55115.28980949 42.96 128.488630  63.623240 18.398 -100.00 -100.00 -100.00
  48    67.046 55125.20545112 43.04 128.473388  63.618735   -100 -100.00 -100.00 -100.00
  48    67.631 55125.20545171 46.05 128.478726  63.619858 28.244 -100.00 -100.00 -100.00
  49    66.468 55135.12109178 35.74 128.473243  63.617699   -100 -100.00 -100.00 -100.00
  49    66.328 55135.12109237 37.95 128.478581  63.618822   -100 -100.00 -100.00 -100.00
  50    71.187 55145.03673066 24.23 128.476043  63.618128  8.891 -100.00 -100.00 -100.00
  50    70.352 55145.03673125 25.95 128.481381  63.619250 12.393 -100.00 -100.00 -100.00
  51    70.593 55154.95236844 23.49 128.474652  63.618801  8.221 -100.00 -100.00 -100.00
  51    70.360 55154.95236903 21.95 128.479991  63.619924  6.598 -100.00 -100.00 -100.00
  52    71.023 55164.86800633 22.53 128.472239  63.619117  7.834 -100.00 -100.00 -100.00
  52    70.878 55164.86800692 20.86 128.477577  63.620240  5.026 -100.00 -100.00 -100.00
  53    71.020 55174.78364419 20.91 128.471941  63.619414  6.774 -100.00 -100.00 -100.00
  53    70.867 55174.78364478 20.63 128.477279  63.620537  6.171 -100.00 -100.00 -100.00
  53    70.306 55174.78364537 20.55 128.482618  63.621660  6.689 -100.00 -100.00 -100.00
  54    71.081 55184.69928396 20.22 128.471909  63.618973  5.435 -100.00 -100.00 -100.00
  54    70.439 55184.69928455 20.08 128.477247  63.620096  5.366 -100.00 -100.00 -100.00
  54    70.201 55184.69928514 19.70 128.482586  63.621219  6.261 -100.00 -100.00 -100.00
  55    70.648 55194.61493523 21.04 128.472611  63.620014  8.017 -100.00 -100.00 -100.00
  55    70.428 55194.61493582 20.81 128.477949  63.621137  7.861 -100.00 -100.00 -100.00
  55    69.503 55194.61493700 20.32 128.488627  63.623382  7.301 -100.00 -100.00 -100.00
  56    71.702 55204.53058493 19.71 128.469778  63.621105  5.308 -100.00 -100.00 -100.00
  56    70.666 55204.53058552 19.96 128.475117  63.622228  5.852 -100.00 -100.00 -100.00
  56    70.268 55204.53058611 19.57 128.480455  63.623351  5.455 -100.00 -100.00 -100.00
  56    70.159 55204.53058670 19.09 128.485795  63.624474  5.876 -100.00 -100.00 -100.00
  57    71.986 55214.44623430 20.05 128.469497  63.622830  6.608 -100.00 -100.00 -100.00
  57    70.305 55214.44623489 19.96 128.474836  63.623953  7.196 -100.00 -100.00 -100.00
  57    74.481 55214.44623548 19.84 128.480175  63.625076  6.838 -100.00 -100.00 -100.00
  57    69.879 55214.44623607 19.43 128.485515  63.626199  6.369 -100.00 -100.00 -100.00
  58    66.333 55224.36188311 31.16 128.469602  63.623282 24.446 -100.00 -100.00 -100.00
  58    65.822 55224.36188371 32.40 128.474942  63.624405   -100 -100.00 -100.00 -100.00
  58    65.649 55224.36188430 37.34 128.480281  63.625527 14.264 -100.00 -100.00 -100.00
  58    65.542 55224.36188489 26.74 128.485621  63.626650 26.911 -100.00 -100.00 -100.00
  59    66.566 55234.27753042 21.53 128.473612  63.622516 12.179 -100.00 -100.00 -100.00
  59    66.647 55234.27753101 20.79 128.478952  63.623639 11.132 -100.00 -100.00 -100.00
  59    69.914 55234.27753160 19.02 128.484292  63.624761  8.896 -100.00 -100.00 -100.00
  60    66.231 55244.19317403 21.45 128.474772  63.619919 13.247 -100.00 -100.00 -100.00
  60    69.088 55244.19317462 20.06 128.480111  63.621042 10.936 -100.00 -100.00 -100.00
  60    68.177 55244.19317580 19.97 128.490790  63.623287 11.105 -100.00 -100.00 -100.00
  61    66.305 55254.10881447 20.85 128.473814  63.617982 12.609 -100.00 -100.00 -100.00
  61    66.342 55254.10881506 20.35 128.479153  63.619104 12.172 -100.00 -100.00 -100.00
  62    68.625 55264.02445330 17.84 128.474106  63.618637  8.272 -100.00 -100.00 -100.00
  62    67.938 55264.02445389 18.11 128.479445  63.619759  8.363 -100.00 -100.00 -100.00
  63    68.447 55273.94009131 19.10 128.474871  63.620601 10.011 -100.00 -100.00 -100.00
  63    68.952 55273.94009190 16.68 128.480210  63.621723  6.799 -100.00 -100.00 -100.00
  63    67.920 55273.94009308 16.55 128.490890  63.623968  6.535 -100.00 -100.00 -100.00
  64    69.354 55283.85572835 17.26 128.472639  63.620570  8.198 -100.00 -100.00 -100.00
  64    67.249 55283.85572894 17.82 128.477977  63.621693  8.672 -100.00 -100.00 -100.00
  64    67.840 55283.85573012 16.15 128.488656  63.623938  6.849 -100.00 -100.00 -100.00
  65    66.299 55293.77136407 19.80 128.473435  63.618888 12.772 -100.00 -100.00 -100.00
  65    65.822 55293.77136466 23.29 128.478773  63.620011 22.258 -100.00 -100.00 -100.00
  66    68.136 55303.68700092 18.01 128.474091  63.616431  9.956 -100.00 -100.00 -100.00
  66    68.405 55303.68700151 16.29 128.479428  63.617554  8.257 -100.00 -100.00 -100.00
  67    65.960 55313.60264847 37.19 128.475690  63.616076   -100 -100.00 -100.00 -100.00
  67    66.184 55313.60264906 39.34 128.481027  63.617199   -100 -100.00 -100.00 -100.00
  68    66.138 55323.51829385 40.25 128.474267  63.617123   -100 -100.00 -100.00 -100.00
  68    66.000 55323.51829444 40.20 128.479604  63.618246   -100 -100.00 -100.00 -100.00
  69    67.027 55333.43393798 47.39 128.471943  63.618898  7.825 -100.00 -100.00 -100.00
  69    66.998 55333.43393858 47.39 128.477281  63.620021  5.386 -100.00 -100.00 -100.00
  69    67.025 55333.43393917 51.59 128.482619  63.621144 26.524 -100.00 -100.00 -100.00
  70    72.382 55343.34958227 53.41 128.472530  63.620643 11.092 -100.00 -100.00 -100.00
  70    72.276 55343.34958286 55.41 128.477869  63.621766 32.469 -100.00 -100.00 -100.00
  70    72.339 55343.34958404 54.42 128.488546  63.624011 20.508 -100.00 -100.00 -100.00
  71    70.007 55353.26522610 44.02 128.474089  63.620938   -100 -100.00 -100.00 -100.00
  71    69.750 55353.26522669 43.41 128.479427  63.622061  9.405 -100.00 -100.00 -100.00
  71    69.788 55353.26522787 36.61 128.490106  63.624306   -100 -100.00 -100.00 -100.00
  72    71.914 55363.18086735 25.04 128.472305  63.619970 12.444 -100.00 -100.00 -100.00
  72    71.901 55363.18086794 23.36 128.477644  63.621093 10.240 -100.00 -100.00 -100.00
  72    70.630 55363.18086912 28.84 128.488322  63.623338 30.612 -100.00 -100.00 -100.00
  73    69.267 55373.09650696 52.64 128.472188  63.619906   -100 -100.00 -100.00 -100.00
  73    69.237 55373.09650755 53.61 128.477526  63.621029   -100 -100.00 -100.00 -100.00
  73    69.159 55373.09650873 54.42 128.488204  63.623275   -100 -100.00 -100.00 -100.00
  74    68.762 55383.01214508 47.22 128.470114  63.620363 31.885 -100.00 -100.00 -100.00
  74    68.531 55383.01214567 47.99 128.475452  63.621486   -100 -100.00 -100.00 -100.00
  74    68.369 55383.01214626 53.19 128.480791  63.622609   -100 -100.00 -100.00 -100.00
  74    68.103 55383.01214685 54.01 128.486130  63.623732   -100 -100.00 -100.00 -100.00
  75    69.821 55392.92778304 52.32 128.473885  63.622045   -100 -100.00 -100.00 -100.00
  75    69.592 55392.92778363 53.64 128.479223  63.623168   -100 -100.00 -100.00 -100.00
  76    67.468 55402.84341861 34.33 128.471579  63.621054 30.897 -100.00 -100.00 -100.00
  76    68.767 55402.84341920 31.78 128.476917  63.622177 20.993 -100.00 -100.00 -100.00
  76    67.930 55402.84341979 36.00 128.482255  63.623300   -100 -100.00 -100.00 -100.00
  76    67.900 55402.84342038 34.87 128.487594  63.624423   -100 -100.00 -100.00 -100.00
  77    67.465 55412.75907067 49.67 128.474994  63.620325 21.800 -100.00 -100.00 -100.00
  77    67.668 55412.75907126 51.46 128.480332  63.621448   -100 -100.00 -100.00 -100.00
  77    67.275 55412.75907244 55.62 128.491009  63.623694   -100 -100.00 -100.00 -100.00
  78    68.530 55422.67471939 49.61 128.473171  63.617641   -100 -100.00 -100.00 -100.00
  78    68.320 55422.67471999 50.30 128.478508  63.618764   -100 -100.00 -100.00 -100.00
  79    67.438 55432.59036559 48.07 128.471578  63.615954   -100 -100.00 -100.00 -100.00
  79    67.605 55432.59036619 48.38 128.476915  63.617076   -100 -100.00 -100.00 -100.00
  79    67.333 55432.59036678 51.51 128.482252  63.618199 14.026 -100.00 -100.00 -100.00
  80    68.044 55442.50601067 38.05 128.474341  63.617830   -100 -100.00 -100.00 -100.00
  80    67.811 55442.50601126 33.64 128.479678  63.618952 28.513 -100.00 -100.00 -100.00
  81    68.118 55452.42165389 48.50 128.472685  63.619640   -100 -100.00 -100.00 -100.00
  81    68.170 55452.42165448 52.68 128.478023  63.620763   -100 -100.00 -100.00 -100.00
  81    67.820 55452.42165566 56.74 128.488701  63.623008   -100 -100.00 -100.00 -100.00
  82    67.185 55462.33729652 33.32 128.473371  63.621022 22.033 -100.00 -100.00 -100.00
  82    67.002 55462.33729711 35.22 128.478710  63.622145 28.810 -100.00 -100.00 -100.00
  82    67.182 55462.33729829 38.37 128.489388  63.624390   -100 -100.00 -100.00 -100.00
  83    70.743 55472.25293725 30.23 128.474904  63.619933 19.556 -100.00 -100.00 -100.00
  83    66.445 55472.25293784 35.02 128.480243  63.621056   -100 -100.00 -100.00 -100.00
  83    66.603 55472.25293902 33.49 128.490921  63.623301   -100 -100.00 -100.00 -100.00
  84    66.242 55482.16857462 37.35 128.472918  63.616960 32.428 -100.00 -100.00 -100.00
  84    66.206 55482.16857521 37.93 128.478256  63.618083   -100 -100.00 -100.00 -100.00
  85    65.996 55492.08421016 32.76 128.474240  63.615376   -100 -100.00 -100.00 -100.00
  85    66.305 55492.08421075 27.26 128.479578  63.616499 15.771 -100.00 -100.00 -100.00
  86    66.180 55501.99984419 23.18 128.475992  63.616284 10.781 -100.00 -100.00 -100.00
  86    70.314 55501.99984478 22.95 128.481330  63.617407 11.422 -100.00 -100.00 -100.00
  87    71.168 55511.91548885 19.44 128.471793  63.618113  6.409 -100.00 -100.00 -100.00
  87    70.728 55511.91548944 19.83 128.477131  63.619236  7.421 -100.00 -100.00 -100.00
  87    70.612 55511.91549003 19.03 128.482470  63.620359  6.544 -100.00 -100.00 -100.00
  88    65.988 55521.83113864 33.45 128.472123  63.620617   -100 -100.00 -100.00 -100.00
  88    65.931 55521.83113923 34.57 128.477461  63.621740   -100 -100.00 -100.00 -100.00
  88    65.675 55521.83114041 32.07 128.488140  63.623986   -100 -100.00 -100.00 -100.00
  89    66.045 55531.74678705 24.67 128.472927  63.621494 17.633 -100.00 -100.00 -100.00
  89    66.043 55531.74678764 27.13 128.478265  63.622617 26.154 -100.00 -100.00 -100.00
  89    65.931 55531.74678883 25.12 128.488944  63.624862 20.044 -100.00 -100.00 -100.00
  90    71.210 55541.66243338 19.84 128.470690  63.620377  9.131 -100.00 -100.00 -100.00
  90    70.589 55541.66243397 19.03 128.476028  63.621500  7.685 -100.00 -100.00 -100.00
  90    70.329 55541.66243456 20.25 128.481367  63.622622 10.272 -100.00 -100.00 -100.00
  90    66.020 55541.66243515 20.43 128.486706  63.623745 11.309 -100.00 -100.00 -100.00
  91    71.900 55551.57807799 18.89 128.471282  63.620142  8.112 -100.00 -100.00 -100.00
  91    70.862 55551.57807859 19.09 128.476620  63.621265  8.446 -100.00 -100.00 -100.00
  91    71.039 55551.57807918 18.37 128.481958  63.622388  6.847 -100.00 -100.00 -100.00
  91    69.841 55551.57807977 17.07 128.487298  63.623510  5.335 -100.00 -100.00 -100.00
  92    70.698 55561.49372150 19.90 128.473441  63.621580 10.353 -100.00 -100.00 -100.00
  92    70.405 55561.49372209 18.23 128.478780  63.622702  6.615 -100.00 -100.00 -100.00
  92    69.781 55561.49372327 17.55 128.489459  63.624947  7.825 -100.00 -100.00 -100.00
  93    71.091 55571.40936368 18.13 128.469826  63.622088  7.078 -100.00 -100.00 -100.00
  93    71.568 55571.40936427 19.23 128.475165  63.623211  9.434 -100.00 -100.00 -100.00
  93    70.561 55571.40936486 18.24 128.480504  63.624334  7.292 -100.00 -100.00 -100.00
  93    70.015 55571.40936545 18.03 128.485844  63.625457  7.155 -100.00 -100.00 -100.00
  94    70.886 55581.32500540 18.30 128.473223  63.622691  7.560 -100.00 -100.00 -100.00
  94    70.611 55581.32500599 18.67 128.478562  63.623814  8.653 -100.00 -100.00 -100.00
  94    70.202 55581.32500658 18.24 128.483902  63.624936  7.904 -100.00 -100.00 -100.00
  95    71.045 55591.24064335 17.89 128.472606  63.620157  7.427 -100.00 -100.00 -100.00
  95    70.638 55591.24064394 18.36 128.477945  63.621280  8.639 -100.00 -100.00 -100.00
  95    69.329 55591.24064512 17.70 128.488624  63.623526  6.345 -100.00 -100.00 -100.00
  96    69.316 55601.15627851 18.00 128.476810  63.617582  7.987 -100.00 -100.00 -100.00
  96    69.378 55601.15627910 17.04 128.482149  63.618705  6.923 -100.00 -100.00 -100.00
  97    69.880 55611.07191073 17.74 128.473475  63.614712  7.204 -100.00 -100.00 -100.00
  97    66.323 55611.07191132 20.08 128.478812  63.615835 12.078 -100.00 -100.00 -100.00
  98    70.024 55620.98754287 17.84 128.475558  63.615568  8.381 -100.00 -100.00 -100.00
  98    69.559 55620.98754346 17.02 128.480896  63.616691  7.425 -100.00 -100.00 -100.00
  99    71.418 55630.90319574 16.40 128.473877  63.618394  6.942 -100.00 -100.00 -100.00
  99    68.780 55630.90319633 17.93 128.479215  63.619517  9.943 -100.00 -100.00 -100.00
 100    71.674 55640.81884638 14.52 128.471684  63.619557  5.015 -100.00 -100.00 -100.00
 100    71.309 55640.81884697 15.04 128.477023  63.620680  5.562 -100.00 -100.00 -100.00
 100    70.863 55640.81884756 16.49 128.482361  63.621803  8.184 -100.00 -100.00 -100.00
 101    71.186 55650.73449448 15.46 128.472582  63.618871  6.067 -100.00 -100.00 -100.00
 101    71.238 55650.73449507 15.87 128.477920  63.619994  7.620 -100.00 -100.00 -100.00
 102    69.284 55660.65013887 16.96 128.473761  63.616843  9.741 -100.00 -100.00 -100.00
 102    70.846 55660.65013946 16.33 128.479099  63.617966  8.830 -100.00 -100.00 -100.00
 103    70.095 55670.56578009 11.49 128.475330  63.616204  6.828 -100.00 -100.00 -100.00
 103    69.133 55670.56578068 12.21 128.480668  63.617327  7.737 -100.00 -100.00 -100.00
 104    67.733 55680.48141951 32.90 128.474495  63.617191 28.342 -100.00 -100.00 -100.00
 104    66.603 55680.48142010 36.15 128.479833  63.618313   -100 -100.00 -100.00 -100.00
 105    66.547 55690.39705745 44.38 128.475805  63.619657   -100 -100.00 -100.00 -100.00
 105    66.752 55690.39705804 44.79 128.481143  63.620780   -100 -100.00 -100.00 -100.00
 105    66.738 55690.39705922 47.27 128.491821  63.623025   -100 -100.00 -100.00 -100.00
 106    71.912 55700.31269309 30.57 128.471111  63.620000 21.991 -100.00 -100.00 -100.00
 106    71.220 55700.31269368 31.31 128.476449  63.621123 25.891 -100.00 -100.00 -100.00
 106    71.240 55700.31269427 29.44 128.481787  63.622246 18.180 -100.00 -100.00 -100.00
 106    71.073 55700.31269486 33.13 128.487126  63.623369   -100 -100.00 -100.00 -100.00
 107    69.338 55710.22833277 46.51 128.472112  63.620142 30.505 -100.00 -100.00 -100.00
 107    69.083 55710.22833336 47.32 128.477450  63.621265   -100 -100.00 -100.00 -100.00
 107    68.673 55710.22833454 53.90 128.488127  63.623511   -100 -100.00 -100.00 -100.00
 108    71.989 55720.14398320 22.44 128.474352  63.620370 11.858 -100.00 -100.00 -100.00
 108    71.378 55720.14398379 24.15 128.479691  63.621493 15.255 -100.00 -100.00 -100.00
 108    70.556 55720.14398497 31.03 128.490369  63.623739   -100 -100.00 -100.00 -100.00
 109    70.109 55730.05963126 56.50 128.475216  63.620732  3.578 -100.00 -100.00 -100.00
 109    70.015 55730.05963185 55.06 128.480555  63.621855 12.182 -100.00 -100.00 -100.00
 109    69.852 55730.05963303 52.15 128.491233  63.624101 30.393 -100.00 -100.00 -100.00
 110    67.954 55739.97527737 35.36 128.470477  63.620369   -100 -100.00 -100.00 -100.00
 110    67.849 55739.97527796 32.69 128.475815  63.621492   -100 -100.00 -100.00 -100.00
 110    72.466 55739.97527856 26.15 128.481154  63.622615 15.930 -100.00 -100.00 -100.00
 110    70.192 55739.97527915 25.99 128.486493  63.623738 19.733 -100.00 -100.00 -100.00
 111    68.576 55749.89092286 47.67 128.471380  63.621280   -100 -100.00 -100.00 -100.00
 111    68.602 55749.89092345 50.83 128.476719  63.622403   -100 -100.00 -100.00 -100.00
 111    68.239 55749.89092404 53.85 128.482058  63.623526   -100 -100.00 -100.00 -100.00
 111    68.519 55749.89092463 50.02 128.487397  63.624649   -100 -100.00 -100.00 -100.00
 112    67.536 55759.80656580 44.51 128.471675  63.621017   -100 -100.00 -100.00 -100.00
 112    67.573 55759.80656639 46.69 128.477014  63.622140   -100 -100.00 -100.00 -100.00
 112    67.496 55759.80656698 46.22 128.482352  63.623263   -100 -100.00 -100.00 -100.00
 112    67.425 55759.80656757 50.56 128.487691  63.624386   -100 -100.00 -100.00 -100.00
 113    66.506 55769.72220599 36.33 128.473900  63.619910   -100 -100.00 -100.00 -100.00
 113    66.745 55769.72220658 41.17 128.479238  63.621033   -100 -100.00 -100.00 -100.00
 113    66.450 55769.72220776 42.56 128.489915  63.623278   -100 -100.00 -100.00 -100.00
 114    68.184 55779.63784236 42.52 128.472018  63.617067  9.758 -100.00 -100.00 -100.00
 114    69.293 55779.63784295 40.34 128.477356  63.618190 18.028 -100.00 -100.00 -100.00
 114    68.507 55779.63784354 43.49 128.482693  63.619313   -100 -100.00 -100.00 -100.00
 115    68.756 55789.55347695 49.84 128.476195  63.616206 22.039 -100.00 -100.00 -100.00
 115    68.714 55789.55347754 53.76 128.481532  63.617329 19.980 -100.00 -100.00 -100.00
 116    67.525 55799.46911008 50.88 128.475973  63.616107 26.050 -100.00 -100.00 -100.00
 116    67.578 55799.46911067 52.82 128.481310  63.617230 23.156 -100.00 -100.00 -100.00
 117    67.079 55809.38475666 48.83 128.471899  63.617196 24.554 -100.00 -100.00 -100.00
 117    67.190 55809.38475725 49.66 128.477236  63.618320  2.549 -100.00 -100.00 -100.00
 117    67.210 55809.38475784 50.47 128.482574  63.619443 11.526 -100.00 -100.00 -100.00
 118    68.023 55819.30040599 35.31 128.473402  63.619091   -100 -100.00 -100.00 -100.00
 118    68.174 55819.30040659 44.24 128.478740  63.620214 23.144 -100.00 -100.00 -100.00
 119    68.109 55829.21605043 46.63 128.472066  63.618291   -100 -100.00 -100.00 -100.00
 119    67.757 55829.21605102 48.58 128.477404  63.619414  1.354 -100.00 -100.00 -100.00
 119    67.953 55829.21605161 51.84 128.482743  63.620537   -100 -100.00 -100.00 -100.00
 120    67.384 55839.13169065 47.33 128.474046  63.616845   -100 -100.00 -100.00 -100.00
 120    67.459 55839.13169124 47.68 128.479384  63.617968   -100 -100.00 -100.00 -100.00
 121    66.915 55849.04732735 39.40 128.471692  63.615024 30.978 -100.00 -100.00 -100.00
 121    66.895 55849.04732794 41.26 128.477030  63.616148   -100 -100.00 -100.00 -100.00
 121    66.485 55849.04732853 44.83 128.482368  63.617271  9.596 -100.00 -100.00 -100.00
 122    67.100 55858.96296294 30.57 128.476581  63.616748 20.074 -100.00 -100.00 -100.00
 122    72.571 55858.96296353 27.50 128.481919  63.617872 13.255 -100.00 -100.00 -100.00
 123    66.339 55868.87861133 25.57 128.474947  63.619181 20.302 -100.00 -100.00 -100.00
 123    66.209 55868.87861192 26.03 128.480285  63.620304 22.808 -100.00 -100.00 -100.00
 124    71.683 55878.79426293 15.82 128.474954  63.621469  4.919 -100.00 -100.00 -100.00
 124    72.376 55878.79426352 16.22 128.480293  63.622592  6.134 -100.00 -100.00 -100.00
 125    66.430 55888.70990750 21.49 128.472759  63.621438 11.843 -100.00 -100.00 -100.00
 125    70.638 55888.70990809 20.39 128.478097  63.622561  8.856 -100.00 -100.00 -100.00
 125    69.890 55888.70990927 18.85 128.488775  63.624807  7.682 -100.00 -100.00 -100.00
 126    71.173 55898.62554637 20.84 128.472226  63.620440 10.280 -100.00 -100.00 -100.00
 126    71.306 55898.62554696 18.66 128.477564  63.621563  6.751 -100.00 -100.00 -100.00
 126    69.917 55898.62554814 18.31 128.488242  63.623808  6.441 -100.00 -100.00 -100.00
 127    71.379 55908.54118028 18.02 128.471454  63.619199  4.962 -100.00 -100.00 -100.00
 127    71.321 55908.54118087 18.29 128.476792  63.620322  6.003 -100.00 -100.00 -100.00
 127    70.843 55908.54118146 18.24 128.482130  63.621445  6.161 -100.00 -100.00 -100.00
 128    71.211 55918.45682979 18.36 128.474999  63.620734  5.541 -100.00 -100.00 -100.00
 128    71.058 55918.45683038 18.06 128.480337  63.621857  5.478 -100.00 -100.00 -100.00
 128    69.980 55918.45683156 16.87 128.491015  63.624103  4.688 -100.00 -100.00 -100.00
 129    71.902 55928.37248279 18.15 128.473681  63.621247  6.278 -100.00 -100.00 -100.00
 129    70.994 55928.37248338 17.84 128.479020  63.622370  5.899 -100.00 -100.00 -100.00
 129    69.735 55928.37248456 17.95 128.489699  63.624615  6.976 -100.00 -100.00 -100.00
 130    71.626 55938.28813200 18.57 128.470968  63.620287  6.561 -100.00 -100.00 -100.00
 130    71.567 55938.28813259 18.88 128.476306  63.621410  7.507 -100.00 -100.00 -100.00
 130    70.575 55938.28813318 18.18 128.481646  63.622533  6.025 -100.00 -100.00 -100.00
 130    69.942 55938.28813377 17.63 128.486985  63.623656  5.694 -100.00 -100.00 -100.00
 131    70.958 55948.20377672 19.51 128.473159  63.619167  8.532 -100.00 -100.00 -100.00
 131    71.015 55948.20377731 17.44 128.478498  63.620290  4.926 -100.00 -100.00 -100.00
 131    70.205 55948.20377849 17.37 128.489177  63.622535  5.368 -100.00 -100.00 -100.00
 132    66.105 55958.11941677 22.90 128.474033  63.617863 15.014 -100.00 -100.00 -100.00
 132    70.226 55958.11941736 20.31 128.479372  63.618986  9.464 -100.00 -100.00 -100.00
 133    71.825 55968.03505408 18.35 128.471983  63.616939  6.806 -100.00 -100.00 -100.00
 133    70.935 55968.03505467 18.07 128.477321  63.618062  6.493 -100.00 -100.00 -100.00
 133    70.489 55968.03505526 17.85 128.482660  63.619184  5.935 -100.00 -100.00 -100.00
 134    71.463 55977.95069103 18.18 128.474173  63.617944  5.956 -100.00 -100.00 -100.00
 134    71.173 55977.95069162 17.66 128.479511  63.619067  6.094 -100.00 -100.00 -100.00
 135    70.784 55987.86632705 18.93 128.474209  63.618302  8.097 -100.00 -100.00 -100.00
 135    71.078 55987.86632764 17.30 128.479547  63.619425  6.008 -100.00 -100.00 -100.00
 136    71.122 55997.78196691 17.89 128.476122  63.618476  8.457 -100.00 -100.00 -100.00
 136    70.329 55997.78196750 18.42 128.481460  63.619600  9.738 -100.00 -100.00 -100.00
 137    65.883 56007.69761796 24.83 128.475363  63.618107 24.576 -100.00 -100.00 -100.00
 137    69.619 56007.69761855 19.18 128.480701  63.619231  9.926 -100.00 -100.00 -100.00
 138    69.877 56017.61326501 18.83 128.476300  63.617834 10.692 -100.00 -100.00 -100.00
 138    66.122 56017.61326560 19.78 128.481637  63.618957 12.553 -100.00 -100.00 -100.00
 139    65.951 56027.52890906 21.19 128.475079  63.618164 15.868 -100.00 -100.00 -100.00
 139    70.350 56027.52890965 16.08 128.480417  63.619287  6.370 -100.00 -100.00 -100.00
 140    65.766 56037.44455138 24.63 128.471974  63.618907 32.547 -100.00 -100.00 -100.00
 140    66.064 56037.44455197 25.47 128.477312  63.620029 32.421 -100.00 -100.00 -100.00
 140    65.974 56037.44455256 25.16 128.482651  63.621152 31.759 -100.00 -100.00 -100.00
 141    65.828 56047.36019202 25.02 128.471254  63.619985   -100 -100.00 -100.00 -100.00
 141    66.050 56047.36019261 22.07 128.476592  63.621108 19.585 -100.00 -100.00 -100.00
 141    65.803 56047.36019320 21.71 128.481930  63.622230 21.720 -100.00 -100.00 -100.00
 141    65.920 56047.36019379 22.64 128.487269  63.623353 22.850 -100.00 -100.00 -100.00
 142    66.917 56057.27583014 43.75 128.473454  63.620974   -100 -100.00 -100.00 -100.00
 142    66.698 56057.27583073 45.77 128.478792  63.622097   -100 -100.00 -100.00 -100.00
 142    66.443 56057.27583191 44.92 128.489470  63.624343  5.288 -100.00 -100.00 -100.00
 143    72.544 56067.19146369 45.23 128.474536  63.620518   -100 -100.00 -100.00 -100.00
 143    72.590 56067.19146428 41.71 128.479874  63.621641   -100 -100.00 -100.00 -100.00
 143    72.979 56067.19146546 49.04 128.490552  63.623887   -100 -100.00 -100.00 -100.00
 144    71.732 56077.10711224 52.97 128.470310  63.619927   -100 -100.00 -100.00 -100.00
 144    71.431 56077.10711283 55.86 128.475649  63.621050 15.682 -100.00 -100.00 -100.00
 144    71.342 56077.10711342 54.45 128.480987  63.622173   -100 -100.00 -100.00 -100.00
 145    70.483 56087.02276169 33.73 128.474943  63.621583 30.921 -100.00 -100.00 -100.00
 145    70.768 56087.02276228 39.48 128.480282  63.622706   -100 -100.00 -100.00 -100.00
 146    70.672 56096.93840793 52.84 128.473239  63.621564   -100 -100.00 -100.00 -100.00
 146    70.572 56096.93840852 54.63 128.478578  63.622687 27.995 -100.00 -100.00 -100.00
 146    70.558 56096.93840970 51.76 128.489257  63.624932   -100 -100.00 -100.00 -100.00
 147    68.787 56106.85405222 48.99 128.474406  63.621211 16.515 -100.00 -100.00 -100.00
 147    69.028 56106.85405281 52.71 128.479745  63.622333   -100 -100.00 -100.00 -100.00
 147    68.863 56106.85405399 55.46 128.490423  63.624578   -100 -100.00 -100.00 -100.00
 148    70.089 56116.76968208 30.29 128.476383  63.620010 19.437 -100.00 -100.00 -100.00
 148    70.413 56116.76968267 30.79 128.481721  63.621133 20.835 -100.00 -100.00 -100.00
 148    70.337 56116.76968385 36.81 128.492398  63.623378   -100 -100.00 -100.00 -100.00
 149    68.420 56126.68531913 51.74 128.472137  63.617340   -100 -100.00 -100.00 -100.00
 149    68.186 56126.68531972 51.13 128.477474  63.618463 25.477 -100.00 -100.00 -100.00
 149    68.148 56126.68532031 52.38 128.482812  63.619586 15.646 -100.00 -100.00 -100.00
 150    69.042 56136.60095303 34.98 128.473681  63.616380 29.694 -100.00 -100.00 -100.00
 150    69.088 56136.60095362 38.24 128.479018  63.617503   -100 -100.00 -100.00 -100.00
 151    69.868 56146.51659698 41.00 128.472436  63.616807   -100 -100.00 -100.00 -100.00
 151    69.747 56146.51659758 39.48 128.477773  63.617930   -100 -100.00 -100.00 -100.00
 152    67.303 56156.43224700 38.47 128.475463  63.618839   -100 -100.00 -100.00 -100.00
 152    67.801 56156.43224759 39.77 128.480801  63.619962   -100 -100.00 -100.00 -100.00
 153    72.281 56166.34789577 21.35 128.475867  63.619784 10.553 -100.00 -100.00 -100.00
 153    72.609 56166.34789636 22.01 128.481205  63.620907 10.988 -100.00 -100.00 -100.00
 153    72.549 56166.34789754 20.40 128.491883  63.623152  9.726 -100.00 -100.00 -100.00
 154    69.548 56176.26354169 54.79 128.472771  63.618823   -100 -100.00 -100.00 -100.00
 154    69.455 56176.26354228 53.89 128.478109  63.619946 10.186 -100.00 -100.00 -100.00
 155    68.125 56186.17918307 45.21 128.473947  63.618121   -100 -100.00 -100.00 -100.00
 155    68.409 56186.17918366 46.08 128.479285  63.619244   -100 -100.00 -100.00 -100.00
 156    68.000 56196.09482053 30.84 128.473740  63.617348 27.237 -100.00 -100.00 -100.00
 156    68.072 56196.09482112 30.74 128.479078  63.618471 21.543 -100.00 -100.00 -100.00
 157    70.513 56206.01045541 30.20 128.476669  63.618433 18.520 -100.00 -100.00 -100.00
 157    67.128 56206.01045600 31.18 128.482008  63.619556 21.987 -100.00 -100.00 -100.00
 158    67.679 56215.92608796 42.73 128.471831  63.618578 23.550 -100.00 -100.00 -100.00
 158    67.411 56215.92608855 43.44 128.477169  63.619701   -100 -100.00 -100.00 -100.00
 158    66.840 56215.92608914 47.85 128.482507  63.620824 13.743 -100.00 -100.00 -100.00
 159    66.875 56225.84172789 39.34 128.473466  63.620122   -100 -100.00 -100.00 -100.00
 159    66.604 56225.84172848 35.42 128.478804  63.621245 26.711 -100.00 -100.00 -100.00
 159    66.272 56225.84172966 34.56 128.489481  63.623491 25.901 -100.00 -100.00 -100.00
 160    71.392 56235.75738321 25.18 128.473804  63.620937  7.239 -100.00 -100.00 -100.00
 160    73.858 56235.75738380 24.90 128.479142  63.622060  6.920 -100.00 -100.00 -100.00
 160    73.877 56235.75738498 24.60 128.489820  63.624306  8.308 -100.00 -100.00 -100.00
 161    73.315 56245.67303459 22.87 128.474125  63.620912  6.379 -100.00 -100.00 -100.00
 161    72.978 56245.67303518 22.72 128.479463  63.622035  6.472 -100.00 -100.00 -100.00
 161    73.797 56245.67303636 21.21 128.490141  63.624280  4.633 -100.00 -100.00 -100.00
 162    72.964 56255.58868081 21.29 128.473610  63.620791  5.125 -100.00 -100.00 -100.00
 162    70.701 56255.58868140 21.41 128.478948  63.621914  5.249 -100.00 -100.00 -100.00
 162    73.701 56255.58868258 20.22 128.489626  63.624159  4.555 -100.00 -100.00 -100.00
 163    71.159 56265.50432342 19.99 128.474674  63.621683  4.488 -100.00 -100.00 -100.00
 163    70.634 56265.50432401 19.93 128.480013  63.622805  4.583 -100.00 -100.00 -100.00
 164    71.893 56275.41996382 19.90 128.470955  63.621402  5.411 -100.00 -100.00 -100.00
 164    70.681 56275.41996441 19.87 128.476293  63.622525  5.051 -100.00 -100.00 -100.00
 164    70.436 56275.41996500 19.53 128.481632  63.623647  4.644 -100.00 -100.00 -100.00
 164    74.673 56275.41996559 18.82 128.486971  63.624770  4.764 -100.00 -100.00 -100.00
 165    71.946 56285.33560953 18.52 128.470432  63.620683  4.622 -100.00 -100.00 -100.00
 165    70.765 56285.33561012 18.96 128.475770  63.621806  6.077 -100.00 -100.00 -100.00
 165    70.351 56285.33561071 18.86 128.481109  63.622929  5.189 -100.00 -100.00 -100.00
 165    70.076 56285.33561130 17.66 128.486449  63.624051  4.226 -100.00 -100.00 -100.00
 166    70.848 56295.25126048 18.62 128.474826  63.619821  5.326 -100.00 -100.00 -100.00
 166    70.421 56295.25126107 18.17 128.480165  63.620944  5.322 -100.00 -100.00 -100.00
 166    74.457 56295.25126225 17.72 128.490844  63.623189  4.900 -100.00 -100.00 -100.00
 167    71.215 56305.16690664 17.94 128.473793  63.617684  5.331 -100.00 -100.00 -100.00
 167    69.890 56305.16690723 17.66 128.479131  63.618807  4.918 -100.00 -100.00 -100.00
 168    71.272 56315.08254962 17.65 128.475269  63.617781  5.438 -100.00 -100.00 -100.00
 168    70.014 56315.08255021 16.99 128.480608  63.618904  4.823 -100.00 -100.00 -100.00
 169    69.974 56324.99819076 17.48 128.476575  63.619604  5.932 -100.00 -100.00 -100.00
 169    70.089 56324.99819135 16.48 128.481914  63.620727  4.692 -100.00 -100.00 -100.00
 170    70.324 56334.91383048 17.31 128.472925  63.620236  5.872 -100.00 -100.00 -100.00
 170    73.687 56334.91383107 16.81 128.478263  63.621359  5.191 -100.00 -100.00 -100.00
 170    74.490 56334.91383225 16.97 128.488942  63.623604  5.883 -100.00 -100.00 -100.00
 171    71.671 56344.82946933 16.53 128.471415  63.619484  5.045 -100.00 -100.00 -100.00
 171    71.377 56344.82946992 16.66 128.476754  63.620608  5.264 -100.00 -100.00 -100.00
 171    74.302 56344.82947051 16.18 128.482092  63.621730  4.366 -100.00 -100.00 -100.00
 172    70.711 56354.74510609 16.24 128.473357  63.617956  5.757 -100.00 -100.00 -100.00
 172    70.746 56354.74510668 16.91 128.478695  63.619079  6.032 -100.00 -100.00 -100.00
 173    71.481 56364.66075069 16.11 128.472605  63.616642  4.769 -100.00 -100.00 -100.00
 173    70.962 56364.66075128 16.26 128.477942  63.617765  5.480 -100.00 -100.00 -100.00
 174    71.262 56374.57640005 16.35 128.476689  63.618302  6.002 -100.00 -100.00 -100.00
 174    73.568 56374.57640064 15.88 128.482027  63.619425  6.026 -100.00 -100.00 -100.00
 176    65.322 56394.40768983 21.91 128.471810  63.621874 16.579 -100.00 -100.00 -100.00
 176    65.251 56394.40769042 28.05 128.477148  63.622997   -100 -100.00 -100.00 -100.00
 176    65.404 56394.40769101 25.18 128.482487  63.624120 29.454 -100.00 -100.00 -100.00
 176    65.481 56394.40769160 27.65 128.487827  63.625242   -100 -100.00 -100.00 -100.00
 177    65.861 56404.32333166 35.07 128.469404  63.621950   -100 -100.00 -100.00 -100.00
 177    66.027 56404.32333225 35.89 128.474743  63.623073   -100 -100.00 -100.00 -100.00
 177    66.054 56404.32333284 38.20 128.480082  63.624196   -100 -100.00 -100.00 -100.00
 177    66.216 56404.32333343 32.19 128.485421  63.625318   -100 -100.00 -100.00 -100.00
 178    66.147 56414.23897100 42.67 128.472942  63.621861   -100 -100.00 -100.00 -100.00
 178    66.205 56414.23897159 42.62 128.478280  63.622984   -100 -100.00 -100.00 -100.00
 178    66.748 56414.23897277 34.76 128.488959  63.625230 27.176 -100.00 -100.00 -100.00
 179    66.244 56424.15460506 36.73 128.474095  63.620151   -100 -100.00 -100.00 -100.00
 179    66.317 56424.15460565 38.98 128.479434  63.621274   -100 -100.00 -100.00 -100.00
 179    66.080 56424.15460683 36.51 128.490112  63.623520   -100 -100.00 -100.00 -100.00
 180    72.077 56434.07025031 53.25 128.471628  63.619530   -100 -100.00 -100.00 -100.00
 180    72.075 56434.07025090 53.80 128.476966  63.620653   -100 -100.00 -100.00 -100.00
 180    71.726 56434.07025149 51.37 128.482305  63.621776 18.985 -100.00 -100.00 -100.00
 181    71.142 56443.98590263 31.48 128.472004  63.620980 18.055 -100.00 -100.00 -100.00
 181    71.381 56443.98590322 40.38 128.477342  63.622103   -100 -100.00 -100.00 -100.00
 181    71.192 56443.98590440 42.18 128.488021  63.624348 11.983 -100.00 -100.00 -100.00
 182    70.781 56453.90155246 53.01 128.472853  63.622589  2.347 -100.00 -100.00 -100.00
 182    70.754 56453.90155305 56.07 128.478192  63.623712 11.983 -100.00 -100.00 -100.00
 183    69.994 56463.81719886 48.87 128.469480  63.621405   -100 -100.00 -100.00 -100.00
 183    69.825 56463.81719945 54.34 128.474819  63.622528   -100 -100.00 -100.00 -100.00
 183    69.823 56463.81720004 55.71 128.480158  63.623651 20.668 -100.00 -100.00 -100.00
 183    70.084 56463.81720063 57.02 128.485497  63.624774  1.747 -100.00 -100.00 -100.00
 184    68.540 56473.73284243 48.13 128.472895  63.619937   -100 -100.00 -100.00 -100.00
 184    68.195 56473.73284302 50.37 128.478233  63.621060 23.949 -100.00 -100.00 -100.00
 184    68.398 56473.73284420 54.04 128.488910  63.623305   -100 -100.00 -100.00 -100.00
 185    68.285 56483.64848228 51.25 128.473731  63.617459   -100 -100.00 -100.00 -100.00
 185    68.195 56483.64848287 49.98 128.479068  63.618582   -100 -100.00 -100.00 -100.00
 186    69.404 56493.56411921 50.37 128.476300  63.617176 23.899 -100.00 -100.00 -100.00
 186    69.524 56493.56411980 51.13 128.481637  63.618299  7.691 -100.00 -100.00 -100.00
 187    70.912 56503.47975379 52.22 128.476065  63.618215 12.972 -100.00 -100.00 -100.00
 187    70.915 56503.47975438 54.17 128.481403  63.619338 14.987 -100.00 -100.00 -100.00
 188    71.401 56513.39538679 54.27 128.475445  63.619364 20.255 -100.00 -100.00 -100.00
 188    71.388 56513.39538738 55.39 128.480782  63.620488   -100 -100.00 -100.00 -100.00
 189    71.349 56523.31103616 28.58 128.472364  63.619435 31.692 -100.00 -100.00 -100.00
 189    71.258 56523.31103675 25.35 128.477702  63.620558 20.090 -100.00 -100.00 -100.00
 189    70.586 56523.31103793 33.56 128.488379  63.622804  0.832 -100.00 -100.00 -100.00
 190    69.440 56533.22668831 52.38 128.473835  63.618845   -100 -100.00 -100.00 -100.00
 190    69.343 56533.22668890 53.18 128.479173  63.619968   -100 -100.00 -100.00 -100.00
 192    67.639 56553.05798133 33.37 128.473672  63.617896   -100 -100.00 -100.00 -100.00
 192    72.623 56553.05798192 28.39 128.479010  63.619019 23.248 -100.00 -100.00 -100.00
 193    67.719 56562.97362446 44.00 128.475525  63.620575   -100 -100.00 -100.00 -100.00
 193    67.752 56562.97362505 48.90 128.480864  63.621697   -100 -100.00 -100.00 -100.00
 193    67.541 56562.97362623 52.98 128.491544  63.623943   -100 -100.00 -100.00 -100.00
 194    67.232 56572.88926553 39.68 128.470111  63.621890   -100 -100.00 -100.00 -100.00
 194    67.994 56572.88926612 40.83 128.475450  63.623013 21.529 -100.00 -100.00 -100.00
 194    67.494 56572.88926671 45.05 128.480789  63.624136   -100 -100.00 -100.00 -100.00
 194    67.069 56572.88926730 49.39 128.486129  63.625259   -100 -100.00 -100.00 -100.00
 195    66.969 56582.80490475 34.05 128.468767  63.622327 27.711 -100.00 -100.00 -100.00
 195    66.855 56582.80490534 35.94 128.474106  63.623450   -100 -100.00 -100.00 -100.00
 195    66.821 56582.80490594 34.45 128.479445  63.624573 29.999 -100.00 -100.00 -100.00
 195    66.359 56582.80490653 38.71 128.484784  63.625696   -100 -100.00 -100.00 -100.00
 196    66.516 56592.72053955 22.73 128.469937  63.620650  9.229 -100.00 -100.00 -100.00
 196    66.116 56592.72054014 22.85 128.475275  63.621773  9.717 -100.00 -100.00 -100.00
 196    69.936 56592.72054073 22.19 128.480614  63.622896  8.053 -100.00 -100.00 -100.00
 196    69.445 56592.72054132 21.75 128.485953  63.624019  7.470 -100.00 -100.00 -100.00
 197    71.263 56602.63619132 14.96 128.475912  63.620660  5.139 -100.00 -100.00 -100.00
 197    70.891 56602.63619192 15.11 128.481250  63.621783  5.392 -100.00 -100.00 -100.00
 198    71.196 56612.55184004 15.11 128.471269  63.619425  5.132 -100.00 -100.00 -100.00
 198    72.819 56612.55184063 16.09 128.476607  63.620548  6.817 -100.00 -100.00 -100.00
 198    70.741 56612.55184122 14.78 128.481946  63.621671  5.427 -100.00 -100.00 -100.00
 199    71.599 56622.46748501 15.66 128.470246  63.620307  4.759 -100.00 -100.00 -100.00
 199    70.987 56622.46748560 14.88 128.475585  63.621430  4.622 -100.00 -100.00 -100.00
 199    70.565 56622.46748619 15.22 128.480923  63.622553  5.147 -100.00 -100.00 -100.00
 199    70.302 56622.46748678 15.11 128.486262  63.623676  4.659 -100.00 -100.00 -100.00
 200    73.158 56632.38312742 14.70 128.472245  63.621662  4.236 -100.00 -100.00 -100.00
 200    70.883 56632.38312801 14.80 128.477584  63.622785  5.141 -100.00 -100.00 -100.00
 200    70.173 56632.38312919 14.08 128.488263  63.625030  4.770 -100.00 -100.00 -100.00
 201    72.908 56642.29876498 15.30 128.471196  63.620634  4.386 -100.00 -100.00 -100.00
 201    72.560 56642.29876557 14.78 128.476535  63.621757  4.045 -100.00 -100.00 -100.00
 201    70.106 56642.29876616 15.45 128.481874  63.622880  5.828 -100.00 -100.00 -100.00
 201    73.952 56642.29876675 14.10 128.487214  63.624003  4.171 -100.00 -100.00 -100.00
 202    71.723 56652.21441457 15.71 128.471867  63.618842  4.691 -100.00 -100.00 -100.00
 202    72.858 56652.21441516 15.31 128.477205  63.619965  4.614 -100.00 -100.00 -100.00
 202    70.458 56652.21441575 14.92 128.482544  63.621088  4.551 -100.00 -100.00 -100.00
 203    70.837 56662.13006424 16.15 128.472680  63.617181  5.427 -100.00 -100.00 -100.00
 203    70.254 56662.13006483 15.77 128.478019  63.618304  5.648 -100.00 -100.00 -100.00
 204    70.376 56672.04571135 16.03 128.476167  63.617652  5.772 -100.00 -100.00 -100.00
 204    70.290 56672.04571194 15.37 128.481506  63.618775  4.865 -100.00 -100.00 -100.00
 205    71.860 56681.96135605 14.57 128.471712  63.618814  4.407 -100.00 -100.00 -100.00
 205    70.904 56681.96135664 14.06 128.477051  63.619937  4.657 -100.00 -100.00 -100.00
 205    72.839 56681.96135723 14.13 128.482390  63.621060  4.287 -100.00 -100.00 -100.00
 206    71.307 56691.87699917 14.82 128.471815  63.620649  4.324 -100.00 -100.00 -100.00
 206    72.645 56691.87699976 15.17 128.477154  63.621772  4.666 -100.00 -100.00 -100.00
 206    70.969 56691.87700035 14.17 128.482493  63.622895  4.072 -100.00 -100.00 -100.00
 206    74.287 56691.87700094 13.89 128.487833  63.624017  4.072 -100.00 -100.00 -100.00
 207    71.048 56701.79263843 14.72 128.473683  63.621103  4.957 -100.00 -100.00 -100.00
 207    70.970 56701.79263902 14.44 128.479021  63.622226  5.011 -100.00 -100.00 -100.00
 207    70.092 56701.79264020 13.32 128.489700  63.624471  4.179 -100.00 -100.00 -100.00
 208    71.465 56711.70827221 15.10 128.472628  63.618656  5.568 -100.00 -100.00 -100.00
 208    71.398 56711.70827280 13.85 128.477966  63.619779  3.885 -100.00 -100.00 -100.00
 209    67.931 56721.62391750 14.73 128.475613  63.618220  5.408 -100.00 -100.00 -100.00
 209    68.231 56721.62391809 13.68 128.480951  63.619343  3.884 -100.00 -100.00 -100.00
 210    71.443 56731.53956923 14.26 128.476718  63.619321  4.828 -100.00 -100.00 -100.00
 210    70.573 56731.53956982 13.26 128.482057  63.620444  3.953 -100.00 -100.00 -100.00
 211    71.501 56741.45521715 13.78 128.474855  63.621568  4.660 -100.00 -100.00 -100.00
 211    71.188 56741.45521774 13.45 128.480193  63.622691  4.735 -100.00 -100.00 -100.00
 212    72.337 56751.37086076 13.66 128.472782  63.623469  5.223 -100.00 -100.00 -100.00
 212    72.741 56751.37086135 12.86 128.478121  63.624592  3.954 -100.00 -100.00 -100.00
 212    74.895 56751.37086194 12.77 128.483461  63.625714  4.565 -100.00 -100.00 -100.00
 213    65.681 56761.28649922 24.26 128.471930  63.623581   -100 -100.00 -100.00 -100.00
 213    65.618 56761.28649981 27.75 128.477269  63.624704   -100 -100.00 -100.00 -100.00
 213    65.582 56761.28650040 24.57 128.482609  63.625827   -100 -100.00 -100.00 -100.00
 214    65.815 56771.20213058 40.08 128.469374  63.621011   -100 -100.00 -100.00 -100.00
 214    66.184 56771.20213118 40.92 128.474712  63.622134   -100 -100.00 -100.00 -100.00
 214    66.146 56771.20213177 36.46 128.480051  63.623257   -100 -100.00 -100.00 -100.00
 214    65.870 56771.20213236 34.69 128.485390  63.624380   -100 -100.00 -100.00 -100.00
 215    66.735 56781.11778572 42.09 128.474003  63.621050   -100 -100.00 -100.00 -100.00
 215    66.696 56781.11778631 44.05 128.479342  63.622173   -100 -100.00 -100.00 -100.00
 215    66.154 56781.11778749 38.60 128.490021  63.624418   -100 -100.00 -100.00 -100.00
 216    72.666 56791.03344053 50.44 128.474445  63.621062  8.987 -100.00 -100.00 -100.00
 216    72.745 56791.03344112 52.01 128.479784  63.622184  9.621 -100.00 -100.00 -100.00
 216    72.755 56791.03344231 48.57 128.490463  63.624429   -100 -100.00 -100.00 -100.00
 217    70.075 56800.94909213 54.22 128.472873  63.621826  8.308 -100.00 -100.00 -100.00
 217    70.067 56800.94909272 56.48 128.478212  63.622949   -100 -100.00 -100.00 -100.00
 217    70.146 56800.94909390 54.72 128.488891  63.625193  9.618 -100.00 -100.00 -100.00
 218    71.176 56810.86473692 28.49 128.473383  63.622902 13.801 -100.00 -100.00 -100.00
 218    71.088 56810.86473752 26.13 128.478722  63.624025 10.835 -100.00 -100.00 -100.00
 218    73.277 56810.86473811 24.73 128.484062  63.625147 10.045 -100.00 -100.00 -100.00
 219    71.155 56820.78037649 29.95 128.470048  63.621754 15.564 -100.00 -100.00 -100.00
 219    70.882 56820.78037708 29.25 128.475387  63.622876 21.063 -100.00 -100.00 -100.00
 219    69.600 56820.78037768 29.60 128.480725  63.623999 18.967 -100.00 -100.00 -100.00
 219    69.626 56820.78037827 37.36 128.486065  63.625121   -100 -100.00 -100.00 -100.00
 220    68.537 56830.69601280 45.77 128.475281  63.620554 13.193 -100.00 -100.00 -100.00
 220    68.806 56830.69601339 45.14 128.480619  63.621677   -100 -100.00 -100.00 -100.00
 220    65.464 56830.69601457 26.83 128.491297  63.623922 20.837 -100.00 -100.00 -100.00
 221    68.859 56840.61164535 49.13 128.476468  63.617880 32.686 -100.00 -100.00 -100.00
 221    68.309 56840.61164594 52.50 128.481805  63.619003 26.683 -100.00 -100.00 -100.00
 222    67.791 56850.52728064 32.53 128.475033  63.616442   -100 -100.00 -100.00 -100.00
 222    67.668 56850.52728123 34.78 128.480370  63.617565   -100 -100.00 -100.00 -100.00
 223    67.576 56860.44293509 35.60 128.472641  63.618121   -100 -100.00 -100.00 -100.00
 223    67.710 56860.44293568 35.27 128.477979  63.619244 28.925 -100.00 -100.00 -100.00
 224    68.437 56870.35858908 46.25 128.472462  63.620637   -100 -100.00 -100.00 -100.00
 224    68.205 56870.35858967 48.49 128.477800  63.621759   -100 -100.00 -100.00 -100.00
 224    67.919 56870.35859085 55.43 128.488478  63.624005 19.031 -100.00 -100.00 -100.00
 225    68.317 56880.27424005 46.05 128.470408  63.621255   -100 -100.00 -100.00 -100.00
 225    68.299 56880.27424065 47.38 128.475747  63.622378   -100 -100.00 -100.00 -100.00
 225    68.205 56880.27424124 51.17 128.481086  63.623500   -100 -100.00 -100.00 -100.00
 225    67.906 56880.27424183 49.80 128.486425  63.624623   -100 -100.00 -100.00 -100.00
 226    67.502 56890.18988743 32.25 128.470032  63.620555 27.669 -100.00 -100.00 -100.00
 226    67.303 56890.18988802 31.64 128.475371  63.621678 31.155 -100.00 -100.00 -100.00
 226    67.358 56890.18988861 32.98 128.480710  63.622801   -100 -100.00 -100.00 -100.00
 226    67.209 56890.18988920 38.02 128.486049  63.623923  8.573 -100.00 -100.00 -100.00
 227    67.379 56900.10553205 33.16 128.470900  63.619703   -100 -100.00 -100.00 -100.00
 227    67.145 56900.10553264 30.31 128.476239  63.620826 29.149 -100.00 -100.00 -100.00
 227    67.071 56900.10553323 31.62 128.481578  63.621948   -100 -100.00 -100.00 -100.00
 228    67.208 56910.02117480 33.49 128.473124  63.620748   -100 -100.00 -100.00 -100.00
 228    67.600 56910.02117539 37.14 128.478463  63.621871   -100 -100.00 -100.00 -100.00
 228    67.280 56910.02117657 32.74 128.489142  63.624116   -100 -100.00 -100.00 -100.00
 229    67.972 56919.93681544 45.11 128.471049  63.621881 27.653 -100.00 -100.00 -100.00
 229    67.406 56919.93681603 46.21 128.476388  63.623003   -100 -100.00 -100.00 -100.00
 229    67.373 56919.93681662 51.37 128.481728  63.624126  8.197 -100.00 -100.00 -100.00
 229    67.428 56919.93681721 54.27 128.487067  63.625248  7.059 -100.00 -100.00 -100.00
 230    67.908 56929.85245436 33.92 128.472812  63.623633   -100 -100.00 -100.00 -100.00
 230    70.538 56929.85245495 30.12 128.478151  63.624756 21.239 -100.00 -100.00 -100.00
 230    68.165 56929.85245554 34.30 128.483491  63.625879   -100 -100.00 -100.00 -100.00
 231    67.216 56939.76808781 41.01 128.469521  63.622510 24.833 -100.00 -100.00 -100.00
 231    67.707 56939.76808840 42.18 128.474859  63.623633 18.102 -100.00 -100.00 -100.00
 231    66.803 56939.76808899 47.54 128.480198  63.624756   -100 -100.00 -100.00 -100.00
 231    66.768 56939.76808958 50.57 128.485538  63.625878   -100 -100.00 -100.00 -100.00
 232    67.236 56949.68372481 39.96 128.471087  63.621203 25.020 -100.00 -100.00 -100.00
 232    66.960 56949.68372540 40.08 128.476425  63.622326 27.558 -100.00 -100.00 -100.00
 232    66.536 56949.68372599 40.45 128.481763  63.623449   -100 -100.00 -100.00 -100.00
 232    66.244 56949.68372658 42.67 128.487102  63.624571  7.788 -100.00 -100.00 -100.00
 233    73.156 56959.59937701 24.20 128.471296  63.620338  8.424 -100.00 -100.00 -100.00
 233    70.750 56959.59937761 25.59 128.476634  63.621461 10.014 -100.00 -100.00 -100.00
 233    70.490 56959.59937820 24.91 128.481972  63.622584 10.621 -100.00 -100.00 -100.00
 233    74.193 56959.59937879 24.53 128.487311  63.623707  9.302 -100.00 -100.00 -100.00
 234    71.131 56969.51502446 20.80 128.473597  63.620495  5.419 -100.00 -100.00 -100.00
 234    73.884 56969.51502505 20.85 128.478935  63.621617  6.621 -100.00 -100.00 -100.00
 234    74.319 56969.51502623 19.71 128.489613  63.623862  4.654 -100.00 -100.00 -100.00
 235    71.678 56979.43066749 19.64 128.470588  63.620022  4.981 -100.00 -100.00 -100.00
 235    71.187 56979.43066808 19.60 128.475926  63.621145  6.177 -100.00 -100.00 -100.00
 235    73.870 56979.43066867 19.09 128.481265  63.622268  5.085 -100.00 -100.00 -100.00
 236    71.198 56989.34630657 18.93 128.471729  63.620257  5.229 -100.00 -100.00 -100.00
 236    71.011 56989.34630716 18.37 128.477067  63.621380  5.501 -100.00 -100.00 -100.00
 236    73.785 56989.34630775 17.73 128.482406  63.622503  4.886 -100.00 -100.00 -100.00
 236    74.129 56989.34630834 17.32 128.487745  63.623626  4.423 -100.00 -100.00 -100.00
 237    70.761 56999.26193944 17.83 128.474553  63.619561  5.322 -100.00 -100.00 -100.00
 237    70.495 56999.26194003 18.01 128.479891  63.620684  6.432 -100.00 -100.00 -100.00
 237    69.885 56999.26194121 16.64 128.490569  63.622929  4.374 -100.00 -100.00 -100.00
 238    70.786 57009.17759170 17.45 128.476164  63.619306  5.346 -100.00 -100.00 -100.00
 238    70.228 57009.17759229 16.46 128.481503  63.620429  4.620 -100.00 -100.00 -100.00
 239    70.617 57019.09324390 16.76 128.472776  63.617921  5.285 -100.00 -100.00 -100.00
 239    71.089 57019.09324449 16.93 128.478114  63.619044  5.797 -100.00 -100.00 -100.00
 240    70.824 57029.00889368 17.05 128.475166  63.618639  5.066 -100.00 -100.00 -100.00
 240    70.155 57029.00889427 16.60 128.480505  63.619761  5.872 -100.00 -100.00 -100.00
 241    71.609 57038.92454117 15.73 128.471685  63.619105  4.164 -100.00 -100.00 -100.00
 241    70.598 57038.92454176 16.32 128.477023  63.620228  5.702 -100.00 -100.00 -100.00
 241    70.305 57038.92454235 15.72 128.482362  63.621351  4.520 -100.00 -100.00 -100.00
 242    71.405 57048.84018684 15.76 128.473294  63.620656  4.966 -100.00 -100.00 -100.00
 242    71.025 57048.84018743 15.72 128.478632  63.621778  4.929 -100.00 -100.00 -100.00
 242    69.811 57048.84018861 14.95 128.489311  63.624024  4.448 -100.00 -100.00 -100.00
 243    71.130 57058.75582811 14.36 128.471504  63.620417  4.075 -100.00 -100.00 -100.00
 243    71.225 57058.75582870 14.78 128.476843  63.621540  4.840 -100.00 -100.00 -100.00
 243    70.458 57058.75582929 14.53 128.482181  63.622663  5.519 -100.00 -100.00 -100.00
 243    69.862 57058.75582988 13.67 128.487521  63.623785  4.273 -100.00 -100.00 -100.00
 244    70.561 57068.67146424 16.10 128.475329  63.620254  7.390 -100.00 -100.00 -100.00
 244    70.682 57068.67146483 14.82 128.480667  63.621377  5.272 -100.00 -100.00 -100.00
 244    69.862 57068.67146601 13.66 128.491345  63.623622  4.344 -100.00 -100.00 -100.00
 245    71.284 57078.58709530 15.01 128.471804  63.618631  5.543 -100.00 -100.00 -100.00
 245    70.223 57078.58709589 15.82 128.477141  63.619754  6.814 -100.00 -100.00 -100.00
 245    69.678 57078.58709649 16.40 128.482479  63.620877  7.197 -100.00 -100.00 -100.00
 246    70.437 57088.50273060 15.85 128.472608  63.618991  6.187 -100.00 -100.00 -100.00
 246    69.936 57088.50273119 15.08 128.477946  63.620114  5.656 -100.00 -100.00 -100.00
 247    71.071 57098.41838949 14.92 128.474552  63.621863  5.364 -100.00 -100.00 -100.00
 247    70.369 57098.41839008 14.18 128.479891  63.622986  3.974 -100.00 -100.00 -100.00
 248    74.138 57108.33404481 11.53 128.471308  63.622995  4.339 -100.00 -100.00 -100.00
 248    74.896 57108.33404540 11.20 128.476647  63.624118  3.979 -100.00 -100.00 -100.00
 248    71.018 57108.33404599 11.06 128.481987  63.625240  3.612 -100.00 -100.00 -100.00
 248    75.185 57108.33404658 11.34 128.487326  63.626363  4.041 -100.00 -100.00 -100.00
 249    71.267 57118.24969511 13.61 128.470679  63.622845  6.508 -100.00 -100.00 -100.00
 249    66.539 57118.24969570 15.58 128.476018  63.623968  9.850 -100.00 -100.00 -100.00
 249    71.267 57118.24969629 12.20 128.481357  63.625091  4.855 -100.00 -100.00 -100.00
 249    70.255 57118.24969688 13.32 128.486697  63.626213  6.554 -100.00 -100.00 -100.00
 250    66.295 57128.16533931 15.73 128.471370  63.621837 11.237 -100.00 -100.00 -100.00
 250    68.970 57128.16533990 13.64 128.476709  63.622960  8.193 -100.00 -100.00 -100.00
 250    66.205 57128.16534049 15.19 128.482048  63.624082 10.252 -100.00 -100.00 -100.00
 250    68.153 57128.16534108 12.94 128.487388  63.625205  7.254 -100.00 -100.00 -100.00
 251    65.973 57138.08097805 25.35 128.472598  63.620894   -100 -100.00 -100.00 -100.00
 251    65.605 57138.08097864 29.54 128.477937  63.622017 23.353 -100.00 -100.00 -100.00
 251    65.483 57138.08097982 28.98 128.488616  63.624262 30.144 -100.00 -100.00 -100.00
 252    65.527 57147.99661312 38.19 128.475569  63.620816 13.291 -100.00 -100.00 -100.00
 252    65.810 57147.99661371 32.44 128.480908  63.621939   -100 -100.00 -100.00 -100.00
 253    70.637 57157.91224521 52.49 128.474881  63.620014  5.355 -100.00 -100.00 -100.00
 253    70.451 57157.91224580 56.68 128.480219  63.621137 31.847 -100.00 -100.00 -100.00
 253    70.445 57157.91224698 54.79 128.490897  63.623382 30.693 -100.00 -100.00 -100.00
 254    72.637 57167.82789206 27.34 128.474352  63.619711 10.728 -100.00 -100.00 -100.00
 254    73.196 57167.82789265 27.59 128.479690  63.620834 11.220 -100.00 -100.00 -100.00
 254    70.642 57167.82789383 34.02 128.490367  63.623080 26.040 -100.00 -100.00 -100.00
 255    70.730 57177.74354843 50.66 128.476229  63.620009  8.538 -100.00 -100.00 -100.00
 255    70.844 57177.74354902 52.55 128.481567  63.621132  7.758 -100.00 -100.00 -100.00
 255    70.786 57177.74355020 54.26 128.492244  63.623377 14.516 -100.00 -100.00 -100.00
 256    71.695 57187.65920053 26.93 128.476615  63.619552 18.216 -100.00 -100.00 -100.00
 256    71.124 57187.65920112 35.38 128.481953  63.620675   -100 -100.00 -100.00 -100.00
 257    72.054 57197.57484821 25.12 128.473396  63.618816 10.072 -100.00 -100.00 -100.00
 257    71.488 57197.57484880 26.32 128.478733  63.619939 12.118 -100.00 -100.00 -100.00
 258    68.883 57207.49048293 33.10 128.475180  63.619853   -100 -100.00 -100.00 -100.00
 258    70.406 57207.49048352 28.35 128.480517  63.620976 26.978 -100.00 -100.00 -100.00
 258    70.881 57207.49048470 26.14 128.491195  63.623221 19.342 -100.00 -100.00 -100.00
 259    68.451 57217.40612743 48.39 128.471888  63.620087   -100 -100.00 -100.00 -100.00
 259    68.541 57217.40612802 49.36 128.477226  63.621210   -100 -100.00 -100.00 -100.00
 259    68.570 57217.40612861 52.80 128.482564  63.622332   -100 -100.00 -100.00 -100.00
 259    68.413 57217.40612921 54.67 128.487903  63.623455 20.486 -100.00 -100.00 -100.00
 260    67.569 57227.32177121 34.38 128.471890  63.620349   -100 -100.00 -100.00 -100.00
 260    67.146 57227.32177180 37.76 128.477228  63.621472   -100 -100.00 -100.00 -100.00
 260    67.047 57227.32177239 36.97 128.482567  63.622595   -100 -100.00 -100.00 -100.00
 260    67.129 57227.32177298 38.58 128.487906  63.623717   -100 -100.00 -100.00 -100.00
 261    67.250 57237.23741320 44.50 128.475306  63.620711   -100 -100.00 -100.00 -100.00
 261    67.048 57237.23741379 47.58 128.480645  63.621834  9.335 -100.00 -100.00 -100.00
 261    67.116 57237.23741497 49.40 128.491323  63.624080   -100 -100.00 -100.00 -100.00
 262    66.914 57247.15305140 35.10 128.475677  63.620252   -100 -100.00 -100.00 -100.00
 262    66.940 57247.15305199 36.46 128.481016  63.621375   -100 -100.00 -100.00 -100.00
 262    66.863 57247.15305317 39.38 128.491694  63.623620  6.073 -100.00 -100.00 -100.00
 263    67.779 57257.06868678 31.05 128.473626  63.619855 29.085 -100.00 -100.00 -100.00
 263    67.077 57257.06868737 35.45 128.478964  63.620978   -100 -100.00 -100.00 -100.00
 263    67.176 57257.06868855 35.82 128.489642  63.623223   -100 -100.00 -100.00 -100.00
 264    66.600 57266.98432132 30.61 128.474554  63.620945   -100 -100.00 -100.00 -100.00
 264    66.709 57266.98432191 32.69 128.479893  63.622068   -100 -100.00 -100.00 -100.00
 264    66.637 57266.98432309 29.14 128.490571  63.624314   -100 -100.00 -100.00 -100.00
 265    65.867 57276.89996709 44.20 128.471484  63.621589 16.775 -100.00 -100.00 -100.00
 265    65.699 57276.89996768 42.51 128.476822  63.622712 10.222 -100.00 -100.00 -100.00
 265    65.734 57276.89996827 44.61 128.482161  63.623835 24.656 -100.00 -100.00 -100.00
 265    65.956 57276.89996886 42.00 128.487501  63.624958   -100 -100.00 -100.00 -100.00
 266    66.375 57286.81562343 39.14 128.468751  63.621724   -100 -100.00 -100.00 -100.00
 266    66.264 57286.81562402 41.00 128.474089  63.622847   -100 -100.00 -100.00 -100.00
 266    66.055 57286.81562461 42.44 128.479428  63.623970  3.698 -100.00 -100.00 -100.00
 266    66.144 57286.81562520 41.80 128.484767  63.625093   -100 -100.00 -100.00 -100.00
 267    66.680 57296.73127766 33.86 128.474231  63.622290 28.095 -100.00 -100.00 -100.00
 267    66.247 57296.73127825 40.37 128.479569  63.623413   -100 -100.00 -100.00 -100.00
 267    66.372 57296.73127884 40.23 128.484908  63.624536   -100 -100.00 -100.00 -100.00
 268    66.869 57306.64692755 40.28 128.473491  63.621195 19.596 -100.00 -100.00 -100.00
 268    65.957 57306.64692814 39.80 128.478829  63.622318   -100 -100.00 -100.00 -100.00
 268    66.053 57306.64692932 41.55 128.489507  63.624563  0.545 -100.00 -100.00 -100.00
 269    65.572 57316.56257392 30.66 128.474256  63.621287 16.039 -100.00 -100.00 -100.00
 269    65.611 57316.56257451 31.67 128.479595  63.622410 18.323 -100.00 -100.00 -100.00
 269    66.090 57316.56257569 37.40 128.490273  63.624655   -100 -100.00 -100.00 -100.00
 270    70.917 57326.47821682 25.27 128.471897  63.621381  8.196 -100.00 -100.00 -100.00
 270    70.377 57326.47821741 27.46 128.477235  63.622504 11.958 -100.00 -100.00 -100.00
 270    66.036 57326.47821859 30.32 128.487914  63.624749 18.953 -100.00 -100.00 -100.00
 271    66.846 57336.39385809 25.01 128.473560  63.621964  9.532 -100.00 -100.00 -100.00
 271    66.016 57336.39385868 26.42 128.478899  63.623086 11.072 -100.00 -100.00 -100.00
 271    66.018 57336.39385986 31.43 128.489578  63.625331 26.617 -100.00 -100.00 -100.00
 272    70.943 57346.30950538 24.12 128.474679  63.621595  8.824 -100.00 -100.00 -100.00
 272    70.662 57346.30950597 24.08 128.480018  63.622718  8.153 -100.00 -100.00 -100.00
 273    70.887 57356.22515216 25.85 128.471177  63.619459 11.738 -100.00 -100.00 -100.00
 273    67.039 57356.22515275 24.07 128.476515  63.620582  9.353 -100.00 -100.00 -100.00
 273    70.494 57356.22515334 22.79 128.481855  63.621705  6.385 -100.00 -100.00 -100.00
 274    70.122 57366.14079627 21.86 128.476710  63.619354  7.192 -100.00 -100.00 -100.00
 274    69.845 57366.14079686 21.90 128.482049  63.620477  7.059 -100.00 -100.00 -100.00
 275    70.853 57376.05643647 20.51 128.476279  63.619092  5.918 -100.00 -100.00 -100.00
 275    70.239 57376.05643706 21.50 128.481618  63.620215  7.934 -100.00 -100.00 -100.00
 276    70.713 57385.97207469 19.73 128.474452  63.619606  6.112 -100.00 -100.00 -100.00
 276    72.952 57385.97207528 19.19 128.479791  63.620728  5.357 -100.00 -100.00 -100.00
 276    73.049 57385.97207646 18.79 128.490470  63.622974  5.214 -100.00 -100.00 -100.00
 277    71.799 57395.88771219 18.99 128.471937  63.619634  5.727 -100.00 -100.00 -100.00
 277    70.631 57395.88771278 18.65 128.477275  63.620757  5.491 -100.00 -100.00 -100.00
 277    70.538 57395.88771337 18.04 128.482614  63.621880  5.249 -100.00 -100.00 -100.00
 277    70.116 57395.88771396 19.22 128.487954  63.623003  7.184 -100.00 -100.00 -100.00
 278    72.090 57405.80334912 17.91 128.474420  63.619754  5.990 -100.00 -100.00 -100.00
 278    72.566 57405.80334971 18.06 128.479758  63.620877  5.561 -100.00 -100.00 -100.00
 278    72.616 57405.80335090 17.26 128.490436  63.623123  4.652 -100.00 -100.00 -100.00
 279    71.852 57415.71899822 17.62 128.472498  63.618926  4.833 -100.00 -100.00 -100.00
 279    71.387 57415.71899881 17.39 128.477836  63.620049  5.126 -100.00 -100.00 -100.00
 280    70.261 57425.63464968 22.14 128.474696  63.619646 13.139 -100.00 -100.00 -100.00
 280    70.291 57425.63465027 19.72 128.480034  63.620769  8.800 -100.00 -100.00 -100.00
 280    69.251 57425.63465145 19.17 128.490712  63.623014  9.117 -100.00 -100.00 -100.00
 281    71.052 57435.55029800 17.86 128.473896  63.620968  7.296 -100.00 -100.00 -100.00
 281    65.335 57435.55029859 24.51 128.479234  63.622090 21.201 -100.00 -100.00 -100.00
 281    69.279 57435.55029977 18.77 128.489912  63.624336  9.202 -100.00 -100.00 -100.00
 282    72.189 57445.46594432 17.29 128.469366  63.622257  7.444 -100.00 -100.00 -100.00
 282    72.569 57445.46594491 16.26 128.474705  63.623380  5.480 -100.00 -100.00 -100.00
 282    68.703 57445.46594551 18.90 128.480044  63.624503 10.056 -100.00 -100.00 -100.00
 282    66.186 57445.46594610 18.02 128.485384  63.625625  8.839 -100.00 -100.00 -100.00
 283    72.457 57455.38159026 16.26 128.468923  63.623522  4.836 -100.00 -100.00 -100.00
 283    71.318 57455.38159085 17.40 128.474262  63.624645  8.156 -100.00 -100.00 -100.00
 283    70.940 57455.38159144 16.97 128.479601  63.625768  7.834 -100.00 -100.00 -100.00
 283    70.293 57455.38159203 16.39 128.484941  63.626890  7.096 -100.00 -100.00 -100.00
 284    72.072 57465.29723392 16.07 128.467699  63.622655  5.059 -100.00 -100.00 -100.00
 284    71.695 57465.29723451 15.71 128.473038  63.623778  5.107 -100.00 -100.00 -100.00
 284    70.899 57465.29723510 17.74 128.478377  63.624901  8.304 -100.00 -100.00 -100.00
 284    70.479 57465.29723569 16.73 128.483717  63.626024  7.003 -100.00 -100.00 -100.00
 285    71.868 57475.21287421 15.58 128.472130  63.620957  6.594 -100.00 -100.00 -100.00
 285    71.095 57475.21287480 14.81 128.477469  63.622080  5.898 -100.00 -100.00 -100.00
 285    70.174 57475.21287598 14.28 128.488148  63.624325  5.069 -100.00 -100.00 -100.00
 286    66.250 57485.12851065 19.33 128.473062  63.618774 12.749 -100.00 -100.00 -100.00
 286    65.892 57485.12851124 18.96 128.478400  63.619898 12.218 -100.00 -100.00 -100.00
 287    65.893 57495.04414427 20.17 128.471718  63.617832 14.832 -100.00 -100.00 -100.00
 287    65.820 57495.04414486 19.81 128.477056  63.618956 15.595 -100.00 -100.00 -100.00
 287    65.698 57495.04414545 20.49 128.482395  63.620079 17.751 -100.00 -100.00 -100.00
 288    65.459 57504.95977664 32.38 128.472600  63.618822   -100 -100.00 -100.00 -100.00
 288    65.323 57504.95977723 32.39 128.477938  63.619946   -100 -100.00 -100.00 -100.00
 289    65.189 57514.87543296 38.32 128.470506  63.620204   -100 -100.00 -100.00 -100.00
 289    65.693 57514.87543356 40.92 128.475844  63.621327   -100 -100.00 -100.00 -100.00
 289    65.911 57514.87543415 41.43 128.481183  63.622450   -100 -100.00 -100.00 -100.00
 289    65.907 57514.87543474 38.67 128.486522  63.623573   -100 -100.00 -100.00 -100.00
 290    69.926 57524.79108714 51.81 128.471670  63.620078   -100 -100.00 -100.00 -100.00
 290    69.566 57524.79108773 54.71 128.477008  63.621201 11.056 -100.00 -100.00 -100.00
 290    69.506 57524.79108832 51.11 128.482347  63.622324 17.029 -100.00 -100.00 -100.00
 290    69.754 57524.79108891 50.20 128.487686  63.623447  3.240 -100.00 -100.00 -100.00
 291    69.955 57534.70673902 51.88 128.474454  63.618794  3.448 -100.00 -100.00 -100.00
 291    70.029 57534.70673961 53.69 128.479792  63.619917  7.026 -100.00 -100.00 -100.00
 292    71.147 57544.62238759 54.62 128.473255  63.617319 10.043 -100.00 -100.00 -100.00
 292    71.106 57544.62238818 56.70 128.478593  63.618442   -100 -100.00 -100.00 -100.00
 293    70.985 57554.53803408 52.91 128.471928  63.617834 30.618 -100.00 -100.00 -100.00
 293    70.951 57554.53803467 54.91 128.477266  63.618957   -100 -100.00 -100.00 -100.00
 293    70.938 57554.53803526 55.34 128.482604  63.620079   -100 -100.00 -100.00 -100.00
 294    69.598 57564.45367956 50.58 128.473494  63.620273   -100 -100.00 -100.00 -100.00
 294    69.549 57564.45368016 51.85 128.478832  63.621395 19.390 -100.00 -100.00 -100.00
 294    69.485 57564.45368134 54.91 128.489510  63.623640   -100 -100.00 -100.00 -100.00
 295    69.468 57574.36932378 34.43 128.469365  63.620891   -100 -100.00 -100.00 -100.00
 295    69.537 57574.36932437 30.29 128.474703  63.622014   -100 -100.00 -100.00 -100.00
 295    70.584 57574.36932496 24.55 128.480042  63.623137 21.425 -100.00 -100.00 -100.00
 295    70.481 57574.36932555 22.87 128.485381  63.624259 15.850 -100.00 -100.00 -100.00
 296    69.820 57584.28496824 50.55 128.472862  63.621439   -100 -100.00 -100.00 -100.00
 296    69.698 57584.28496883 53.61 128.478201  63.622562  6.439 -100.00 -100.00 -100.00
 296    69.466 57584.28497001 52.75 128.488879  63.624807 27.018 -100.00 -100.00 -100.00
 297    69.582 57594.20061042 52.91 128.474666  63.620660 23.156 -100.00 -100.00 -100.00
 297    69.564 57594.20061101 53.91 128.480005  63.621783 26.471 -100.00 -100.00 -100.00
 297    69.707 57594.20061219 53.01 128.490683  63.624028 11.747 -100.00 -100.00 -100.00
