-133750.391   132.234     0.00   15.09
-133464.373   128.585   -12.76   14.41
-133178.351   126.584    -7.00   13.10
-132892.326   123.752    -9.90    8.07
-132606.297   122.628    -3.93    4.86
-132320.263   122.821     0.68    3.94
-132034.226   123.296     1.66    3.71
-131748.185   124.003     2.47    3.29
-131462.141   124.878     3.06    2.27
-131176.092   125.103     0.79    2.01
-130890.040   125.171     0.24    2.04
-130603.983   124.986    -0.65    2.30
-130317.923   124.499    -1.70    3.11
-130031.859   123.927    -2.00    3.93
-129745.791   123.243    -2.39    4.22
-129459.719   122.870    -1.30    4.22
-129173.644   123.110     0.84    4.30
-128887.564   123.835     2.53    4.48
-128601.481   124.956     3.92    4.52
-128315.394   126.103     4.01    4.58
-128029.303   127.315     4.24    4.18
-127743.208   128.589     4.45    4.26
-127457.110   130.258     5.83    5.39
-127171.007   131.232     3.40    5.86
-126884.901   131.092    -0.49    6.32
-126598.790   131.027    -0.23    6.49
-126312.676   131.597     1.99    6.71
-126026.558   133.461     6.51    7.14
-125740.436   133.995     1.87    8.03
-125454.311   133.426    -1.99    8.47
-125168.181   134.209     2.74    8.67
-124882.048   135.998     6.25    9.20
-124595.911   137.949     6.82    9.21
-124309.769   139.206     4.39    9.55
-124023.624   140.666     5.10    9.58
-123737.476   142.940     7.95    8.10
-123451.323   145.017     7.26    5.89
-123165.166   146.268     4.37    4.49
-122879.006   147.176     3.17    3.84
-122592.842   147.424     0.87    4.13
-122306.674   148.280     2.99    4.58
-122020.502   149.745     5.12    4.65
-121734.326   151.475     6.05    4.10
-121448.146   153.033     5.44    3.68
-121161.963   154.452     4.96    3.42
-120875.775   155.687     4.32    3.17
-120589.584   156.870     4.13    3.03
-120303.389   157.982     3.89    3.65
-120017.190   159.961     6.91    4.46
-119730.987   162.542     9.02    5.39
-119444.781   165.410    10.02    5.90
-119158.570   167.728     8.10    5.83
-118872.356   169.459     6.05    5.10
-118586.137   170.815     4.74    3.87
-118299.915   172.002     4.15    2.78
-118013.689   172.731     2.54    2.81
-117727.459   173.483     2.63    3.11
-117441.226   174.025     1.89    3.17
-117154.988   174.673     2.26    3.34
-116868.747   175.709     3.62    3.41
-116582.501   175.059    -2.27    7.00
-116296.252   173.954    -3.86    9.25
-116009.999   173.493    -1.61    9.37
-115723.742   173.306    -0.65    9.44
-115437.482   172.892    -1.45    9.31
-115151.217   173.313     1.47    8.52
-114864.949   174.634     4.61    6.30
-114578.676   175.989     4.73    3.24
-114292.400   176.607     2.16    2.80
-114006.120   176.920     1.10    2.62
-113719.836   176.871    -0.17    2.63
-113433.548   176.596    -0.96    3.21
-113147.257   175.969    -2.19    3.73
-112860.961   175.391    -2.02    4.32
-112574.662   174.947    -1.55    4.53
-112288.358   174.280    -2.33    4.36
-112002.051   174.235    -0.16    4.27
-111715.740   174.113    -0.42    3.91
-111429.426   173.395    -2.51    4.05
-111143.107   172.822    -2.00    3.85
-110856.784   172.024    -2.79    3.46
-110570.458   171.995    -0.10    3.37
-110284.128   171.631    -1.27    3.49
-109997.793   170.983    -2.26    3.28
-109711.455   170.702    -0.98    3.82
-109425.113   170.800     0.34    3.97
-109138.768   171.391     2.07    4.33
-108852.418   172.043     2.28    4.70
-108566.065   173.238     4.18    5.49
-108279.707   174.871     5.70    6.38
-107993.346   177.213     8.18    6.61
-107706.981   180.225    10.52    5.73
-107420.612   183.136    10.17    5.37
-107134.239   185.150     7.03    5.54
-106847.862   186.850     5.93    5.86
-106561.482   189.237     8.34    6.46
-106275.097   191.849     9.12    5.67
-105988.709   193.871     7.06    4.54
-105702.317   195.582     5.98    3.89
-105415.921   196.113     1.86    4.21
-105129.521   195.257    -2.99    5.22
-104843.117   193.787    -5.13    6.76
-104556.709   191.970    -6.34    7.37
-104270.298   189.549    -8.45    7.96
-103983.882   187.977    -5.49    7.53
-103697.463   187.150    -2.89    6.64
-103411.040   186.350    -2.80    5.93
-103124.613   185.160    -4.15    5.41
-102838.182   184.577    -2.04    5.37
-102551.747   186.420     6.43    5.61
-102265.309   188.573     7.52    5.79
-101978.866   190.328     6.13    5.26
-101692.420   191.232     3.15    4.86
-101405.970   191.581     1.22    4.91
-101119.516   191.530    -0.18    5.13
-100833.058   190.381    -4.01    5.70
-100546.596   188.799    -5.52    5.93
-100260.130   187.941    -3.00    5.85
 -99973.660   187.528    -1.44    5.90
 -99687.187   187.148    -1.33    5.85
 -99400.709   186.190    -3.35    5.81
 -99114.228   185.675    -1.80    5.41
 -98827.743   185.244    -1.50    5.00
 -98541.254   184.466    -2.71    4.87
 -98254.761   183.310    -4.04    4.39
 -97968.265   181.759    -5.41    4.02
 -97681.764   180.423    -4.66    3.95
 -97395.259   178.898    -5.32    4.29
 -97108.751   177.580    -4.60    4.71
 -96822.239   176.183    -4.88    4.56
 -96535.723   174.723    -5.10    4.03
 -96249.203   172.884    -6.42    3.81
 -95962.679   171.787    -3.83    3.96
 -95676.151   170.533    -4.38    4.44
 -95389.619   168.232    -8.03    5.39
 -95103.084   165.644    -9.03    5.70
 -94816.545   163.041    -9.08    5.15
 -94530.001   160.715    -8.12    4.72
 -94243.454   158.732    -6.92    4.69
 -93956.903   156.486    -7.84    4.59
 -93670.348   154.294    -7.65    5.70
 -93383.790   151.878    -8.43    6.42
 -93097.227   149.700    -7.60    6.17
 -92810.660   147.899    -6.29    5.16
 -92524.090   146.416    -5.17    4.19
 -92237.516   145.476    -3.28    3.47
 -91950.938   145.304    -0.60    3.23
 -91664.356   145.801     1.73    2.88
 -91377.770   146.055     0.89    2.58
 -91091.180   145.956    -0.35    2.33
 -90804.586   145.446    -1.78    2.63
 -90517.989   144.418    -3.59    3.08
 -90231.387   143.302    -3.90    3.38
 -89944.782   142.055    -4.35    3.42
 -89658.173   140.835    -4.26    3.04
 -89371.560   139.970    -3.02    2.94
 -89084.943   139.317    -2.28    2.80
 -88798.322   140.030     2.49    4.75
 -88511.697   141.659     5.68    8.05
 -88225.068   143.786     7.42    9.85
 -87938.436   146.537     9.60   11.31
 -87651.800   147.934     4.87   10.74
 -87365.159   149.033     3.83    9.87
 -87078.515   148.406    -2.18    8.71
 -86791.867   147.466    -3.28    7.46
 -86505.215   146.459    -3.51    6.14
 -86218.560   145.222    -4.32    4.75
 -85931.900   144.722    -1.75    4.10
 -85645.236   144.537    -0.64    4.92
 -85358.569   143.842    -2.42    6.02
 -85071.898   142.395    -5.05    7.00
 -84785.222   140.349    -7.14    7.48
 -84498.543   137.884    -8.60    7.24
 -84211.860   135.912    -6.88    6.48
 -83925.173   134.353    -5.44    5.83
 -83638.483   133.197    -4.03    5.42
 -83351.788   132.495    -2.45    5.41
 -83065.090   132.003    -1.71    5.24
 -82778.387   131.766    -0.83    5.28
 -82491.681   131.836     0.24    5.74
 -82204.971   132.279     1.55    7.35
 -81918.257   131.509    -2.69    8.30
 -81631.539   130.892    -2.15    9.62
 -81344.817   131.152     0.91    9.48
 -81058.091   131.648     1.73    9.11
 -80771.362   131.752     0.36    8.25
 -80484.628   132.073     1.12    7.84
 -80197.891   133.927     6.47    8.10
 -79911.149   136.492     8.94    6.95
 -79624.404   137.656     4.06    5.67
 -79337.655   137.475    -0.63    5.93
 -79050.902   137.727     0.88    6.75
 -78764.145   137.662    -0.22    7.24
 -78477.385   136.856    -2.81    7.05
 -78190.620   136.197    -2.30    6.56
 -77903.852   136.800     2.10    6.46
 -77617.079   137.061     0.91    6.27
 -77330.303   136.498    -1.96    6.37
 -77043.523   135.781    -2.50    6.00
 -76756.739   135.185    -2.08    6.11
 -76469.951   135.035    -0.52    6.20
 -76183.159   135.629     2.07    6.19
 -75896.363   136.592     3.36    6.33
 -75609.564   138.176     5.52    5.83
 -75322.760   140.617     8.51    4.51
 -75035.953   141.530     3.18    4.69
 -74749.141   141.863     1.16    5.07
 -74462.326   142.671     2.81    5.72
 -74175.507   143.943     4.43    6.17
 -73888.684   145.148     4.20    6.92
 -73601.857   146.020     3.04    7.30
 -73315.027   147.183     4.06    7.21
 -73028.345   148.126     3.29    6.62
 -72742.264   147.971    -0.54    5.53
 -72456.180   148.085     0.40    5.10
 -72170.093   148.425     1.19    4.26
 -71884.003   148.332    -0.33    3.90
 -71597.910   146.863    -5.13    5.55
 -71311.813   146.047    -2.85    7.99
 -71025.714   145.898    -0.52   11.51
 -70739.611   144.238    -5.80   12.15
 -70453.505   142.406    -6.40   12.85
 -70167.396   142.987     2.03   13.92
 -69881.284   144.226     4.33   14.56
 -69595.168   145.549     4.63   12.50
 -69309.050   147.802     7.87   11.27
 -69022.928   149.782     6.92    9.87
 -68736.803   151.836     7.18    7.87
 -68450.676   153.768     6.75    5.59
 -68164.545   154.101     1.16    5.01
 -67878.410   154.178     0.27    5.36
 -67592.273   154.518     1.19    5.46
 -67306.133   155.199     2.38    6.35
 -67019.989   156.363     4.07    6.97
 -66733.842   157.993     5.69    6.99
 -66447.692   160.442     8.56    5.80
 -66161.539   162.767     8.13    5.04
 -65875.383   163.542     2.71    4.80
 -65589.224   164.105     1.97    4.89
 -65303.062   164.360     0.89    4.51
 -65016.896   164.871     1.78    4.00
 -64730.727   164.995     0.44    3.77
 -64444.555   164.911    -0.29    4.34
 -64158.380   164.918     0.02    5.01
 -63872.202   164.252    -2.33    6.06
 -63586.021   162.321    -6.75    7.32
 -63299.837   159.551    -9.68    8.80
 -63013.649   156.680   -10.03    9.78
 -62727.458   153.261   -11.95   10.06
 -62441.264   149.086   -14.59    9.13
 -62155.067   145.339   -13.09    7.68
 -61868.867   142.298   -10.63    6.97
 -61582.664   139.544    -9.62    6.27
 -61296.458   136.814    -9.54    6.35
 -61010.248   134.523    -8.00    6.22
 -60724.035   132.413    -7.37    6.38
 -60437.819   129.807    -9.11    7.29
 -60151.600   126.514   -11.50    8.22
 -59865.378   123.544   -10.38    8.07
 -59579.153   121.384    -7.55    7.26
 -59292.925   119.829    -5.43    6.33
 -59006.693   118.849    -3.42    5.63
 -58720.458   119.246     1.39    5.99
 -58434.220   121.399     7.52    7.54
 -58147.979   123.856     8.59    7.61
 -57861.735   125.537     5.87    7.80
 -57575.488   126.451     3.19    7.37
 -57289.238   126.279    -0.60    6.82
 -57002.984   126.377     0.34    6.09
 -56716.727   126.413     0.13    5.63
 -56430.467   126.112    -1.05    5.64
 -56144.204   125.722    -1.36    5.58
 -55857.938   125.516    -0.72    5.01
 -55571.669   125.185    -1.16    4.51
 -55285.396   124.211    -3.40    4.52
 -54999.121   122.982    -4.29    4.17
 -54712.842   121.891    -3.81    3.76
 -54426.560   120.800    -3.81    4.28
 -54140.275   119.293    -5.26    4.75
 -53853.987   117.758    -5.36    4.95
 -53567.696   116.317    -5.03    5.03
 -53281.401   115.752    -1.97    5.87
 -52995.103   114.863    -3.10    6.09
 -52708.803   114.288    -2.01    6.25
 -52422.499   114.468     0.63    6.63
 -52136.192   115.142     2.36    7.20
 -51849.881   115.119    -0.08    7.50
 -51563.568   115.268     0.52    7.79
 -51277.252   115.313     0.16    8.12
 -50990.932   115.270    -0.15    8.29
 -50704.609   114.435    -2.92    8.29
 -50418.283   113.278    -4.04    7.64
 -50131.954   112.436    -2.94    6.47
 -49845.622   112.699     0.92    5.31
 -49559.286   112.256    -1.55    5.20
 -49272.948   111.721    -1.87    5.57
 -48986.606   111.463    -0.90    6.24
 -48700.261   111.110    -1.23    6.03
 -48413.913   110.795    -1.10    5.90
 -48127.562   110.544    -0.88    5.47
 -47841.208   108.836    -5.96    6.33
 -47554.850   106.892    -6.79    7.17
 -47268.490   104.501    -8.35    7.52
 -46982.126   102.051    -8.56    7.65
 -46695.759    99.621    -8.49    7.59
 -46409.389    96.521   -10.82    6.51
 -46123.016    94.761    -6.14    5.40
 -45836.639    94.102    -2.30    5.06
 -45550.260    93.670    -1.51    5.00
 -45263.877    92.578    -3.82    5.50
 -44977.491    90.793    -6.23    5.94
 -44691.102    88.899    -6.61    5.58
 -44404.710    87.649    -4.36    4.93
 -44118.315    86.502    -4.00    4.21
 -43831.917    85.551    -3.32    4.45
 -43545.515    84.027    -5.32    4.91
 -43259.110    82.801    -4.28    5.33
 -42972.702    81.568    -4.31    5.62
 -42686.291    80.027    -5.38    5.45
 -42399.877    78.483    -5.39    5.29
 -42113.460    77.218    -4.42    5.50
 -41827.039    76.836    -1.34    5.60
 -41540.616    77.537     2.45    6.08
 -41254.189    78.509     3.39    7.19
 -40967.759    78.829     1.12    7.60
 -40681.326    79.395     1.98    7.70
 -40394.890    79.254    -0.50    7.34
 -40108.450    77.417    -6.41    7.62
 -39822.008    75.445    -6.88    7.22
 -39535.562    73.926    -5.30    7.38
 -39249.113    73.863    -0.22    7.35
 -38962.661    73.899     0.12    7.22
 -38676.206    73.725    -0.61    6.97
 -38389.748    74.580     2.99    6.34
 -38103.286    76.190     5.62    5.55
 -37816.822    77.573     4.83    4.72
 -37530.354    77.920     1.21    5.00
 -37243.883    78.437     1.80    5.41
 -36957.409    79.197     2.65    5.70
 -36670.932    79.218     0.07    5.95
 -36384.451    78.627    -2.06    5.85
 -36097.968    77.722    -3.16    5.96
 -35811.481    75.955    -6.17    6.25
 -35524.991    73.342    -9.12    6.83
 -35238.498    70.438   -10.14    6.90
 -34952.002    67.308   -10.93    6.56
 -34665.503    64.576    -9.54    6.62
 -34379.000    62.081    -8.71    6.24
 -34092.494    60.391    -5.90    5.76
 -33805.986    59.335    -3.69    5.58
 -33519.474    58.225    -3.87    5.88
 -33232.958    56.587    -5.72    6.43
 -32946.440    54.385    -7.69    7.84
 -32659.919    52.548    -6.41    8.73
 -32373.394    48.312   -14.78   11.28
 -32086.866    44.809   -12.23   12.17
 -31800.336    42.884    -6.72   12.17
 -31513.801    43.099     0.75   11.17
 -31227.264    42.400    -2.44   10.33
 -30940.724    41.907    -1.72    8.71
 -30654.180    43.285     4.81    7.94
 -30367.634    45.254     6.87    6.02
 -30081.084    46.401     4.00    4.93
 -29794.531    47.251     2.97    5.54
 -29507.975    48.610     4.74    6.12
 -29221.415    50.306     5.92    7.89
 -28934.853    52.743     8.50    9.57
 -28648.287    54.622     6.56   10.62
 -28361.718    56.592     6.87   10.89
 -28075.146    57.593     3.49   10.85
 -27788.571    56.863    -2.54   10.75
 -27501.993    55.319    -5.39   10.68
 -27215.412    52.745    -8.98   10.49
 -26928.827    49.103   -12.71   10.08
 -26642.239    44.793   -15.04    8.99
 -26355.648    41.286   -12.24    7.37
 -26069.054    38.814    -8.63    5.47
 -25782.457    37.384    -4.99    4.71
 -25495.857    36.294    -3.80    4.07
 -25209.253    36.037    -0.90    3.91
 -24922.646    35.577    -1.61    3.84
 -24636.037    35.246    -1.15    3.74
 -24349.423    34.644    -2.10    3.68
 -24062.807    34.399    -0.85    3.97
 -23776.188    35.899     5.24    5.89
 -23489.565    38.418     8.79   11.00
 -23202.940    41.946    12.31   15.63
 -22916.311    47.346    18.84   18.99
 -22629.679    53.391    21.09   21.51
 -22343.044    60.076    23.32   21.94
 -22056.405    67.090    24.47   21.05
 -21769.764    73.955    23.95   18.94
 -21483.119    79.265    18.52   15.74
 -21196.471    83.940    16.31   12.26
 -20909.820    87.802    13.47    8.38
 -20623.166    90.068     7.90    5.47
 -20336.509    91.502     5.01    3.25
 -20049.849    91.878     1.31    2.58
 -19763.185    92.317     1.53    2.58
 -19476.518    91.963    -1.24    3.24
 -19189.848    91.317    -2.25    3.36
 -18903.175    90.588    -2.55    3.54
 -18616.499    89.530    -3.69    4.02
 -18329.819    89.102    -1.49    4.31
 -18043.137    88.158    -3.29    4.14
 -17756.451    86.285    -6.53    4.11
 -17469.762    85.771    -1.79    4.28
 -17183.070    85.734    -0.13    4.18
 -16896.375    85.920     0.65    4.31
 -16609.676    86.021     0.35    4.59
 -16322.975    85.734    -1.00    4.38
 -16036.270    86.047     1.09    4.10
 -15749.562    86.350     1.06    4.79
 -15462.851    85.349    -3.49    5.73
 -15176.137    83.821    -5.33    6.36
 -14889.419    82.261    -5.44    6.78
 -14602.699    80.758    -5.24    6.76
 -14315.975    78.148    -9.10    6.28
 -14029.248    76.062    -7.28    6.22
 -13742.518    74.066    -6.96    6.19
 -13455.785    71.989    -7.24    6.32
 -13169.048    70.764    -4.27    7.16
 -12882.309    69.566    -4.18    7.36
 -12595.566    68.061    -5.25    7.54
 -12308.820    66.878    -4.13    8.16
 -12022.071    64.788    -7.29    8.46
 -11735.319    62.576    -7.71    9.25
 -11448.563    59.311   -11.39   12.14
 -11161.971    52.169   -24.92   19.06
 -10875.814    46.728   -19.02   20.26
 -10589.656    42.934   -13.26   19.76
 -10303.495    39.413   -12.30   18.52
 -10017.331    35.617   -13.26   17.37
  -9731.165    34.204    -4.94   15.44
  -9444.997    34.127    -0.27   13.67
  -9158.826    35.661     5.36   11.28
  -8872.653    37.740     7.27    8.36
  -8586.477    38.595     2.99    6.19
  -8300.299    38.475    -0.42    5.98
  -8014.118    38.068    -1.42    5.71
  -7727.935    37.970    -0.34    5.16
  -7441.750    37.062    -3.17    4.63
  -7155.562    36.388    -2.35    4.64
  -6869.372    35.385    -3.51    4.38
  -6583.179    34.591    -2.77    3.83
  -6296.984    34.795     0.71    3.82
  -6010.787    34.727    -0.24    3.37
  -5724.587    34.605    -0.43    3.18
  -5438.385    34.781     0.62    3.20
  -5152.180    35.069     1.01    3.30
  -4865.973    35.863     2.78    3.29
  -4579.763    35.914     0.18    3.68
  -4293.551    36.113     0.70    4.24
  -4007.337    32.957   -11.03   10.53
  -3721.120    27.709   -18.34   15.49
  -3434.901    21.391   -22.07   18.00
  -3148.679    15.306   -21.26   18.07
  -2862.455    10.809   -15.71   16.75
  -2576.229    10.972     0.57   17.11
  -2290.000    10.287    -2.39   16.52
  -2003.768    11.031     2.60   16.79
  -1717.534    10.272    -2.65   16.33
  -1431.298     9.321    -3.32   15.75
  -1145.060     7.610    -5.98   14.84
   -858.819     3.750   -13.48   11.11
   -572.575     0.113   -12.70    2.61
   -286.329    -0.137    -0.87    0.00
     -0.081    -0.137     0.00    0.00
    286.170    -0.137     0.00    0.00
    572.423    -0.137     0.00    0.00
    858.679    -0.137     0.00    0.00
   1144.937    -0.137     0.00    0.00
   1431.197    -0.137     0.00    0.00
   1717.460    -0.137     0.00    0.00
   2003.725    -0.137     0.00    0.00
   2289.993    -0.137     0.00    0.00
   2576.263    -0.137     0.00    0.00
   2862.536    -0.137     0.00    0.00
   3148.811    -0.137     0.00    0.00
   3435.088    -0.137     0.00    0.00
   3721.368    -0.137     0.00    0.00
   4007.650    -0.137     0.00    0.00
   4293.935    -0.137     0.00    0.00
   4580.222    -0.037     0.35    0.86
   4866.512     0.540     2.02    4.25
   5152.804     1.445     3.16    6.75
   5439.098     2.829     4.83    9.02
   5725.395     3.408     2.02    9.36
   6011.694     3.028    -1.33    8.96
   6297.996     2.387    -2.24    7.90
   6584.300     2.748     1.26    8.24
   6870.607     3.648     3.14    8.70
   7156.916     5.756     7.36    9.74
   7443.227     9.349    12.55   10.96
   7729.541    13.206    13.47   11.13
   8015.857    14.442     4.32   10.91
   8302.176    14.814     1.30   10.84
   8588.497    15.238     1.48   10.96
   8874.820    16.418     4.12   11.46
   9161.146    17.822     4.90   12.68
   9447.475    20.259     8.51   15.05
   9733.805    25.017    16.62   15.61
  10020.139    31.244    21.75   12.24
  10306.474    36.075    16.87    7.93
  10592.812    38.835     9.64    7.45
  10879.153    40.757     6.71    6.37
  11165.496    41.843     3.79    5.09
  11451.841    42.754     3.18    5.13
  11738.189    43.136     1.34    6.05
  12024.539    42.953    -0.64    7.06
  12310.892    43.263     1.09    7.76
  12597.247    44.287     3.57    7.89
  12883.604    45.899     5.63    7.36
  13169.964    46.716     2.85    6.95
  13456.327    46.571    -0.51    6.93
  13742.691    46.420    -0.53    6.54
  14029.059    46.388    -0.11    5.97
  14315.428    45.549    -2.93    5.62
  14601.800    43.548    -6.99    8.80
  14888.175    41.363    -7.63   11.70
  15174.552    39.639    -6.02   13.41
  15460.931    39.076    -1.97   14.18
  15747.313    39.326     0.87   13.85
  16033.697    40.259     3.26   12.32
  16320.084    39.828    -1.51   11.78
  16606.473    37.446    -8.32   14.59
  16892.864    32.163   -18.45   17.76
  17179.258    27.470   -16.39   19.19
  17465.654    25.091    -8.31   19.54
  17752.053    23.170    -6.71   20.28
  18038.454    21.891    -4.47   20.50
  18324.858    23.115     4.28   20.15
  18611.264    26.857    13.06   19.27
  18897.672    32.028    18.06   16.68
  19184.083    36.473    15.52   11.86
  19470.497    38.991     8.79    6.22
  19756.912    39.544     1.93    5.41
  20043.331    40.647     3.85    5.34
  20329.751    41.259     2.14    7.17
  20616.174    40.250    -3.52   10.29
  20902.600    39.043    -4.21   13.10
  21189.028    36.884    -7.54   15.34
  21475.458    33.537   -11.69   16.34
  21761.891    29.828   -12.95   16.70
  22048.326    27.711    -7.39   16.99
  22334.764    26.044    -5.82   16.59
  22621.204    24.332    -5.98   16.19
  22907.646    23.282    -3.67   15.88
  23194.091    25.912     9.18   17.31
  23480.539    29.468    12.41   18.39
  23766.988    33.768    15.01   18.47
  24053.441    38.591    16.84   17.42
  24339.895    43.509    17.17   15.13
  24626.352    48.367    16.96   10.39
  24912.812    52.005    12.70    5.34
  25199.274    53.594     5.55    6.98
  25485.738    56.254     9.28    8.71
  25772.205    59.349    10.81    9.26
  26058.674    61.367     7.04    9.50
  26345.146    61.425     0.20   11.00
  26631.620    57.741   -12.86   16.84
  26918.097    50.244   -26.17   22.51
  27204.575    41.926   -29.04   24.05
  27491.057    41.322    -2.11   26.08
  27777.541    46.722    18.85   33.09
  28064.027    56.178    33.01   39.14
  28350.516    68.835    44.18   40.44
  28637.007    83.183    50.08   33.57
  28923.500    95.024    41.33   19.81
  29209.996   101.044    21.01    7.52
  29496.495   101.926     3.08    5.65
  29782.996   101.816    -0.38    5.51
  30069.499   101.677    -0.48    5.49
  30356.005   101.766     0.31    5.95
  30642.513   102.145     1.32    5.75
  30929.023   101.744    -1.40    6.37
  31215.536    95.420   -22.07   18.42
  31502.052    87.702   -26.94   25.01
  31788.570    79.431   -28.87   27.96
  32075.090    71.933   -26.17   28.23
  32361.613    69.995    -6.77   27.28
  32648.138    70.768     2.70   26.21
  32934.665    73.329     8.94   24.86
  33221.195    78.636    18.52   21.50
  33507.728    82.843    14.68   17.19
  33794.263    86.296    12.05   10.45
  34080.800    87.005     2.48    6.16
  34367.340    85.161    -6.44    5.36
  34653.882    83.435    -6.03    3.68
  34940.427    82.988    -1.56    3.25
  35226.974    83.507     1.81    3.76
  35513.523    84.129     2.17    4.26
  35800.075    83.537    -2.07    4.88
  36086.630    81.466    -7.23    7.22
  36373.187    78.073   -11.84   10.04
  36659.746    74.678   -11.85   11.81
  36946.307    71.072   -12.58   12.12
  37232.872    68.673    -8.37   11.08
  37519.438    66.741    -6.74   10.38
  37806.007    64.286    -8.57   12.31
  38092.579    60.815   -12.11   17.73
  38379.152    57.483   -11.63   20.20
  38665.729    52.816   -16.28   21.95
  38952.307    47.374   -18.99   21.72
  39238.889    41.683   -19.86   19.74
  39525.472    37.004   -16.33   17.90
  39812.058    36.730    -0.96   17.05
  40098.647    38.124     4.87   16.26
  40385.238    39.230     3.86   16.31
  40671.831    41.899     9.31   16.45
  40958.427    43.870     6.88   18.15
  41245.025    47.754    13.55   20.24
  41531.625    52.768    17.49   22.92
  41818.229    57.968    18.14   22.68
  42104.834    62.498    15.81   19.77
  42391.442    66.850    15.18   13.90
  42678.052    69.821    10.37    9.28
  42964.665    71.105     4.48    8.57
  43251.280    71.885     2.72    7.73
  43537.898    72.856     3.39    7.22
  43824.518    74.801     6.78    7.00
  44111.141    76.809     7.00    6.39
  44397.766    78.571     6.15    5.36
  44684.393    80.034     5.10    4.23
  44971.023    81.000     3.37    3.64
  45257.655    81.810     2.83    3.31
  45544.290    82.999     4.15    3.85
  45830.927    84.907     6.65    5.39
  46117.567    87.518     9.11    6.79
  46404.209    90.065     8.88    7.09
  46690.853    92.856     9.74    6.89
  46977.500    95.426     8.96    6.46
  47264.150    97.646     7.74    6.18
  47550.802   100.380     9.54    6.50
  47837.456   103.229     9.94    6.61
  48124.112   105.558     8.12    6.30
  48410.772   107.624     7.21    5.67
  48697.433   109.469     6.44    4.96
  48984.097   111.416     6.79    4.27
  49270.764   113.255     6.42    4.64
  49557.432   115.185     6.73    5.80
  49844.104   117.836     9.25    6.79
  50130.777   120.815    10.39    7.41
  50417.454   123.746    10.22    7.32
  50703.977   126.767    10.54    7.31
  50990.211   129.726    10.34    8.62
  51276.447   131.975     7.86   10.68
  51562.685   133.828     6.48   12.24
  51848.924   135.763     6.76   13.29
  52135.165   138.934    11.08   14.03
  52421.408   142.644    12.96   15.04
  52707.653   146.310    12.81   14.42
  52993.899   148.741     8.49   13.48
  53280.147   149.963     4.27   12.88
  53566.397   150.057     0.33   13.15
  53852.648   149.100    -3.34   14.44
  54138.901   147.484    -5.64   14.68
  54425.156   146.000    -5.19   13.71
  54711.413   145.054    -3.30   12.33
  54997.671   144.884    -0.59   10.85
  55283.931   145.932     3.66   11.33
  55570.192   146.662     2.55   13.23
  55856.456   147.779     3.90   15.29
  56142.721   149.119     4.68   16.35
  56428.987   150.842     6.02   16.80
  56715.256   153.466     9.17   17.54
  57001.526   154.778     4.58   18.63
  57287.798   154.145    -2.21   18.78
  57574.071   152.145    -6.99   18.14
  57860.347   148.259   -13.57   14.00
  58146.624   146.346    -6.68   10.07
  58432.902   145.537    -2.83    7.71
  58719.183   146.620     3.78    6.90
  59005.465   149.281     9.29    7.94
  59291.749   152.470    11.14   11.51
  59578.034   156.422    13.80   16.12
  59864.321   159.346    10.21   18.91
  60150.610   160.230     3.09   16.09
  60436.901   160.549     1.12   13.38
  60723.193   160.246    -1.06   11.82
  61009.487   158.892    -4.73   10.62
  61295.783   157.628    -4.41    9.37
  61582.081   157.013    -2.15    8.05
  61868.380   156.637    -1.32    8.27
  62154.681   156.809     0.60    9.69
  62440.983   157.370     1.96   10.41
  62727.288   157.870     1.75   10.42
  63013.594   158.192     1.12   10.07
  63299.901   158.528     1.17    9.54
  63586.211   159.129     2.10    9.16
  63872.522   160.440     4.58    8.87
  64158.835   162.898     8.59    8.77
  64445.149   165.651     9.61    8.67
  64731.465   168.892    11.32    7.72
  65017.783   172.502    12.61    7.00
  65304.103   175.356     9.97    7.59
  65590.424   177.878     8.81    8.01
  65876.748   180.863    10.43    8.61
  66163.072   184.570    12.94    9.30
  66449.399   188.374    13.29    9.84
  66735.727   191.857    12.16   10.18
  67022.057   195.048    11.15    9.66
  67308.389   197.006     6.84    9.12
  67594.722   197.680     2.35    9.06
  67881.057   196.795    -3.09    9.09
  68167.394   195.252    -5.39    9.62
  68453.732   193.447    -6.31   10.61
  68740.072   191.535    -6.68   10.95
  69026.414   189.094    -8.53    9.83
  69312.758   188.027    -3.73    8.90
  69599.103   188.197     0.59    9.77
  69885.450   189.163     3.38   11.50
  70171.799   190.985     6.36   13.36
  70458.149   193.174     7.64   14.47
  70744.501   195.442     7.92   14.78
  71030.855   197.224     6.22   14.87
  71317.211   198.272     3.66   14.40
  71603.568   199.415     3.99   13.44
  71889.927   200.945     5.34   12.19
  72176.287   202.436     5.21   10.33
  72462.650   204.093     5.79    9.51
  72749.014   206.328     7.81    9.72
  73035.380   209.096     9.66   10.04
  73321.747   212.821    13.01   11.53
  73608.116   216.843    14.04   13.03
  73894.487   221.190    15.18   14.55
  74180.860   225.710    15.78   15.60
  74467.234   230.353    16.21   16.87
  74753.610   232.954     9.08   17.69
  75039.988   234.766     6.33   18.71
  75326.367   234.381    -1.35   19.60
  75612.749   231.911    -8.62   19.08
  75899.131   229.076    -9.90   16.57
  76185.516   226.404    -9.33   13.26
  76471.902   224.850    -5.43   10.35
  76758.290   224.932     0.29    8.54
  77044.680   226.488     5.43    7.64
  77331.071   229.956    12.11    8.43
  77617.465   234.221    14.89   10.76
  77903.859   239.282    17.67   13.81
  78190.256   244.396    17.86   15.09
  78476.654   250.528    21.41   15.56
  78763.054   256.423    20.58   15.50
  79049.456   261.234    16.80   15.99
  79335.859   265.768    15.83   16.33
  79622.264   270.695    17.20   16.45
  79908.671   276.360    19.78   16.74
  80195.080   282.539    21.58   15.38
  80481.490   288.551    20.99   13.81
  80767.902   294.967    22.40   14.41
  81054.315   301.593    23.13   16.94
  81340.731   311.427    34.34   22.32
  81627.148   325.047    47.55   29.18
  81913.567   342.103    59.55   37.33
  82199.987   362.601    71.57   45.20
  82486.409   384.941    78.00   50.91
  82772.833   408.237    81.33   53.59
  83059.259   428.786    71.74   51.23
  83345.686   444.711    55.60   45.17
  83632.115   454.387    33.78   39.65
  83918.546   463.455    31.66   39.07
  84204.978   474.925    40.04   42.79
  84491.413   487.659    44.46   50.09
  84777.848   501.539    48.46   54.68
  85064.286   519.065    61.18   57.83
  85350.725   540.315    74.19   56.21
  85637.166   557.092    58.57   51.54
  85923.609   568.849    41.05   48.96
  86210.054   576.488    26.67   47.92
  86496.500   576.275    -0.74   46.47
  86782.948   568.658   -26.59   50.35
  87069.397   556.969   -40.81   57.46
  87355.848   542.255   -51.37   62.08
  87642.301   524.447   -62.17   62.01
  87928.756   504.870   -68.34   53.38
  88215.212   488.007   -58.87   42.50
  88501.671   478.491   -33.22   41.05
  88788.130   471.697   -23.72   43.08
  89074.592   463.370   -29.07   44.76
  89361.055   452.436   -38.17   42.47
  89647.520   440.346   -42.20   37.74
  89933.987   428.920   -39.89   29.52
  90220.455   420.131   -30.68   21.38
  90506.925   413.692   -22.48   13.04
  90793.397   410.483   -11.20    9.38
  91079.871   409.438    -3.65   10.34
  91366.346   408.807    -2.20   11.82
  91652.823   404.954   -13.45   14.52
  91939.301   400.617   -15.14   15.53
  92225.782   397.687   -10.23   15.36
  92512.264   395.938    -6.10   14.01
  92798.748   394.190    -6.10   11.12
  93085.233   392.698    -5.21    8.59
  93371.720   392.242    -1.59    8.12
