# NaN NaN NaN ;Mean Elev.(m), Avg Gradient(m/km), RMS Gradient(m/km) - SRTM1     
#  182.411  -4.905  34.299 ;Mean Elev.(m), Avg Gradient(m/km), RMS Gradient(m/km) - ASTER GDEM
#  131.197  -5.264  36.439 ;Mean Elev.(m), Avg Gradient(m/km), RMS Gradient(m/km) - GMTED2010 
   2   149.548 54669.08442665 40.93 116.935859  60.365665 21.362 -100.00 -100.00 -100.00
   2   149.400 54669.08442724 41.34 116.940131  60.367226 30.537 -100.00 -100.00 -100.00
   2   149.260 54669.08442783 42.13 116.944403  60.368786   -100 -100.00 -100.00 -100.00
   8   231.105 54728.57829897  5.63 116.941365  60.366146  8.800 -100.00 -100.00 -100.00
   8   239.170 54728.57829956  4.02 116.945636  60.367706  6.058 -100.00 -100.00 -100.00
  11   147.038 54758.32524077 21.27 116.936022  60.367868  9.203 -100.00 -100.00 -100.00
  11   146.944 54758.32524136 18.86 116.940295  60.369428  5.257 -100.00 -100.00 -100.00
  12   147.328 54768.24088544 41.04 116.934182  60.366957 28.531 -100.00 -100.00 -100.00
  12   147.047 54768.24088603 44.92 116.938454  60.368517   -100 -100.00 -100.00 -100.00
  12   146.827 54768.24088662 49.11 116.942727  60.370078 21.262 -100.00 -100.00 -100.00
  13   146.397 54778.15652716 33.84 116.937086  60.365988   -100  253.00  249.68  246.18
  13   146.622 54778.15652775 34.96 116.941358  60.367548   -100  253.00  249.68  246.18
  14   146.722 54788.07216618 22.53 116.938574  60.364426 11.815 -100.00 -100.00 -100.00
  14   146.754 54788.07216677 22.24 116.942847  60.365986 11.800 -100.00 -100.00 -100.00
  15   156.460 54797.98780401 18.86 116.938131  60.363660  7.760 -100.00 -100.00 -100.00
  15   147.421 54797.98780460 18.75 116.942403  60.365220  7.302 -100.00 -100.00 -100.00
  15   147.305 54797.98780519 18.57 116.946675  60.366781  7.992 -100.00 -100.00 -100.00
  16   146.250 54807.90344190 18.86 116.937877  60.364416  8.000  243.15  237.49  228.58
  16   146.962 54807.90344249 17.91 116.942149  60.365977  7.357  243.15  237.49  228.58
  17   156.549 54817.81907901 16.18 116.936158  60.364509  6.854  244.29  238.17  227.52
  17   156.346 54817.81907960 15.67 116.940430  60.366070  7.629  244.29  238.17  227.52
  17   156.177 54817.81908019 14.95 116.944702  60.367630  6.197  244.29  238.17  227.52
  18   156.807 54827.73472947 14.83 116.936628  60.366128  6.926 -100.00 -100.00 -100.00
  18   156.060 54827.73473006 14.82 116.940899  60.367688  7.230 -100.00 -100.00 -100.00
  19   155.469 54837.65036822 14.88 116.934440  60.366424  8.758  248.38  242.26  229.55
  19   155.748 54837.65036881 14.41 116.938712  60.367985  6.958  248.38  242.26  229.55
  19   155.100 54837.65036940 14.22 116.942985  60.369545  6.563  248.38  242.26  229.55
  20   155.667 54847.56601752 14.77 116.932869  60.367509  7.387 -100.00 -100.00 -100.00
  20   155.203 54847.56601811 14.24 116.937141  60.369070  6.409 -100.00 -100.00 -100.00
  20   146.928 54847.56601870 13.66 116.941414  60.370630  6.585 -100.00 -100.00 -100.00
  21   155.844 54857.48166658 12.15 116.933168  60.369221  6.033  245.82  238.29  222.53
  21   155.326 54857.48166717 12.66 116.937440  60.370781  6.461  245.82  238.29  222.53
  21   155.183 54857.48166776 12.44 116.941713  60.372342  6.178  245.82  238.29  222.53
  22   155.394 54867.39731575 11.48 116.933635  60.370708  5.511  241.28  232.52  214.74
  22   155.579 54867.39731634 11.65 116.937908  60.372268  5.330  241.28  232.52  214.74
  22   155.011 54867.39731693 11.09 116.942181  60.373828  5.112  241.28  232.52  214.74
  23   155.578 54877.31296369 12.71 116.931277  60.369594  8.134  240.93  231.59  213.61
  23   155.516 54877.31296428 12.06 116.935550  60.371155  5.796  240.93  231.59  213.61
  23   155.065 54877.31296487 11.52 116.939823  60.372715  6.489  240.93  231.59  213.61
  24   156.550 54887.22860892 12.45 116.932817  60.368320  4.976 -100.00 -100.00 -100.00
  24   155.354 54887.22860951 12.22 116.937089  60.369881  5.191 -100.00 -100.00 -100.00
  24   155.311 54887.22861010 11.95 116.941362  60.371441  5.213 -100.00 -100.00 -100.00
  25   156.096 54897.14425093 12.35 116.935880  60.367387  6.798  248.63  239.92  224.81
  25   155.739 54897.14425152 12.08 116.940153  60.368947  5.306  248.63  239.92  224.81
  26   156.250 54907.05988987 10.87 116.935315  60.366257  5.393  241.46  230.18  211.43
  26   155.961 54907.05989046 10.82 116.939588  60.367817  4.962  241.46  230.18  211.43
  26   156.517 54907.05989105 10.85 116.943861  60.369378  5.448  241.46  230.18  211.43
  27   156.500 54916.97552788 10.81 116.936514  60.366751  6.344 -100.00 -100.00 -100.00
  27   156.241 54916.97552847 10.51 116.940787  60.368311  5.021 -100.00 -100.00 -100.00
  28   156.320 54926.89116539 10.79 116.935383  60.366462  5.055 -100.00 -100.00 -100.00
  28   156.136 54926.89116598 11.21 116.939655  60.368022  5.332 -100.00 -100.00 -100.00
  30   146.719 54946.72243773 30.19 116.939294  60.365002   -100 -100.00 -100.00 -100.00
  30   146.822 54946.72243832 30.97 116.943566  60.366562   -100 -100.00 -100.00 -100.00
  31   152.625 54956.63807056 30.36 116.938930  60.362219   -100 -100.00 -100.00 -100.00
  31   152.896 54956.63807115 31.65 116.943201  60.363779   -100 -100.00 -100.00 -100.00
  31   152.796 54956.63807174 29.53 116.947472  60.365340   -100 -100.00 -100.00 -100.00
  33   150.996 54976.46936676 39.44 116.936842  60.363133 20.032  267.17  266.97  268.44
  33   150.951 54976.46936735 39.71 116.941113  60.364694 21.202  267.17  266.97  268.44
  33   150.873 54976.46936794 41.18 116.945385  60.366254 28.670  267.17  266.97  268.44
  35   154.333 54996.30066265 34.11 116.935932  60.366004 12.829 -100.00 -100.00 -100.00
  35   154.309 54996.30066324 35.37 116.940204  60.367564 16.026 -100.00 -100.00 -100.00
  36   153.600 55006.21630886 43.82 116.935189  60.366467 29.049  276.01  275.87  275.98
  36   153.371 55006.21630945 49.23 116.939461  60.368027   -100  276.01  275.87  275.98
  36   153.244 55006.21631004 52.65 116.943733  60.369588 11.927  276.01  275.87  275.98
  37   155.307 55016.13195273 13.48 116.933673  60.366612  8.726 -100.00 -100.00 -100.00
  37   150.733 55016.13195332 13.70 116.937945  60.368172  8.761 -100.00 -100.00 -100.00
  37   150.871 55016.13195391 12.82 116.942218  60.369733  7.420 -100.00 -100.00 -100.00
  38   150.147 55026.04759521 38.99 116.932475  60.367162 18.605 -100.00 -100.00 -100.00
  38   149.708 55026.04759580 42.80 116.936747  60.368723   -100 -100.00 -100.00 -100.00
  38   149.936 55026.04759639 36.01 116.941020  60.370283 19.175 -100.00 -100.00 -100.00
  39   150.114 55035.96323757 43.10 116.933934  60.369020 21.969 -100.00 -100.00 -100.00
  39   149.651 55035.96323816 49.21 116.938207  60.370580  8.095 -100.00 -100.00 -100.00
  39   149.624 55035.96323875 45.43 116.942479  60.372141   -100 -100.00 -100.00 -100.00
  40   148.781 55045.87887881 40.71 116.935043  60.369215   -100  272.63  272.34  271.28
  40   148.589 55045.87887940 43.66 116.939315  60.370775   -100  272.63  272.34  271.28
  41   148.383 55055.79451798 25.81 116.936356  60.367307 23.330 -100.00 -100.00 -100.00
  41   148.208 55055.79451857 22.82 116.940628  60.368868 16.232 -100.00 -100.00 -100.00
  42   150.418 55065.71015444 34.45 116.935734  60.363608 27.620 -100.00 -100.00 -100.00
  42   151.916 55065.71015503 41.06 116.940005  60.365168 18.514 -100.00 -100.00 -100.00
  42   150.666 55065.71015562 51.16 116.944276  60.366729  6.569 -100.00 -100.00 -100.00
  43   150.769 55075.62580321 36.09 116.937694  60.363617 25.173 -100.00 -100.00 -100.00
  43   150.186 55075.62580380 30.75 116.941965  60.365178 18.544 -100.00 -100.00 -100.00
  43   150.241 55075.62580439 38.08 116.946237  60.366738   -100 -100.00 -100.00 -100.00
  44   149.141 55085.54145130 38.03 116.938283  60.365073   -100 -100.00 -100.00 -100.00
  44   149.301 55085.54145189 50.49 116.942555  60.366633   -100 -100.00 -100.00 -100.00
  45   148.662 55095.45709718 20.56 116.933264  60.365252  7.193 -100.00 -100.00 -100.00
  45   148.902 55095.45709777 20.64 116.937535  60.366812  7.554 -100.00 -100.00 -100.00
  45   148.611 55095.45709836 21.46 116.941807  60.368372  9.389 -100.00 -100.00 -100.00
  46   157.391 55105.37274344 14.01 116.933271  60.366167  4.783 -100.00 -100.00 -100.00
  46   156.694 55105.37274403 15.27 116.937543  60.367727  7.011 -100.00 -100.00 -100.00
  46   157.292 55105.37274462 14.02 116.941815  60.369287  4.961 -100.00 -100.00 -100.00
  47   148.575 55115.28838931 15.83 116.933569  60.365759 10.931 -100.00 -100.00 -100.00
  47   156.489 55115.28838990 15.14 116.937841  60.367320 11.130 -100.00 -100.00 -100.00
  47   148.316 55115.28839049 14.59 116.942113  60.368880  9.656 -100.00 -100.00 -100.00
  48   147.724 55125.20403299 33.26 116.936365  60.365197 28.554 -100.00 -100.00 -100.00
  48   147.599 55125.20403358 37.85 116.940637  60.366758 29.267 -100.00 -100.00 -100.00
  48   147.873 55125.20403417 39.05 116.944910  60.368318 26.631 -100.00 -100.00 -100.00
  49   147.231 55135.11967370 35.43 116.936794  60.364139 24.346 -100.00 -100.00 -100.00
  49   147.365 55135.11967429 37.11 116.941066  60.365699 27.744 -100.00 -100.00 -100.00
  49   147.449 55135.11967489 35.12 116.945339  60.367260 29.154 -100.00 -100.00 -100.00
  50   147.151 55145.03531249 33.47 116.938349  60.364465 21.760 -100.00 -100.00 -100.00
  50   147.296 55145.03531308 35.37 116.942621  60.366026 25.345 -100.00 -100.00 -100.00
  51   157.237 55154.95095051 16.95 116.938909  60.365632 10.061 -100.00 -100.00 -100.00
  51   155.870 55154.95095110 16.59 116.943182  60.367192 10.786 -100.00 -100.00 -100.00
  52   156.627 55164.86658821 14.70 116.935751  60.365159  6.669  248.92  244.71  239.81
  52   155.668 55164.86658880 15.05 116.940023  60.366720  6.633  248.92  244.71  239.81
  52   147.878 55164.86658939 15.32 116.944295  60.368280  7.021  248.92  244.71  239.81
  53   156.985 55174.78222583 15.01 116.934231  60.364621  7.358  248.21  243.96  237.31
  53   148.706 55174.78222642 15.56 116.938502  60.366182  9.179  248.21  243.96  237.31
  53   148.760 55174.78222701 16.18 116.942774  60.367742  9.331  248.21  243.96  237.31
  54   157.619 55184.69786580 12.11 116.936369  60.364599  5.517 -100.00 -100.00 -100.00
  54   157.325 55184.69786639 11.98 116.940640  60.366160  4.923 -100.00 -100.00 -100.00
  54   156.386 55184.69786698 12.10 116.944912  60.367721  6.788 -100.00 -100.00 -100.00
  55   156.938 55194.61351688 12.84 116.935008  60.365501  7.183 -100.00 -100.00 -100.00
  55   156.658 55194.61351747 11.75 116.939279  60.367061  5.895 -100.00 -100.00 -100.00
  55   156.432 55194.61351806 11.81 116.943552  60.368622  5.982 -100.00 -100.00 -100.00
  56   155.701 55204.52916705 12.49 116.935000  60.367905  8.277 -100.00 -100.00 -100.00
  56   155.818 55204.52916764 10.91 116.939272  60.369466  5.829 -100.00 -100.00 -100.00
  57   155.619 55214.44481622 10.39 116.932169  60.369199  4.688  247.26  240.72  227.53
  57   155.232 55214.44481682 10.05 116.936442  60.370760  5.357  247.26  240.72  227.53
  57   155.119 55214.44481741 10.57 116.940715  60.372320  5.335  247.26  240.72  227.53
  58   154.958 55224.36046518  9.71 116.932696  60.370002  5.535 -100.00 -100.00 -100.00
  58   155.334 55224.36046577  9.94 116.936969  60.371563  5.259 -100.00 -100.00 -100.00
  58   155.274 55224.36046636  9.58 116.941242  60.373123  5.105 -100.00 -100.00 -100.00
  59   156.649 55234.27611200  9.77 116.932663  60.368203  4.973 -100.00 -100.00 -100.00
  59   155.333 55234.27611259 10.13 116.936936  60.369764  5.578 -100.00 -100.00 -100.00
  59   155.280 55234.27611318 10.21 116.941209  60.371324  7.215 -100.00 -100.00 -100.00
  60   157.209 55244.19175586  9.93 116.936211  60.366244  4.631 -100.00 -100.00 -100.00
  60   156.777 55244.19175645 10.17 116.940484  60.367804  5.739 -100.00 -100.00 -100.00
  61   157.444 55254.10739625  9.91 116.935583  60.364185  5.297  245.04  236.05  218.16
  61   157.180 55254.10739684  9.55 116.939856  60.365746  5.625  245.04  236.05  218.16
  61   156.885 55254.10739743  9.41 116.944129  60.367306  5.844 -100.00 -100.00 -100.00
  62   157.131 55264.02303541  8.00 116.937976  60.365897  4.943  251.59  243.83  229.37
  62   156.893 55264.02303601  8.05 116.942249  60.367458  4.869  251.59  243.83  229.37
  63   156.397 55273.93867307  8.58 116.935734  60.367014  4.613  247.84  238.40  220.75
  63   156.636 55273.93867366  8.01 116.940006  60.368574  3.877 -100.00 -100.00 -100.00
  64   146.699 55283.85431008 11.08 116.934364  60.366610  8.124 -100.00 -100.00 -100.00
  64   156.331 55283.85431068  8.89 116.938636  60.368171  4.324 -100.00 -100.00 -100.00
  64   156.342 55283.85431127  8.63 116.942909  60.369731  4.538 -100.00 -100.00 -100.00
  65   157.099 55293.76994589  7.68 116.937287  60.365065  4.249  251.20  241.91  224.44
  65   156.601 55293.76994648  7.89 116.941559  60.366626  4.547 -100.00 -100.00 -100.00
  66   146.694 55303.68558264 18.17 116.938798  60.362373 22.262  257.39  250.26  236.62
  66   146.785 55303.68558323 19.37 116.943069  60.363933 26.244  257.39  250.26  236.62
  66   147.141 55303.68558383 15.49 116.947341  60.365493 16.536  257.39  250.26  236.62
  67   147.080 55313.60123015 31.68 116.939992  60.362340 29.940 -100.00 -100.00 -100.00
  67   147.163 55313.60123074 31.65 116.944263  60.363901 29.325 -100.00 -100.00 -100.00
  67   147.124 55313.60123133 29.84 116.948534  60.365461   -100 -100.00 -100.00 -100.00
  68   407.738 55323.51687548  4.59 116.937784  60.363268  2.964 -100.00 -100.00 -100.00
  68   408.628 55323.51687607  5.73 116.942056  60.364828  4.056 -100.00 -100.00 -100.00
  68   409.352 55323.51687666  6.22 116.946327  60.366388  4.975 -100.00 -100.00 -100.00
  69   154.861 55333.43251973 38.21 116.935691  60.365127 27.197  269.99  270.38  271.18
  69   154.696 55333.43252032 41.08 116.939963  60.366688   -100  269.99  270.38  271.18
  69   154.584 55333.43252091 40.05 116.944234  60.368248   -100  269.99  270.38  271.18
  70   151.085 55343.34816417 43.64 116.936474  60.367234   -100  276.08  276.19  276.20
  70   150.964 55343.34816476 44.80 116.940746  60.368795   -100  276.08  276.19  276.20
  71   152.484 55353.26380741 37.18 116.933264  60.365963 21.858  273.78  273.41  273.50
  71   152.176 55353.26380800 41.28 116.937535  60.367524 27.501  273.78  273.41  273.50
  71   152.071 55353.26380859 46.56 116.941807  60.369084   -100  273.78  273.41  273.50
  72   149.065 55363.17944903 19.63 116.934646  60.365709  4.942 -100.00 -100.00 -100.00
  72   140.569 55363.17944962 19.54 116.938918  60.367270  4.875 -100.00 -100.00 -100.00
  72   148.817 55363.17945021 20.28 116.943190  60.368830  6.439 -100.00 -100.00 -100.00
  73   149.427 55373.09508848 33.78 116.933438  60.365144 27.192 -100.00 -100.00 -100.00
  73   148.983 55373.09508907 29.06 116.937710  60.366704 14.689 -100.00 -100.00 -100.00
  73   148.930 55373.09508966 33.58 116.941982  60.368265 31.488 -100.00 -100.00 -100.00
  74   152.868 55383.01072724 38.17 116.936332  60.367048 22.066 -100.00 -100.00 -100.00
  74   152.498 55383.01072783 40.87 116.940604  60.368609   -100 -100.00 -100.00 -100.00
  75   148.827 55392.92636460 34.92 116.935020  60.367345 16.887 -100.00 -100.00 -100.00
  75   148.557 55392.92636519 36.06 116.939292  60.368906 22.449 -100.00 -100.00 -100.00
  76   148.573 55402.84200025 38.27 116.934711  60.366250 19.189  272.84  272.67  271.37
  76   148.062 55402.84200084 43.34 116.938983  60.367810   -100  272.84  272.67  271.37
  76   147.855 55402.84200143 36.45 116.943254  60.369371   -100  272.84  272.67  271.37
  77   149.969 55412.75765197 34.55 116.935548  60.365208 24.469  269.73  269.22  268.60
  77   149.986 55412.75765256 35.91 116.939819  60.366768 32.537  269.73  269.22  268.60
  77   149.841 55412.75765315 42.85 116.944091  60.368329   -100  269.73  269.22  268.60
  78   147.679 55422.67330133 33.74 116.939500  60.364420 32.573 -100.00 -100.00 -100.00
  78   148.855 55422.67330192 45.46 116.943772  60.365980 26.029 -100.00 -100.00 -100.00
  79   147.984 55432.58894767 28.23 116.939470  60.363247 17.388 -100.00 -100.00 -100.00
  79   148.737 55432.58894826 40.40 116.943741  60.364807 25.027 -100.00 -100.00 -100.00
  80   149.333 55442.50459219 38.08 116.936707  60.364029 25.466 -100.00 -100.00 -100.00
  80   149.121 55442.50459278 37.12 116.940979  60.365589   -100 -100.00 -100.00 -100.00
  80   148.977 55442.50459337 44.33 116.945250  60.367150  5.924 -100.00 -100.00 -100.00
  81   149.170 55452.42023545 40.24 116.934456  60.365743 25.063 -100.00 -100.00 -100.00
  81   148.711 55452.42023604 43.26 116.938727  60.367304   -100 -100.00 -100.00 -100.00
  81   148.692 55452.42023663 38.47 116.942999  60.368864   -100 -100.00 -100.00 -100.00
  82   147.676 55462.33587796 17.87 116.933343  60.366562  5.138  264.74  263.53  265.06
  82   147.737 55462.33587855 17.58 116.937615  60.368122  5.000  264.74  263.53  265.06
  82   147.530 55462.33587914 18.17 116.941887  60.369683  5.969  264.74  263.53  265.06
  83   156.622 55472.25151854 12.36 116.933906  60.364901  8.100 -100.00 -100.00 -100.00
  83   147.699 55472.25151913 11.00 116.938178  60.366462  6.061 -100.00 -100.00 -100.00
  83   157.953 55472.25151972 10.41 116.942450  60.368022  5.447 -100.00 -100.00 -100.00
  84   147.586 55482.16715701 33.13 116.941038  60.364412 31.450 -100.00 -100.00 -100.00
  84   147.477 55482.16715760 32.99 116.945310  60.365973 26.526 -100.00 -100.00 -100.00
  85   146.671 55492.08279209 38.16 116.939292  60.361551   -100 -100.00 -100.00 -100.00
  85   146.679 55492.08279268 41.46 116.943564  60.363111   -100 -100.00 -100.00 -100.00
  85   146.600 55492.08279327 44.16 116.947836  60.364672  9.998 -100.00 -100.00 -100.00
  86   147.046 55501.99842636 34.52 116.942485  60.363078 24.612 -100.00 -100.00 -100.00
  86   146.971 55501.99842695 36.57 116.946757  60.364639 27.068 -100.00 -100.00 -100.00
  87   146.304 55511.91407071 36.58 116.935977  60.363825   -100 -100.00 -100.00 -100.00
  87   146.415 55511.91407130 39.24 116.940249  60.365386   -100 -100.00 -100.00 -100.00
  87   146.548 55511.91407189 41.28 116.944521  60.366946   -100 -100.00 -100.00 -100.00
  88   146.253 55521.82972058 32.38 116.935981  60.366725 22.844 -100.00 -100.00 -100.00
  88   146.656 55521.82972117 33.63 116.940253  60.368285 19.734 -100.00 -100.00 -100.00
  89   146.302 55531.74536877 24.81 116.934854  60.367264 22.313  239.65  234.34  227.66
  89   146.521 55531.74536936 23.12 116.939126  60.368824 16.756  239.65  234.34  227.66
  89   146.668 55531.74536995 23.58 116.943398  60.370385 16.437  239.65  234.34  227.66
  90   146.386 55541.66101504 24.14 116.932894  60.366001 19.644  238.26  232.49  224.40
  90   147.264 55541.66101563 21.09 116.937166  60.367562 10.551  238.26  232.49  224.40
  90   146.854 55541.66101622 22.77 116.941438  60.369122 13.777  238.26  232.49  224.40
  91   148.058 55551.57665964 21.17 116.933304  60.365909 10.390 -100.00 -100.00 -100.00
  91   147.706 55551.57666023 22.39 116.937576  60.367470 12.864 -100.00 -100.00 -100.00
  91   147.685 55551.57666082 21.36 116.941848  60.369030 13.008 -100.00 -100.00 -100.00
  92   146.808 55561.49230286 20.00 116.932272  60.366765 11.488  242.85  237.72  227.85
  92   147.293 55561.49230345 18.69 116.936544  60.368326  9.281  242.85  237.72  227.85
  92   147.420 55561.49230404 18.35 116.940817  60.369887  7.564  242.85  237.72  227.85
  93   155.445 55571.40794572 16.02 116.933685  60.368606  7.234  244.74  239.09  228.02
  93   154.483 55571.40794631 16.22 116.937958  60.370167  6.788  244.74  239.09  228.02
  93   153.612 55571.40794690 16.09 116.942230  60.371727  6.451  244.74  239.09  228.02
  94   155.544 55581.32358715 14.59 116.934209  60.368466  6.451  245.44  239.43  227.76
  94   155.223 55581.32358774 14.67 116.938481  60.370027  5.299  245.44  239.43  227.76
  94   147.155 55581.32358833 14.65 116.942754  60.371587  7.058  245.44  239.43  227.76
  95   156.004 55591.23922540 13.97 116.936649  60.366444  5.723  253.81  249.26  240.25
  95   156.147 55591.23922600 14.17 116.940921  60.368005  5.865  253.81  249.26  240.25
  96   157.653 55601.15486001 13.77 116.937285  60.362566  6.269  241.94  234.18  219.32
  96   156.781 55601.15486060 14.34 116.941557  60.364127  6.063  241.94  234.18  219.32
  96   155.190 55601.15486119 14.61 116.945829  60.365688  6.715  241.94  234.18  219.32
  97   157.238 55611.07049313 14.09 116.942077  60.361689  6.249 -100.00 -100.00 -100.00
  97   155.915 55611.07049372 13.85 116.946349  60.363249  6.162 -100.00 -100.00 -100.00
  98   157.276 55620.98612469 14.43 116.939833  60.361045  6.969 -100.00 -100.00 -100.00
  98   157.368 55620.98612528 14.03 116.944104  60.362606  6.696 -100.00 -100.00 -100.00
  98   157.540 55620.98612587 13.77 116.948376  60.364166  6.357 -100.00 -100.00 -100.00
  99   155.758 55630.90177755 12.68 116.937253  60.364074  5.126 -100.00 -100.00 -100.00
  99   156.783 55630.90177814 12.13 116.941525  60.365635  4.911 -100.00 -100.00 -100.00
  99   155.458 55630.90177873 12.61 116.945797  60.367195  5.806 -100.00 -100.00 -100.00
 100   156.116 55640.81742805 12.09 116.934216  60.364921  5.853  252.19  245.32  231.92
 100   156.194 55640.81742864 11.81 116.938488  60.366482  6.262  252.19  245.32  231.92
 100   156.463 55640.81742923 11.25 116.942760  60.368043  4.889  252.19  245.32  231.92
 101   157.139 55650.73307607  6.88 116.934993  60.364293  3.966 -100.00 -100.00 -100.00
 101   155.622 55650.73307666  7.75 116.939265  60.365854  4.808 -100.00 -100.00 -100.00
 101   156.372 55650.73307725  7.45 116.943537  60.367414  4.433 -100.00 -100.00 -100.00
 102   146.919 55660.64872064 18.28 116.938218  60.363091 21.105  243.85  235.20  223.07
 102   146.862 55660.64872123 16.33 116.942490  60.364651 17.912  243.85  235.20  223.07
 102   146.766 55660.64872182 16.14 116.946761  60.366211 17.136  243.85  235.20  223.07
 103   147.136 55670.56436173 37.57 116.938961  60.362473 24.787  266.69  265.53  265.82
 103   147.079 55670.56436232 40.37 116.943233  60.364034 28.571  266.69  265.53  265.82
 103   146.996 55670.56436291 42.90 116.947504  60.365594   -100  266.69  265.53  265.82
 105   149.831 55690.39563884 41.07 116.936279  60.364890   -100 -100.00 -100.00 -100.00
 105   149.815 55690.39563943 42.55 116.940550  60.366451   -100 -100.00 -100.00 -100.00
 105   149.956 55690.39564002 44.22 116.944822  60.368011   -100 -100.00 -100.00 -100.00
 106   149.883 55700.31127514 40.34 116.937066  60.366200 22.615 -100.00 -100.00 -100.00
 106   149.127 55700.31127573 45.47 116.941338  60.367761   -100 -100.00 -100.00 -100.00
 107   147.629 55710.22691447 26.69 116.935255  60.365238 23.640 -100.00 -100.00 -100.00
 107   147.673 55710.22691506 26.70 116.939526  60.366799 21.622 -100.00 -100.00 -100.00
 107   148.128 55710.22691565 26.26 116.943798  60.368360 22.490 -100.00 -100.00 -100.00
 108   152.317 55720.14256498 45.57 116.937187  60.366097 31.250  274.00  273.08  274.05
 108   151.892 55720.14256557 48.06 116.941459  60.367657   -100  274.00  273.08  274.05
 109   150.660 55730.05821244 37.37 116.933122  60.365215 30.292 -100.00 -100.00 -100.00
 109   150.933 55730.05821303 39.46 116.937394  60.366776 25.145 -100.00 -100.00 -100.00
 109   150.570 55730.05821362 41.12 116.941666  60.368336   -100 -100.00 -100.00 -100.00
 110   148.756 55739.97385948 38.76 116.935785  60.367071 24.474 -100.00 -100.00 -100.00
 110   148.449 55739.97386007 41.68 116.940057  60.368631   -100 -100.00 -100.00 -100.00
 111   148.251 55749.88950473 31.76 116.934847  60.367542 12.633 -100.00 -100.00 -100.00
 111   147.944 55749.88950532 33.20 116.939119  60.369102 18.733 -100.00 -100.00 -100.00
 111   147.980 55749.88950592 32.25 116.943391  60.370663 15.248 -100.00 -100.00 -100.00
 112   147.888 55759.80514737 28.31 116.933512  60.366556 21.521 -100.00 -100.00 -100.00
 112   147.620 55759.80514796 22.59 116.937783  60.368116  7.616 -100.00 -100.00 -100.00
 112   147.440 55759.80514855 22.22 116.942055  60.369677  7.103 -100.00 -100.00 -100.00
 113   149.473 55769.72078768 18.45 116.937154  60.365986  3.616 -100.00 -100.00 -100.00
 113   149.276 55769.72078827 18.47 116.941426  60.367546  3.813 -100.00 -100.00 -100.00
 114   151.307 55779.63642446 44.44 116.939860  60.364154 27.836  278.86  279.55  277.52
 114   150.965 55779.63642505 49.87 116.944131  60.365715   -100  278.86  279.55  277.52
 115   150.722 55789.55205847 39.34 116.939724  60.362009 15.049 -100.00 -100.00 -100.00
 115   150.006 55789.55205906 45.88 116.943995  60.363569 30.996 -100.00 -100.00 -100.00
 115   149.749 55789.55205965 49.62 116.948266  60.365130   -100 -100.00 -100.00 -100.00
 116   148.945 55799.46769199 41.45 116.942478  60.362638 22.219 -100.00 -100.00 -100.00
 116   148.534 55799.46769258 47.27 116.946749  60.364198   -100 -100.00 -100.00 -100.00
 117   149.322 55809.38333860 39.48 116.938249  60.363384 28.006 -100.00 -100.00 -100.00
 117   149.308 55809.38333919 46.76 116.942520  60.364944   -100 -100.00 -100.00 -100.00
 117   148.970 55809.38333978 56.17 116.946792  60.366505   -100 -100.00 -100.00 -100.00
 118   148.583 55819.29898796 23.26 116.938571  60.365321  6.239  267.49  266.73  267.64
 118   148.535 55819.29898855 23.54 116.942843  60.366881  6.055  267.49  266.73  267.64
 119   148.041 55829.21463220 15.56 116.935897  60.363697  5.249 -100.00 -100.00 -100.00
 119   148.215 55829.21463279 15.33 116.940168  60.365258  5.660 -100.00 -100.00 -100.00
 119   148.096 55829.21463338 15.49 116.944440  60.366819  5.198 -100.00 -100.00 -100.00
 120   147.468 55839.13027294 39.27 116.941637  60.363713   -100 -100.00 -100.00 -100.00
 120   147.433 55839.13027353 39.43 116.945909  60.365273   -100 -100.00 -100.00 -100.00
 121   159.215 55849.04590967  9.42 116.940269  60.361806  5.744 -100.00 -100.00 -100.00
 121   159.168 55849.04591026  8.85 116.944540  60.363367  4.653 -100.00 -100.00 -100.00
 121   157.686 55849.04591085  9.19 116.948812  60.364928  5.491 -100.00 -100.00 -100.00
 122   147.840 55858.96154507 37.60 116.942807  60.363368 26.950 -100.00 -100.00 -100.00
 122   147.737 55858.96154566 49.53 116.947079  60.364928  1.578 -100.00 -100.00 -100.00
 123   147.401 55868.87719275 33.41 116.935387  60.363913 29.718 -100.00 -100.00 -100.00
 123   147.717 55868.87719335 36.76 116.939658  60.365473 31.026 -100.00 -100.00 -100.00
 123   147.383 55868.87719394 37.18 116.943930  60.367034   -100 -100.00 -100.00 -100.00
 124   146.718 55878.79284441 32.65 116.935096  60.366434 28.813 -100.00 -100.00 -100.00
 124   147.172 55878.79284500 33.79 116.939368  60.367995 24.822 -100.00 -100.00 -100.00
 124   147.142 55878.79284559 35.61 116.943640  60.369555   -100 -100.00 -100.00 -100.00
 125   145.672 55888.70848935 22.49 116.936213  60.367290 15.537 -100.00 -100.00 -100.00
 125   145.865 55888.70848994 24.94 116.940485  60.368850 21.784 -100.00 -100.00 -100.00
 126   146.550 55898.62412817 27.65 116.935915  60.366138 23.438 -100.00 -100.00 -100.00
 126   146.389 55898.62412876 25.83 116.940186  60.367699 18.169 -100.00 -100.00 -100.00
 127   147.026 55908.53976204 22.85 116.935519  60.364590 13.775 -100.00 -100.00 -100.00
 127   147.561 55908.53976263 22.75 116.939790  60.366151 14.950 -100.00 -100.00 -100.00
 127   147.710 55908.53976322 23.41 116.944062  60.367711 16.753 -100.00 -100.00 -100.00
 128   147.130 55918.45541104 18.18 116.933827  60.365251  9.739 -100.00 -100.00 -100.00
 128   147.012 55918.45541163 16.56 116.938098  60.366812  6.913 -100.00 -100.00 -100.00
 128   146.987 55918.45541222 17.00 116.942370  60.368372  7.598 -100.00 -100.00 -100.00
 129   155.152 55928.37106448 17.05 116.935070  60.366909  8.132 -100.00 -100.00 -100.00
 129   147.076 55928.37106507 16.35 116.939342  60.368470  8.330 -100.00 -100.00 -100.00
 129   154.687 55928.37106566 16.01 116.943615  60.370030  7.320 -100.00 -100.00 -100.00
 130   156.274 55938.28671382 15.12 116.933502  60.365986  5.146 -100.00 -100.00 -100.00
 130   156.042 55938.28671441 14.87 116.937774  60.367547  5.082 -100.00 -100.00 -100.00
 130   155.488 55938.28671500 15.64 116.942046  60.369107  5.808 -100.00 -100.00 -100.00
 131   156.502 55948.20235851 15.01 116.935202  60.364942  4.750 -100.00 -100.00 -100.00
 131   155.856 55948.20235910 14.44 116.939474  60.366502  5.004 -100.00 -100.00 -100.00
 131   155.894 55948.20235969 14.65 116.943747  60.368063  6.343 -100.00 -100.00 -100.00
 132   156.680 55958.11799879 13.62 116.937865  60.364358  4.676 -100.00 -100.00 -100.00
 132   156.397 55958.11799938 13.60 116.942137  60.365919  4.659 -100.00 -100.00 -100.00
 132   155.851 55958.11799997 13.74 116.946410  60.367479  5.387 -100.00 -100.00 -100.00
 133   157.004 55968.03363614 13.32 116.936786  60.363417  5.405 -100.00 -100.00 -100.00
 133   156.439 55968.03363673 13.69 116.941058  60.364978  4.563 -100.00 -100.00 -100.00
 133   156.159 55968.03363732 13.19 116.945331  60.366538  4.623 -100.00 -100.00 -100.00
 134   157.227 55977.94927279 13.10 116.936617  60.363733  4.545 -100.00 -100.00 -100.00
 134   156.566 55977.94927338 13.20 116.940889  60.365294  4.684 -100.00 -100.00 -100.00
 134   156.377 55977.94927397 12.93 116.945161  60.366855  4.381 -100.00 -100.00 -100.00
 135   156.261 55987.86490896 13.90 116.938512  60.364332  5.220 -100.00 -100.00 -100.00
 135   155.923 55987.86490955 13.34 116.942784  60.365893  5.090 -100.00 -100.00 -100.00
 136   146.567 55997.78054861 13.51 116.939347  60.364003  4.643 -100.00 -100.00 -100.00
 136   156.142 55997.78054920 13.48 116.943618  60.365563  5.569 -100.00 -100.00 -100.00
 137   157.283 56007.69619943 13.86 116.937237  60.363271  6.322 -100.00 -100.00 -100.00
 137   156.027 56007.69620002 13.34 116.941509  60.364832  5.332 -100.00 -100.00 -100.00
 137   155.837 56007.69620061 12.97 116.945780  60.366392  4.815 -100.00 -100.00 -100.00
 138   156.160 56017.61184653 12.44 116.938515  60.363565  5.283 -100.00 -100.00 -100.00
 138   156.242 56017.61184712 13.17 116.942787  60.365125  7.622 -100.00 -100.00 -100.00
 138   156.075 56017.61184771 11.95 116.947059  60.366686  5.744 -100.00 -100.00 -100.00
 139   146.832 56027.52749069 14.19 116.937816  60.364345  7.840 -100.00 -100.00 -100.00
 139   155.968 56027.52749128 12.19 116.942087  60.365905  4.728 -100.00 -100.00 -100.00
 139   155.327 56027.52749187 11.97 116.946359  60.367465  4.915 -100.00 -100.00 -100.00
 140   146.661 56037.44313307  9.13 116.934958  60.365014  5.972  259.49  255.73  248.89
 140   146.841 56037.44313366  9.01 116.939230  60.366575  5.706 -100.00 -100.00 -100.00
 140   146.586 56037.44313425  9.01 116.943502  60.368135  5.539 -100.00 -100.00 -100.00
 143   154.763 56067.19004508 41.77 116.934997  60.364919 23.307 -100.00 -100.00 -100.00
 143   154.482 56067.19004567 45.76 116.939268  60.366480   -100 -100.00 -100.00 -100.00
 143   154.190 56067.19004626 38.89 116.943540  60.368041 26.842 -100.00 -100.00 -100.00
 144   153.719 56077.10569394 41.49 116.933363  60.365034 18.380 -100.00 -100.00 -100.00
 144   153.323 56077.10569453 44.54 116.937634  60.366595 30.058 -100.00 -100.00 -100.00
 144   153.232 56077.10569512 51.06 116.941906  60.368156   -100 -100.00 -100.00 -100.00
 145   155.957 56087.02134332 42.65 116.935880  60.367222 21.990  267.73  267.63  268.31
 145   155.615 56087.02134391 46.92 116.940152  60.368782   -100  267.73  267.63  268.31
 146   153.229 56096.93698932 40.16 116.932736  60.366672 30.663 -100.00 -100.00 -100.00
 146   153.096 56096.93698991 33.86 116.937008  60.368233 14.289 -100.00 -100.00 -100.00
 146   153.285 56096.93699050 32.21 116.941280  60.369793  9.701 -100.00 -100.00 -100.00
 147   152.156 56106.85263389 40.68 116.936374  60.367248 31.323 -100.00 -100.00 -100.00
 147   152.289 56106.85263448 51.90 116.940646  60.368809   -100 -100.00 -100.00 -100.00
 148   151.449 56116.76826335 37.56 116.936133  60.365132 15.820 -100.00 -100.00 -100.00
 148   150.761 56116.76826394 44.72 116.940404  60.366693   -100 -100.00 -100.00 -100.00
 148   150.547 56116.76826453 48.73 116.944676  60.368253  0.118 -100.00 -100.00 -100.00
 149   153.087 56126.68390077 39.81 116.936671  60.363067 27.179 -100.00 -100.00 -100.00
 149   153.350 56126.68390136 41.87 116.940942  60.364628 28.100 -100.00 -100.00 -100.00
 149   153.029 56126.68390195 54.74 116.945213  60.366188   -100 -100.00 -100.00 -100.00
 150   153.553 56136.59953473 42.63 116.939200  60.362345 20.558 -100.00 -100.00 -100.00
 150   153.287 56136.59953532 47.82 116.943470  60.363905   -100 -100.00 -100.00 -100.00
 150   153.186 56136.59953591 50.65 116.947741  60.365465   -100 -100.00 -100.00 -100.00
 151   149.978 56146.51517913 42.15 116.940854  60.363971 30.440 -100.00 -100.00 -100.00
 151   149.721 56146.51517972 48.71 116.945126  60.365531   -100 -100.00 -100.00 -100.00
 152   148.946 56156.43082872 27.09 116.939130  60.365202 10.377 -100.00 -100.00 -100.00
 152   148.737 56156.43082931 27.10 116.943401  60.366762 10.774 -100.00 -100.00 -100.00
 153   147.793 56166.34647711 33.99 116.935956  60.365088 26.904 -100.00 -100.00 -100.00
 153   148.913 56166.34647770 47.00 116.940228  60.366649 28.254 -100.00 -100.00 -100.00
 153   148.598 56166.34647830 51.12 116.944500  60.368209   -100 -100.00 -100.00 -100.00
 154   148.598 56176.26212340 36.92 116.935859  60.364654 25.137 -100.00 -100.00 -100.00
 154   148.981 56176.26212399 42.90 116.940130  60.366214 27.064 -100.00 -100.00 -100.00
 154   148.621 56176.26212458 53.21 116.944402  60.367775   -100 -100.00 -100.00 -100.00
 155   148.360 56186.17776478 13.73 116.936927  60.363847 11.580 -100.00 -100.00 -100.00
 155   158.111 56186.17776537 13.01 116.941198  60.365407 10.672 -100.00 -100.00 -100.00
 155   148.375 56186.17776596 14.20 116.945470  60.366968 12.748 -100.00 -100.00 -100.00
 156   157.051 56196.09340255 12.91 116.939083  60.363764  7.337 -100.00 -100.00 -100.00
 156   148.079 56196.09340314 16.00 116.943355  60.365325 10.768 -100.00 -100.00 -100.00
 157   148.525 56206.00903720 37.05 116.939642  60.364403 17.375 -100.00 -100.00 -100.00
 157   148.435 56206.00903779 36.10 116.943914  60.365964 18.298 -100.00 -100.00 -100.00
 158   147.424 56215.92467015 23.26 116.938732  60.365077  7.940 -100.00 -100.00 -100.00
 158   147.549 56215.92467074 25.81 116.943004  60.366638 12.338 -100.00 -100.00 -100.00
 159   147.079 56225.84030962 37.19 116.936718  60.365399 25.421 -100.00 -100.00 -100.00
 159   147.232 56225.84031021 38.74 116.940989  60.366959 26.693 -100.00 -100.00 -100.00
 160   146.135 56235.75596447 32.54 116.933342  60.365212   -100 -100.00 -100.00 -100.00
 160   146.438 56235.75596506 34.03 116.937613  60.366773   -100 -100.00 -100.00 -100.00
 160   146.279 56235.75596565 35.65 116.941885  60.368334   -100 -100.00 -100.00 -100.00
 161   147.317 56245.67161624 25.31 116.936473  60.366496 19.284 -100.00 -100.00 -100.00
 161   147.403 56245.67161683 27.26 116.940744  60.368056 29.118 -100.00 -100.00 -100.00
 162   147.580 56255.58726250 21.79 116.936111  60.366615 13.664  249.05  245.24  239.67
 162   147.394 56255.58726309 22.26 116.940383  60.368176 14.072  249.05  245.24  239.67
 163   147.869 56265.50290472 21.65 116.933649  60.366628 14.743  244.14  239.45  230.69
 163   148.372 56265.50290532 21.20 116.937920  60.368188 11.702  244.14  239.45  230.69
 163   148.211 56265.50290591 20.95 116.942193  60.369749 11.556  244.14  239.45  230.69
 164   148.246 56275.41854570 19.29 116.934355  60.367473 11.911 -100.00 -100.00 -100.00
 164   147.973 56275.41854629 21.54 116.938627  60.369034 17.403 -100.00 -100.00 -100.00
 164   148.047 56275.41854688 21.49 116.942900  60.370594 17.651 -100.00 -100.00 -100.00
 165   147.813 56285.33419125 16.74 116.932537  60.366160  9.229  243.71  237.79  226.12
 165   148.010 56285.33419184 16.31 116.936809  60.367721  8.122  243.71  237.79  226.12
 165   147.978 56285.33419243 16.96 116.941081  60.369282  9.526  243.71  237.79  226.12
 166   147.899 56295.24984229 16.88 116.936907  60.365897  9.490  247.60  242.21  230.83
 166   148.028 56295.24984288 15.02 116.941179  60.367458  6.520  247.60  242.21  230.83
 167   147.936 56305.16548889 15.67 116.939485  60.364867  7.011 -100.00 -100.00 -100.00
 167   155.403 56305.16548948 15.15 116.943758  60.366428  8.288 -100.00 -100.00 -100.00
 168   147.102 56315.08113129 14.38 116.936279  60.363624  8.733 -100.00 -100.00 -100.00
 168   147.500 56315.08113188 12.83 116.940551  60.365184  5.860 -100.00 -100.00 -100.00
 168   147.179 56315.08113247 12.81 116.944824  60.366745  6.352 -100.00 -100.00 -100.00
 169   146.930 56324.99677258 16.22 116.938006  60.366017 13.339 -100.00 -100.00 -100.00
 169   156.464 56324.99677317 12.94 116.942278  60.367578  7.809 -100.00 -100.00 -100.00
 170   156.278 56334.91241225 14.71 116.934702  60.366146 10.416  245.44  238.16  223.53
 170   146.553 56334.91241284 16.18 116.938974  60.367707 12.385  245.44  238.16  223.53
 170   146.871 56334.91241343 16.75 116.943247  60.369268 14.178  245.44  238.16  223.53
 171   146.859 56344.82805124 18.95 116.935428  60.365526 18.797 -100.00 -100.00 -100.00
 171   146.885 56344.82805183 20.40 116.939700  60.367087 22.348 -100.00 -100.00 -100.00
 171   146.757 56344.82805242 16.00 116.943972  60.368648 12.976 -100.00 -100.00 -100.00
 172   146.857 56354.74368779 15.50 116.936983  60.363494 12.525 -100.00 -100.00 -100.00
 172   146.768 56354.74368838 18.35 116.941255  60.365054 18.202 -100.00 -100.00 -100.00
 172   154.893 56354.74368898 11.70 116.945526  60.366615  8.106 -100.00 -100.00 -100.00
 173   146.715 56364.65933282 24.58 116.940107  60.363466   -100 -100.00 -100.00 -100.00
 173   146.240 56364.65933341 26.62 116.944379  60.365027   -100 -100.00 -100.00 -100.00
 174   146.893 56374.57498155 26.96 116.938319  60.364141 26.936 -100.00 -100.00 -100.00
 174   146.477 56374.57498214 26.18 116.942591  60.365702   -100 -100.00 -100.00 -100.00
 176   146.420 56394.40627150 21.80 116.933185  60.367826   -100 -100.00 -100.00 -100.00
 176   146.383 56394.40627209 23.16 116.937457  60.369386   -100 -100.00 -100.00 -100.00
 176   146.018 56394.40627268 22.47 116.941730  60.370947   -100 -100.00 -100.00 -100.00
 178   146.450 56414.23755252 37.16 116.933227  60.366976 19.882 -100.00 -100.00 -100.00
 178   146.495 56414.23755311 37.11 116.937499  60.368536 17.148 -100.00 -100.00 -100.00
 178   146.540 56414.23755371 36.23 116.941771  60.370097  0.846 -100.00 -100.00 -100.00
 179   153.450 56424.15318661 44.79 116.935378  60.365059 30.900 -100.00 -100.00 -100.00
 179   153.481 56424.15318720 47.24 116.939650  60.366620 31.459 -100.00 -100.00 -100.00
 179   153.307 56424.15318779 50.75 116.943922  60.368181   -100 -100.00 -100.00 -100.00
 180   150.081 56434.06883205 38.00 116.934711  60.364865 24.879 -100.00 -100.00 -100.00
 180   150.867 56434.06883264 42.77 116.938983  60.366426 20.632 -100.00 -100.00 -100.00
 180   150.239 56434.06883323 53.84 116.943255  60.367986  1.298 -100.00 -100.00 -100.00
 181   151.509 56443.98448442 37.77 116.934509  60.366917 23.101 -100.00 -100.00 -100.00
 181   150.953 56443.98448501 43.80 116.938781  60.368478  0.827 -100.00 -100.00 -100.00
 181   150.886 56443.98448560 39.31 116.943054  60.370038   -100 -100.00 -100.00 -100.00
 182   154.968 56453.90013425 12.84 116.934570  60.368868  2.945 -100.00 -100.00 -100.00
 182   150.633 56453.90013484 12.70 116.938842  60.370428  3.395 -100.00 -100.00 -100.00
 183   149.489 56463.81578112 42.76 116.935797  60.368853   -100  271.50  271.52  271.11
 183   149.542 56463.81578171 46.04 116.940070  60.370414   -100  271.50  271.52  271.11
 184   148.492 56473.73142383 35.19 116.933581  60.365507 22.740 -100.00 -100.00 -100.00
 184   148.923 56473.73142442 40.94 116.937852  60.367068 27.783 -100.00 -100.00 -100.00
 184   148.720 56473.73142501 51.40 116.942124  60.368628   -100 -100.00 -100.00 -100.00
 185   151.251 56483.64706426 42.98 116.939854  60.364657 24.814 -100.00 -100.00 -100.00
 185   150.977 56483.64706485 49.24 116.944125  60.366217   -100 -100.00 -100.00 -100.00
 186   157.440 56493.56270057 14.28 116.937962  60.362876  3.530  273.78  274.36  274.25
 186   158.659 56493.56270116 14.36 116.942233  60.364436  4.168  273.78  274.36  274.25
 186   156.966 56493.56270175 14.38 116.946505  60.365997  4.337  273.78  274.36  274.25
 187   151.218 56503.47833510 40.73 116.937102  60.363452 17.776 -100.00 -100.00 -100.00
 187   150.668 56503.47833569 46.07 116.941373  60.365012 32.167 -100.00 -100.00 -100.00
 187   150.404 56503.47833628 51.04 116.945645  60.366572   -100 -100.00 -100.00 -100.00
 188   148.810 56513.39396815 25.40 116.936780  60.364165  9.196 -100.00 -100.00 -100.00
 188   148.583 56513.39396874 25.88 116.941051  60.365726  8.509 -100.00 -100.00 -100.00
 188   148.839 56513.39396933 26.26 116.945322  60.367286  9.815 -100.00 -100.00 -100.00
 189   151.559 56523.30961817 42.00 116.938293  60.365596 17.279 -100.00 -100.00 -100.00
 189   151.265 56523.30961876 49.10 116.942565  60.367157   -100 -100.00 -100.00 -100.00
 190   148.302 56533.22527034 22.27 116.939252  60.365257  5.927 -100.00 -100.00 -100.00
 190   148.195 56533.22527093 21.40 116.943523  60.366818  5.598 -100.00 -100.00 -100.00
 192   147.153 56553.05656332 34.38 116.938188  60.364495 14.823 -100.00 -100.00 -100.00
 192   146.951 56553.05656391 38.40 116.942460  60.366056 27.191 -100.00 -100.00 -100.00
 193   148.093 56562.97220599 32.20 116.935446  60.366141 25.596 -100.00 -100.00 -100.00
 193   147.616 56562.97220658 36.30 116.939719  60.367701  9.050 -100.00 -100.00 -100.00
 193   147.517 56562.97220717 31.47 116.943991  60.369262   -100 -100.00 -100.00 -100.00
 194   146.259 56572.88784776 20.30 116.935603  60.368795 10.953 -100.00 -100.00 -100.00
 194   144.769 56572.88784835 20.95 116.939875  60.370356 13.201 -100.00 -100.00 -100.00
 195   147.153 56582.80348683 26.82 116.933742  60.368556 23.025 -100.00 -100.00 -100.00
 195   146.684 56582.80348742 25.22 116.938014  60.370117 26.270 -100.00 -100.00 -100.00
 195   146.637 56582.80348801 31.24 116.942286  60.371677   -100 -100.00 -100.00 -100.00
 196   146.358 56592.71912145 35.09 116.934910  60.366253 31.936 -100.00 -100.00 -100.00
 196   146.426 56592.71912204 37.69 116.939181  60.367814   -100 -100.00 -100.00 -100.00
 196   146.063 56592.71912263 39.96 116.943453  60.369375  1.354 -100.00 -100.00 -100.00
 197   146.131 56602.63477279 33.33 116.936802  60.365903 26.792 -100.00 -100.00 -100.00
 197   146.292 56602.63477338 34.45 116.941074  60.367464 27.860 -100.00 -100.00 -100.00
 198   156.254 56612.55042172 19.85 116.934304  60.365117 12.883 -100.00 -100.00 -100.00
 198   146.509 56612.55042231 22.94 116.938575  60.366677 21.191 -100.00 -100.00 -100.00
 198   146.603 56612.55042290 20.26 116.942847  60.368238 12.845 -100.00 -100.00 -100.00
 199   156.127 56622.46606695 17.78 116.934574  60.366600  7.609 -100.00 -100.00 -100.00
 199   156.105 56622.46606754 18.45 116.938846  60.368160  9.504 -100.00 -100.00 -100.00
 199   155.270 56622.46606813 18.75 116.943118  60.369721 10.251 -100.00 -100.00 -100.00
 200   156.350 56632.38170887 14.61 116.931976  60.366669  6.646  249.85  246.58  241.48
 200   156.195 56632.38170946 14.09 116.936247  60.368230  5.363  249.85  246.58  241.48
 200   155.921 56632.38171005 14.12 116.940520  60.369790  5.583 -100.00 -100.00 -100.00
 201   156.358 56642.29734693 17.17 116.934921  60.366511 11.820 -100.00 -100.00 -100.00
 201   156.494 56642.29734752 14.80 116.939193  60.368072  7.861 -100.00 -100.00 -100.00
 201   155.754 56642.29734811 15.73 116.943465  60.369633  8.878 -100.00 -100.00 -100.00
 202   156.806 56652.21299678 14.44 116.937535  60.365495  7.090 -100.00 -100.00 -100.00
 202   156.478 56652.21299737 14.49 116.941807  60.367056  6.677 -100.00 -100.00 -100.00
 203   156.508 56662.12864640 17.83 116.937911  60.363925 15.997 -100.00 -100.00 -100.00
 203   156.809 56662.12864699 14.97 116.942183  60.365486  8.378 -100.00 -100.00 -100.00
 203   156.539 56662.12864758 13.88 116.946456  60.367047  7.574 -100.00 -100.00 -100.00
 204   157.351 56672.04429292 13.54 116.936263  60.363284  7.522 -100.00 -100.00 -100.00
 204   156.748 56672.04429351 17.28 116.940535  60.364845 14.839 -100.00 -100.00 -100.00
 204   157.630 56672.04429410 12.47 116.944808  60.366405  5.294 -100.00 -100.00 -100.00
 205   156.513 56681.95993792 16.30 116.934298  60.364955 13.280  245.99  238.99  225.45
 205   156.392 56681.95993851 13.53 116.938570  60.366516  8.711 -100.00 -100.00 -100.00
 205   156.468 56681.95993910 12.65 116.942843  60.368076  6.840 -100.00 -100.00 -100.00
 206   156.238 56691.87558096 16.22 116.933700  60.366532 13.999 -100.00 -100.00 -100.00
 206   155.937 56691.87558155 12.81 116.937972  60.368093  9.237 -100.00 -100.00 -100.00
 206   156.081 56691.87558214 12.23 116.942245  60.369653  7.930 -100.00 -100.00 -100.00
 207   155.975 56701.79121990 16.83 116.933700  60.366151 16.660  236.93  227.21  208.74
 207   156.240 56701.79122049 11.68 116.937972  60.367712  6.176  236.93  227.21  208.74
 207   155.745 56701.79122108 14.45 116.942244  60.369272 10.989 -100.00 -100.00 -100.00
 208   156.322 56711.70685419 14.34 116.938029  60.364808 11.417 -100.00 -100.00 -100.00
 208   156.482 56711.70685478 11.79 116.942301  60.366369  6.325 -100.00 -100.00 -100.00
 210   156.784 56731.53815065 11.93 116.936827  60.365051  8.335  253.68  246.54  232.34
 210   156.685 56731.53815124 11.22 116.941099  60.366612  6.271  253.68  246.54  232.34
 210   155.853 56731.53815183 14.11 116.945371  60.368172 11.398  253.68  246.54  232.34
 211   163.192 56741.45379886  8.04 116.936026  60.367948  4.833  255.35  248.30  236.41
 211   147.349 56741.45379945  7.90 116.940298  60.369508  4.528  255.35  248.30  236.41
 212   163.486 56751.36944262  7.14 116.934560  60.369863  4.439  256.97  250.86  241.68
 212   163.421 56751.36944321  6.80 116.938832  60.371423  4.109  256.97  250.86  241.68
 213   146.626 56761.28508088 30.78 116.932515  60.368959   -100 -100.00 -100.00 -100.00
 213   146.852 56761.28508147 30.75 116.936787  60.370519   -100 -100.00 -100.00 -100.00
 213   146.643 56761.28508206 30.17 116.941060  60.372080   -100 -100.00 -100.00 -100.00
 214   227.023 56771.20071237  8.04 116.932528  60.366080  4.413  268.47  267.40  267.94
 214   233.318 56771.20071296  7.80 116.936799  60.367641  4.090  268.47  267.40  267.94
 214   232.323 56771.20071355  7.59 116.941071  60.369202  4.162  268.47  267.40  267.94
 215   150.435 56781.11636752 47.21 116.936021  60.366915   -100 -100.00 -100.00 -100.00
 215   150.439 56781.11636811 50.06 116.940293  60.368475   -100 -100.00 -100.00 -100.00
 216   150.720 56791.03202235 46.47 116.936039  60.367463 30.436 -100.00 -100.00 -100.00
 216   150.661 56791.03202294 49.01 116.940311  60.369023   -100 -100.00 -100.00 -100.00
 217   133.814 56800.94767411  8.35 116.935407  60.368908  3.368 -100.00 -100.00 -100.00
 217   134.913 56800.94767470  7.61 116.939680  60.370469  2.353 -100.00 -100.00 -100.00
 218   150.043 56810.86331839 44.81 116.932172  60.368759 31.962 -100.00 -100.00 -100.00
 218   149.763 56810.86331898 44.76 116.936445  60.370319   -100 -100.00 -100.00 -100.00
 218   149.886 56810.86331957 46.47 116.940718  60.371880   -100 -100.00 -100.00 -100.00
 219   151.717 56820.77895853 39.82 116.934450  60.368799 22.599 -100.00 -100.00 -100.00
 219   151.363 56820.77895912 46.28 116.938722  60.370359   -100 -100.00 -100.00 -100.00
 219   151.212 56820.77895971 41.25 116.942995  60.371919   -100 -100.00 -100.00 -100.00
 221   149.408 56840.61022690 40.12 116.939380  60.363920 25.641 -100.00 -100.00 -100.00
 221   148.871 56840.61022749 36.23 116.943651  60.365481 28.041 -100.00 -100.00 -100.00
 222   148.480 56850.52586260 26.23 116.941833  60.363266 10.735 -100.00 -100.00 -100.00
 222   148.328 56850.52586319 26.79 116.946104  60.364827 11.658 -100.00 -100.00 -100.00
 223   147.129 56860.44151686 17.83 116.937151  60.364437  4.241 -100.00 -100.00 -100.00
 223   146.987 56860.44151745 18.11 116.941422  60.365997  4.743 -100.00 -100.00 -100.00
 223   146.969 56860.44151804 17.96 116.945694  60.367558  4.601 -100.00 -100.00 -100.00
 224   146.904 56870.35717045 31.29 116.932668  60.365858 25.940 -100.00 -100.00 -100.00
 224   147.170 56870.35717104 37.40 116.936939  60.367419 26.591 -100.00 -100.00 -100.00
 224   147.659 56870.35717163 48.36 116.941211  60.368979   -100 -100.00 -100.00 -100.00
 225   148.342 56880.27282170 21.43 116.932189  60.366963 30.441 -100.00 -100.00 -100.00
 225   148.328 56880.27282229 15.77 116.936461  60.368524 13.969 -100.00 -100.00 -100.00
 225   148.033 56880.27282288 16.20 116.940733  60.370084 16.471 -100.00 -100.00 -100.00
 226   149.668 56890.18846969 37.35 116.936081  60.367870 15.573 -100.00 -100.00 -100.00
 226   148.659 56890.18847028 48.46 116.940354  60.369431  7.454 -100.00 -100.00 -100.00
 227   149.920 56900.10411420 32.31 116.935879  60.366945 18.199  268.00  266.66  266.73
 227   149.981 56900.10411479 31.33 116.940151  60.368505 14.661 -100.00 -100.00 -100.00
 228   150.775 56910.01975652 14.29 116.934114  60.367192  9.327 -100.00 -100.00 -100.00
 228   147.770 56910.01975711 15.15 116.938387  60.368753  9.715 -100.00 -100.00 -100.00
 228   147.878 56910.01975770 13.46 116.942659  60.370313  8.411 -100.00 -100.00 -100.00
 229   149.426 56919.93539760 35.51 116.935315  60.369238 22.413  262.91  262.51  262.56
 229   149.208 56919.93539819 42.36 116.939587  60.370799   -100  262.91  262.51  262.56
 230   148.270 56929.85103629 15.50 116.935331  60.370261 13.487 -100.00 -100.00 -100.00
 230   148.156 56929.85103688 12.78 116.939603  60.371822 10.620 -100.00 -100.00 -100.00
 231   147.118 56939.76666955 33.00 116.932488  60.368034 32.573 -100.00 -100.00 -100.00
 231   147.317 56939.76667014 35.46 116.936760  60.369595 23.820 -100.00 -100.00 -100.00
 231   147.836 56939.76667073 37.39 116.941031  60.371155 20.568 -100.00 -100.00 -100.00
 232   147.227 56949.68230637 38.23 116.933617  60.366219 19.057  256.07  253.72  253.20
 232   146.528 56949.68230696 42.27 116.937888  60.367779   -100  256.07  253.72  253.20
 232   146.400 56949.68230755 45.80 116.942159  60.369340  7.940  256.07  253.72  253.20
 233   146.037 56959.59795878 34.47 116.935094  60.366300   -100 -100.00 -100.00 -100.00
 233   146.273 56959.59795937 36.35 116.939365  60.367861 30.540 -100.00 -100.00 -100.00
 233   146.198 56959.59795996 38.75 116.943637  60.369421   -100 -100.00 -100.00 -100.00
 234   145.883 56969.51360613 34.62 116.935889  60.366652   -100 -100.00 -100.00 -100.00
 234   146.100 56969.51360672 36.54 116.940161  60.368212   -100 -100.00 -100.00 -100.00
 235   147.250 56979.42924963 23.37 116.936475  60.367071 13.667 -100.00 -100.00 -100.00
 235   147.092 56979.42925022 25.10 116.940747  60.368632 20.217 -100.00 -100.00 -100.00
 236   156.195 56989.34488847 19.58 116.935558  60.366400  9.812 -100.00 -100.00 -100.00
 236   146.684 56989.34488906 21.20 116.939830  60.367961 13.570 -100.00 -100.00 -100.00
 237   146.699 56999.26052132 21.66 116.938378  60.365341 17.194 -100.00 -100.00 -100.00
 237   146.959 56999.26052191 20.58 116.942650  60.366902 15.106 -100.00 -100.00 -100.00
 238   155.961 57009.17617341 19.21 116.938007  60.364872 11.882  243.40  238.25  229.17
 238   147.608 57009.17617400 18.58 116.942279  60.366433 10.088  243.40  238.25  229.17
 239   156.423 57019.09182571 15.75 116.935576  60.363718  7.563  256.55  253.40  246.46
 239   155.825 57019.09182630 16.30 116.939848  60.365279  7.067  256.55  253.40  246.46
 239   156.047 57019.09182689 17.52 116.944121  60.366839 10.233  256.55  253.40  246.46
 240   155.896 57029.00747551 17.61 116.937302  60.364928 10.437  245.90  240.69  229.31
 240   156.044 57029.00747610 17.69 116.941574  60.366488  9.308  245.90  240.69  229.31
 241   156.087 57038.92312310 15.16 116.935025  60.365524  6.866  248.13  242.86  230.99
 241   156.117 57038.92312370 14.73 116.939298  60.367085  6.819  248.13  242.86  230.99
 241   155.362 57038.92312429 14.91 116.943570  60.368645  7.383  248.13  242.86  230.99
 242   156.029 57048.83876874 13.91 116.936098  60.367098  6.000  250.88  245.23  232.73
 242   155.126 57048.83876933 14.64 116.940371  60.368659  7.503  250.88  245.23  232.73
 243   156.082 57058.75440961 11.11 116.932419  60.365544  4.012 -100.00 -100.00 -100.00
 243   155.987 57058.75441020 12.97 116.936691  60.367105  7.267 -100.00 -100.00 -100.00
 243   156.167 57058.75441079 11.41 116.940963  60.368666  5.018 -100.00 -100.00 -100.00
 244   156.139 57068.67004539 12.51 116.933928  60.364674  5.644  253.88  247.86  235.03
 244   156.078 57068.67004599 11.68 116.938199  60.366235  4.630  253.88  247.86  235.03
 244   155.772 57068.67004658 11.75 116.942471  60.367795  4.442  253.88  247.86  235.03
 245   156.500 57078.58567701 12.19 116.935780  60.364123  4.898 -100.00 -100.00 -100.00
 245   156.196 57078.58567760 11.98 116.940052  60.365684  4.888 -100.00 -100.00 -100.00
 245   156.311 57078.58567819 11.61 116.944323  60.367244  4.614 -100.00 -100.00 -100.00
 246   156.969 57088.50131222 12.21 116.935835  60.364232  4.969 -100.00 -100.00 -100.00
 246   156.719 57088.50131281 11.75 116.940106  60.365793  4.706 -100.00 -100.00 -100.00
 246   156.181 57088.50131340 11.99 116.944378  60.367353  6.121 -100.00 -100.00 -100.00
 247   155.665 57098.41697110 11.95 116.935567  60.367503  5.067 -100.00 -100.00 -100.00
 247   155.473 57098.41697169 11.69 116.939839  60.369063  5.543 -100.00 -100.00 -100.00
 248   146.192 57108.33262643 19.17 116.931879  60.368439 27.621  252.71  244.90  231.41
 248   146.426 57108.33262702 17.29 116.936152  60.370000 21.406  252.71  244.90  231.41
 248   146.336 57108.33262761 18.80 116.940424  60.371560 27.769  252.71  244.90  231.41
 249   146.625 57118.24827725 10.26 116.935006  60.369505  8.615 -100.00 -100.00 -100.00
 249   154.910 57118.24827784 10.58 116.939279  60.371066  9.724 -100.00 -100.00 -100.00
 250   146.867 57128.16392120 15.37 116.934009  60.367843 20.225  260.71  256.68  251.50
 250   147.021 57128.16392180 16.86 116.938282  60.369403 23.603 -100.00 -100.00 -100.00
 250   146.549 57128.16392239 17.26 116.942554  60.370964 24.442 -100.00 -100.00 -100.00
 253   153.080 57157.91082691 43.29 116.937479  60.365616 23.781 -100.00 -100.00 -100.00
 253   152.873 57157.91082750 47.70 116.941750  60.367176   -100 -100.00 -100.00 -100.00
 254   156.201 57167.82647360 14.07 116.936412  60.364966  4.658  265.40  265.19  266.15
 254   156.593 57167.82647419 13.51 116.940684  60.366527  3.788  265.40  265.19  266.15
 254   153.095 57167.82647478 14.21 116.944955  60.368087  4.555  265.40  265.19  266.15
 255   151.796 57177.74212960 40.61 116.935268  60.364792 26.525 -100.00 -100.00 -100.00
 255   152.034 57177.74213019 42.16 116.939539  60.366352 24.353 -100.00 -100.00 -100.00
 255   151.846 57177.74213078 45.34 116.943811  60.367913   -100 -100.00 -100.00 -100.00
 256   153.598 57187.65778191 42.38 116.937289  60.365257 27.082 -100.00 -100.00 -100.00
 256   153.384 57187.65778250 47.69 116.941560  60.366818   -100 -100.00 -100.00 -100.00
 257   158.009 57197.57342999 12.45 116.937536  60.365535  8.152 -100.00 -100.00 -100.00
 257   157.543 57197.57343058 12.66 116.941808  60.367095  8.785 -100.00 -100.00 -100.00
 258   151.490 57207.48906412 40.16 116.934265  60.365222 18.474 -100.00 -100.00 -100.00
 258   151.448 57207.48906471 44.41 116.938537  60.366782 24.945 -100.00 -100.00 -100.00
 258   150.817 57207.48906530 49.27 116.942809  60.368342   -100 -100.00 -100.00 -100.00
 259   148.990 57217.40470910 15.07 116.934514  60.366301 13.862  278.63  278.24  274.43
 259   148.869 57217.40470969 16.05 116.938786  60.367861 16.691  278.63  278.24  274.43
 259   149.017 57217.40471028 12.83 116.943058  60.369421 10.200  278.63  278.24  274.43
 260   148.092 57227.32035267 12.67 116.932760  60.365725 10.139 -100.00 -100.00 -100.00
 260   148.119 57227.32035326 13.84 116.937031  60.367285 12.215 -100.00 -100.00 -100.00
 260   148.008 57227.32035385 12.70 116.941303  60.368846  9.870 -100.00 -100.00 -100.00
 261   146.986 57237.23599488 27.35 116.937194  60.366671 12.099 -100.00 -100.00 -100.00
 261   146.810 57237.23599547 30.34 116.941466  60.368232 17.071 -100.00 -100.00 -100.00
 262   147.875 57247.15163313 17.27 116.938019  60.366138  7.953 -100.00 -100.00 -100.00
 262   147.810 57247.15163372 18.69 116.942291  60.367699 11.035 -100.00 -100.00 -100.00
 263   129.209 57257.06726819  9.99 116.934090  60.364588  2.506 -100.00 -100.00 -100.00
 263   130.382 57257.06726878 10.09 116.938362  60.366149  3.036 -100.00 -100.00 -100.00
 263   131.316 57257.06726937  9.69 116.942633  60.367709  2.726 -100.00 -100.00 -100.00
 264   145.288 57266.98290297 24.11 116.936506  60.366275 27.192 -100.00 -100.00 -100.00
 264   145.986 57266.98290356 24.02 116.940778  60.367835 22.669 -100.00 -100.00 -100.00
 265   145.750 57276.89854892 29.55 116.935007  60.367210 27.491 -100.00 -100.00 -100.00
 265   146.337 57276.89854951 40.51 116.939278  60.368771   -100 -100.00 -100.00 -100.00
 265   147.059 57276.89855010 46.48 116.943550  60.370332   -100 -100.00 -100.00 -100.00
 266   147.355 57286.81420574 36.95 116.936043  60.368619   -100 -100.00 -100.00 -100.00
 266   147.546 57286.81420633 47.78 116.940315  60.370180   -100 -100.00 -100.00 -100.00
 267   145.873 57296.72985924 23.07 116.935442  60.367957  9.541 -100.00 -100.00 -100.00
 267   146.056 57296.72985983 21.69 116.939714  60.369518  7.037 -100.00 -100.00 -100.00
 268   145.797 57306.64550881 31.52 116.932825  60.366174 21.867 -100.00 -100.00 -100.00
 268   146.074 57306.64550940 38.35 116.937096  60.367735 25.086 -100.00 -100.00 -100.00
 268   146.596 57306.64550999 48.76 116.941368  60.369295 32.534 -100.00 -100.00 -100.00
 269   146.366 57316.56115522 40.48 116.933419  60.366659 29.208 -100.00 -100.00 -100.00
 269   146.016 57316.56115581 43.50 116.937691  60.368220   -100 -100.00 -100.00 -100.00
 269   145.930 57316.56115640 48.55 116.941963  60.369780 11.092 -100.00 -100.00 -100.00
 270   146.097 57326.47679871 33.06 116.935093  60.368205   -100  264.32  263.73  264.55
 270   146.088 57326.47679930 35.17 116.939365  60.369765   -100  264.32  263.73  264.55
 271   146.551 57336.39243951 23.89 116.932702  60.367517 21.254 -100.00 -100.00 -100.00
 271   146.460 57336.39244011 22.33 116.936974  60.369078 15.479 -100.00 -100.00 -100.00
 271   146.665 57336.39244070 20.01 116.941246  60.370638  9.705 -100.00 -100.00 -100.00
 272   146.200 57346.30808693 19.80 116.934313  60.367400  9.297  249.85  247.11  244.23
 272   146.574 57346.30808752 17.58 116.938585  60.368960  5.353  249.85  247.11  244.23
 272   146.355 57346.30808811 19.77 116.942858  60.370520 10.201  249.85  247.11  244.23
 273   147.219 57356.22373431 20.14 116.935957  60.366421  7.599 -100.00 -100.00 -100.00
 273   147.179 57356.22373490 20.34 116.940229  60.367981  9.405 -100.00 -100.00 -100.00
 274   146.676 57366.13937806 18.90 116.937967  60.365675  6.579 -100.00 -100.00 -100.00
 274   146.503 57366.13937865 18.97 116.942240  60.367236  6.523 -100.00 -100.00 -100.00
 275   146.235 57376.05501819 18.82 116.937154  60.365090  7.225  248.62  244.42  237.47
 275   156.160 57376.05501878 18.86 116.941426  60.366651  6.754  248.62  244.42  237.47
 276   146.231 57385.97065656 17.66 116.936850  60.365743  6.188 -100.00 -100.00 -100.00
 276   155.734 57385.97065715 17.99 116.941123  60.367304  7.111 -100.00 -100.00 -100.00
 277   155.947 57395.88629420 15.95 116.936226  60.365741  4.743 -100.00 -100.00 -100.00
 277   155.986 57395.88629479 15.83 116.940498  60.367301  5.799 -100.00 -100.00 -100.00
 278   156.043 57405.80193075 15.95 116.936438  60.364856  5.390  244.27  238.27  225.99
 278   156.103 57405.80193134 15.86 116.940709  60.366417  6.959  244.27  238.27  225.99
 278   155.159 57405.80193193 15.70 116.944981  60.367978  6.796  244.27  238.27  225.99
 279   156.916 57415.71758038 13.94 116.939079  60.365463  5.160  245.60  239.54  226.73
 279   156.080 57415.71758097 14.55 116.943350  60.367023  5.735  245.60  239.54  226.73
 280   156.033 57425.63323113 14.30 116.935444  60.364792  5.711 -100.00 -100.00 -100.00
 280   156.366 57425.63323172 14.14 116.939716  60.366352  5.628 -100.00 -100.00 -100.00
 280   156.037 57425.63323231 13.98 116.943988  60.367913  5.226 -100.00 -100.00 -100.00
 281   156.045 57435.54887961 13.37 116.935054  60.366749  4.621 -100.00 -100.00 -100.00
 281   155.921 57435.54888020 13.39 116.939326  60.368309  5.684 -100.00 -100.00 -100.00
 281   155.285 57435.54888079 13.39 116.943598  60.369870  5.585 -100.00 -100.00 -100.00
 282   154.974 57445.46452668 11.76 116.935638  60.369708  5.388  249.40  242.12  228.84
 282   155.356 57445.46452727 11.20 116.939911  60.371269  4.728  249.40  242.12  228.84
 283   155.267 57455.38017245 10.62 116.933349  60.370380  5.158  254.19  247.92  236.95
 283   154.761 57455.38017304 11.25 116.937621  60.371941  5.524  254.19  247.92  236.95
 283   154.584 57455.38017363 11.91 116.941894  60.373501  7.219  254.19  247.92  236.95
 284   156.019 57465.29581608 10.59 116.932383  60.369108  5.166 -100.00 -100.00 -100.00
 284   155.397 57465.29581668 10.98 116.936655  60.370669  5.826 -100.00 -100.00 -100.00
 284   154.937 57465.29581727 11.99 116.940928  60.372230  6.613 -100.00 -100.00 -100.00
 285   156.526 57475.21145593  9.35 116.933788  60.366275  4.211 -100.00 -100.00 -100.00
 285   156.651 57475.21145652  9.21 116.938060  60.367836  4.274 -100.00 -100.00 -100.00
 285   156.517 57475.21145711  9.44 116.942332  60.369397  4.729 -100.00 -100.00 -100.00
 288   145.975 57504.95835882 18.60 116.939267  60.364996 30.845 -100.00 -100.00 -100.00
 288   146.029 57504.95835941 18.48 116.943539  60.366557 31.320 -100.00 -100.00 -100.00
 289   147.114 57514.87401467 27.01 116.933358  60.365429   -100  261.39  257.51  248.96
 289   147.355 57514.87401526 28.56 116.937629  60.366989   -100  261.39  257.51  248.96
 289   147.408 57514.87401585 29.09 116.941901  60.368550   -100  261.39  257.51  248.96
 290   150.398 57524.78966917 47.87 116.936976  60.366607   -100  260.19  258.73  257.71
 290   150.320 57524.78966976 49.87 116.941248  60.368168   -100 -100.00 -100.00 -100.00
 291   152.482 57534.70532057 38.66 116.936552  60.364546   -100 -100.00 -100.00 -100.00
 291   153.088 57534.70532116 44.70 116.940824  60.366107 30.505 -100.00 -100.00 -100.00
 291   152.736 57534.70532175 54.54 116.945096  60.367667 11.721 -100.00 -100.00 -100.00
 292   153.039 57544.62096913 46.34 116.936137  60.363249   -100 -100.00 -100.00 -100.00
 292   153.023 57544.62096972 43.52 116.940408  60.364810 31.574 -100.00 -100.00 -100.00
 292   152.720 57544.62097031 47.50 116.944680  60.366370   -100 -100.00 -100.00 -100.00
 293   151.707 57554.53661619 37.33 116.938757  60.365258 25.361 -100.00 -100.00 -100.00
 293   151.551 57554.53661678 37.03 116.943028  60.366818 27.414 -100.00 -100.00 -100.00
 294   150.578 57564.45226080 37.61 116.932756  60.365430 18.116  274.57  274.26  273.79
 294   150.104 57564.45226139 40.56 116.937028  60.366990   -100  274.57  274.26  273.79
 294   149.889 57564.45226198 36.28 116.941299  60.368551 28.243  274.57  274.26  273.79
 295   148.570 57574.36790602 23.82 116.936003  60.368178 10.794 -100.00 -100.00 -100.00
 295   148.525 57574.36790661 22.39 116.940275  60.369738  8.920 -100.00 -100.00 -100.00
 296   148.098 57584.28354983 30.09 116.933967  60.367111 10.095 -100.00 -100.00 -100.00
 296   148.034 57584.28355042 29.51 116.938239  60.368672 10.076 -100.00 -100.00 -100.00
 296   148.075 57584.28355101 29.11 116.942511  60.370232  9.808 -100.00 -100.00 -100.00
 297   148.575 57594.19919212 32.20 116.936435  60.366617 32.740 -100.00 -100.00 -100.00
 297   148.331 57594.19919271 29.02 116.940707  60.368177 24.504 -100.00 -100.00 -100.00
