# NaN NaN NaN ;Mean Elev.(m), Avg Gradient(m/km), RMS Gradient(m/km) - SRTM1     
#   35.113  -1.169   8.031 ;Mean Elev.(m), Avg Gradient(m/km), RMS Gradient(m/km) - ASTER GDEM
#   29.313  -3.224  12.319 ;Mean Elev.(m), Avg Gradient(m/km), RMS Gradient(m/km) - GMTED2010 
   1 124.780725  64.937261    95.402    95.064  3 54667.13474897 21.110
   2 124.777852  64.938028   121.654   121.570  3 54677.05039323  1.967
   3 124.773379  64.939210   -17.073   -17.097  3 54686.96603602  9.774
   4 124.772913  64.939991    96.591    96.591  2 54696.88167737 28.362
   5 124.773894  64.938898   -10.892   -10.892  2 54706.79731799  9.911
   6 124.779511  64.937467   103.071   103.532  3 54716.71297047 26.309
   7 124.779351  64.935289    -2.248    -3.194  3 54726.62861990 13.393
   8 124.784051  64.935792    96.143    95.837  3 54736.54426826 22.276
   9 124.780005  64.937083    95.824    95.902  3 54746.45991531 23.588
  10 124.774068  64.938053    47.624    47.668  3 54756.37556175 39.319
  11 124.774840  64.937978    47.174    47.353  3 54766.29120705 45.839
  12 124.778099  64.936170    46.402    46.344  3 54776.20684935 29.921
  13 124.781094  64.934459    47.256    47.269  3 54786.12248919 25.391
  14 124.783017  64.934550    47.206    47.168  3 54796.03812773 24.260
  15 124.778302  64.935704    46.962    47.008  3 54805.95376520 20.306
  16 124.777770  64.937202    47.361    47.355  3 54815.86940248 18.415
  17 124.779133  64.938198    48.940    49.339  3 54825.78504983 17.124
  18 124.775244  64.937383    48.063    47.374  3 54835.70068881 16.214
  19 124.775812  64.937855    47.130    47.158  3 54845.61633853 15.730
  20 124.773582  64.938595    46.911    46.911  2 54855.53198733 15.395
  21 124.772170  64.940002    46.822    46.821  3 54865.44763618 15.357
  22 124.771414  64.940361    46.944    46.944  2 54875.36328464 14.744
  23 124.773997  64.939653    48.570    48.570  2 54885.27893053 14.180
  24 124.778300  64.937942    47.729    46.750  3 54895.19457306 13.505
  25 124.781434  64.936476    47.300    47.124  3 54905.11021282 14.021
  26 124.778904  64.935787    47.142    47.165  3 54915.02585094 13.231
  27 124.781020  64.937022    47.540    47.559  3 54924.94148919 12.060
  28 124.777898  64.937417    47.105    47.004  3 54934.85712617 12.253
  29 124.778765  64.936996    46.592    46.887  3 54944.77276150 27.945
  30 124.781865  64.935329    51.096    51.096  2 54954.68839460 26.946
  31 124.782993  64.934115    95.464    95.273  3 54964.60404084 20.478
  32 124.782707  64.934439    99.720    99.621  4 54974.51968901 20.232
  34 124.778754  64.937675    51.957    51.942  3 54994.35098429 52.719
  36 124.776306  64.938374    50.607    50.607  2 55014.18227474 30.481
  37 124.774161  64.937948    51.423    51.330  3 55024.09791737 24.877
  38 124.774026  64.938629    49.821    49.821  2 55034.01355962 31.189
  39 124.773095  64.939146    51.226    51.226  2 55043.92920105 25.907
  41 124.777439  64.937410    94.498    93.999  3 55063.76047875 20.182
  42 124.779896  64.936141    95.305    95.321  3 55073.67612460 24.711
  43 124.783887  64.935956    50.042    50.521  3 55083.59177303 28.299
  44 124.779493  64.935911    51.160    51.218  3 55093.50741918 25.211
  48 124.781968  64.936179    46.951    46.928  3 55133.16999666 45.016
  49 124.783812  64.935448    45.989    45.933  3 55143.08563553 35.144
  50 124.779571  64.935173    49.639    49.366  3 55153.00127324 27.192
  51 124.781571  64.936488    50.607    50.537  3 55162.91691195 23.858
  52 124.777493  64.936998    50.327    50.147  3 55172.83254972 21.692
  53 124.780457  64.937666    48.990    49.531  3 55182.74818669 20.896
  54 124.775516  64.937599    47.834    46.772  3 55192.66383748 20.447
  55 124.774147  64.938368    46.616    46.608  3 55202.57948742 19.867
  56 124.773257  64.939260    46.611    46.611  2 55212.49513680 19.156
  57 124.771589  64.939356    46.467    46.467  2 55222.41078563 17.944
  58 124.775826  64.938959    46.494    46.509  3 55232.32643364 17.445
  59 124.776671  64.937224    46.447    46.354  3 55242.24207806 17.304
  60 124.782528  64.936601    46.594    46.673  3 55252.15771961 16.680
  61 124.782005  64.936285    46.667    46.695  3 55262.07335833 16.453
  62 124.778400  64.936582    46.498    46.392  3 55271.98899584 16.224
  63 124.780750  64.937237    46.793    46.874  3 55281.90463376 15.831
  64 124.780288  64.936466    48.839    48.739  4 55291.82027014 15.839
  65 124.784339  64.935561    47.114    47.109  3 55301.73590479 15.406
  66 124.781260  64.934505    46.212    46.342  3 55311.65155219 25.899
  67 124.781768  64.934964    46.468    46.442  3 55321.56719770 36.737
  68 124.782777  64.936377    94.565    94.413  3 55331.48284219 19.128
  69 124.781046  64.937547   100.002    99.606  3 55341.39848640 20.340
  71 124.779761  64.937922    97.432    97.582  3 55361.22977233 24.816
  73 124.775241  64.938231    97.251    97.251  2 55381.06105006 13.064
  74 124.775186  64.938963    50.001    49.994  3 55390.97668769 54.004
  75 124.774455  64.938426    48.735    48.735  2 55400.89232393 51.401
  77 124.781155  64.935690    51.458    51.457  3 55420.72362319 24.899
  78 124.781562  64.934703    48.212    48.293  3 55430.63927012 50.214
  79 124.779502  64.935433    94.613    94.335  3 55440.55491461 23.977
  80 124.778842  64.937014    94.769    94.842  3 55450.47055782 22.269
  82 124.778075  64.936413    94.631    94.556  3 55470.30184190 15.376
  83 124.784072  64.935405    51.082    51.088  3 55480.21748088 24.235
  84 124.782157  64.934043    46.397    46.381  3 55490.13311650 39.151
  85 124.781920  64.934505    46.440    46.439  3 55500.04875020 27.247
  86 124.778529  64.935911    47.765    46.937  3 55509.96439141 22.124
  87 124.779298  64.937709    46.844    46.833  3 55519.88004142 18.175
  88 124.778114  64.938135    47.001    47.016  3 55529.79569019 17.789
  89 124.777303  64.937792    46.978    46.986  3 55539.71133721 17.354
  90 124.777743  64.937887    46.795    46.795  2 55549.62698219 16.187
  91 124.775844  64.938603    46.547    46.548  3 55559.54262534 15.147
  92 124.774786  64.939657    48.274    48.274  2 55569.45826776 14.567
  93 124.774264  64.939401    47.634    46.700  3 55579.37390922 14.017
  94 124.775850  64.937375    47.522    46.572  3 55589.28954816 13.687
  95 124.782253  64.935065    47.569    46.567  3 55599.20518446 13.061
  96 124.781861  64.933236    48.022    46.875  3 55609.12081771 13.068
  97 124.785313  64.934331    47.966    47.103  3 55619.03644982 12.241
  98 124.783111  64.936709    46.845    46.842  3 55628.95209825 12.253
  99 124.776658  64.937124    46.791    46.781  3 55638.86774873 11.611
 100 124.779756  64.936498    48.132    47.310  3 55648.78339779 10.854
 101 124.779918  64.934324    47.950    47.296  3 55658.69904338 10.397
 102 124.782969  64.933816    47.685    47.672  3 55668.61468549 10.421
 103 124.780268  64.934762    46.757    46.234  3 55678.53032478 34.462
 104 124.779812  64.937001    48.302    47.788  4 55688.44596245 36.427
 105 124.776354  64.937937    97.010    97.220  3 55698.36159841 16.015
 108 124.778348  64.937284    51.413    51.642  3 55728.10853437 24.075
 109 124.777751  64.938241    51.164    51.322  3 55738.02418118 26.260
 111 124.775763  64.938998    95.353    95.353  2 55757.85546990 28.052
 112 124.779342  64.937529   120.353   119.707  3 55767.77111074  4.970
 114 124.784844  64.933814    98.274    96.334  3 55787.60238352 26.488
 115 124.782851  64.934228    51.332    51.369  3 55797.51801688 25.365
 116 124.781289  64.936070    94.337    94.166  3 55807.43366009 26.456
 118 124.779682  64.936383    51.480    51.527  3 55827.26495451 21.761
 119 124.780734  64.934526    48.328    48.193  3 55837.18059559 50.561
 120 124.785570  64.933812    47.356    47.328  3 55847.09623392 45.564
 121 124.781272  64.934247    47.051    46.877  3 55857.01186908 43.337
 122 124.778673  64.936516    47.078    47.119  3 55866.92751313 37.756
 123 124.776820  64.938640    47.975    46.935  3 55876.84316531 22.473
 124 124.775173  64.938666    51.088    51.088  2 55886.75881113 16.905
 125 124.776714  64.937856    51.355    51.429  3 55896.67445147 16.408
 126 124.779009  64.936984    51.126    51.107  3 55906.59008676 15.534
 127 124.776943  64.937210    51.177    51.090  3 55916.50573142 15.345
 128 124.776263  64.938401    50.567    50.497  3 55926.42138497 14.546
 129 124.776290  64.938698    50.764    51.066  3 55936.33703521 14.208
 130 124.776013  64.937035    49.990    49.880  3 55946.25268038 13.700
 131 124.781889  64.935466    50.040    49.625  3 55956.16832162 13.420
 132 124.782224  64.934214    49.625    49.749  3 55966.08395975 13.391
 133 124.781238  64.934906    50.809    50.397  3 55975.99959678 13.328
 134 124.780748  64.936435    49.985    49.972  3 55985.91523308 12.984
 135 124.779581  64.936810    49.047    49.715  3 55995.83086880 13.014
 136 124.778216  64.936021    49.623    50.252  3 56005.74652039 12.409
 137 124.780587  64.934795    48.136    47.614  3 56015.66216831 12.346
 138 124.781344  64.934591    47.595    47.602  3 56025.57781320 12.083
 139 124.780879  64.936037    48.758    48.758  2 56035.49345629 11.396
 140 124.780300  64.938062    50.168    49.984  3 56045.40909740  9.683
 141 124.776168  64.938741    91.666    91.666  2 56055.32473529 22.607
 142 124.773993  64.938092   113.411   113.411  2 56065.24036932  2.204
 143 124.775339  64.937557    99.807    99.757  3 56075.15601466 28.316
 145 124.778882  64.938294    50.688    50.671  3 56094.98731153 53.416
 146 124.777114  64.938213    97.292    97.269  3 56104.90295627 27.560
 149 124.782102  64.935035    99.940    91.473  3 56134.64985935 13.052
 151 124.782493  64.935450    48.525    48.539  3 56154.48115020 41.098
 152 124.781643  64.936718    95.989    95.837  3 56164.39679926 29.320
 153 124.778203  64.936956    93.736    93.883  3 56174.31244589 11.807
 154 124.779117  64.936591    96.062    96.231  3 56184.22808775 26.090
 155 124.783884  64.936044    96.336    96.444  3 56194.14372616 20.103
 156 124.782177  64.935328    95.418    95.398  3 56204.05936111 23.925
 157 124.783828  64.936346   106.302   106.302  2 56213.97499490  4.137
 158 124.781472  64.937573    47.642    47.555  3 56223.89062952 44.959
 159 124.776281  64.938466    46.922    46.871  3 56233.80628508 38.066
 160 124.774289  64.938503    46.671    46.671  2 56243.72193689 27.116
 161 124.775657  64.938248    47.116    47.079  3 56253.63758423 29.100
 162 124.776731  64.938163    47.139    47.139  3 56263.55322722 26.598
 163 124.778199  64.938394    47.073    47.052  3 56273.46886844 26.641
 164 124.777321  64.937975    48.489    48.489  2 56283.38451181 19.960
 165 124.780211  64.937588    47.119    47.195  3 56293.30016365 18.787
 166 124.782207  64.936496    47.913    46.939  3 56303.21581095 18.688
 167 124.783489  64.935915    48.225    46.824  3 56313.13145409 17.167
 168 124.780912  64.935970    46.815    46.797  3 56323.04709476 16.769
 169 124.778293  64.936596    46.662    46.614  3 56332.96273484 16.632
 170 124.779794  64.937022    47.442    47.182  3 56342.87837479 15.110
 171 124.778209  64.936084    47.034    47.000  3 56352.79401206 14.508
 172 124.782448  64.935756    48.413    47.114  3 56362.70965405 14.158
 173 124.778983  64.935495    48.454    47.269  3 56372.62530283 13.965
 175 124.777799  64.938376    47.374    47.305  3 56392.45659370 12.862
 176 124.774409  64.938741    49.094    49.094  2 56402.37223613 25.123
 177 124.774101  64.938612    90.249    90.426  3 56412.28787600 24.223
 178 124.776488  64.937997    91.650    92.290  3 56422.20351110 11.571
 179 124.776852  64.937798   100.465   100.963  3 56432.11915221 17.990
 180 124.775882  64.938433    97.358    97.194  3 56442.03480478 29.090
 181 124.773887  64.938743    51.357    51.240  3 56451.95045469 27.518
 182 124.776499  64.938396    50.782    50.782  2 56461.86610252 29.075
 184 124.781461  64.935795    51.073    50.828  3 56481.69738794 26.120
 185 124.781071  64.935324    51.174    51.250  3 56491.61302495 28.540
 187 124.778822  64.936337    97.704    97.714  3 56511.44429251 31.505
 188 124.777410  64.936348    98.004    97.986  3 56521.35993794 30.117
 192 124.777022  64.937195    95.180    95.295  3 56561.02252806 26.552
 193 124.776318  64.938941    94.424    94.044  3 56570.93816975 24.259
 194 124.773286  64.939381    47.100    47.100  2 56580.85380962 40.937
 195 124.776145  64.938637    47.028    47.028  2 56590.76944582 27.677
 196 124.778290  64.937773    46.612    46.607  3 56600.68509354 18.127
 197 124.779751  64.937772    47.032    46.979  3 56610.60074382 17.308
 198 124.776866  64.938380    46.920    46.956  3 56620.51638908 14.872
 199 124.773143  64.938681    46.993    47.011  3 56630.43203118 13.584
 200 124.774941  64.938033    47.993    47.105  3 56640.34767014 13.660
 201 124.781832  64.936751    46.990    46.975  3 56650.26331731 13.913
 202 124.783444  64.935168    47.135    47.138  3 56660.17896812 13.410
 203 124.782164  64.935046    49.930    49.930  2 56670.09461517 12.847
 204 124.779110  64.936727    47.976    47.022  3 56680.01025995 12.668
 205 124.778669  64.938419    47.893    46.948  3 56689.92590323 12.322
 206 124.776315  64.937917    47.797    47.019  3 56699.84154311 11.531
 207 124.781365  64.936578    47.139    47.007  3 56709.75717892 11.850
 208 124.782171  64.935415    47.158    47.132  3 56719.67281990 11.878
 209 124.779936  64.936084    47.433    47.540  3 56729.58847196 11.833
 210 124.776948  64.938265    47.718    47.718  2 56739.50412016 10.878
 211 124.773420  64.940058    47.746    47.746  2 56749.41976434 10.435
 212 124.772643  64.940190    49.196    49.196  2 56759.33540390 23.405
 213 124.773518  64.938566    49.592    49.551  3 56769.25103720 32.295
 214 124.775982  64.937539    49.651    49.671  3 56779.16668673 27.291
 215 124.775382  64.937481    96.517    97.212  3 56789.08234228  6.120
 216 124.775791  64.938688    98.107    98.234  3 56798.99799458 25.062
 217 124.772801  64.939417    96.848    96.689  3 56808.91364042 25.037
 219 124.777895  64.937230    96.691    96.811  3 56828.74491806 30.889
 220 124.782637  64.935117    51.197    51.250  3 56838.66055198 28.078
 221 124.783632  64.934323    48.677    48.624  3 56848.57618320 55.538
 223 124.776408  64.938034    48.229    48.229  2 56868.40749093 52.367
 224 124.775271  64.938677    48.272    48.327  3 56878.32314241 43.405
 225 124.777338  64.937984    50.932    50.932  2 56888.23879079 24.107
 227 124.781903  64.937528    48.007    48.008  3 56908.07007967 54.614
 228 124.774411  64.938552   102.418   102.418  2 56917.98571999 22.931
 230 124.769721  64.940114    48.421    48.421  2 56937.81699344 46.677
 231 124.773406  64.938624    47.075    47.075  2 56947.73262592 44.586
 232 124.776781  64.937455    46.148    46.156  3 56957.64827973 36.903
 233 124.778264  64.937025    45.976    46.003  3 56967.56392807 22.106
 234 124.777665  64.937733    46.592    46.554  3 56977.47957229 19.154
 235 124.774775  64.938272    46.900    46.950  3 56987.39521181 16.085
 236 124.776200  64.937735    46.947    46.866  3 56997.31084568 15.485
 237 124.778439  64.936327    48.611    49.095  3 57007.22649255 14.628
 238 124.781593  64.935199    47.120    46.970  3 57017.14214656 14.280
 239 124.781036  64.935047    47.341    47.315  3 57027.05779671 13.882
 240 124.780110  64.936766    47.083    47.114  3 57036.97344508 13.303
 241 124.778390  64.938326    47.082    47.116  3 57046.88909077 12.945
 242 124.775972  64.938445    47.251    47.257  3 57056.80473271 12.442
 243 124.778453  64.937418    47.220    47.173  3 57066.72036963 12.296
 244 124.778949  64.936307    47.521    47.477  3 57076.63600200 11.864
 245 124.781086  64.936339    47.612    47.586  3 57086.55163190 11.766
 246 124.775977  64.938146    47.424    47.447  3 57096.46729048 11.497
 247 124.772070  64.939811    50.136    50.515  3 57106.38294636 13.591
 248 124.771742  64.940329    48.561    48.561  2 57116.29859776 10.920
 249 124.774186  64.939413    49.383    49.383  2 57126.21424306 11.614
 250 124.777139  64.938096    49.227    49.227  2 57136.12988301 22.944
 251 124.779026  64.937179    46.755    46.779  3 57146.04551869 34.375
 252 124.779745  64.937100    47.848    47.773  4 57155.96115188 37.419
 253 124.780144  64.937586    52.749    52.677  3 57165.87679361 42.958
 254 124.777969  64.937776    98.561    98.656  3 57175.79244996 27.396
 257 124.783354  64.936237    97.374    97.268  3 57205.53938679 29.474
 258 124.782297  64.937293    95.971    95.974  3 57215.45503204 27.712
 259 124.774819  64.937610    92.260    91.809  3 57225.37067532 11.719
 260 124.777281  64.938400    94.859    94.559  3 57235.28631757 19.602
 263 124.779380  64.937547    94.452    94.099  3 57265.03322696 26.999
 264 124.774963  64.938204    93.527    93.415  3 57274.94886812 25.737
 265 124.772833  64.939361    47.080    47.080  2 57284.86452513 44.834
 268 124.777621  64.938146    46.301    46.373  3 57314.61147719 44.817
 269 124.776128  64.937767    46.089    46.081  3 57324.52712062 28.304
 270 124.778040  64.938124    46.361    46.361  3 57334.44276251 24.787
 271 124.776293  64.937709    47.271    47.454  3 57344.35840210 22.193
 272 124.780590  64.937991    50.644    50.700  3 57354.27405642 20.024
 273 124.778863  64.936834    50.403    50.606  3 57364.18970011 17.650
 274 124.782572  64.936494    50.152    50.284  3 57374.10534094 16.732
 275 124.781013  64.936427    50.571    50.239  3 57384.02097946 16.377
 276 124.778698  64.936619    50.219    50.199  3 57393.93661749 15.353
 277 124.781011  64.937354    49.108    50.139  3 57403.85225506 15.145
 278 124.781345  64.937568    49.946    49.822  3 57413.76790098 14.668
 279 124.777572  64.937370    47.619    46.659  3 57423.68355212 14.575
 280 124.776093  64.937922    49.216    49.960  3 57433.59920066 13.648
 281 124.775240  64.939097    48.146    46.871  3 57443.51484754 13.677
 282 124.771927  64.939640    47.084    46.972  3 57453.43049348 13.778
 283 124.772581  64.939807    48.109    46.828  3 57463.34613806 13.648
 284 124.773356  64.938487    46.882    46.949  3 57473.26177892 13.321
 285 124.775960  64.937251    48.003    47.263  3 57483.17741620 13.463
 286 124.779089  64.936705    47.405    47.161  3 57493.09305055 12.224
 287 124.779746  64.936860    49.159    49.105  4 57503.00868268  9.258
 288 124.776120  64.937083    50.962    50.976  3 57512.92433431 27.123
 289 124.781008  64.937710    96.776    97.333  3 57522.83998968 13.597
 291 124.782146  64.936115   121.382   121.638  3 57542.67129155  4.805
 296 124.777515  64.937633    49.552    49.568  3 57592.24951492 46.508
 297 124.778477  64.937549    51.132    51.172  3 57602.16515516 25.856
