# NaN NaN NaN ;Mean Elev.(m), Avg Gradient(m/km), RMS Gradient(m/km) - SRTM1     
#   44.805   0.833   3.300 ;Mean Elev.(m), Avg Gradient(m/km), RMS Gradient(m/km) - ASTER GDEM
#   33.034   0.944   4.922 ;Mean Elev.(m), Avg Gradient(m/km), RMS Gradient(m/km) - GMTED2010 
   1 127.237583  64.068844    60.133    60.185  7 54665.26493834 40.804
   2 127.238958  64.069470    59.750    59.828  7 54675.18058308 38.338
   3 127.238530  64.071174    13.227    13.221  6 54685.09622619  9.364
   4 127.237616  64.072683    63.780    63.953  7 54695.01186779 24.484
   5 127.237629  64.072373     9.982    10.001  6 54704.92750714 14.950
   6 127.239728  64.069112    61.776    61.755  7 54714.84315920 36.706
   7 127.237171  64.066679     1.123     1.096  7 54724.75880950  9.679
   8 127.241328  64.064566    61.558    61.269  7 54734.67445825 29.620
   9 127.240036  64.065770    60.289    60.291  7 54744.59010501 37.006
  10 127.239284  64.067267    59.569    59.543  6 54754.50575136 34.949
  11 127.237842  64.067441    61.944    61.136  7 54764.42139680 24.712
  12 127.239189  64.065288    63.629    63.694  7 54774.33703996 22.058
  13 127.238099  64.063779    62.763    62.907  7 54784.25268026 17.586
  14 127.237390  64.064343    61.020    60.814  7 54794.16831858 17.652
  15 127.237062  64.067089    62.648    63.101  7 54804.08395592 16.613
  16 127.239390  64.069185    61.624    61.908  7 54813.99959319 15.986
  17 127.237202  64.070029    61.009    60.809  6 54823.91523753 16.326
  18 127.238641  64.068226    60.636    60.621  7 54833.83087788 15.673
  19 127.240455  64.067042    61.013    60.898  7 54843.74652816 15.673
  20 127.239443  64.067899    61.626    61.266  6 54853.66217698 14.359
  21 127.239245  64.069591    62.112    61.621  7 54863.57782552 14.172
  22 127.239082  64.070298    61.899    61.902  7 54873.49347394 13.707
  23 127.237838  64.069433    61.754    61.810  6 54883.40912006 13.363
  24 127.238800  64.066530    62.862    63.328  7 54893.32476318 13.702
  25 127.239503  64.063965    62.187    61.526  7 54903.24040357 13.575
  26 127.241779  64.063397    61.941    61.882  7 54913.15604271 12.422
  27 127.240429  64.065402    62.510    62.698  7 54923.07168054 11.943
  28 127.240606  64.067366    63.859    63.866  7 54932.98731776 11.932
  29 127.238519  64.068253    64.204    64.345  7 54942.90295303 11.273
  30 127.239718  64.066917    60.031    60.088  7 54952.81858687 36.258
  31 127.239060  64.065009    60.441    60.434  7 54962.73423050 49.230
  32 127.237396  64.065077    65.677    65.678  7 54972.64987891 41.610
  33 127.238401  64.066628    63.480    63.468  7 54982.56552644 49.573
  34 127.237867  64.068859    64.935    64.921  7 54992.48117347 43.739
  35 127.237302  64.069517    63.859    63.857  7 55002.39681983 56.025
  36 127.238453  64.068702    62.282    62.282  7 55012.31246464 56.560
  37 127.240289  64.067565    62.714    62.656  7 55022.22810813 27.622
  38 127.239372  64.068356    64.074    64.075  7 55032.14375038 22.485
  39 127.237706  64.070163    59.910    59.908  6 55042.05939180 40.561
  40 127.238287  64.071330    59.946    59.946  6 55051.97503198 35.844
  41 127.237219  64.070874    60.341    60.342  6 55061.89066996 55.930
  42 127.239101  64.067890    60.532    60.563  6 55071.80631354 37.601
  43 127.241368  64.064625    60.331    60.314  7 55081.72196269 47.017
  44 127.239127  64.064239    60.305    60.248  7 55091.63760947 42.355
  45 127.240706  64.065067    60.782    60.794  7 55101.55325595 53.438
  46 127.239478  64.066880    60.490    60.467  6 55111.46890168 52.313
  47 127.240449  64.066816    59.976    59.966  7 55121.38454568 48.691
  48 127.241819  64.065051    62.902    62.725  7 55131.30018703 31.789
  49 127.239763  64.063683    64.376    64.382  7 55141.21582609 23.048
  50 127.237212  64.064381    64.103    64.022  7 55151.13146426 21.565
  51 127.241382  64.065908    64.125    64.075  7 55161.04710311 20.083
  52 127.239544  64.068898    64.269    64.233  7 55170.96274089 19.374
  53 127.237266  64.070769    63.860    63.853  7 55180.87837727 18.884
  54 127.237893  64.069697    64.034    64.080  6 55190.79402606 18.538
  55 127.239244  64.068539    64.141    64.139  6 55200.70967660 18.186
  56 127.238867  64.068581    64.120    64.126  7 55210.62532615 17.849
  57 127.237584  64.069477    64.100    64.087  7 55220.54097506 16.612
  58 127.239790  64.068683    64.138    64.210  7 55230.45662338 16.139
  59 127.239974  64.067433    64.353    64.346  7 55240.37226834 15.851
  60 127.239563  64.065486    64.149    64.222  7 55250.28790974 15.701
  61 127.238152  64.064307    63.996    64.087  7 55260.20354873 15.800
  62 127.239326  64.064281    63.552    64.075  7 55270.11918712 15.039
  63 127.238251  64.065820    63.814    63.876  7 55280.03482512 14.683
  64 127.241353  64.066560    63.637    63.945  7 55289.95046232 14.315
  65 127.237016  64.067967    63.119    63.655  7 55299.86609642 14.409
  66 127.237734  64.066521    64.382    64.332  7 55309.78174174 21.507
  67 127.238152  64.065105    63.996    63.952  7 55319.69738771 15.615
  68 127.238067  64.065073    60.040    59.991  7 55329.61303241 45.651
  69 127.238878  64.066408    65.819    65.886  7 55339.52867676 41.682
  70 127.238161  64.068303    63.392    63.385  7 55349.44432062 55.410
  71 127.239561  64.069073    62.235    62.236  7 55359.35996277 56.868
  72 127.238399  64.069369    64.392    64.467  6 55369.27560259 25.099
  73 127.238463  64.069415    64.448    64.442  6 55379.19124110 22.626
  74 127.238962  64.069926    62.351    62.324  6 55389.10687892 55.512
  75 127.238774  64.070689    60.692    60.707  7 55399.02251569 49.684
  76 127.238979  64.070056    59.720    59.730  7 55408.93816183 40.205
  77 127.237173  64.068272    60.780    60.760  7 55418.85381258 56.212
  78 127.241952  64.065176    60.071    60.081  7 55428.76946061 47.190
  79 127.241162  64.064451    59.826    59.831  7 55438.68510525 48.385
  80 127.240093  64.065199    60.744    60.732  7 55448.60074829 52.946
  81 127.241811  64.065708    60.301    60.258  7 55458.51639129 32.992
  82 127.241042  64.066178    59.665    59.699  7 55468.43203330 43.882
  83 127.241311  64.065699    63.548    64.035  7 55478.34767224 28.192
  84 127.238805  64.065780    64.341    64.352  7 55488.26330788 21.745
  85 127.238042  64.066120    64.264    64.263  7 55498.17894144 20.457
  86 127.241602  64.066593    64.152    64.123  7 55508.09458009 20.366
  87 127.241096  64.067432    63.850    63.915  7 55518.01023031 20.396
  88 127.239911  64.068450    64.121    64.234  7 55527.92587954 18.392
  89 127.238495  64.068886    64.199    64.185  6 55537.84152688 16.549
  90 127.237782  64.068947    64.382    64.398  7 55547.75717202 14.974
  91 127.237882  64.069067    64.285    64.285  6 55557.67281541 14.529
  92 127.236863  64.069818    64.286    64.272  7 55567.58845774 14.257
  93 127.236886  64.069859    64.245    64.232  7 55577.50409943 13.307
  94 127.240516  64.068023    64.566    64.591  7 55587.41973951 13.350
  95 127.241650  64.066147    64.776    64.746  7 55597.33537628 12.927
  96 127.240153  64.065590    64.743    64.715  7 55607.25100990 12.823
  97 127.239463  64.066376    64.642    64.652  7 55617.16664152 12.760
  98 127.240579  64.067474    64.770    64.763  7 55627.08228595 11.423
  99 127.237945  64.068195    64.670    64.710  7 55636.99793735 10.702
 100 127.239921  64.066993    64.672    64.620  7 55646.91358731 10.780
 101 127.239115  64.065447    64.624    64.564  7 55656.82923422 11.271
 102 127.240781  64.064293    64.959    64.955  7 55666.74487695 10.091
 103 127.238488  64.065429    60.165    60.121  7 55676.66051620 32.675
 104 127.237420  64.067589    59.892    59.860  7 55686.57615358 40.816
 105 127.239642  64.069048    63.123    63.124  7 55696.49179012 48.354
 106 127.238335  64.070317    61.636    61.686  6 55706.40742508 56.747
 107 127.238571  64.069561    64.860    64.855  7 55716.32307491 25.014
 108 127.237459  64.069213    64.756    64.806  7 55726.23872352 24.672
 109 127.237088  64.069644    64.506    64.396  7 55736.15437038 24.316
 110 127.237130  64.070326    59.978    60.012  6 55746.07001603 38.284
 111 127.238297  64.069853    60.810    60.826  7 55755.98566003 50.423
 112 127.238280  64.068206    59.490    59.488  6 55765.90130156 44.480
 113 127.237902  64.066079    59.904    60.022  7 55775.81694020 41.484
 114 127.238874  64.064815    61.520    61.529  7 55785.73257593 52.779
 115 127.242179  64.065635    60.336    60.358  7 55795.64820966 36.164
 116 127.240299  64.068108    59.709    59.644  7 55805.56384884 46.088
 117 127.239635  64.068975    60.044    59.994  7 55815.47949784 36.405
 118 127.237592  64.068130    60.578    60.550  7 55825.39514419 55.025
 119 127.237227  64.066397    60.085    60.131  7 55835.31078626 44.554
 120 127.239313  64.065143    63.638    64.203  7 55845.22642500 31.688
 121 127.237341  64.067090    60.074    60.356  7 55855.14206036 22.368
 122 127.238518  64.069249    63.575    63.506  7 55865.05770047 19.178
 123 127.239335  64.070195    64.292    64.282  6 55874.97335361 15.342
 124 127.237539  64.070354    63.926    63.890  7 55884.88900094 15.393
 125 127.238269  64.069583    64.193    64.260  7 55894.80464258 14.918
 126 127.238055  64.069452    64.210    64.175  7 55904.72027871 14.783
 127 127.239647  64.069794    64.377    64.388  7 55914.63591954 14.451
 128 127.237767  64.070329    64.267    64.240  6 55924.55157315 14.097
 129 127.239752  64.069622    64.472    64.537  7 55934.46722404 13.906
 130 127.239193  64.067645    64.392    64.348  7 55944.38287017 13.808
 131 127.238577  64.065063    64.381    64.463  7 55954.29851203 13.075
 132 127.239279  64.063647    64.612    64.561  7 55964.21415109 12.898
 133 127.240512  64.064738    64.523    64.530  7 55974.12978846 12.627
 134 127.240801  64.067587    64.719    64.711  7 55984.04542453 12.454
 135 127.237506  64.070220    64.416    64.411  7 55993.96105807 12.124
 136 127.239303  64.068380    64.539    64.594  7 56003.87670918 11.752
 137 127.240103  64.065331    64.558    64.519  7 56013.79235847 11.060
 138 127.239079  64.064054    64.412    64.269  7 56023.70800416 11.276
 139 127.239666  64.065300    64.513    64.440  7 56033.62364736 10.780
 140 127.239353  64.068353    64.441    64.440  7 56043.53928818 16.743
 141 127.239044  64.070691    59.877    59.943  7 56053.45492639 41.825
 142 127.238534  64.071284    67.243    67.242  7 56063.37056141 55.306
 143 127.238053  64.070089    65.417    65.361  7 56073.28620331 32.566
 144 127.237991  64.068753    64.872    64.792  6 56083.20185341 24.494
 145 127.236970  64.068987    63.276    63.278  7 56093.11750091 51.557
 146 127.237039  64.069889    62.399    61.959  7 56103.03314626 40.641
 147 127.239376  64.069297    64.025    64.057  7 56112.94877751 25.311
 148 127.238824  64.068150    64.106    64.037  7 56122.86441643 25.261
 149 127.240955  64.065895    61.497    61.463  7 56132.78005178 55.210
 150 127.239096  64.065331    62.286    62.377  7 56142.69568911 26.953
 151 127.240136  64.065446    60.692    60.697  7 56152.61133985 52.521
 152 127.240517  64.067072    61.155    61.128  7 56162.52698883 56.537
 153 127.237984  64.068728    63.049    63.273  7 56172.44263555 28.533
 154 127.239428  64.067954    61.264    61.291  6 56182.35827806 55.700
 155 127.240455  64.066123    60.685    60.697  7 56192.27391688 36.729
 156 127.240215  64.065266    60.092    60.024  7 56202.18955283 43.146
 157 127.239978  64.066938    60.503    59.892  7 56212.10518672 42.692
 158 127.237530  64.070647    63.782    63.774  6 56222.02081834 28.398
 159 127.238696  64.071904    62.918    63.399  6 56231.93647280 16.255
 160 127.237313  64.071714    63.898    63.901  6 56241.85212530 20.068
 161 127.239153  64.069772    63.889    63.887  6 56251.76777398 19.989
 162 127.240213  64.068297    63.951    63.824  7 56261.68341783 19.651
 163 127.240483  64.068246    64.000    63.990  7 56271.59905931 19.282
 164 127.238672  64.069174    63.678    63.700  7 56281.51470000 18.549
 165 127.238567  64.068783    63.875    63.980  6 56291.43035215 18.027
 166 127.241711  64.066566    64.145    64.068  7 56301.34600027 17.345
 167 127.237045  64.065449    64.040    64.225  7 56311.26164343 16.979
 168 127.237344  64.064590    63.986    63.943  7 56321.17728487 16.626
 169 127.240984  64.065011    64.433    64.465  7 56331.09292593 16.167
 170 127.237294  64.067632    64.093    64.046  7 56341.00856563 15.373
 171 127.236881  64.069159    64.065    64.080  7 56350.92420348 14.599
 172 127.238566  64.068480    64.356    64.356  6 56360.83984233 14.166
 173 127.238384  64.066589    64.055    64.206  7 56370.75549224 14.207
 175 127.238232  64.066956    64.088    64.227  7 56390.58678408 13.453
 176 127.240080  64.068757    59.934    60.043  7 56400.50242721 25.124
 177 127.237515  64.070834    59.777    59.787  6 56410.41806723 40.943
 178 127.237017  64.071350    59.430    59.343  6 56420.33370278 42.764
 179 127.239318  64.070446    65.675    65.750  6 56430.24933988 49.157
 180 127.238851  64.069136    63.751    63.752  7 56440.16499311 57.270
 181 127.238804  64.068424    64.600    64.815  6 56450.08064391 25.008
 182 127.239027  64.068051    63.813    63.823  6 56459.99629249 48.710
 183 127.239014  64.067135    63.315    63.400  6 56469.91193778 27.838
 184 127.242217  64.065687    60.421    60.422  7 56479.82757959 44.480
 185 127.238447  64.065864    62.230    62.229  7 56489.74321664 55.249
 186 127.238893  64.066334    63.215    63.194  7 56499.65885149 55.619
 187 127.240503  64.067360    62.790    62.770  7 56509.57448504 55.127
 188 127.239290  64.068635    63.882    64.104  6 56519.49012634 23.678
 189 127.238106  64.068582    63.783    63.829  6 56529.40577987 23.059
 190 127.238002  64.067983    60.501    60.508  7 56539.32142948 40.179
 191 127.240036  64.066799    60.360    60.327  7 56549.23707513 46.274
 192 127.238533  64.067174    60.264    60.251  7 56559.15271796 38.430
 193 127.238746  64.068269    60.490    59.703  7 56569.06836000 45.006
 194 127.237480  64.070338    63.895    63.924  7 56578.98400054 27.724
 195 127.237471  64.071606    63.774    63.803  7 56588.89963747 20.605
 196 127.236869  64.071376    62.051    62.244  7 56598.81528144 17.225
 197 127.237425  64.069740    58.910    59.003  7 56608.73093264 18.872
 198 127.238978  64.068929    60.231    60.539  7 56618.64657891 17.273
 199 127.237699  64.069241    63.690    63.575  7 56628.56222153 14.758
 200 127.237635  64.069212    63.029    62.980  7 56638.47786130 14.378
 201 127.236952  64.068209    63.418    63.417  7 56648.39350498 14.371
 202 127.238214  64.065978    63.173    63.309  7 56658.30915682 13.909
 203 127.239916  64.064763    63.416    63.377  7 56668.22480449 13.932
 204 127.239118  64.065861    64.141    64.160  7 56678.14044932 12.912
 205 127.238414  64.067499    64.199    64.246  7 56688.05609281 12.797
 206 127.237248  64.068434    64.158    64.133  7 56697.97173403 12.062
 207 127.239353  64.067849    64.610    64.658  6 56707.88737107 12.093
 208 127.237372  64.067657    64.226    64.285  7 56717.80300799 11.505
 209 127.239514  64.066663    64.380    64.397  6 56727.71866106 11.544
 210 127.240713  64.067388    64.388    64.480  7 56737.63430988 11.410
 211 127.239619  64.069317    64.371    64.311  7 56747.54995476 11.286
 212 127.237953  64.070728    65.296    65.310  7 56757.46559515  9.954
 213 127.238699  64.070830    62.029    62.091  6 56767.38122997 24.355
 214 127.237531  64.069923    60.024    60.037  7 56777.29687411 37.503
 215 127.238981  64.068413    62.318    62.323  6 56787.21253056 50.810
 216 127.240533  64.067728    64.841    64.880  7 56797.12818343 33.242
 217 127.237863  64.068356    64.683    64.599  7 56807.04383070 26.228
 218 127.238479  64.067821    62.797    62.262  7 56816.95947219 32.707
 219 127.241765  64.066027    61.881    61.881  7 56826.87511052 56.164
 220 127.242128  64.064911    61.393    61.389  7 56836.79074517 50.790
 221 127.241495  64.065772    60.492    60.486  7 56846.70637646 52.811
 222 127.237928  64.067395    62.182    61.617  7 56856.62202590 29.059
 223 127.237915  64.068601    59.936    59.978  7 56866.53767914 51.804
 224 127.237901  64.068459    60.127    60.152  7 56876.45333119 40.405
 225 127.240596  64.066831    60.251    60.292  7 56886.36898049 49.847
 226 127.241694  64.065243    60.360    60.335  7 56896.28462689 50.589
 227 127.240641  64.065584    59.851    59.841  7 56906.20027001 41.511
 228 127.238408  64.067798    59.803    59.873  7 56916.11591073 40.819
 229 127.237251  64.070445    61.655    61.175  6 56926.03154965 28.621
 230 127.236615  64.072007    59.737    59.717  6 56935.94718545 43.356
 231 127.235797  64.072108    60.140    59.111  6 56945.86281605 34.714
 232 127.238437  64.069260    63.873    63.868  6 56955.77846868 26.354
 233 127.240643  64.067363    64.178    64.200  7 56965.69411825 20.193
 234 127.239975  64.068018    62.793    62.655  7 56975.60976291 18.915
 235 127.238319  64.069696    63.812    63.864  6 56985.52540287 16.886
 236 127.238025  64.070144    64.005    64.078  7 56995.44103761 15.629
 237 127.239845  64.068013    63.956    63.912  7 57005.35667977 15.392
 238 127.238529  64.065347    64.003    63.891  7 57015.27233494 14.895
 239 127.241735  64.063986    64.101    64.124  7 57025.18798610 14.401
 240 127.239733  64.066248    64.346    64.329  7 57035.10363433 13.760
 241 127.238613  64.068663    64.255    64.268  6 57045.01928011 12.669
 242 127.238786  64.069307    64.176    64.179  6 57054.93492315 11.874
 243 127.237618  64.068346    64.033    64.072  7 57064.85056130 11.563
 244 127.239351  64.067260    64.248    64.298  7 57074.76619496 11.568
 245 127.240443  64.068192    64.226    64.247  7 57084.68182504 11.459
 246 127.237548  64.070407    64.227    64.189  6 57094.59747795 11.290
 247 127.238913  64.071533    64.704    64.725  6 57104.51313452 11.070
 248 127.236751  64.072070    65.602    65.664  6 57114.42878658 10.299
 249 127.239175  64.069999    65.421    65.403  6 57124.34443309 10.022
 250 127.239162  64.068104    66.590    65.862  6 57134.26007409  6.626
 251 127.238281  64.067751    61.143    60.429  7 57144.17571046 30.481
 252 127.240192  64.068704    59.893    59.871  7 57154.09134439 42.561
 253 127.237367  64.070703    65.762    65.758  7 57164.00698054 43.144
 254 127.238594  64.069797    63.106    63.107  7 57173.92263765 57.281
 255 127.237365  64.067890    64.685    64.564  7 57183.83829128 25.618
 256 127.242341  64.064598    63.399    63.396  7 57193.75394165 56.047
 257 127.241784  64.063982    62.236    62.235  7 57203.66958892 55.465
 258 127.241504  64.065609    63.264    63.881  7 57213.58522267 25.837
 259 127.238540  64.068611    60.130    60.141  6 57223.50086588 47.686
 260 127.238137  64.069883    59.944    59.896  6 57233.41650776 38.477
 261 127.238893  64.069178    59.884    59.846  7 57243.33214695 51.097
 262 127.238912  64.068069    60.254    60.213  7 57253.24778361 40.635
 263 127.238601  64.068626    59.562    59.546  7 57263.16341861 45.731
 264 127.237453  64.071115    59.083    58.890  7 57273.07905536 41.623
 265 127.235923  64.072819    58.841    58.805  6 57282.99471252 46.045
 266 127.237766  64.072351    58.944    58.851  6 57292.91036754 47.537
 267 127.239260  64.070064    63.242    63.827  6 57302.82601926 30.850
 268 127.240679  64.067272    64.047    64.028  7 57312.74166716 31.127
 269 127.239956  64.066093    64.305    64.348  7 57322.65731144 24.686
 270 127.239217  64.066810    64.192    64.204  7 57332.57295343 23.206
 271 127.236870  64.068797    63.920    63.883  7 57342.48859315 20.648
 272 127.237157  64.068313    63.927    63.960  7 57352.40424529 20.377
 273 127.238836  64.066764    64.055    64.027  7 57362.31988980 18.858
 274 127.241386  64.064685    64.186    64.179  7 57372.23553121 18.047
 275 127.240495  64.064899    64.044    64.129  7 57382.15117028 17.398
 276 127.237699  64.067260    64.084    64.034  7 57392.06680850 16.249
 277 127.237383  64.069811    64.075    64.073  6 57401.98244600 15.372
 278 127.237433  64.070832    64.165    64.176  6 57411.89808848 15.087
 279 127.237556  64.069688    64.166    64.165  7 57421.81374053 14.363
 280 127.238066  64.068394    64.062    64.136  7 57431.72938992 14.007
 281 127.240572  64.067912    64.328    64.454  7 57441.64503749 13.419
 282 127.238353  64.069632    64.348    64.356  6 57451.56068362 13.062
 283 127.237293  64.071051    64.303    64.283  7 57461.47632827 12.753
 284 127.237474  64.071317    64.332    64.311  7 57471.39196971 12.155
 285 127.237758  64.070413    64.350    64.283  7 57481.30760729 12.136
 286 127.238478  64.069065    64.313    64.342  6 57491.22324194 11.576
 287 127.239196  64.068849    64.259    64.245  6 57501.13887451 11.848
 288 127.240003  64.068701    59.760    59.809  7 57511.05452233 41.166
 289 127.238216  64.068784    59.607    59.613  7 57520.97017776 43.043
 290 127.237883  64.068331    62.818    62.818  7 57530.88583084 56.387
 291 127.240523  64.066691    63.203    63.203  7 57540.80148097 55.839
 292 127.238692  64.065911    63.809    63.791  7 57550.71712774 56.732
 293 127.239932  64.065511    63.009    62.992  7 57560.63277331 48.143
 294 127.239823  64.066584    62.604    62.312  7 57570.54841810 31.069
 295 127.239135  64.068087    63.800    63.986  6 57580.46406259 25.574
 296 127.238027  64.069193    63.688    63.798  7 57590.37970537 24.638
 297 127.239360  64.068993    62.537    62.534  7 57600.29534575 54.664
