-166503.114   154.161     0.00    6.81
-166215.043   151.451    -9.41    6.69
-165926.952   149.309    -7.43    7.20
-165638.839   148.068    -4.31    7.53
-165350.706   148.253     0.64    8.85
-165062.552   151.165    10.11   12.02
-164774.377   156.552    18.69   16.21
-164486.181   163.328    23.51   20.37
-164197.965   170.231    23.95   20.59
-163909.728   174.508    14.84   17.80
-163621.470   177.105     9.01   15.56
-163333.191   175.833    -4.41   14.31
-163044.892   173.197    -9.14   14.63
-162756.571   168.571   -16.04   14.50
-162468.230   162.666   -20.48   13.91
-162179.868   158.179   -15.56   13.88
-161891.485   153.966   -14.61   13.74
-161603.082   150.248   -12.89   12.27
-161314.657   146.905   -11.59   11.19
-161026.212   142.999   -13.54   10.37
-160737.746   139.692   -11.46   11.34
-160449.259   136.632   -10.61   13.77
-160160.751   133.529   -10.75   17.90
-159872.222   131.824    -5.91   21.23
-159583.673   129.052    -9.61   23.44
-159295.102   124.898   -14.39   25.13
-159006.511   122.167    -9.46   26.20
-158717.899   119.438    -9.46   27.13
-158429.266   118.022    -4.90   26.64
-158140.612   114.351   -12.72   24.67
-157851.937   113.269    -3.75   23.13
-157563.241   115.863     8.99   24.36
-157274.525   121.350    19.00   27.93
-156985.787   129.996    29.94   33.70
-156697.029   141.458    39.69   37.30
-156408.249   155.992    50.32   36.56
-156119.449   170.135    48.97   29.22
-155830.628   180.455    35.73   19.12
-155541.786   184.436    13.78   16.27
-155252.923   188.426    13.81   15.26
-154965.508   190.460     7.07   15.00
-154680.986   190.871     1.44   13.88
-154396.443   191.473     2.12   12.08
-154111.882   192.667     4.20   10.85
-153827.301   192.701     0.12    9.35
-153542.700   192.551    -0.53    8.47
-153258.079   191.880    -2.36    9.16
-152973.439   191.942     0.22    9.92
-152688.779   193.590     5.79   10.95
-152404.100   196.285     9.47   12.69
-152119.401   200.069    13.29   15.24
-151834.683   204.888    16.92   17.22
-151549.945   209.253    15.33   17.79
-151265.187   214.201    17.38   18.29
-150980.409   219.825    19.75   17.96
-150695.612   223.633    13.37   18.54
-150410.796   228.960    18.70   17.42
-150125.959   234.692    20.12   17.31
-149841.103   239.548    17.04   16.68
-149556.227   243.477    13.79   16.35
-149271.332   247.023    12.45   15.42
-148986.417   251.798    16.76   15.44
-148701.482   255.586    13.29   15.56
-148416.528   259.684    14.38   16.00
-148131.554   263.957    14.99   16.84
-147846.560   268.975    17.61   18.11
-147561.547   274.046    17.79   18.70
-147276.513   276.830     9.77   19.91
-146991.461   277.294     1.63   20.87
-146706.388   278.350     3.70   20.85
-146421.296   280.025     5.88   19.73
-146136.184   278.863    -4.08   19.02
-145851.052   279.743     3.09   16.43
-145565.901   280.763     3.58   14.62
-145280.729   281.453     2.42   14.63
-144995.538   282.354     3.16   16.05
-144710.328   282.650     1.04   18.19
-144425.097   282.587    -0.22   20.29
-144139.847   282.368    -0.77   24.72
-143854.577   286.167    13.32   25.87
-143569.288   289.498    11.67   26.48
-143283.978   293.087    12.58   26.57
-142998.649   297.347    14.93   25.60
-142713.300   305.003    26.83   24.04
-142427.931   312.163    25.09   20.59
-142142.543   318.444    22.01   18.73
-141857.134   323.157    16.51   15.79
-141571.706   325.930     9.71   13.11
-141286.258   327.735     6.32   10.41
-141000.791   327.359    -1.32   10.90
-140715.303   324.122   -11.34   13.62
-140429.796   318.120   -21.02   16.87
-140144.269   310.591   -26.37   18.48
-139858.722   303.418   -25.12   18.11
-139573.155   294.991   -29.51   17.67
-139287.568   289.527   -19.13   16.61
-139001.962   284.896   -16.21   17.04
-138716.335   281.675   -11.28   17.60
-138430.689   277.491   -14.65   19.81
-138145.023   278.184     2.43   20.40
-137859.337   279.541     4.75   19.99
-137573.632   281.903     8.26   20.22
-137287.906   285.214    11.59   20.40
-137002.161   290.434    18.26   21.49
-136716.395   294.760    15.14   21.95
-136430.610   297.814    10.68   21.85
-136144.805   301.262    12.06   20.01
-135858.980   300.966    -1.04   21.08
-135573.135   300.162    -2.81   20.20
-135287.270   296.385   -13.21   20.37
-135001.386   290.675   -19.97   20.83
-134715.481   281.606   -31.72   22.70
-134429.557   272.675   -31.23   24.95
-134143.612   266.098   -23.00   24.37
-133857.648   261.947   -14.51   21.13
-133571.664   260.299    -5.76   18.71
-133285.659   260.569     0.94   17.39
-132999.635   263.633    10.71   17.62
-132713.591   269.675    21.12   17.15
-132427.527   277.179    26.23   15.40
-132141.443   281.871    16.40   12.71
-131855.339   284.862    10.46   11.25
-131569.215   285.955     3.82   13.06
-131283.072   284.737    -4.26   17.55
-130996.908   280.402   -15.15   23.75
-130710.724   272.494   -27.63   28.95
-130424.520   258.973   -47.24   38.05
-130138.296   245.489   -47.11   42.03
-129852.053   236.828   -30.25   41.21
-129565.789   229.354   -26.11   41.42
-129279.505   220.110   -32.29   41.05
-128993.202   217.736    -8.29   43.05
-128706.878   214.137   -12.57   45.94
-128420.534   205.795   -29.13   49.89
-128134.170   196.498   -32.47   49.42
-127847.787   179.271   -60.15   48.03
-127561.383   168.903   -36.20   45.84
-127274.959   162.240   -23.26   45.77
-126988.515   157.353   -17.06   49.90
-126702.051   163.400    21.11   58.27
-126415.567   168.701    18.50   62.66
-126129.063   173.376    16.32   64.14
-125842.539   173.577     0.70   65.72
-125555.995   180.385    23.76   63.59
-125269.431   187.069    23.32   58.42
-124982.847   188.306     4.32   50.79
-124696.242   183.553   -16.58   52.44
-124409.618   173.073   -36.56   58.74
-124122.973   158.744   -49.99   63.43
-123836.309   144.608   -49.31   61.34
-123549.624   129.942   -51.15   57.23
-123262.919   120.359   -33.42   51.53
-122976.194   117.280   -10.74   52.91
-122689.449   119.805     8.80   57.92
-122402.684   125.049    18.29   67.05
-122115.899   136.438    39.71   77.73
-121829.094   150.657    49.57   87.88
-121542.268   170.428    68.92   91.64
-121255.423   186.930    57.53   90.95
-120968.557   210.701    82.86   82.75
-120681.671   228.962    63.65   71.74
-120394.765   250.549    75.23   56.78
-120107.839   261.385    37.76   48.73
-119820.892   266.210    16.81   44.11
-119533.926   270.492    14.92   38.67
-119246.939   270.311    -0.63   41.92
-118959.932   258.294   -41.87   53.97
-118672.905   243.885   -50.20   59.64
-118385.858   226.184   -61.66   58.65
-118098.791   223.710    -8.62   52.92
-117811.703   227.464    13.08   48.47
-117524.595   232.161    16.36   48.83
-117237.467   245.982    48.13   51.08
-116950.319   262.989    59.22   46.04
-116663.151   279.057    55.95   34.27
-116375.962   292.227    45.86   19.67
-116088.753   298.920    23.30   11.29
-115801.524   302.069    10.96   11.19
-115514.275   303.858     6.23   13.79
-115227.005   304.419     1.95   16.16
-114939.716   303.666    -2.62   17.91
-114652.406   300.953    -9.44   20.08
-114365.075   298.037   -10.15   21.08
-114077.725   294.103   -13.69   22.19
-113790.354   287.903   -21.57   23.64
-113502.963   280.596   -25.42   25.27
-113215.552   272.812   -27.08   26.63
-112928.120   267.805   -17.42   26.78
-112640.668   263.736   -14.15   25.53
-112353.196   263.368    -1.28   24.40
-112065.704   263.878     1.77   23.90
-111778.191   266.735     9.94   22.77
-111490.658   272.382    19.64   23.95
-111203.104   280.991    29.93   26.44
-110915.531   287.573    22.89   28.48
-110627.937   295.464    27.44   30.93
-110340.323   303.388    27.55   31.66
-110052.688   310.927    26.21   29.03
-109765.033   318.197    25.27   22.38
-109477.358   321.533    11.60   19.37
-109189.662   322.549     3.53   18.24
-108901.946   321.394    -4.01   18.17
-108614.210   319.333    -7.16   18.03
-108326.453   317.856    -5.13   18.56
-108038.676   315.650    -7.67   19.67
-107750.879   313.017    -9.15   20.42
-107463.061   308.308   -16.36   21.13
-107175.223   304.854   -12.00   23.31
-106887.364   298.032   -23.70   25.18
-106599.486   289.833   -28.48   25.92
-106311.586   278.754   -38.48   24.73
-106023.667   271.040   -26.79   24.61
-105735.727   260.676   -35.99   21.48
-105447.766   251.145   -33.10   17.52
-105159.785   243.136   -27.81   12.99
-104871.784   238.149   -17.31   11.44
-104583.762   234.046   -14.25   10.22
-104295.720   231.092   -10.25    9.79
-104007.658   230.368    -2.52   10.99
-103719.575   230.385     0.06   12.82
-103431.471   231.282     3.11   14.06
-103143.347   232.365     3.76   15.71
-102855.203   234.710     8.14   16.51
-102567.038   239.171    15.48   16.98
-102278.853   243.146    13.79   17.55
-101990.647   247.589    15.42   18.18
-101702.421   252.110    15.68   18.61
-101414.175   259.896    27.01   21.32
-101125.907   266.693    23.58   21.42
-100837.620   272.113    18.80   19.91
-100549.312   275.648    12.26   17.17
-100260.983   275.061    -2.04   17.25
 -99972.634   271.316   -12.98   19.27
 -99684.265   265.947   -18.62   21.29
 -99395.875   259.962   -20.75   21.45
 -99107.464   253.770   -21.47   20.01
 -98819.033   249.966   -13.19   16.26
 -98530.581   248.577    -4.81   15.44
 -98242.109   252.675    14.21   15.16
 -97953.616   259.508    23.68   15.37
 -97665.103   267.640    28.18   19.03
 -97376.569   275.516    27.30   24.20
 -97088.015   284.591    31.45   26.60
 -96799.440   295.596    38.13   26.11
 -96510.845   308.569    44.95   22.37
 -96222.229   317.082    29.49   19.53
 -95933.592   324.563    25.92   16.41
 -95644.935   330.501    20.57   14.49
 -95356.257   335.648    17.83   13.11
 -95067.559   336.989     4.64   13.27
 -94778.840   337.172     0.63   13.52
 -94490.101   336.964    -0.72   12.81
 -94201.341   335.069    -6.56   13.16
 -93912.560   332.205    -9.92   14.07
 -93623.759   327.131   -17.57   14.93
 -93334.937   321.077   -20.96   15.47
 -93047.987   312.994   -28.17   17.33
 -92763.434   306.641   -22.32   18.15
 -92478.861   299.412   -25.40   18.48
 -92194.269   292.197   -25.35   17.60
 -91909.658   287.192   -17.58   16.21
 -91625.028   282.829   -15.33   15.48
 -91340.378   282.037    -2.78   15.72
 -91055.709   283.359     4.64   16.12
 -90771.021   284.762     4.93   16.10
 -90486.313   285.871     3.89   16.04
 -90201.586   284.726    -4.02   16.93
 -89916.840   279.210   -19.37   20.79
 -89632.075   269.449   -34.28   25.87
 -89347.290   259.214   -35.94   28.80
 -89062.486   246.180   -45.76   29.92
 -88777.662   233.092   -45.95   27.58
 -88492.820   220.938   -42.67   21.46
 -88207.957   212.743   -28.77   14.45
 -87923.076   208.034   -16.53    8.95
 -87638.175   206.859    -4.13    9.17
 -87353.255   209.063     7.74   11.33
 -87068.316   214.404    18.74   15.58
 -86783.357   220.556    21.59   18.29
 -86498.379   228.403    27.53   19.92
 -86213.381   235.555    25.09   20.14
 -85928.364   243.432    27.64   19.89
 -85643.328   250.394    24.42   19.43
 -85358.272   256.249    20.54   20.13
 -85073.197   257.359     3.89   21.21
 -84788.103   256.726    -2.22   23.32
 -84502.989   254.310    -8.48   24.53
 -84217.856   249.780   -15.89   24.17
 -83932.703   246.235   -12.43   24.04
 -83647.531   241.785   -15.60   22.18
 -83362.340   237.561   -14.81   18.87
 -83077.129   233.069   -15.75   14.74
 -82791.899   232.481    -2.06   14.25
 -82506.649   231.625    -3.00   13.51
 -82221.380   232.623     3.50   15.14
 -81936.092   235.351     9.56   18.58
 -81650.784   240.210    17.03   23.28
 -81365.456   246.376    21.61   28.57
 -81080.110   252.412    21.15   32.42
 -80794.743   260.701    29.05   34.47
 -80509.358   269.121    29.50   35.46
 -80223.952   278.849    34.08   35.61
 -79938.528   284.631    20.26   34.80
 -79653.084   288.020    11.87   33.85
 -79367.620   290.328     8.08   31.57
 -79082.137   293.179     9.99   29.33
 -78796.634   292.830    -1.22   28.21
 -78511.112   292.430    -1.40   28.73
 -78225.571   288.972   -12.11   29.09
 -77940.010   287.040    -6.77   30.19
 -77654.429   284.798    -7.85   33.24
 -77368.829   283.964    -2.92   36.37
 -77083.210   283.487    -1.67   38.59
 -76797.571   285.503     7.06   39.81
 -76511.912   291.849    22.21   41.68
 -76226.234   301.390    33.40   40.04
 -75940.536   309.159    27.19   36.52
 -75654.819   314.947    20.26   31.75
 -75369.083   323.632    30.40   27.29
 -75083.326   333.000    32.78   22.78
 -74797.551   340.365    25.77   19.49
 -74511.755   345.227    17.01   16.39
 -74225.940   348.770    12.39   12.81
 -73940.106   349.481     2.49   10.80
 -73654.252   347.120    -8.26   12.85
 -73368.378   341.244   -20.55   16.75
 -73082.485   333.057   -28.64   18.54
 -72796.572   324.091   -31.36   17.40
 -72510.640   318.327   -20.16   15.91
 -72224.688   311.710   -23.14   17.83
 -71938.717   307.810   -13.64   21.07
 -71652.726   304.768   -10.64   25.35
 -71366.715   304.587    -0.63   30.30
 -71080.685   301.657   -10.24   33.89
 -70794.635   299.868    -6.26   36.61
 -70508.565   297.751    -7.40   38.16
 -70222.476   294.631   -10.91   36.54
 -69936.367   289.614   -17.53   34.31
 -69650.239   286.642   -10.39   35.47
 -69364.091   279.820   -23.84   34.16
 -69077.923   271.761   -28.16   30.85
 -68791.736   268.092   -12.82   27.73
 -68505.529   266.819    -4.45   26.14
 -68219.303   263.761   -10.68   23.13
 -67933.056   260.003   -13.13   19.05
 -67646.790   256.814   -11.14   13.76
 -67360.505   257.159     1.21   12.04
 -67074.200   260.094    10.25   12.69
 -66787.875   263.912    13.33   15.75
 -66501.530   272.176    28.86   21.10
 -66215.166   281.610    32.94   25.13
 -65928.782   292.023    36.36   26.48
 -65642.378   302.929    38.08   24.54
 -65355.955   313.077    35.43   18.86
 -65069.512   317.955    17.03   14.79
 -64783.049   319.727     6.18   12.88
 -64496.566   318.982    -2.60   12.14
 -64210.064   315.981   -10.47   12.70
 -63923.542   309.970   -20.98   14.31
 -63637.000   303.008   -24.30   14.53
 -63350.439   297.310   -19.88   13.26
 -63063.858   295.188    -7.40   14.63
 -62777.257   294.501    -2.40   18.29
 -62490.636   297.796    11.50   24.06
 -62203.996   298.718     3.22   28.42
 -61917.336   300.932     7.72   30.67
 -61630.656   303.415     8.66   30.97
 -61343.956   305.936     8.79   29.13
 -61057.237   305.092    -2.94   25.60
 -60770.498   306.476     4.83   23.98
 -60483.739   306.493     0.06   22.43
 -60196.960   306.359    -0.47   22.11
 -59910.161   303.824    -8.84   23.03
 -59623.343   302.004    -6.35   25.11
 -59336.505   299.474    -8.82   26.15
 -59049.647   296.043   -11.96   25.05
 -58762.769   291.353   -16.35   22.51
 -58475.872   291.399     0.16   21.39
 -58188.954   292.054     2.28   19.15
 -57902.017   294.432     8.29   16.68
 -57615.060   295.762     4.64   15.59
 -57328.083   299.357    12.53   16.80
 -57041.086   303.641    14.93   18.22
 -56754.070   310.425    23.64   20.46
 -56467.033   316.098    19.76   23.25
 -56179.977   322.968    23.93   25.88
 -55892.901   330.633    26.70   28.22
 -55605.805   337.659    24.47   29.88
 -55318.689   342.043    15.27   29.29
 -55031.554   343.941     6.61   29.64
 -54744.398   344.684     2.59   29.28
 -54457.223   343.651    -3.60   27.24
 -54170.027   343.624    -0.09   26.04
 -53882.812   344.230     2.11   24.40
 -53595.577   345.743     5.27   22.99
 -53308.322   348.046     8.02   21.44
 -53021.047   350.438     8.33   19.09
 -52733.752   350.134    -1.06   17.54
 -52446.437   345.573   -15.88   18.49
 -52159.103   337.710   -27.36   21.10
 -51871.748   325.547   -42.32   26.24
 -51584.374   312.693   -44.73   27.90
 -51296.979   301.425   -39.20   23.95
 -51009.565   295.008   -22.33   19.45
 -50722.131   295.382     1.30   21.10
 -50434.676   300.625    18.24   27.60
 -50147.202   310.779    35.32   33.61
 -49859.708   321.982    38.96   36.41
 -49572.194   335.323    46.40   36.78
 -49284.660   345.868    36.67   35.72
 -48997.106   353.692    27.21   33.50
 -48709.532   357.991    14.95   31.69
 -48421.938   363.819    20.26   30.27
 -48134.324   367.493    12.77   28.20
 -47846.690   369.501     6.98   26.09
 -47559.036   366.136   -11.70   26.80
 -47271.362   361.180   -17.23   29.18
 -46983.668   352.818   -29.07   32.00
 -46695.954   341.527   -39.24   33.21
 -46408.220   324.830   -58.03   35.57
 -46120.466   308.088   -58.18   38.73
 -45832.692   289.726   -63.80   41.77
 -45544.898   271.934   -61.82   43.09
 -45257.084   241.899  -104.35   49.61
 -44969.250   216.489   -88.28   54.51
 -44681.396   191.193   -87.88   51.47
 -44393.522   175.253   -55.37   43.73
 -44105.627   160.718   -50.48   39.08
 -43817.713   154.483   -21.66   41.09
 -43529.779   156.784     7.99   52.31
 -43241.824   168.313    40.04   66.36
 -42953.850   172.417    14.25   71.29
 -42665.855   175.172     9.57   74.33
 -42377.841   174.884    -1.00   75.63
 -42089.806   169.432   -18.93   72.65
 -41801.751   153.605   -54.94   65.83
 -41513.676   145.159   -29.32   60.21
 -41225.581   140.226   -17.12   50.36
 -40937.466   146.477    21.70   52.36
 -40649.331   161.218    51.16   63.65
 -40361.175   179.643    63.94   72.84
 -40073.000   207.288    95.93   78.25
 -39784.804   240.623   115.67   72.75
 -39496.588   266.684    90.42   60.40
 -39208.353   282.684    55.51   56.06
 -38920.097   295.076    42.99   56.88
 -38631.821   308.936    48.08   57.93
 -38343.524   313.850    17.05   58.93
 -38055.208   319.801    20.64   61.16
 -37766.871   327.276    25.92   61.85
 -37478.514   336.201    30.95   58.87
 -37190.138   342.850    23.06   55.09
 -36901.740   352.918    34.91   50.51
 -36613.323   361.226    28.81   42.80
 -36324.886   366.403    17.95   31.67
 -36036.428   367.298     3.10   22.78
 -35747.950   365.693    -5.56   21.28
 -35459.452   358.926   -23.45   25.15
 -35170.934   343.999   -51.73   35.67
 -34882.396   324.596   -67.25   44.48
 -34593.837   311.968   -43.76   44.78
 -34305.258   309.034   -10.16   46.52
 -34016.659   316.188    24.79   50.69
 -33728.040   330.388    49.20   52.54
 -33439.400   342.826    43.09   53.38
 -33150.740   360.491    61.20   42.70
 -32862.060   374.761    49.43   23.60
 -32573.360   376.460     5.88   20.49
 -32284.640   369.984   -22.43   23.97
 -31995.899   360.777   -31.89   23.66
 -31707.138   351.236   -33.04   21.47
 -31418.356   341.805   -32.66   18.69
 -31131.840   336.289   -19.25   18.07
 -30847.257   331.076   -18.32   17.49
 -30562.656   324.484   -23.16   17.65
 -30278.036   319.299   -18.21   18.98
 -29993.396   314.368   -17.33   20.57
 -29708.738   308.778   -19.64   23.14
 -29424.061   303.201   -19.59   25.41
 -29139.365   300.962    -7.87   27.64
 -28854.650   299.071    -6.64   29.55
 -28569.916   298.537    -1.87   30.21
 -28285.163   300.011     5.18   28.92
 -28000.391   300.247     0.83   27.90
 -27715.600   301.094     2.97   24.53
 -27430.790   302.078     3.45   19.44
 -27145.961   302.146     0.24   15.75
 -26861.114   300.062    -7.31   15.39
 -26576.247   298.063    -7.02   17.47
 -26291.361   290.313   -27.20   26.11
 -26006.456   281.441   -31.14   32.19
 -25721.533   271.894   -33.50   36.71
 -25436.590   263.938   -27.92   36.23
 -25151.628   254.761   -32.20   35.71
 -24866.647   248.230   -22.91   34.25
 -24581.648   244.026   -14.75   33.34
 -24296.629   236.675   -25.79   37.18
 -24011.591   227.298   -32.90   42.84
 -23726.534   217.096   -35.79   44.16
 -23441.458   207.026   -35.32   40.61
 -23156.364   198.537   -29.77   33.65
 -22871.250   194.868   -12.87   29.51
 -22586.117   192.642    -7.81   26.79
 -22300.965   197.736    17.87   31.14
 -22015.794   204.472    23.62   31.68
 -21730.603   212.026    26.49   32.13
 -21445.394   220.484    29.65   35.06
 -21160.166   226.136    19.82   33.70
 -20874.919   230.376    14.86   30.21
 -20589.652   236.466    21.35   27.51
 -20304.367   242.920    22.62   23.80
 -20019.062   250.296    25.85   21.62
 -19733.739   257.751    26.13   22.63
 -19448.396   262.591    16.96   23.52
 -19163.034   269.569    24.45   23.80
 -18877.653   276.801    25.34   23.49
 -18592.253   282.304    19.28   21.73
 -18306.834   285.779    12.17   18.18
 -18021.396   289.486    12.99   16.13
 -17735.938   290.511     3.59   14.34
 -17450.462   290.289    -0.78   12.13
 -17164.966   289.486    -2.82   10.35
 -16879.451   289.659     0.61   10.02
 -16593.918   288.543    -3.91   11.18
 -16308.364   286.172    -8.30   12.30
 -16022.792   284.736    -5.03   13.18
 -15737.201   283.810    -3.24   16.08
 -15451.590   281.337    -8.66   18.86
 -15165.961   277.899   -12.04   20.80
 -14880.312   280.564     9.33   22.73
 -14594.644   281.076     1.79   23.83
 -14308.957   282.318     4.35   23.28
 -14023.251   284.158     6.44   20.42
 -13737.525   283.909    -0.87   18.29
 -13451.780   281.567    -8.20   16.42
 -13166.017   275.103   -22.62   20.94
 -12880.233   261.986   -45.90   30.13
 -12594.431   245.843   -56.48   36.28
 -12308.610   232.468   -46.79   36.56
 -12022.769   219.529   -45.27   36.86
 -11736.909   196.115   -81.91   49.59
 -11451.030   177.959   -63.51   55.80
 -11165.132   161.138   -58.84   57.82
 -10879.214   146.856   -49.95   62.39
 -10593.277   130.051   -58.77   68.46
 -10307.321   114.406   -54.71   69.20
 -10021.346    98.988   -53.91   67.09
  -9735.352    83.537   -54.02   62.45
  -9449.338    72.701   -37.89   61.47
  -9163.305    63.859   -30.91   60.45
  -8877.253    57.877   -20.92   58.51
  -8591.181    62.838    17.34   64.00
  -8305.090    75.926    45.75   67.52
  -8018.980    89.074    45.95   68.25
  -7732.851   109.587    71.69   65.49
  -7446.702   129.415    69.29   59.30
  -7160.534   147.943    64.74   47.74
  -6874.347   157.977    35.06   39.52
  -6588.141   166.417    29.49   35.35
  -6301.915   172.981    22.93   29.76
  -6015.670   180.643    26.77   25.36
  -5729.405   185.351    16.45   23.97
  -5443.122   188.020     9.32   31.65
  -5156.819   188.627     2.12   40.15
  -4870.496   188.303    -1.13   46.26
  -4584.155   182.852   -19.03   55.37
  -4297.794   179.009   -13.42   57.56
  -4011.413   173.230   -20.18   59.75
  -3725.014   167.072   -21.50   59.00
  -3438.595   153.882   -46.05   60.10
  -3152.156   134.230   -68.61   59.58
  -2865.699   118.274   -55.70   56.47
  -2579.222   101.419   -58.83   57.15
  -2292.725    85.968   -53.93   55.45
  -2006.209    70.901   -52.59   51.18
  -1719.674    57.718   -46.01   48.32
  -1433.120    47.503   -35.65   47.04
  -1146.546    40.034   -26.06   44.48
   -859.952    32.726   -25.50   41.86
   -573.340    26.951   -20.15   39.64
   -286.708    22.253   -16.39   34.55
     -0.056    16.993   -18.35   29.06
    286.615    12.443   -15.87   22.83
    573.305     9.440   -10.47   17.03
    860.015     9.257    -0.64   15.16
   1146.744    10.037     2.72   15.23
   1433.492    10.943     3.16   15.38
   1720.260    11.425     1.68   15.22
   2007.048    11.809     1.34   15.27
   2293.855    12.610     2.79   15.51
   2580.681    13.572     3.35   15.39
   2867.527    13.399    -0.60   14.88
   3154.392    14.437     3.62   15.51
   3441.276    16.222     6.22   16.35
   3728.180    19.589    11.74   17.32
   4015.104    24.240    16.21   18.38
   4302.047    29.362    17.85   18.45
   4589.010    32.949    12.50   17.71
   4875.991    36.856    13.61   16.62
   5162.993    39.633     9.68   17.67
   5450.014    40.209     2.01   20.23
   5737.054    43.407    11.14   21.60
   6024.114    44.841     5.00   22.71
   6311.193    47.743    10.11   22.61
   6598.292    50.365     9.13   21.34
   6885.411    52.658     7.99   20.45
   7172.549    54.813     7.51   17.14
   7459.706    56.323     5.26   14.01
   7746.883    54.424    -6.61   12.65
   8034.080    51.532   -10.07   13.70
   8321.296    50.589    -3.28   16.71
   8608.531    50.131    -1.60   19.76
   8895.786    50.879     2.60   21.17
   9183.061    51.567     2.39   22.91
   9470.355    52.470     3.15   25.72
   9757.669    55.407    10.22   28.66
  10045.002    60.055    16.17   30.59
  10332.355    62.359     8.02   29.92
  10619.727    66.116    13.07   31.55
  10907.119    67.247     3.94   33.26
  11194.531    70.158    10.13   35.34
  11481.962    71.123     3.36   35.71
  11769.413    75.968    16.85   38.30
  12056.883    80.113    14.42   42.30
  12344.373    86.666    22.79   46.70
  12631.883    93.883    25.10   51.19
  12919.412   105.451    40.23   57.38
  13206.961   117.945    43.45   62.78
  13494.529   131.848    48.35   67.34
  13782.117   147.370    53.98   72.34
  14069.725   163.555    56.27   75.23
  14357.352   183.299    68.65   75.37
  14644.999   198.727    53.63   74.05
  14932.665   212.815    48.97   66.81
  15220.351   220.417    26.42   59.86
  15508.057   224.192    13.12   52.32
  15795.783   216.752   -25.86   46.27
  16083.528   209.381   -25.62   42.37
  16371.292   195.928   -46.75   37.93
  16659.077   182.420   -46.94   34.13
  16946.881   167.415   -52.14   30.01
  17234.705   153.576   -48.08   26.01
  17522.548   141.736   -41.14   22.72
  17810.411   130.184   -40.13   18.73
  18098.294   121.768   -29.24   14.91
  18386.197   116.693   -17.63   11.57
  18674.119   117.873     4.10   16.78
  18962.061   122.537    16.20   23.42
  19250.022   130.735    28.47   29.30
  19538.004   141.362    36.90   32.37
  19826.005   152.556    38.87   32.63
  20114.026   159.466    23.99   30.68
  20402.066   161.926     8.54   32.22
  20690.126   162.591     2.31   35.01
  20978.206   161.280    -4.55   37.79
  21266.306   158.301   -10.34   41.13
  21554.425   156.931    -4.76   42.38
  21842.565   156.550    -1.32   42.96
  22130.724   156.865     1.09   39.15
  22418.902   158.693     6.34   35.70
  22707.101   161.580    10.02   32.44
  22995.319   164.487    10.09   30.39
  23283.557   175.089    36.78   34.60
  23571.815   186.604    39.95   37.49
  23860.093   194.963    29.00   39.18
  24148.390   197.098     7.40   38.97
  24436.707   193.940   -10.95   44.61
  24725.044   186.570   -25.56   44.64
  25013.401   180.518   -20.99   45.54
  25301.777   178.197    -8.05   46.82
  25590.174   181.006     9.74   56.78
  25878.590   192.924    41.32   68.07
  26167.026   214.197    73.75   71.34
  26455.482   236.735    78.13   64.54
  26743.958   252.421    54.38   58.39
  27032.453   259.693    25.20   57.99
  27320.968   261.615     6.66   61.38
  27609.504   254.992   -22.95   66.91
  27898.059   250.878   -14.26   65.90
  28186.634   249.642    -4.28   65.07
  28475.228   249.744     0.35   63.81
  28763.843   255.589    20.25   62.90
  29052.477   266.693    38.47   61.69
  29341.132   278.026    39.26   60.69
  29629.806   288.279    35.52   60.01
  29918.500   305.101    58.27   61.65
  30207.214   321.851    58.02   59.31
  30495.948   337.528    54.29   53.61
  30782.080   349.529    41.94   47.51
  31066.701   356.594    24.82   39.02
  31351.341   360.677    14.34   31.27
  31635.999   364.479    13.36   25.52
  31920.676   362.077    -8.44   22.23
  32205.372   358.095   -13.99   20.82
  32490.086   355.116   -10.46   19.48
  32774.819   350.009   -17.94   21.15
  33059.570   343.004   -24.60   23.21
  33344.340   334.868   -28.57   24.05
  33629.128   327.096   -27.29   21.77
  33913.936   321.449   -19.83   17.76
  34198.761   319.734    -6.02   15.43
  34483.606   319.649    -0.30   15.24
  34768.469   323.906    14.94   17.10
  35053.350   328.415    15.83   16.49
  35338.250   332.862    15.61   15.13
  35623.169   336.105    11.38   15.85
  35908.106   334.843    -4.43   20.35
  36193.062   331.051   -13.31   25.62
  36478.037   326.522   -15.89   28.74
  36763.030   315.556   -38.48   29.40
  37048.042   308.898   -23.36   29.12
  37333.073   301.294   -26.68   26.00
  37618.122   294.460   -23.98   22.49
  37903.190   291.384   -10.79   20.12
  38188.276   289.189    -7.70   18.75
  38473.382   286.279   -10.21   16.51
  38758.506   286.886     2.13   18.34
  39043.648   286.321    -1.98   19.99
  39328.809   283.761    -8.98   20.67
  39613.989   281.769    -6.99   21.15
  39899.188   280.810    -3.36   19.50
  40184.405   282.810     7.01   19.71
  40469.641   286.634    13.41   19.72
  40754.896   295.091    29.65   23.55
  41040.169   305.101    35.09   25.37
  41325.461   314.632    33.41   22.32
  41610.772   321.563    24.29   19.06
  41896.101   323.111     5.42   16.28
  42181.450   318.934   -14.64   22.46
  42466.817   307.968   -38.43   32.92
  42752.202   291.644   -57.20   42.69
  43037.607   273.137   -64.85   48.28
  43323.030   254.192   -66.37   50.31
  43608.472   228.513   -89.97   52.98
  43893.932   211.793   -58.57   56.08
  44179.412   196.876   -52.25   57.18
  44464.910   182.915   -48.90   57.94
  44750.427   170.701   -42.78   63.55
  45035.962   153.818   -59.13   69.05
  45321.517   136.820   -59.53   67.50
  45607.090   119.940   -59.11   74.04
  45892.682   103.833   -56.40   78.32
  46178.293    86.934   -59.17   75.59
  46463.922    65.599   -74.70   70.17
  46749.571    48.457   -60.01   62.77
  47035.238    32.357   -56.36   54.56
  47320.924    17.223   -52.97   39.52
  47606.628    11.059   -21.57   26.96
  47892.352     9.029    -7.11   17.68
  48178.094     9.607     2.02   16.80
  48463.855    15.120    19.29   17.58
  48749.635    18.717    12.59   17.31
  49035.434    22.742    14.08   16.48
  49321.252    26.615    13.55   14.54
  49607.088    29.271     9.29   12.37
  49892.944    31.164     6.62    8.79
  50178.818    32.175     3.54    3.44
  50464.711    31.391    -2.74    3.40
  50750.622    30.843    -1.92    3.41
  51036.553    30.464    -1.33    3.36
  51322.503    30.343    -0.42    3.26
  51608.471    30.071    -0.95    3.27
  51894.458    30.340     0.94    3.28
  52180.464    30.555     0.75    2.94
  52466.489    30.684     0.45    2.39
  52752.533    31.095     1.44    2.49
  53038.596    31.280     0.65    2.59
  53324.678    31.167    -0.39    2.73
  53610.778    31.189     0.08    2.69
  53896.898    31.508     1.11    2.82
  54183.036    31.830     1.13    2.83
  54469.193    32.318     1.70    2.96
  54755.370    33.247     3.25    3.41
  55041.565    34.146     3.14    3.45
  55327.779    34.820     2.35    3.33
  55614.011    35.326     1.77    3.13
  55900.263    35.978     2.28    2.99
  56186.534    36.591     2.14    2.63
  56472.824    37.393     2.80    2.37
  56759.132    37.966     2.00    2.47
  57045.460    38.197     0.81    2.38
  57331.807    38.641     1.55    2.73
  57618.172    39.833     4.16    4.37
  57904.557    41.334     5.24    6.17
  58190.960    43.227     6.61    7.77
  58477.382    47.625    15.36   12.00
  58763.824    53.709    21.24   18.17
  59050.284    59.354    19.70   20.66
  59336.763    66.855    26.19   22.23
  59623.262    71.470    16.11   20.40
  59909.779    76.126    16.25   18.95
  60196.315    83.760    26.64   24.29
  60482.871    93.862    35.25   33.13
  60769.445   106.899    45.50   42.80
  61056.038   118.382    40.07   46.83
  61342.651   135.650    60.25   51.91
  61629.282   151.525    55.39   53.47
  61915.932   167.768    56.67   50.62
  62202.602   185.932    63.36   44.73
  62489.290   201.189    53.22   39.50
  62775.997   211.685    36.61   32.82
  63062.724   218.803    24.83   24.83
  63349.469   220.201     4.88   21.45
  63636.234   212.314   -27.50   28.74
  63923.018   200.742   -40.35   37.14
  64209.820   185.180   -54.26   41.42
  64496.642   164.943   -70.56   39.83
  64783.483   147.685   -60.17   31.78
  65070.343   139.522   -28.46   24.66
  65357.221   142.641    10.87   30.95
  65644.119   155.499    44.82   43.59
  65931.037   173.201    61.70   49.61
  66217.973   190.235    59.37   44.81
  66504.928   203.412    45.92   36.49
  66791.902   212.873    32.97   28.24
  67078.896   214.743     6.52   30.19
  67365.908   212.077    -9.29   35.70
  67652.940   204.836   -25.23   41.52
  67939.991   196.904   -27.63   44.75
  68227.061   190.149   -23.53   46.80
  68514.150   180.908   -32.19   46.93
  68801.258   172.849   -28.07   41.32
  69088.385   167.408   -18.95   35.01
  69375.532   161.949   -19.01   31.28
  69662.697   158.642   -11.52   32.07
  69949.882   158.068    -2.00   32.53
  70237.086   162.071    13.94   32.20
  70524.309   164.176     7.33   30.97
  70811.551   165.449     4.43   31.70
  71098.812   169.235    13.18   35.00
  71386.093   175.915    23.25   39.62
  71673.392   185.301    32.67   43.64
  71960.711   194.433    31.78   48.17
  72248.049   203.520    31.63   49.86
  72535.406   214.916    39.66   50.91
  72822.783   225.010    35.13   51.07
  73110.178   234.265    32.20   48.72
  73397.593   239.180    17.10   50.83
  73685.027   243.239    14.12   51.92
  73972.480   246.443    11.15   52.82
  74259.953   249.197     9.58   51.42
  74547.444   251.351     7.49   50.39
  74834.955   256.506    17.93   48.52
  75122.485   259.466    10.29   43.23
  75410.035   261.149     5.86   35.48
  75697.603   263.685     8.82   32.35
  75985.191   265.400     5.96   27.47
  76272.798   263.787    -5.61   22.76
  76560.424   260.676   -10.82   23.43
  76848.070   260.822     0.51   24.14
  77135.734   261.869     3.64   24.15
  77423.418   261.862    -0.02   25.25
  77711.122   265.306    11.97   23.59
  77998.844   270.626    18.49   22.80
  78286.586   275.718    17.70   22.64
  78574.347   281.396    19.73   22.03
  78862.128   286.197    16.68   19.78
  79149.927   287.395     4.16   15.75
  79437.746   286.718    -2.35   13.02
  79725.585   284.943    -6.17   12.05
  80013.442   282.693    -7.82   12.51
  80301.319   279.633   -10.63   12.41
  80589.215   279.125    -1.77   14.49
  80877.131   280.570     5.02   16.97
  81165.065   282.489     6.67   18.26
  81453.020   286.518    13.99   18.46
  81740.993   290.541    13.97   18.57
  82028.986   293.301     9.58   18.39
  82316.998   296.402    10.77   18.02
  82605.030   299.133     9.48   17.92
  82893.080   299.709     2.00   16.71
  83181.151   297.864    -6.41   17.34
  83469.240   295.882    -6.88   17.99
  83757.349   291.148   -16.43   20.96
  84045.477   285.537   -19.48   24.70
  84333.625   283.616    -6.67   25.00
  84621.792   278.184   -18.85   29.63
  84909.978   274.643   -12.29   31.87
  85198.184   274.511    -0.46   31.82
  85486.409   275.851     4.65   29.88
  85774.654   278.396     8.83   25.48
  86062.918   282.335    13.67   22.97
  86351.201   286.955    16.03   21.48
  86639.504   291.735    16.58   20.86
  86927.826   292.548     2.82   20.59
  87216.168   289.766    -9.65   25.21
  87504.529   282.951   -23.63   33.17
  87792.909   269.576   -46.38   41.74
  88081.309   252.660   -58.66   46.18
  88369.728   237.658   -52.02   43.02
  88658.167   226.726   -37.90   41.14
  88946.625   219.767   -24.13   44.95
  89235.103   216.676   -10.71   48.62
  89523.600   219.269     8.99   52.16
  89812.116   222.074     9.72   52.63
  90100.652   226.357    14.84   54.17
  90389.208   225.587    -2.67   52.72
  90677.783   223.261    -8.06   48.97
  90966.377   220.774    -8.62   46.44
  91254.991   219.242    -5.31   41.78
  91543.624   220.057     2.82   36.12
  91832.277   216.240   -13.23   31.85
  92120.949   211.726   -15.64   28.91
  92409.641   204.693   -24.36   28.97
  92695.404   194.068   -37.18   34.66
  92980.064   176.676   -61.10   42.30
  93264.743   155.337   -74.96   48.95
  93549.440   123.718  -111.07   60.31
  93834.155    94.876  -101.31   61.70
  94118.888    75.447   -68.24   51.53
  94403.639    64.550   -38.27   42.31
  94688.408    61.286   -11.46   34.75
  94973.196    63.677     8.40   33.07
  95258.002    74.120    36.67   32.50
  95542.826    91.430    60.78   30.92
  95827.669   107.834    57.59   31.58
  96112.529   122.143    50.23   34.00
  96397.408   136.894    51.78   33.78
  96682.305   150.123    46.43   29.18
  96967.220   161.628    40.38   22.58
  97252.153   170.779    32.12   15.75
  97537.105   175.209    15.55   13.41
  97822.075   179.725    15.85   13.37
  98107.063   183.836    14.42   13.68
  98392.069   189.888    21.24   14.18
  98677.094   193.065    11.15   15.51
  98962.137   196.667    12.64   14.61
  99247.198   199.351     9.42   13.36
  99532.277   200.643     4.53   11.78
  99817.375   200.288    -1.24   10.68
 100102.491   197.968    -8.14   10.89
 100387.625   194.417   -12.46   12.48
 100672.778   189.540   -17.10   14.04
 100957.949   184.460   -17.82   13.44
 101243.138   181.726    -9.59   12.37
 101528.345   180.119    -5.63   11.75
 101813.571   180.342     0.78   12.51
 102098.815   180.796     1.59   13.49
 102384.077   181.156     1.26   13.96
 102669.358   182.015     3.01   13.63
 102954.656   181.348    -2.34   11.95
 103239.974   183.290     6.81   11.96
 103525.309   185.506     7.77   14.43
 103810.663   187.813     8.09   15.53
 104096.035   192.392    16.05   17.37
 104381.426   197.313    17.24   19.52
 104666.835   202.894    19.56   22.72
 104952.262   208.684    20.29   24.49
 105237.707   212.197    12.31   24.86
 105523.171   213.086     3.11   25.24
 105808.653   212.581    -1.77   26.47
 106094.154   208.262   -15.13   29.23
 106379.673   199.280   -31.46   29.82
 106665.210   189.727   -33.46   27.56
 106950.766   180.509   -32.28   23.90
 107236.340   172.635   -27.57   19.69
 107521.932   168.583   -14.19   17.18
 107807.543   165.772    -9.84   13.87
 108093.173   165.737    -0.12   12.41
