-101747.011   160.993     0.00    9.47
-101460.361   161.336     1.20    9.64
-101173.716   161.566     0.80    9.36
-100887.074   161.193    -1.30    9.24
-100600.437   160.109    -3.78    9.20
-100313.804   159.325    -2.74    9.24
-100027.174   158.077    -4.35    9.22
 -99740.549   156.549    -5.33    8.77
 -99453.928   155.865    -2.39    8.02
 -99167.310   154.935    -3.25    6.76
 -98880.697   154.511    -1.48    5.59
 -98594.088   154.456    -0.19    5.39
 -98307.483   154.737     0.98    6.51
 -98020.881   154.452    -0.99    7.54
 -97734.284   153.879    -2.00    7.63
 -97447.691   153.955     0.27    8.61
 -97161.102   155.879     6.71   11.99
 -96874.516   159.459    12.49   14.77
 -96587.935   164.034    15.96   16.52
 -96301.358   167.185    10.99   17.02
 -96014.785   169.851     9.31   16.54
 -95728.216   169.949     0.34   16.33
 -95441.650   167.753    -7.66   15.56
 -95155.089   163.928   -13.35   14.51
 -94868.532   160.778   -10.99   12.19
 -94581.979   158.410    -8.26   10.96
 -94295.430   156.186    -7.76   10.61
 -94008.884   154.183    -6.99   11.24
 -93722.343   152.558    -5.67   11.63
 -93435.806   151.243    -4.59   11.64
 -93149.273   150.170    -3.74    9.88
 -92862.744   149.019    -4.02    8.30
 -92576.219   148.644    -1.31    6.91
 -92289.697   148.726     0.29    6.40
 -92003.180   147.721    -3.51    6.57
 -91716.667   145.893    -6.38    7.09
 -91430.158   143.343    -8.90    7.52
 -91143.653   141.389    -6.82    7.20
 -90857.152   139.755    -5.70    6.08
 -90570.655   138.956    -2.79    4.89
 -90284.161   138.667    -1.01    4.65
 -89997.672   138.414    -0.88    4.46
 -89711.187   138.046    -1.28    4.27
 -89424.706   137.778    -0.94    4.01
 -89138.229   137.474    -1.06    4.05
 -88851.756   137.438    -0.12    4.12
 -88565.287   138.431     3.47    4.71
 -88278.821   140.659     7.78    5.60
 -87992.360   143.335     9.34    5.46
 -87705.903   145.392     7.18    5.18
 -87419.450   146.766     4.80    5.13
 -87133.001   147.672     3.16    4.48
 -86846.556   148.557     3.09    4.42
 -86560.115   150.038     5.17    4.96
 -86273.678   151.748     5.97    5.71
 -85987.244   154.176     8.47    7.01
 -85700.815   156.786     9.11    7.42
 -85414.390   159.289     8.74    6.76
 -85127.969   161.557     7.92    4.82
 -84841.552   162.787     4.29    4.40
 -84555.139   162.928     0.49    4.79
 -84268.730   162.676    -0.88    4.88
 -83982.324   162.424    -0.88    4.69
 -83695.923   162.162    -0.92    5.04
 -83409.526   161.296    -3.02    7.08
 -83123.133   160.226    -3.74    9.12
 -82836.744   158.553    -5.84   10.45
 -82550.359   157.382    -4.09   10.78
 -82263.977   156.587    -2.78   10.62
 -81977.600   156.688     0.35   10.62
 -81691.227   157.977     4.50   10.13
 -81404.858   159.676     5.93    8.14
 -81118.493   160.851     4.10    4.95
 -80832.131   160.164    -2.40    4.78
 -80545.774   158.878    -4.49    5.58
 -80259.421   157.062    -6.34    5.75
 -79973.072   154.793    -7.93    4.66
 -79686.727   152.599    -7.66    3.62
 -79400.385   150.843    -6.13    3.28
 -79114.048   149.759    -3.79    3.04
 -78827.715   149.310    -1.57    3.26
 -78541.386   148.836    -1.65    3.04
 -78255.060   148.225    -2.13    2.80
 -77968.739   146.815    -4.93    3.04
 -77682.422   145.403    -4.93    3.56
 -77396.109   144.206    -4.18    3.96
 -77109.799   143.456    -2.62    4.01
 -76823.494   142.049    -4.91    4.08
 -76537.193   140.085    -6.86    3.70
 -76250.895   138.729    -4.74    3.61
 -75964.602   137.789    -3.28    3.72
 -75678.313   136.719    -3.74    3.53
 -75392.027   135.844    -3.06    3.30
 -75105.746   135.892     0.17    3.54
 -74819.469   135.656    -0.83    3.72
 -74533.195   134.653    -3.50    4.83
 -74246.926   131.977    -9.35    8.43
 -73960.661   128.604   -11.78   11.07
 -73674.399   124.702   -13.63   12.16
 -73388.142   119.963   -16.56   11.56
 -73101.888   115.787   -14.59    9.24
 -72815.639   114.516    -4.44    8.18
 -72529.393   114.970     1.58    8.26
 -72243.152   117.733     9.65    8.84
 -71956.915   120.197     8.61    8.79
 -71670.681   122.344     7.50    7.64
 -71384.452   123.396     3.67    6.20
 -71098.226   123.606     0.74    4.34
 -70812.005   123.013    -2.07    3.90
 -70525.787   121.490    -5.32    4.06
 -70239.573   120.531    -3.35    3.61
 -69953.364   119.719    -2.83    3.17
 -69667.158   119.481    -0.83    3.09
 -69380.957   118.949    -1.86    2.96
 -69094.759   118.575    -1.31    2.78
 -68808.565   118.760     0.65    2.65
 -68522.376   118.227    -1.86    2.97
 -68236.190   117.275    -3.33    3.01
 -67950.009   116.160    -3.90    3.00
 -67663.831   115.071    -3.80    3.29
 -67377.657   113.906    -4.07    3.76
 -67091.487   113.111    -2.78    4.00
 -66805.322   112.254    -2.99    3.87
 -66519.160   111.442    -2.84    3.90
 -66233.002   110.629    -2.84    3.82
 -65946.848   110.345    -0.99    3.20
 -65660.699   109.835    -1.78    3.15
 -65374.553   108.892    -3.30    3.74
 -65088.411   107.810    -3.78    4.52
 -64802.273   106.476    -4.66    5.02
 -64516.139   105.142    -4.66    5.05
 -64230.009   103.701    -5.04    5.28
 -63943.884   101.735    -6.87    4.77
 -63657.762    99.892    -6.44    3.96
 -63371.644    97.768    -7.42    4.06
 -63085.530    95.731    -7.12    5.05
 -62799.420    93.431    -8.04    6.45
 -62513.314    90.324   -10.86    7.65
 -62227.212    86.805   -12.30    7.98
 -61941.114    83.326   -12.16    8.13
 -61655.020    79.963   -11.76    7.07
 -61368.930    77.291    -9.34    5.32
 -61082.844    75.186    -7.36    3.65
 -60796.761    73.859    -4.64    2.98
 -60510.683    72.532    -4.64    3.18
 -60224.609    71.499    -3.61    3.79
 -59938.539    70.690    -2.83    3.76
 -59652.473    69.507    -4.14    3.66
 -59366.411    67.969    -5.38    3.56
 -59080.352    66.700    -4.44    3.39
 -58794.298    65.778    -3.23    3.14
 -58508.248    64.935    -2.95    3.81
 -58222.201    64.640    -1.03    4.59
 -57936.159    65.019     1.32    5.48
 -57650.121    66.193     4.11    6.64
 -57364.086    67.805     5.64    7.47
 -57078.056    69.718     6.69    8.22
 -56792.030    71.597     6.57    7.47
 -56506.007    72.699     3.85    6.12
 -56219.989    73.181     1.69    5.07
 -55933.974    72.681    -1.75    4.50
 -55647.964    71.729    -3.33    4.14
 -55361.957    70.789    -3.29    4.12
 -55075.954    69.770    -3.56    3.31
 -54789.956    69.206    -1.97    3.02
 -54503.796    68.592    -2.15    3.16
 -54216.862    67.900    -2.41    3.48
 -53929.932    68.107     0.72    4.49
 -53643.007    68.858     2.62    5.61
 -53356.087    70.325     5.11    7.15
 -53069.172    71.181     2.98    8.04
 -52782.261    72.061     3.07    9.13
 -52495.356    72.824     2.66    9.29
 -52208.455    72.706    -0.41    8.63
 -51921.558    72.085    -2.16    7.66
 -51634.667    70.485    -5.58    7.77
 -51347.780    68.857    -5.67    7.97
 -51060.898    66.844    -7.02    8.43
 -50774.020    66.026    -2.85    8.47
 -50487.148    65.561    -1.62    8.33
 -50200.280    65.608     0.16    8.04
 -49913.417    66.807     4.18    8.53
 -49626.559    69.296     8.68    9.37
 -49339.705    73.164    13.48   10.23
 -49052.856    77.809    16.19   10.69
 -48766.012    82.656    16.90   10.29
 -48479.173    86.992    15.12    9.12
 -48192.338    90.410    11.92    7.07
 -47905.508    92.921     8.75    5.13
 -47618.683    94.599     5.85    3.60
 -47331.863    95.026     1.49    3.13
 -47045.047    94.835    -0.67    3.13
 -46758.236    94.105    -2.54    3.43
 -46471.430    93.256    -2.96    3.59
 -46184.628    92.403    -2.98    3.82
 -45897.832    91.509    -3.12    3.70
 -45611.040    91.006    -1.76    3.56
 -45324.252    90.779    -0.79    3.76
 -45037.470    90.550    -0.80    3.71
 -44750.692    90.235    -1.10    3.42
 -44463.919    89.822    -1.44    3.13
 -44177.151    89.097    -2.53    3.12
 -43890.387    88.357    -2.58    3.03
 -43603.629    87.592    -2.67    3.18
 -43316.875    87.536    -0.20    3.51
 -43030.125    87.699     0.57    3.74
 -42743.381    88.165     1.63    3.25
 -42456.641    88.256     0.32    3.18
 -42169.906    88.496     0.84    3.49
 -41883.175    88.404    -0.32    4.38
 -41596.450    88.058    -1.21    4.74
 -41309.729    86.956    -3.84    4.92
 -41023.013    85.594    -4.75    5.37
 -40736.301    83.798    -6.27    5.27
 -40449.595    81.386    -8.41    4.61
 -40162.893    79.275    -7.36    4.78
 -39876.196    77.739    -5.36    4.31
 -39589.503    76.676    -3.71    3.87
 -39302.815    75.963    -2.49    3.44
 -39016.132    75.438    -1.83    3.08
 -38729.454    74.873    -1.97    3.18
 -38442.781    74.254    -2.16    3.09
 -38156.112    73.625    -2.19    3.37
 -37869.448    72.535    -3.80    3.38
 -37582.788    71.385    -4.01    3.10
 -37296.134    70.114    -4.43    3.10
 -37009.484    69.295    -2.86    2.96
 -36722.839    69.317     0.07    3.26
 -36436.198    69.493     0.61    3.18
 -36149.563    68.942    -1.92    3.44
 -35862.932    68.100    -2.94    3.54
 -35576.305    68.195     0.33    3.59
 -35289.684    69.011     2.85    3.90
 -35003.067    69.899     3.10    4.40
 -34716.455    70.620     2.52    4.56
 -34429.848    71.872     4.37    4.79
 -34143.245    73.359     5.19    4.72
 -33856.647    74.608     4.36    4.29
 -33570.054    74.970     1.26    4.30
 -33283.466    74.699    -0.95    4.36
 -32996.882    74.113    -2.04    4.20
 -32710.303    73.157    -3.34    4.03
 -32423.729    71.753    -4.90    3.91
 -32137.159    70.452    -4.54    3.56
 -31850.595    70.005    -1.56    3.30
 -31564.035    70.209     0.71    3.45
 -31277.479    70.505     1.03    3.60
 -30990.929    70.636     0.46    3.80
 -30704.383    71.018     1.33    3.98
 -30417.842    72.485     5.12    4.17
 -30131.305    73.991     5.26    4.27
 -29844.774    75.233     4.33    4.19
 -29558.247    76.357     3.93    4.17
 -29271.724    77.040     2.38    4.07
 -28985.207    77.318     0.97    4.08
 -28698.694    76.827    -1.71    3.96
 -28412.186    75.637    -4.15    3.75
 -28125.683    74.809    -2.89    3.61
 -27839.184    73.732    -3.76    2.83
 -27552.690    72.371    -4.75    2.63
 -27266.201    70.977    -4.87    3.40
 -26979.716    69.211    -6.16    3.67
 -26693.237    67.522    -5.90    4.18
 -26406.761    65.466    -7.18    4.57
 -26120.291    63.456    -7.02    4.58
 -25833.826    61.834    -5.66    4.23
 -25547.365    60.285    -5.41    4.00
 -25260.909    58.561    -6.02    4.34
 -24974.457    54.452   -14.34    8.53
 -24688.010    49.220   -18.26   13.45
 -24401.568    41.421   -27.23   18.41
 -24115.131    34.128   -25.46   20.08
 -23828.698    26.294   -27.35   19.19
 -23542.271    19.935   -22.20   14.99
 -23255.847    16.743   -11.14   10.79
 -22969.429    15.010    -6.05    8.64
 -22683.015    13.870    -3.98    8.93
 -22396.606    13.978     0.38    9.26
 -22110.202    14.935     3.34    9.75
 -21823.803    16.914     6.91    9.11
 -21537.408    16.982     0.24    9.24
 -21251.018    16.328    -2.29    9.42
 -20964.632    16.942     2.15    9.07
 -20678.251    17.884     3.29    8.55
 -20391.875    17.976     0.32    8.55
 -20105.504    17.400    -2.01    8.53
 -19819.138    17.886     1.69    8.81
 -19532.776    20.136     7.86    7.43
 -19246.419    21.179     3.64    6.77
 -18960.066    22.284     3.86    5.73
 -18673.719    22.376     0.32    5.71
 -18387.376    22.837     1.61    5.28
 -18101.037    23.971     3.96    3.68
 -17814.704    24.678     2.47    2.24
 -17528.375    25.034     1.24    2.37
 -17242.051    25.403     1.29    2.64
 -16955.731    25.512     0.38    2.75
 -16669.416    25.424    -0.31    2.73
 -16383.106    25.459     0.12    2.83
 -16096.801    25.381    -0.27    3.31
 -15810.501    24.706    -2.36    3.90
 -15524.205    23.222    -5.18    4.46
 -15237.913    21.277    -6.79    4.20
 -14951.627    19.728    -5.41    3.78
 -14665.345    18.791    -3.27    3.44
 -14379.068    17.823    -3.38    3.31
 -14092.796    17.026    -2.78    3.08
 -13806.528    16.970    -0.20    3.44
 -13520.265    17.736     2.68    3.75
 -13234.007    17.663    -0.25    4.25
 -12947.753    16.035    -5.69    7.28
 -12661.504    12.615   -11.95   10.16
 -12375.260     9.879    -9.56   10.83
 -12089.021     7.604    -7.95   10.94
 -11802.786     7.020    -2.04   10.68
 -11516.556     5.323    -5.93   10.11
 -11230.331     3.546    -6.21    9.07
 -10944.110     4.907     4.76    9.00
 -10657.894     6.754     6.45    9.12
 -10371.683     7.633     3.07    9.53
 -10085.477     8.064     1.51    9.42
  -9799.275     9.515     5.07    8.89
  -9513.078    11.717     7.69    7.19
  -9226.885    12.486     2.69    6.02
  -8940.698    12.613     0.45    6.13
  -8654.515    12.697     0.29    5.97
  -8368.336    12.517    -0.63    5.41
  -8082.163    12.838     1.12    4.84
  -7795.994    12.654    -0.64    4.32
  -7509.830    12.417    -0.83    4.30
  -7223.670    12.395    -0.08    4.05
  -6937.516    12.985     2.06    4.06
  -6651.365    13.508     1.83    4.53
  -6365.220    13.109    -1.39    5.00
  -6079.079    11.296    -6.34    6.61
  -5792.943     9.370    -6.73    7.66
  -5506.812     7.970    -4.89    8.20
  -5220.685     6.463    -5.27    7.99
  -4934.564     4.550    -6.69    6.99
  -4648.446     3.658    -3.12    6.47
  -4362.334     4.445     2.75    6.89
  -4076.226     6.196     6.12    7.23
  -3790.123     7.756     5.45    8.14
  -3504.025     8.921     4.07    8.82
  -3217.931    10.061     3.98    9.37
  -2931.842    12.216     7.54    9.54
  -2645.757    14.552     8.16    8.43
  -2359.678    14.495    -0.20    8.53
  -2073.603    12.808    -5.90    9.60
  -1787.533     9.718   -10.80   10.24
  -1501.467     5.858   -13.49    9.50
  -1215.406     2.604   -11.38    7.21
   -929.350     0.135    -8.63    4.01
   -643.299    -1.044    -4.12    0.19
   -357.252    -1.065    -0.07    0.00
    -71.210    -1.065     0.00    0.00
    214.828    -1.065     0.00    0.00
    500.860    -1.065     0.00    0.00
    786.888    -1.065     0.00    0.00
   1072.912    -1.065     0.00    0.00
   1358.930    -1.065     0.00    0.00
   1644.944    -1.065     0.00    0.00
   1930.954    -1.065     0.00    0.00
   2216.958    -1.065     0.00    0.00
   2502.958    -1.065     0.00    0.00
   2788.953    -1.072    -0.02    0.08
   3074.944     1.369     8.54    8.99
   3360.930     7.576    21.70   18.38
   3646.911    18.792    39.22   29.00
   3932.887    34.928    56.42   39.29
   4218.859    50.192    53.38   43.83
   4504.826    66.606    57.40   45.21
   4790.788    78.350    41.07   44.25
   5076.746    82.991    16.23   46.59
   5362.699    81.445    -5.41   49.44
   5648.647    80.284    -4.06   50.14
   5934.591    75.216   -17.72   46.74
   6220.530    71.012   -14.71   43.97
   6506.464    68.287    -9.53   39.23
   6792.394    67.563    -2.53   34.52
   7078.318    66.785    -2.72   28.26
   7364.502    63.382   -11.89   23.60
   7651.514    59.403   -13.86   23.08
   7938.521    59.056    -1.21   24.92
   8225.522    60.178     3.91   31.03
   8512.518    61.068     3.10   37.14
   8799.508    62.528     5.08   40.49
   9086.493    64.179     5.76   39.34
   9373.472    60.654   -12.28   38.16
   9660.446    51.294   -32.62   35.83
   9947.414    41.435   -34.36   32.00
  10234.377    33.880   -26.33   25.91
  10521.335    29.137   -16.53   20.85
  10808.287    23.623   -19.22   15.49
  11095.233    22.021    -5.58   12.44
  11382.174    27.079    17.63   13.48
  11669.110    33.343    21.83   15.83
  11956.040    41.539    28.56   21.73
  12242.964    51.828    35.86   26.03
  12529.883    62.928    38.69   26.82
  12816.797    74.990    42.04   25.05
  13103.705    84.990    34.86   21.69
  13390.608    93.431    29.42   17.43
  13677.505    98.745    18.52   14.35
  13964.397   102.571    13.34   12.17
  14251.283   105.305     9.53   10.02
  14538.164   106.851     5.39    8.46
  14825.039   106.927     0.27    7.45
  15111.909   106.304    -2.17    6.59
  15398.774   106.505     0.70    6.53
  15685.633   107.133     2.19    7.71
  15972.486   108.849     5.98   10.60
  16259.334   112.163    11.55   13.89
  16546.177   117.329    18.01   17.11
  16833.014   122.732    18.84   18.43
  17119.846   127.171    15.48   18.19
  17406.672   130.618    12.02   18.50
  17693.493   133.064     8.53   19.33
  17980.308   133.060    -0.02   20.32
  18267.118   131.763    -4.52   21.06
  18553.922   129.399    -8.24   20.94
  18840.721   126.129   -11.40   19.75
  19127.515   122.086   -14.10   18.88
  19414.303   116.996   -17.75   18.50
  19701.085   112.799   -14.64   17.55
  19987.862   110.014    -9.71   16.36
  20274.634   106.474   -12.34   14.59
  20561.400   104.725    -6.10   13.66
  20848.161   105.688     3.36   15.05
  21134.916   108.289     9.07   16.28
  21421.666   112.712    15.42   15.78
  21708.410   115.793    10.75   15.29
  21995.149   117.543     6.10   13.57
  22281.882   116.984    -1.95   13.15
  22568.610   113.181   -13.26   15.83
  22855.333   106.270   -24.10   20.01
  23142.050    97.186   -31.68   22.51
  23428.761    86.787   -36.27   21.20
  23715.467    77.842   -31.20   17.59
  24002.168    70.999   -23.87   13.18
  24288.863    66.678   -15.07    9.55
  24575.553    64.417    -7.89    7.05
  24862.238    64.704     1.00    6.62
  25148.916    65.171     1.63    6.27
  25435.590    65.143    -0.10    6.16
  25722.258    65.338     0.68    5.44
  26008.920    65.296    -0.15    4.72
  26295.577    65.085    -0.73    4.25
  26582.229    64.970    -0.40    3.46
  26868.875    65.000     0.10    3.11
  27155.516    65.826     2.88    3.37
  27442.151    66.880     3.68    3.29
  27728.781    67.669     2.75    2.91
  28015.406    67.963     1.03    2.14
  28302.024    68.438     1.66    1.92
  28588.638    68.753     1.10    2.11
  28875.246    69.093     1.19    2.75
  29161.849    69.761     2.33    3.66
  29448.446    70.935     4.09    4.16
  29735.038    72.266     4.64    4.27
  30021.624    74.146     6.56    5.28
  30308.205    75.998     6.46    6.86
  30594.780    78.103     7.34    7.97
  30881.350    80.703     9.07    8.19
  31167.914    83.467     9.65    7.68
  31454.474    86.557    10.78    6.45
  31741.027    89.005     8.54    4.66
  32027.575    89.546     1.89    4.47
  32314.118    89.528    -0.07    4.70
  32600.655    89.421    -0.37    5.53
  32887.187    89.900     1.67    6.07
  33173.714    89.585    -1.10    6.48
  33460.235    88.266    -4.60    6.51
  33746.750    86.935    -4.65    6.19
  34033.260    85.578    -4.74    5.99
  34319.765    85.376    -0.70    5.50
  34606.264    85.403     0.09    5.28
  34892.758    84.971    -1.51    5.32
  35179.246    83.503    -5.12    6.04
  35465.729    82.331    -4.09    6.59
  35752.207    80.085    -7.84    5.86
  36038.679    77.849    -7.81    5.85
  36325.145    75.220    -9.18    6.51
  36611.606    73.410    -6.32    7.18
  36898.062    72.557    -2.98    7.47
  37184.512    72.261    -1.03    8.03
  37470.957    71.935    -1.14    7.97
  37757.397    72.196     0.91    8.21
  38043.831    74.153     6.83    7.72
  38330.259    77.005     9.96    5.73
  38616.682    79.456     8.56    4.91
  38903.100    81.013     5.44    4.68
  39189.512    82.413     4.89    3.63
  39475.919    83.256     2.94    2.98
  39762.321    83.456     0.70    2.79
  40048.717    83.178    -0.97    3.03
  40335.107    83.304     0.44    3.32
  40621.492    83.259    -0.16    3.85
  40907.872    84.547     4.50    5.26
  41194.246    86.597     7.16    6.81
  41480.615    89.710    10.87    8.82
  41766.979    94.130    15.44   10.41
  42053.336    98.983    16.95   11.06
  42339.689   104.394    18.89   10.60
  42626.036   108.718    15.10    8.83
  42912.378   113.085    15.25    8.25
  43198.714   117.692    16.09    9.18
  43485.045   122.403    16.45   10.03
  43771.370   127.214    16.80   11.40
  44057.690   131.772    15.92   13.14
  44344.005   136.203    15.48   13.19
  44630.314   139.820    12.64   12.58
  44916.618   143.538    12.98   11.55
  45202.916   146.962    11.96   11.09
  45489.209   149.848    10.08   10.10
  45775.497   152.870    10.56    9.31
  46061.779   155.963    10.80    8.06
  46348.055   159.121    11.03    7.94
  46634.326   161.962     9.93    7.60
  46920.592   163.503     5.38    6.54
  47206.852   163.582     0.28    6.54
  47493.107   161.859    -6.02    8.54
  47779.357   159.023    -9.91   10.08
  48065.601   155.216   -13.30   10.44
  48351.840   152.215   -10.48    9.42
  48638.073   151.349    -3.03    9.24
  48924.301   152.473     3.93   10.56
  49210.523   156.171    12.92   13.91
  49496.740   162.812    23.20   17.19
  49782.952   169.856    24.61   18.77
  50069.158   179.033    32.06   19.85
  50355.359   188.641    33.57   21.41
  50641.554   197.759    31.86   21.98
  50927.744   206.594    30.87   21.59
  51213.929   214.525    27.71   21.12
  51500.108   222.331    27.28   18.98
  51786.281   229.280    24.28   15.34
  52072.450   235.552    21.92   10.99
  52358.612   240.256    16.44    8.64
  52644.770   243.913    12.78    7.41
  52930.922   246.393     8.67    7.14
  53217.069   248.087     5.92    7.29
  53503.210   249.064     3.41    7.34
  53789.346   249.826     2.66    6.96
  54075.476   250.459     2.21    6.64
  54361.601   250.765     1.07    6.64
  54647.721   251.872     3.87    7.10
  54933.835   254.179     8.07    8.07
  55219.943   257.309    10.94    8.50
  55506.047   259.831     8.81    8.71
  55792.145   262.543     9.48    8.16
  56078.237   264.723     7.62    7.60
  56364.324   265.963     4.33    7.51
  56650.406   266.185     0.77    7.99
  56936.482   265.417    -2.68    8.17
  57222.553   264.530    -3.10    8.07
  57508.619   263.194    -4.67    7.70
  57794.679   261.028    -7.57    7.49
  58080.734   258.949    -7.27    7.20
  58366.783   256.872    -7.26    6.39
  58652.827   253.900   -10.39    5.90
  58938.865   251.251    -9.26    5.73
  59224.898   248.309   -10.29    5.38
  59510.926   245.767    -8.89    5.55
  59796.948   243.962    -6.31    5.34
  60082.965   241.674    -8.00    5.13
  60368.977   240.333    -4.69    4.48
  60654.983   239.935    -1.39    4.27
  60940.983   239.636    -1.04    4.63
  61226.979   240.052     1.45    4.49
  61512.968   240.566     1.80    4.21
  61798.953   241.163     2.09    3.96
  62084.932   241.663     1.75    3.80
  62370.906   242.871     4.22    4.27
  62656.874   244.667     6.28    4.77
  62942.837   246.237     5.49    4.78
  63228.794   247.827     5.56    4.78
  63514.746   249.350     5.33    4.68
  63800.693   251.054     5.96    4.13
  64086.634   252.277     4.28    3.83
  64372.570   252.478     0.70    3.59
  64658.501   251.877    -2.10    4.26
  64944.426   250.298    -5.52    5.29
  65230.345   248.601    -5.94    6.13
  65516.260   247.169    -5.01    6.22
  65802.169   246.542    -2.19    6.03
  66088.072   247.349     2.82    7.08
  66373.970   250.311    10.36    8.21
  66659.863   253.893    12.53    8.60
  66945.750   257.992    14.34    8.83
  67231.632   261.570    12.52    9.79
  67517.509   265.745    14.60   10.44
  67803.380   269.872    14.44   11.18
  68089.246   273.658    13.25   11.57
  68375.106   277.101    12.05   11.10
  68660.961   279.249     7.51   10.90
  68946.811   282.136    10.10   11.47
  69233.037   284.172     7.11   11.47
  69520.128   286.064     6.59   11.45
  69807.212   286.292     0.79   12.09
  70094.290   287.228     3.26   13.73
  70381.362   288.044     2.84   14.00
  70668.428   289.505     5.09   13.81
  70955.487   290.413     3.16   12.94
  71242.540   292.623     7.70   13.02
  71529.587   296.404    13.17   12.43
  71816.628   299.280    10.02   11.64
  72103.663   303.028    13.06   10.08
  72390.691   306.842    13.29    9.29
  72677.714   311.519    16.29    8.74
  72964.730   316.005    15.63    8.90
  73251.740   320.087    14.22    9.53
  73538.743   324.326    14.77   10.49
  73825.741   327.821    12.18   11.08
  74112.732   330.459     9.19   11.68
  74399.717   332.442     6.91   11.98
  74686.696   332.834     1.37   12.48
  74973.669   333.249     1.45   12.89
  75260.635   333.823     2.00   12.09
  75547.596   335.395     5.48   10.25
  75834.550   336.587     4.15   10.28
  76121.498   339.728    10.95   10.26
  76408.440   341.771     7.12    9.53
  76695.375   344.704    10.22    8.88
  76982.305   346.028     4.61    9.30
  77269.228   346.571     1.89   11.25
  77556.145   345.324    -4.35   13.87
  77843.056   344.051    -4.44   13.95
  78129.960   341.392    -9.27   14.05
  78416.859   339.709    -5.86   13.35
  78703.751   338.061    -5.74   12.29
  78990.637   335.928    -7.44   10.95
  79277.517   333.251    -9.33    9.53
  79564.391   330.984    -7.90    9.08
  79851.258   328.754    -7.77    8.79
  80138.120   325.759   -10.44    7.92
  80424.975   322.811   -10.27    6.76
  80711.824   319.743   -10.70    6.09
  80998.667   316.942    -9.77    6.18
  81285.503   313.195   -13.06    7.35
  81572.334   308.409   -16.68    9.25
  81859.158   302.506   -20.58   11.57
  82145.976   297.790   -16.44   12.24
  82432.788   293.818   -13.85   11.52
  82719.594   289.978   -13.39   10.21
