# NaN NaN NaN ;Mean Elev.(m), Avg Gradient(m/km), RMS Gradient(m/km) - SRTM1     
#   18.694  -2.617  11.652 ;Mean Elev.(m), Avg Gradient(m/km), RMS Gradient(m/km) - ASTER GDEM
#   27.030  -1.484  10.372 ;Mean Elev.(m), Avg Gradient(m/km), RMS Gradient(m/km) - GMTED2010 
   1 124.434142  65.252057    47.745    48.602  3 54664.16810921 26.929
   2 124.432765  65.253162    48.262    48.262  2 54674.08375396 23.297
   3 124.438088  65.255347    -3.514    -5.471  4 54683.99939795 15.533
   5 124.432876  65.254134     4.940     4.940  2 54703.83067886 14.701
   6 124.435638  65.252292    47.461    48.180  3 54713.74632919 25.273
   7 124.435929  65.250575    12.407    12.390  3 54723.66197974 13.004
   8 124.436615  65.250542    46.321    46.366  3 54733.57762814 27.419
   9 124.434212  65.251925    47.750    48.385  3 54743.49327495 24.469
  10 124.433770  65.253171    44.264    44.264  2 54753.40892163 44.722
  11 124.433316  65.252719    43.519    43.519  2 54763.32456766 39.430
  12 124.437384  65.251122    42.896    42.884  3 54773.24021145 36.484
  13 124.438447  65.249585    45.712    45.791  3 54783.15585220 17.543
  14 124.437587  65.249533    46.060    46.148  3 54793.07149056 16.301
  15 124.433905  65.250784    45.720    45.697  3 54802.98712768 15.577
  16 124.436374  65.252420    46.018    46.018  2 54812.90276513 15.025
  17 124.435864  65.252650    46.003    45.839  3 54822.81840808 14.571
  18 124.433676  65.251897    45.769    45.744  3 54832.73404810 13.767
  19 124.433368  65.252141    45.861    45.861  2 54842.64969818 13.495
  20 124.434014  65.253783    45.887    45.764  3 54852.56534729 13.017
  21 124.440702  65.256612    46.320    46.062  5 54862.48099672 12.721
  22 124.440999  65.257515    46.323    46.147  4 54872.39664543 12.525
  23 124.441903  65.256256    46.409    46.394  4 54882.31229209 12.243
  24 124.436272  65.252708    45.762    45.762  2 54892.22793470 12.260
  25 124.436536  65.250489    46.256    46.256  2 54902.14357510 11.620
  26 124.435634  65.250552    46.262    46.262  2 54912.05921397 11.805
  27 124.434487  65.252115    46.168    46.168  2 54921.97485188 11.736
  28 124.434584  65.253180    46.278    46.278  2 54931.89048915 10.605
  29 124.436393  65.252235    44.313    44.313  2 54941.80612485 22.960
  30 124.434122  65.249460    44.698    45.831  3 54951.72175836 34.340
  31 124.436020  65.247997   108.039   115.377  4 54961.63740022  7.436
  32 124.436555  65.248930    48.624    48.571  3 54971.55304897 36.793
  33 124.434755  65.250848    95.910    95.910  2 54981.46869648 25.677
  34 124.434124  65.252724    48.537    48.537  2 54991.38434379 27.663
  35 124.436175  65.253411    48.372    48.372  2 55001.29999083 22.048
  37 124.434224  65.252572    47.417    47.868  3 55021.13127913 26.257
  39 124.439717  65.255431    46.462    45.846  3 55040.96256396 25.069
  40 124.441232  65.256100    45.638    45.249  4 55050.87820441 28.226
  41 124.434624  65.253813    46.588    45.751  3 55060.79384178 25.001
  42 124.435070  65.251204    47.529    48.333  3 55070.70948330 23.778
  43 124.434654  65.249220    46.564    46.150  3 55080.62513221 26.813
  44 124.435883  65.249570    91.521    91.361  3 55090.54077965 27.213
  45 124.437000  65.251646    45.378    45.347  3 55100.45642634 46.286
  46 124.434925  65.253227    46.702    46.702  2 55110.37207224 27.645
  47 124.434767  65.252844    45.972    45.972  2 55120.28771647 29.448
  48 124.437281  65.250912   104.539   104.041  3 55130.20335819 10.173
  49 124.436398  65.248794   109.211   105.100  3 55140.11899757  4.687
  50 124.437287  65.249154    46.014    45.814  3 55150.03463625 24.020
  51 124.435446  65.250978   109.513   109.502  3 55159.95027457  0.465
  53 124.433958  65.253033    46.193    45.978  3 55179.78154931 19.060
  54 124.434072  65.252498    45.990    45.895  3 55189.69719630 18.103
  55 124.434780  65.252772    45.958    45.958  2 55199.61284683 17.512
  56 124.434438  65.253731    45.996    45.996  2 55209.52849657 17.186
  57 124.439677  65.255576    46.062    45.993  3 55219.44414640 15.888
  58 124.440261  65.255625    46.243    45.909  3 55229.35979482 15.745
  59 124.433367  65.253506    46.202    46.202  2 55239.27543927 14.556
  60 124.435415  65.251555    45.987    45.987  2 55249.19108095 14.330
  61 124.434115  65.249987    46.021    46.048  3 55259.10671997 14.659
  62 124.437933  65.250491    45.788    45.745  3 55269.02235879 14.519
  63 124.434424  65.251242    46.368    46.368  2 55278.93799674 13.796
  64 124.433752  65.251777    45.948    45.988  3 55288.85363364 14.007
  65 124.435402  65.251318    45.656    45.656  2 55298.76926829 13.415
  66 124.435267  65.249773    45.337    45.337  3 55308.68491160 26.407
  67 124.436252  65.248923    45.770    45.770  3 55318.60055770 24.414
  68 124.437209  65.249546    84.247    84.197  3 55328.51620288 18.178
  69 124.436133  65.251267    46.174    46.103  3 55338.43184741 43.026
  70 124.433349  65.252670    95.167    95.167  2 55348.34749138 27.730
  72 124.432918  65.253207    47.713    47.713  2 55368.17877390 25.911
  74 124.436300  65.253477    46.862    46.862  2 55388.01005088 26.349
  75 124.434738  65.253421    47.033    47.033  2 55397.92568771 25.423
  76 124.433596  65.252791    47.474    47.474  2 55407.84133176 27.766
  77 124.435528  65.251875    46.725    46.242  3 55417.75698283 25.177
  78 124.437355  65.250601    44.609    44.568  3 55427.67263041 52.552
  81 124.435756  65.251460    46.324    46.324  2 55457.41956188 24.116
  82 124.435934  65.251914    47.415    47.944  3 55467.33520446 26.325
  83 124.436550  65.251164    45.010    45.272  3 55477.25084375 30.578
  84 124.434539  65.249612    42.903    42.904  3 55487.16647960 39.837
  85 124.434412  65.248734    42.812    42.801  3 55497.08211340 36.105
  87 124.435922  65.251425    43.719    43.719  2 55516.91340070 17.407
  88 124.433450  65.252582    45.047    45.047  2 55526.82905004 16.469
  89 124.435711  65.253449    44.302    44.302  2 55536.74469779 16.401
  90 124.435054  65.253548    45.338    45.456  3 55546.66034303 15.108
  91 124.434696  65.253936    45.440    45.607  3 55556.57598653 14.024
  92 124.434194  65.254447    45.745    45.551  3 55566.49162917 13.437
  93 124.432315  65.253901    45.753    45.753  2 55576.40727097 12.745
  94 124.435959  65.252714    45.783    45.783  2 55586.32291137 12.735
  95 124.436328  65.250623    45.838    45.836  3 55596.23854823 11.811
  96 124.435865  65.249293    46.265    45.723  3 55606.15418197 11.662
  97 124.435097  65.249112    46.383    46.207  3 55616.06981364 11.582
  98 124.436289  65.250373    46.283    46.283  2 55625.98545582 11.310
  99 124.436002  65.251078    45.856    45.998  3 55635.90110778 11.144
 100 124.434599  65.250716    46.168    46.168  2 55645.81675749 10.103
 101 124.435182  65.249903    46.639    46.683  3 55655.73240458 10.328
 102 124.436491  65.249527    45.868    45.952  3 55665.64804727 10.620
 103 124.437604  65.250069    45.742    45.632  3 55675.56368709 32.436
 104 124.435818  65.251077    44.548    44.548  2 55685.47932496 33.324
 105 124.435822  65.252131    46.018    44.619  3 55695.39496186 35.107
 106 124.435318  65.252340   112.273   112.273  2 55705.31059740 25.285
 107 124.435541  65.252401    46.914    46.914  2 55715.22624544 29.881
 108 124.434288  65.252635    46.910    46.910  2 55725.14189427 54.424
 109 124.434780  65.253600    46.818    46.130  3 55735.05754138 28.983
 110 124.434389  65.254410    47.020    48.214  3 55744.97318711 28.953
 111 124.433090  65.253933    46.855    46.855  2 55754.88883101 27.847
 112 124.435531  65.252226    46.457    45.600  3 55764.80447285 26.997
 113 124.436858  65.249964    43.619    43.648  3 55774.72011172 47.724
 114 124.435923  65.248579    45.170    45.052  4 55784.63574727 39.057
 115 124.436050  65.249444    95.659    96.590  3 55794.55138083 27.351
 116 124.435350  65.250925   112.278   118.705  3 55804.46701852 22.243
 117 124.435632  65.251778    44.891    44.891  2 55814.38266813 29.697
 118 124.434363  65.250560    44.936    44.880  3 55824.29831527 53.858
 119 124.436012  65.249129    44.280    44.201  3 55834.21395801 49.857
 120 124.436796  65.248542    45.065    45.028  4 55844.12959681 29.150
 121 124.435147  65.249426    43.049    43.010  3 55854.04523246 41.192
 122 124.434398  65.251351    43.276    43.276  2 55863.96087031 40.708
 123 124.433583  65.253023    43.090    43.090  2 55873.87652392 31.257
 124 124.433843  65.253114    45.065    45.289  3 55883.79217222 19.101
 125 124.435181  65.252667    44.320    43.496  3 55893.70781438 21.104
 126 124.433856  65.252020    46.419    46.419  2 55903.62345083 14.821
 127 124.435885  65.252922    46.658    46.414  3 55913.53908938 14.771
 128 124.434832  65.254156    46.570    46.498  3 55923.45474347 14.114
 129 124.435336  65.254244    46.647    46.647  2 55933.37039466 13.601
 130 124.434919  65.252177    46.198    46.245  3 55943.28604120 13.303
 131 124.435624  65.249643    46.504    46.504  2 55953.20168351 12.905
 132 124.434624  65.248455    46.426    46.462  3 55963.11732257 12.604
 133 124.437389  65.249983    46.434    46.334  3 55973.03296022 12.417
 134 124.435687  65.251768    46.424    46.127  3 55982.94859623 12.057
 135 124.433947  65.251872    46.455    46.455  2 55992.86423027 11.792
 136 124.436297  65.251021    46.525    46.456  3 56002.77987913 11.324
 137 124.437310  65.249275    46.560    46.782  3 56012.69552855 11.408
 138 124.438401  65.249030    46.293    46.331  3 56022.61117464 11.174
 139 124.435240  65.250431    46.476    46.246  3 56032.52681777 10.858
 140 124.435012  65.252949    46.323    46.090  3 56042.44245917  7.834
 141 124.431893  65.253958    44.406    44.406  2 56052.35809772 20.080
 142 124.432723  65.253531   108.196   108.196  2 56062.27373358 12.856
 143 124.434189  65.252230   115.777   115.777  2 56072.18937365  1.546
 144 124.436156  65.252263    48.485    48.651  3 56082.10502418 26.011
 145 124.433912  65.252885    47.319    47.333  3 56092.02067180 53.949
 146 124.434466  65.254123    47.415    47.415  2 56101.93631739 27.561
 147 124.433926  65.253743    47.427    48.263  3 56111.85194844 27.366
 148 124.434270  65.251736    46.712    46.712  2 56121.76758755 44.339
 149 124.438980  65.249501    45.093    45.126  3 56131.68322327 44.411
 150 124.434640  65.247781    98.685    98.589  3 56141.59885837 30.386
 151 124.434463  65.249417    45.434    45.365  3 56151.51450939 52.505
 152 124.436142  65.251997    45.746    45.746  2 56161.43015888 29.880
 153 124.433684  65.252741    47.222    47.222  2 56171.34580612 27.599
 154 124.434822  65.251680    46.604    46.035  3 56181.26144921 29.985
 155 124.437263  65.250024    45.606    45.594  3 56191.17708852 29.780
 156 124.435706  65.248995    46.261    46.311  3 56201.09272471 26.993
 157 124.435052  65.250210    45.483    46.034  3 56211.00835888 33.038
 158 124.436183  65.252432    43.746    43.746  2 56220.92399135 41.998
 159 124.433132  65.254056    42.911    42.911  2 56230.83964280 37.847
 160 124.433464  65.254133    46.126    46.075  3 56240.75529574 22.519
 161 124.434832  65.253425    46.248    46.131  3 56250.67094470 21.691
 162 124.435318  65.252578    46.034    46.034  2 56260.58658883 20.805
 163 124.435496  65.252805    46.415    46.320  3 56270.50223062 20.339
 164 124.433800  65.253029    45.762    45.762  2 56280.41787053 18.101
 165 124.433193  65.253291    45.986    45.986  2 56290.33352252 17.553
 166 124.433720  65.252007    45.668    45.668  2 56300.24917059 16.794
 167 124.437177  65.250425    45.851    45.827  3 56310.16481482 15.888
 168 124.434310  65.249120    46.016    46.032  3 56320.08045616 15.584
 169 124.434374  65.250167    45.989    45.927  3 56329.99609709 14.965
 170 124.435456  65.251939    46.524    46.790  3 56339.91173742 14.117
 171 124.435505  65.252570    46.280    46.000  3 56349.82737542 13.589
 172 124.436406  65.251452    45.997    45.997  2 56359.74301214 12.686
 173 124.436153  65.250255    46.803    46.803  2 56369.65866219 12.461
 175 124.435420  65.251996    46.565    46.666  3 56389.48995485 12.000
 176 124.432584  65.253744    45.656    45.656  2 56399.40559805 21.934
 177 124.439522  65.255565    45.283    45.119  5 56409.32123959 34.574
 178 124.433403  65.254198    85.862    85.862  2 56419.23687521 19.623
 179 124.433605  65.252827   108.664   108.664  2 56429.15250963 16.878
 180 124.433428  65.252713    48.433    48.433  2 56439.06816314 25.761
 181 124.435659  65.253308    48.034    48.034  2 56448.98381439 25.620
 183 124.434636  65.252796    46.083    45.967  3 56468.81510856 32.814
 184 124.433715  65.251537    47.678    48.134  3 56478.73074992 23.902
 185 124.434620  65.250279    47.092    47.977  3 56488.64638755 27.044
 186 124.436606  65.250087    46.504    46.504  2 56498.56202286 51.541
 187 124.436625  65.250331    46.659    46.659  2 56508.47765683 22.878
 188 124.436316  65.251103    47.320    46.899  3 56518.39329614 21.555
 189 124.436486  65.251823    45.867    45.867  2 56528.30895032 54.315
 190 124.434123  65.251448    46.294    46.294  2 56538.22459998 24.310
 191 124.436536  65.251254    44.483    44.483  2 56548.14024602 50.718
 192 124.435244  65.251542    46.508    45.810  3 56558.05588919 26.600
 194 124.434060  65.254017    43.795    43.795  2 56577.88717259 44.530
 195 124.430835  65.253962    90.770    90.770  2 56587.80280968 14.761
 197 124.434398  65.253320    42.739    42.686  3 56607.63410315 23.264
 198 124.433078  65.253051    43.325    43.325  2 56617.54974958 19.881
 199 124.435056  65.253272    43.385    43.386  3 56627.46539299 17.664
 200 124.433889  65.252725    43.271    43.304  3 56637.38103330 16.291
 201 124.435076  65.251698    43.475    43.457  3 56647.29667538 15.407
 202 124.436701  65.251004    44.023    43.567  3 56657.21232752 14.110
 203 124.433766  65.250139    45.223    45.001  3 56667.12797490 12.786
 204 124.435358  65.250982    45.539    45.467  3 56677.04362016 12.972
 205 124.434386  65.251885    45.551    45.579  3 56686.95926399 12.455
 206 124.435953  65.252467    45.059    45.059  2 56696.87490597 13.340
 207 124.435432  65.251717    46.012    46.043  3 56706.79054310 11.655
 208 124.436592  65.250833    45.469    45.469  2 56716.70617765 12.179
 209 124.434089  65.251121    45.341    45.209  3 56726.62183052 13.180
 210 124.433669  65.252631    45.537    45.537  2 56736.53747972 10.830
 211 124.432604  65.254355    45.836    45.836  2 56746.45312546 11.162
 212 124.440883  65.255846    47.321    47.341  4 56756.36876773 10.335
 213 124.433725  65.254130    46.011    45.940  3 56766.28440265 26.263
 214 124.433551  65.253011    45.578    45.611  3 56776.20004380 32.746
 215 124.435108  65.253482    88.666    88.666  2 56786.11570049 17.283
 216 124.434955  65.254300   111.424   111.424  2 56796.03135338  7.523
 217 124.439670  65.255322    46.856    46.761  3 56805.94700224 40.671
 218 124.435011  65.253757    47.700    47.745  3 56815.86264351 27.845
 219 124.435985  65.251948    93.830    93.656  3 56825.77828181 26.109
 220 124.433758  65.249965    47.245    46.967  3 56835.69391623 25.050
 222 124.433768  65.250970    46.082    46.035  3 56855.52519502 54.260
 223 124.434068  65.252495    45.926    45.926  2 56865.44084869 26.043
 224 124.435404  65.252895    44.662    44.686  3 56875.35650148 50.833
 225 124.435541  65.252439    45.211    44.827  3 56885.27215098 28.138
 226 124.433792  65.251652    45.102    45.277  3 56895.18779733 26.589
 227 124.434460  65.252343    45.038    45.456  3 56905.10344084 26.817
 228 124.435082  65.254110   106.200   106.200  2 56915.01908224 20.833
 229 124.441990  65.256418    44.742    44.727  4 56924.93472241 37.402
 230 124.441158  65.256440    45.937    46.300  5 56934.85035885 31.097
 232 124.433648  65.252540    42.478    42.480  3 56954.68163867 36.478
 233 124.433596  65.252180    39.163    39.163  2 56964.59728838 24.657
 234 124.434098  65.253179    42.442    42.442  2 56974.51293364 20.998
 235 124.433944  65.254026    42.614    42.614  2 56984.42857443 22.721
 236 124.432914  65.252993    42.299    42.299  2 56994.34420997 18.674
 237 124.436073  65.250932    42.504    42.504  2 57004.25984935 18.427
 238 124.435388  65.249322    41.766    42.642  3 57014.17550515 19.043
 239 124.435725  65.249635    42.538    42.538  2 57024.09115620 18.195
 240 124.435425  65.251839    43.120    43.120  2 57034.00680484 16.409
 241 124.434529  65.253579    43.525    43.193  3 57043.92245095 15.650
 242 124.432536  65.253363    43.225    43.225  2 57053.83809423 14.805
 243 124.435959  65.252006    43.243    43.210  3 57063.75373330 15.098
 244 124.437403  65.250851    43.763    43.836  3 57073.66936721 13.836
 245 124.436981  65.251139    43.760    43.271  3 57083.58499745 13.968
 246 124.433849  65.253383    43.529    43.050  3 57093.50064728 13.813
 247 124.440458  65.256612    46.072    46.232  5 57103.41630499 10.975
 248 124.442902  65.257233    46.285    46.262  5 57113.33195827 11.453
 249 124.433716  65.254411    45.539    45.607  3 57123.24760423 11.191
 250 124.435754  65.252728    46.749    46.749  2 57133.16324586 13.862
 251 124.433805  65.251773    43.128    43.030  3 57143.07888248 37.600
 252 124.435840  65.252726    43.148    43.156  3 57152.99451669 36.657
 254 124.434466  65.253150    48.220    48.220  2 57172.82580705 25.250
 255 124.434956  65.251583    48.086    48.086  2 57182.74146099 23.702
 256 124.435370  65.249931    47.628    47.628  2 57192.65711105 31.468
 257 124.437899  65.250274    47.405    47.378  3 57202.57275886 43.980
 258 124.435750  65.251815    46.499    46.246  3 57212.48839285 25.648
 259 124.435219  65.253629    46.241    46.241  2 57222.40403674 25.378
 260 124.436496  65.254074   102.076   102.076  2 57232.31967921  9.969
 261 124.434595  65.252769    45.159    45.292  3 57242.23531860 31.080
 262 124.433931  65.251277    44.007    43.997  3 57252.15095553 34.851
 263 124.434791  65.251527    45.722    45.722  2 57262.06659092 27.385
 264 124.433850  65.253033    44.452    43.629  3 57271.98222525 30.803
 265 124.440658  65.256208    43.245    43.242  4 57281.89788348 38.835
 266 124.439376  65.256567    44.504    44.531  5 57291.81353834 30.832
 267 124.434139  65.254496    44.348    44.348  2 57301.72918950 35.953
 268 124.435648  65.252602   107.724   109.048  3 57311.64483753  8.013
 269 124.435769  65.251857    41.999    42.045  3 57321.56048224 36.082
 270 124.436399  65.252818    45.268    45.268  2 57331.47612476 21.155
 271 124.434012  65.253798    46.081    46.081  2 57341.39176495 18.447
 272 124.432535  65.253716    45.997    45.997  2 57351.30741602 17.783
 273 124.435249  65.252216    46.591    46.574  3 57361.22306095 16.461
 274 124.435573  65.250050    46.550    46.449  3 57371.13870243 16.105
 275 124.434793  65.249650    46.457    46.471  3 57381.05434178 15.255
 276 124.436445  65.251337    46.571    46.571  2 57390.96998064 14.585
 277 124.435128  65.252791    46.285    46.285  2 57400.88561823 14.305
 278 124.434775  65.253078    46.571    46.571  2 57410.80125865 14.077
 279 124.435434  65.252623    46.274    46.274  2 57420.71691082 13.865
 280 124.436142  65.252411    46.187    46.187  2 57430.63256042 13.531
 281 124.434871  65.253099    46.486    46.379  3 57440.54820791 12.814
 282 124.435356  65.254800    46.185    46.185  2 57450.46385470 12.485
 283 124.442006  65.256644    46.929    46.928  5 57460.37950059 13.394
 284 124.441550  65.256154    46.613    46.627  5 57470.29514242 13.215
 285 124.434246  65.253524    46.246    46.246  2 57480.21077944 13.090
 286 124.434067  65.251678    46.403    46.403  2 57490.12641410 11.805
 287 124.435921  65.250916    46.560    46.549  3 57500.04204697 10.461
 288 124.434775  65.251347   112.522   112.522  2 57509.95769196 11.058
 289 124.434394  65.252297    43.482    43.482  2 57519.87334770 37.993
 290 124.433917  65.252505    47.750    47.842  3 57529.78900068 28.548
 291 124.435125  65.251713    47.120    47.120  2 57539.70465057 55.073
 292 124.435206  65.250640    48.021    48.091  3 57549.62029762 24.756
 293 124.435131  65.250501    47.952    47.952  2 57559.53594339 23.393
 294 124.436029  65.251813    46.959    46.635  3 57569.45158872 25.395
 295 124.433440  65.252904    46.460    46.460  2 57579.36723334 23.488
 296 124.434590  65.253660    46.055    46.055  2 57589.28287669 24.729
 297 124.434702  65.253375    46.147    46.174  3 57599.19851719 28.245
