# NaN NaN NaN ;Mean Elev.(m), Avg Gradient(m/km), RMS Gradient(m/km) - SRTM1     
#   33.285  -0.141   2.022 ;Mean Elev.(m), Avg Gradient(m/km), RMS Gradient(m/km) - ASTER GDEM
#   26.162   0.589   6.949 ;Mean Elev.(m), Avg Gradient(m/km), RMS Gradient(m/km) - GMTED2010 
   1 125.152679  64.872944    51.359    51.534  5 54668.23131401 33.938
   2 125.154194  64.873423    51.165    51.110  5 54678.14695844 30.625
   3 125.150894  64.875700    -5.724    -5.834  3 54688.06260107 11.676
   4 125.147905  64.877575    51.205    51.072  3 54697.97824187 56.123
   5 125.147936  64.876946    -4.668    -4.728  4 54707.89388418  9.502
   6 125.150423  64.873892    51.721    51.695  4 54717.80953643 46.211
   7 125.156448  64.870172    -3.833    -3.831  5 54727.72518648 10.907
   8 125.157351  64.868924    51.393    52.062  5 54737.64083425 32.040
   9 125.154094  64.870246    49.474    49.483  5 54747.55648113 33.699
  10 125.155126  64.871411    48.984    49.001  4 54757.47212802 44.392
  11 125.156091  64.871550    48.359    48.337  4 54767.38777296 48.879
  12 125.152973  64.870641    47.624    47.635  5 54777.30341433 41.545
  13 125.156264  64.868615    48.550    48.589  5 54787.21905397 25.223
  14 125.157517  64.868314    48.614    48.567  5 54797.13469228 24.582
  15 125.155236  64.870689    48.747    48.768  4 54807.05032989 20.193
  16 125.151231  64.873625    49.055    49.056  4 54816.96596671 18.898
  17 125.152099  64.874347    49.084    49.084  4 54826.88161572 18.345
  18 125.154672  64.873135    49.144    49.108  4 54836.79725524 17.129
  19 125.153391  64.872731    49.273    49.125  5 54846.71290466 16.141
  20 125.155211  64.872675    49.269    49.095  5 54856.62855367 15.744
  21 125.149786  64.874487    49.246    49.265  4 54866.54420189 15.569
  22 125.152262  64.874392    49.659    49.665  4 54876.45985039 14.956
  23 125.152233  64.873555    49.875    49.839  4 54886.37549578 14.444
  24 125.157069  64.870762    49.772    49.729  5 54896.29113832 13.715
  25 125.156531  64.869051    49.767    49.820  6 54906.20677768 12.846
  26 125.156084  64.868934    49.767    49.727  6 54916.12241583 12.721
  27 125.158643  64.869691    49.996    50.078  5 54926.03805400 12.030
  28 125.154558  64.871535    50.063    50.026  5 54935.95369084 12.099
  29 125.153798  64.872157    48.880    48.889  5 54945.86932616 26.595
  30 125.155360  64.871333    48.624    48.578  4 54955.78495919 37.994
  31 125.154956  64.869943    50.731    50.668  5 54965.70060721 44.929
  32 125.157033  64.869394    52.668    52.668  5 54975.61625530 43.985
  33 125.155083  64.870870    52.483    52.482  4 54985.53190269 57.823
  34 125.153103  64.872653    53.052    53.070  5 54995.44755006 30.440
  35 125.154344  64.873276    52.767    52.823  5 55005.36319629 28.406
  36 125.152960  64.873464    51.234    51.235  4 55015.27884014 46.027
  37 125.152817  64.873356    50.247    50.182  5 55025.19448274 53.139
  38 125.152038  64.874130    52.099    52.139  4 55035.11012476 26.029
  39 125.145669  64.875802    49.096    49.096  2 55045.02576546 53.131
  40 125.149675  64.875325    50.068    50.043  4 55054.94140554 51.180
  41 125.154511  64.873341    49.618    49.599  5 55064.85704352 52.038
  42 125.155826  64.871193    51.140    51.406  5 55074.77269120 29.824
  43 125.158260  64.869501    49.637    49.614  5 55084.68833944 53.232
  44 125.157727  64.869600    50.051    50.011  5 55094.60398566 51.998
  45 125.157307  64.870129    50.066    50.048  5 55104.51963168 41.379
  46 125.153250  64.870927    50.430    50.432  5 55114.43527714 29.912
  47 125.154873  64.870225    49.255    49.192  5 55124.35092076 47.461
  48 125.154789  64.869624    47.938    47.973  5 55134.26656146 42.507
  49 125.156697  64.869023    47.659    47.679  6 55144.18220025 34.802
  50 125.155753  64.869901    50.498    50.164  5 55154.09783808 26.845
  51 125.156142  64.871132    48.703    48.610  4 55164.01347639 24.762
  52 125.155015  64.872824    48.818    48.749  4 55173.92911430 23.486
  53 125.151899  64.874095    48.898    48.926  4 55183.84475249 22.670
  54 125.151084  64.874020    48.956    48.888  4 55193.76040365 21.799
  55 125.152060  64.873872    48.660    48.789  4 55203.67605368 21.174
  56 125.152321  64.874313    48.629    48.627  4 55213.59170291 21.198
  57 125.151970  64.874394    48.557    48.556  4 55223.50735162 20.487
  58 125.155209  64.872722    48.582    48.616  5 55233.42299922 19.816
  59 125.155867  64.870655    48.812    48.818  4 55243.33864342 19.325
  60 125.156811  64.868849    49.125    49.148  6 55253.25428446 18.754
  61 125.156824  64.868629    49.487    49.447  6 55263.16992325 17.487
  62 125.153419  64.870503    49.316    49.288  5 55273.08556068 17.400
  63 125.155075  64.871440    49.045    48.985  5 55283.00119833 17.437
  64 125.157052  64.871104    49.146    49.251  5 55292.91683483 16.825
  65 125.153563  64.870614    49.320    49.329  5 55302.83247060 16.276
  66 125.155084  64.869154    48.934    47.949  5 55312.74811854 22.808
  67 125.157728  64.869117    48.046    48.120  5 55322.66376420 43.943
  68 125.157726  64.870498    49.456    48.310  5 55332.57940823 38.400
  69 125.155679  64.872089    55.220    55.203  5 55342.49505200 43.326
  70 125.154624  64.872582    51.787    51.785  5 55352.41069564 38.665
  71 125.154741  64.872555    52.815    52.909  5 55362.32633727 27.901
  72 125.154056  64.872940    51.960    52.210  5 55372.24197682 30.693
  73 125.149732  64.874624    50.483    50.471  4 55382.15761460 52.720
  74 125.156185  64.874941    51.294    51.294  2 55392.07325274 54.961
  75 125.150522  64.876179    51.251    50.406  3 55401.98888831 30.354
  76 125.150282  64.874324    49.657    49.150  4 55411.90453903 32.040
  77 125.155414  64.870765    52.033    52.056  5 55421.82018935 27.248
  78 125.156870  64.868617    52.248    52.165  5 55431.73583641 27.553
  79 125.156415  64.868987    52.687    52.698  6 55441.65148095 25.227
  80 125.156860  64.870424    50.008    49.948  5 55451.56712394 53.145
  81 125.155334  64.871863    50.679    51.396  5 55461.48276602 29.722
  82 125.154941  64.871306    48.524    48.560  4 55471.39840691 36.561
  83 125.156265  64.869646    48.171    48.185  6 55481.31404513 29.390
  84 125.155314  64.868819    47.651    47.696  5 55491.22968074 42.616
  85 125.155108  64.869971    48.782    48.714  5 55501.14531437 31.889
  86 125.153563  64.872178    47.943    47.947  5 55511.06095748 23.128
  87 125.152460  64.873719    48.107    48.110  4 55520.97660700 21.414
  88 125.152180  64.873929    48.154    48.128  4 55530.89225559 20.453
  89 125.153976  64.872859    48.267    48.276  5 55540.80790280 19.535
  90 125.154048  64.872344    48.296    48.229  5 55550.72354764 18.233
  91 125.154596  64.872849    48.368    48.403  5 55560.63919085 16.990
  93 125.151101  64.875051    48.808    48.796  4 55580.47047404 15.694
  94 125.154796  64.872935    48.795    48.713  4 55590.38611294 14.858
  95 125.158473  64.869922    49.031    49.018  5 55600.30174876 13.899
  96 125.157592  64.868647    49.363    49.209  5 55610.21738183 13.889
  97 125.154777  64.870179    49.447    49.420  5 55620.13301327 13.199
  98 125.153237  64.872325    49.399    49.444  4 55630.04866410 12.686
  99 125.154384  64.873216    49.786    49.892  5 55639.96431515 12.260
 100 125.153689  64.872171    49.928    49.919  4 55649.87996372 11.717
 101 125.155782  64.869313    50.086    50.035  5 55659.79560926 10.845
 102 125.155393  64.867995    48.458    48.406  6 55669.71125086 17.710
 103 125.156348  64.869085    49.203    49.362  5 55679.62689032 32.641
 104 125.154722  64.872220    47.800    47.826  5 55689.54252745 39.615
 105 125.151674  64.874965    52.772    52.784  3 55699.45816297 50.722
 106 125.145107  64.876291    51.816    51.816  2 55709.37380038 28.530
 107 125.150786  64.874117    52.424    52.411  4 55719.28945150 26.814
 108 125.153986  64.872863    51.585    51.584  5 55729.20509998 55.921
 109 125.153814  64.873213    50.272    50.300  4 55739.12074669 35.309
 110 125.152337  64.874225    49.696    49.702  4 55749.03639201 52.310
 111 125.152444  64.874246    50.242    49.773  4 55758.95203523 31.504
 112 125.153327  64.872838    48.582    48.557  4 55768.86767580 52.681
 113 125.153314  64.870661    49.288    49.157  5 55778.78331314 47.121
 114 125.157567  64.868757    50.578    50.454  5 55788.69894826 32.546
 115 125.156571  64.869829    49.617    49.532  5 55798.61458138 53.684
 116 125.154347  64.871853    48.935    48.932  4 55808.53022617 53.492
 117 125.153822  64.873318    50.361    50.735  5 55818.44587489 30.381
 118 125.155092  64.872657    51.426    51.896  4 55828.36151985 27.287
 119 125.155597  64.870783    49.370    49.354  5 55838.27716046 30.123
 120 125.157516  64.869011    48.315    48.310  5 55848.19279816 28.207
 121 125.155988  64.870303    48.063    47.995  5 55858.10843321 45.809
 122 125.153671  64.872920    47.671    47.668  4 55868.02407940 39.662
 123 125.148803  64.875530    49.578    49.532  4 55877.93973065 18.767
 124 125.150253  64.875686    49.780    50.247  3 55887.85537615 17.877
 125 125.151602  64.874670    49.806    50.003  3 55897.77101596 17.297
 126 125.154570  64.873630    49.456    49.458  5 55907.68665086 17.071
 127 125.153953  64.873569    49.546    49.526  5 55917.60229795 16.951
 128 125.151237  64.874121    49.745    49.830  4 55927.51795086 16.051
 129 125.154317  64.873437    49.545    49.620  5 55937.43360093 15.442
 130 125.156029  64.871531    49.412    49.428  5 55947.34924603 14.899
 131 125.154223  64.869818    49.818    49.810  5 55957.26488626 14.218
 132 125.157217  64.868537    49.818    49.851  6 55967.18052445 13.974
 133 125.154224  64.869996    49.842    49.807  5 55977.09616105 14.227
 134 125.154346  64.871901    49.815    49.930  4 55987.01179724 13.733
 135 125.154296  64.873113    50.003    49.953  5 55996.92743533 12.842
 136 125.155363  64.871999    49.701    49.639  4 56006.84308706 13.347
 137 125.157662  64.869900    50.052    49.976  5 56016.75873482 12.941
 138 125.155647  64.869383    50.022    49.977  6 56026.67437912 12.732
 139 125.157059  64.870094    50.174    50.216  5 56036.59002194 12.438
 140 125.153692  64.872711    51.029    50.833  4 56046.50566220  7.475
 141 125.152356  64.874744    47.977    47.987  4 56056.42129986 45.228
 142 125.150493  64.875882    54.302    54.307  3 56066.33693333 47.715
 143 125.150616  64.875008    53.375    53.305  3 56076.25258065 38.767
 144 125.153382  64.873766    52.796    52.766  4 56086.16823012 28.853
 145 125.150423  64.873837    51.937    51.931  4 56096.08387660 56.480
 146 125.150915  64.873663    51.001    50.984  4 56105.99952131 55.592
 147 125.147047  64.873536    51.502    51.470  3 56115.91515117 58.039
 148 125.154388  64.871727    50.424    50.474  4 56125.83078999 55.468
 149 125.154061  64.870940    52.423    52.439  5 56135.74642408 25.091
 150 125.155843  64.870342    51.837    52.040  5 56145.66206675 28.978
 151 125.155870  64.870563    49.426    49.426  4 56155.57771643 41.104
 152 125.153375  64.871660    52.089    52.083  5 56165.49336482 25.897
 153 125.155533  64.871692    50.635    50.672  4 56175.40901149 56.133
 154 125.155273  64.871513    51.660    51.927  4 56185.32465287 28.607
 155 125.153252  64.871081    51.019    50.826  5 56195.24029033 28.095
 156 125.154645  64.871005    51.851    51.993  5 56205.15592518 28.863
 157 125.152644  64.872751    48.853    48.831  5 56215.07155817 33.433
 158 125.149778  64.875242    48.787    48.800  4 56224.98719536 49.104
 159 125.150244  64.875716    47.626    47.644  4 56234.90285105 39.904
 160 125.149190  64.875415    48.018    48.022  4 56244.81850273 32.959
 161 125.151770  64.874195    48.437    48.440  4 56254.73414976 30.259
 162 125.152252  64.873944    48.418    48.440  4 56264.64979240 26.304
 163 125.149824  64.874485    48.410    48.406  4 56274.56543293 25.551
 164 125.153111  64.873597    48.570    48.613  4 56284.48107797 22.197
 165 125.153644  64.871962    48.626    48.598  4 56294.39672909 21.138
 166 125.156188  64.869679    48.698    48.685  5 56304.31237617 20.409
 167 125.157454  64.868759    48.810    48.767  6 56314.22801921 19.038
 168 125.155218  64.869965    48.830    48.745  5 56324.14365980 18.218
 169 125.153759  64.871726    48.868    48.849  5 56334.05929978 17.622
 170 125.153470  64.872412    49.008    48.979  4 56343.97493926 16.635
 171 125.153821  64.872062    49.054    49.024  4 56353.89057657 16.156
 172 125.154105  64.871001    49.098    49.083  5 56363.80622023 15.615
 173 125.153550  64.870623    49.148    49.064  5 56373.72186923 14.966
 175 125.153811  64.873009    49.095    49.091  4 56393.55315926 14.371
 176 125.150352  64.874569    49.733    49.788  4 56403.46880108 31.337
 177 125.151266  64.874857    48.126    48.002  3 56413.38444047 44.543
 178 125.150270  64.874871    48.127    48.167  4 56423.30007478 43.137
 179 125.148486  64.874830    54.124    54.144  3 56433.21571818 36.353
 180 125.153891  64.873636    52.400    52.368  5 56443.13137115 35.343
 181 125.150532  64.874215    51.513    51.447  4 56453.04702067 40.642
 182 125.153029  64.873102    52.139    51.993  5 56462.96266825 28.169
 183 125.157021  64.870923    50.235    50.290  5 56472.87831269 54.734
 184 125.157734  64.869170    50.286    49.746  5 56482.79395338 32.345
 185 125.157743  64.869004    51.780    51.696  5 56492.70959033 30.343
 186 125.155865  64.870845    52.331    52.330  5 56502.62522449 56.463
 187 125.154360  64.873371    51.942    51.816  5 56512.54085701 28.650
 188 125.152046  64.874092    51.277    51.263  4 56522.45650442 38.986
 189 125.154491  64.872373    51.145    50.921  5 56532.37215714 32.004
 191 125.156565  64.870070    52.147    52.187  5 56552.20345097 27.056
 192 125.154456  64.871968    49.597    49.518  5 56562.11909337 51.168
 193 125.151570  64.874629    48.980    49.005  4 56572.03473449 31.478
 194 125.144094  64.877154    48.500    48.500  2 56581.95037341 44.040
 195 125.149023  64.876316    48.037    47.972  4 56591.86600938 48.362
 196 125.151796  64.874193    47.695    47.666  4 56601.78165949 23.727
 197 125.153612  64.872753    48.275    48.295  4 56611.69730942 18.579
 198 125.151769  64.873607    48.316    48.185  5 56621.61295433 16.319
 199 125.150554  64.874656    48.226    48.200  4 56631.52859629 15.834
 200 125.150458  64.874611    48.912    48.904  4 56641.44423436 15.510
 201 125.155469  64.871699    48.956    48.883  5 56651.35988320 15.344
 202 125.155963  64.869124    49.582    49.652  6 56661.27553351 14.823
 203 125.156152  64.868400    49.602    49.556  6 56671.19118054 13.970
 204 125.156208  64.870272    49.477    49.456  5 56681.10682550 13.442
 205 125.155097  64.872584    49.549    49.514  5 56691.02246845 13.683
 206 125.153743  64.873656    49.723    49.658  5 56700.93810789 12.882
 207 125.152905  64.872710    50.306    50.111  5 56710.85374272 12.381
 208 125.156497  64.870628    49.826    49.803  5 56720.76938658 12.826
 210 125.155155  64.872133    50.252    50.241  4 56740.60068633 11.575
 211 125.145308  64.875933    50.711    50.711  2 56750.51632902 11.279
 212 125.143007  64.877559    48.246    48.204  3 56760.43196760 23.990
 213 125.144279  64.877039    47.897    47.897  2 56770.34760012 45.186
 214 125.150504  64.873969    48.349    48.350  4 56780.26325321 41.545
 215 125.155799  64.871689    52.399    52.397  5 56790.17890902 34.960
 216 125.154386  64.871799    52.472    52.416  4 56800.09456087 33.419
 217 125.152339  64.873072    52.333    52.450  5 56810.01020600 30.595
 218 125.152771  64.873226    51.605    51.639  4 56819.92584636 32.982
 219 125.156060  64.871528    52.202    52.234  4 56829.84148320 27.976
 220 125.156643  64.869760    95.003   103.989  5 56839.75711656 24.552
 221 125.157566  64.869425    50.184    50.190  5 56849.67275032 55.268
 222 125.157790  64.870393    51.211    51.785  5 56859.58840475 30.112
 223 125.154525  64.872811    49.589    49.566  4 56869.50405784 52.211
 224 125.150822  64.874009    49.565    49.541  4 56879.41970856 31.315
 225 125.153899  64.872366    49.551    49.608  5 56889.33535659 34.949
 226 125.153145  64.870587    50.366    49.492  5 56899.25100156 29.129
 227 125.154646  64.870200    49.839    49.876  5 56909.16664439 48.331
 228 125.153652  64.872311    49.310    49.363  5 56919.08228504 52.076
 229 125.151230  64.875394    50.100    50.142  3 56928.99792345 40.861
 230 125.147300  64.877401    49.050    49.076  3 56938.91355737 37.199
 231 125.148912  64.876627    48.287    48.198  3 56948.82919253 49.092
 232 125.153688  64.873495    47.423    47.359  4 56958.74484605 45.011
 233 125.154461  64.871928    48.269    48.347  5 56968.66049387 22.160
 234 125.155008  64.872148    48.858    48.792  4 56978.57613759 19.728
 235 125.152337  64.873655    49.157    49.151  4 56988.49177644 17.784
 236 125.152588  64.874186    49.282    49.179  3 56998.40740944 17.273
 237 125.155561  64.872288    49.450    49.429  5 57008.32305944 16.588
 238 125.153265  64.870465    49.285    49.367  5 57018.23871238 15.657
 239 125.155648  64.869292    49.446    49.468  6 57028.15436252 15.495
 240 125.154293  64.870576    49.768    49.826  5 57038.07001048 14.721
 241 125.154103  64.872350    49.523    49.565  5 57047.98565605 14.232
 242 125.153314  64.873606    49.584    49.655  4 57057.90129781 14.295
 243 125.153172  64.873329    49.679    49.734  4 57067.81693413 14.008
 244 125.154308  64.872749    49.604    49.682  4 57077.73256625 13.661
 245 125.152791  64.873400    49.847    49.832  4 57087.64819885 13.173
 246 125.149539  64.874668    50.107    50.167  4 57097.56385708 13.016
 247 125.151193  64.875645    51.431    51.642  3 57107.47951286 12.992
 248 125.149238  64.876292    51.032    50.961  3 57117.39516336 12.204
 249 125.150692  64.875055    50.363    50.374  4 57127.31080812 16.834
 250 125.154118  64.873149    49.812    49.796  4 57137.22644769 31.492
 251 125.155128  64.872491    48.526    48.522  4 57147.14208298 42.903
 252 125.150510  64.873756    50.348    50.287  4 57157.05771522 46.661
 253 125.153870  64.873643    55.043    55.035  5 57166.97336030 39.433
 254 125.154962  64.872839    52.349    52.349  4 57176.88901696 56.840
 255 125.154281  64.871573    52.380    52.379  4 57186.80466948 56.782
 256 125.155022  64.870297    52.001    52.000  5 57196.72031796 57.752
 257 125.155764  64.869987    50.871    50.822  6 57206.63595269 40.253
 258 125.154307  64.871199    50.567    50.554  5 57216.55159738 55.996
 259 125.153111  64.872642    49.491    49.442  5 57226.46724091 34.551
 260 125.150920  64.873697    49.192    49.214  4 57236.38288232 34.541
 261 125.153222  64.873404    49.361    49.327  5 57246.29852077 51.234
 262 125.154818  64.873173    52.262    52.242  5 57256.21415660 26.277
 263 125.150791  64.874718    48.826    48.864  3 57266.12979060 32.203
 264 125.150331  64.875964    48.580    48.622  3 57276.04543459 41.072
 265 125.148248  64.876631    49.087    48.115  4 57285.96109130 40.244
 266 125.150765  64.875473    48.563    48.542  4 57295.87674566 37.124
 267 125.150494  64.874156    48.314    48.280  4 57305.79239611 32.624
 268 125.155159  64.872291    47.607    47.605  4 57315.70804318 45.560
 269 125.154369  64.871977    47.530    47.445  5 57325.62368636 43.176
 270 125.155169  64.872102    48.034    47.930  5 57335.53932763 29.297
 271 125.154263  64.872067    48.364    48.333  4 57345.45497395 24.901
 272 125.153775  64.871234    48.949    48.828  5 57355.37062147 21.511
 273 125.156200  64.870143    48.924    48.805  5 57365.28626540 19.888
 274 125.156272  64.869987    48.965    48.881  5 57375.20190571 19.361
 275 125.155048  64.871133    48.987    48.958  4 57385.11754401 18.678
 276 125.155530  64.872322    48.977    48.978  5 57395.03318204 17.517
 277 125.151120  64.874060    49.125    49.139  4 57404.94881866 17.341
 278 125.151682  64.873799    49.258    49.265  4 57414.86446671 16.672
 279 125.153596  64.873012    49.122    49.044  5 57424.78011840 16.385
 280 125.153413  64.873052    49.464    49.618  5 57434.69576684 15.587
 281 125.152613  64.874174    49.175    49.083  4 57444.61141334 15.652
 282 125.149000  64.875749    49.475    49.551  4 57454.52705882 15.106
 283 125.150575  64.875803    49.917    49.858  3 57464.44270302 14.622
 284 125.151798  64.874694    49.834    49.894  4 57474.35834354 14.061
 286 125.154666  64.872789    49.559    49.500  4 57494.18961465 12.819
 287 125.152708  64.874264    50.570    50.441  3 57504.10524644  7.294
 288 125.152000  64.874423    50.228    49.646  4 57514.02090101 32.709
 289 125.153341  64.873272    49.916    49.163  4 57523.93655581 37.610
 290 125.157170  64.870886    51.957    51.875  5 57533.85220860 34.623
 291 125.155060  64.869722    52.689    52.587  5 57543.76785767 27.615
 292 125.155933  64.869789    52.723    52.614  5 57553.68350432 28.899
 293 125.153855  64.871610    51.742    51.802  5 57563.59914901 44.422
 294 125.152103  64.873235    51.708    51.693  5 57573.51479319 30.913
 295 125.152773  64.873301    49.975    50.025  5 57583.43043745 53.487
 296 125.155264  64.872427    51.080    51.069  4 57593.34608002 55.898
 297 125.152795  64.872606    52.048    52.052  5 57603.26171975 34.092
