# NaN NaN NaN ;Mean Elev.(m), Avg Gradient(m/km), RMS Gradient(m/km) - SRTM1     
#  178.759  -3.265  23.417 ;Mean Elev.(m), Avg Gradient(m/km), RMS Gradient(m/km) - ASTER GDEM
#  126.896  -3.880  24.344 ;Mean Elev.(m), Avg Gradient(m/km), RMS Gradient(m/km) - GMTED2010 
   3 120.802739  60.508932    -3.701    -3.648  5 54684.16092480  3.063
   4 120.804969  60.509611   192.202   192.259  4 54694.07656696 16.869
   5 120.811113  60.507668     0.626     0.626  2 54703.99220733  0.366
   6 120.798258  60.509372   268.032   272.857  3 54713.90785644  0.813
   7 120.796836  60.506612    13.148    13.151  4 54723.82350732  3.876
   9 120.793757  60.505738   243.658   244.086  3 54743.65480229  0.982
  10 120.794765  60.506365   187.933   187.462  4 54753.57044875 25.515
  11 120.797081  60.505555   204.443   204.444  3 54763.48609489  4.813
  16 120.799644  60.508126   121.931   121.908  4 54813.06429173 25.391
  17 120.801532  60.508110   121.627   121.615  5 54822.97993529 21.812
  18 120.798153  60.507486   121.565   121.576  4 54832.89557545 20.856
  19 120.796098  60.506937   121.142   121.165  4 54842.81122552 20.961
  20 120.797622  60.506729   121.051   121.057  4 54852.72687467 21.084
  21 120.798408  60.507914   120.812   120.826  4 54862.64252320 19.606
  22 120.799245  60.508276   120.755   120.736  4 54872.55817172 19.805
  23 120.800288  60.506679   120.547   120.560  4 54882.47381847 20.077
  24 120.795608  60.505514   120.407   120.371  4 54892.38946133 20.435
  25 120.789723  60.504945   120.523   120.419  3 54902.30510125 20.116
  26 120.789453  60.504922   120.567   120.565  3 54912.22074023 19.912
  27 120.793969  60.505336   120.447   120.411  3 54922.13637869 20.523
  28 120.797195  60.506621   120.593   120.612  4 54932.05201623 12.965
  30 120.798502  60.506377   254.100   254.206  4 54951.88328617  6.461
  31 120.793491  60.506236   179.359   172.786  4 54961.79892788 13.928
  32 120.794853  60.505381   234.335   235.699  4 54971.71457677  8.604
  33 120.797557  60.506109   253.307   253.357  4 54981.63022439  6.996
  34 120.800656  60.507021   241.783   241.703  4 54991.54587167  2.670
  35 120.799647  60.507542   226.572   226.974  4 55001.46151811  2.616
  36 120.799333  60.506853   220.285   220.241  4 55011.37716301  3.875
  37 120.798956  60.506189   221.548   221.552  4 55021.29280645  2.020
  38 120.798320  60.507259   212.483   212.228  4 55031.20844869  0.961
  40 120.802939  60.509197   210.471   210.471  2 55051.03973104  0.825
  41 120.797809  60.510717   213.532   213.532  2 55060.95536860  0.641
  42 120.799386  60.507228   126.730   126.751  5 55070.87101113 47.491
  43 120.793721  60.505488   188.628   189.275  3 55080.78665989 20.515
  44 120.791396  60.504890   190.994   190.400  3 55090.70230695 24.119
  45 120.793692  60.505178   187.063   187.201  3 55100.61795343 19.247
  46 120.794740  60.506709   124.912   124.878  4 55110.53359914 47.456
  47 120.795481  60.506732   123.297   123.470  4 55120.44924322 49.401
  48 120.793222  60.505751   186.324   186.014  4 55130.36488448 22.462
  49 120.789569  60.504937   185.501   185.501  2 55140.28052366 11.055
  50 120.791103  60.504748   205.917   205.917  2 55150.19616240  1.336
  51 120.795621  60.506282   122.105   122.080  3 55160.11180115 22.982
  52 120.801673  60.507621   122.627   122.626  4 55170.02743970 20.216
  53 120.803945  60.508640   122.436   122.453  4 55179.94307670 20.345
  54 120.800788  60.508178   122.423   122.407  4 55189.85872384 18.377
  56 120.797867  60.507085   121.318   121.387  5 55209.69002390 18.790
  57 120.798937  60.507671   121.072   121.053  4 55219.60567306 15.954
  58 120.799720  60.507233   120.692   120.676  4 55229.52132139 15.730
  59 120.797156  60.506801   120.587   120.568  5 55239.43696624 14.392
  60 120.794334  60.505185   120.879   120.648  4 55249.35260763 14.362
  61 120.791255  60.504228   120.567   120.600  3 55259.26824667 14.492
  62 120.790816  60.504507   120.308   120.308  2 55269.18388513 12.875
  63 120.796192  60.504608   120.222   120.222  2 55279.09952401 12.563
  64 120.800269  60.505408   120.120   120.160  3 55289.01516142 13.796
  65 120.799360  60.507116   120.605   120.594  4 55298.93079586 11.113
  66 120.796908  60.506304   120.461   120.494  4 55308.84643956 17.605
  67 120.791964  60.505816   214.851   215.101  3 55318.76208528  5.281
  68 120.792190  60.505237   186.738   186.681  4 55328.67773034 17.186
  69 120.796139  60.505654   236.285   236.354  4 55338.59337504  1.657
  70 120.799029  60.507082   196.867   201.996  4 55348.50901912 18.260
  71 120.799858  60.508154   217.905   217.149  4 55358.42466120  3.829
  72 120.798535  60.508500   214.571   213.894  4 55368.34030110  1.911
  73 120.797009  60.508765   211.146   210.598  3 55378.25593957  3.491
  74 120.800589  60.508184   242.602   244.475  5 55388.17157793  1.404
  76 120.803195  60.508849   123.967   124.012  5 55408.00285972 45.517
  77 120.800458  60.507494   192.464   192.407  4 55417.91851068 26.659
  79 120.792535  60.505132   188.946   189.061  4 55437.74980260 20.616
  80 120.792028  60.505280   124.557   124.535  3 55447.66544589 24.749
  81 120.794050  60.505730   124.065   124.104  4 55457.58108901 44.485
  82 120.795419  60.506459   122.898   122.986  4 55467.49673131 40.825
  83 120.795354  60.506767   122.568   122.490  4 55477.41237030 45.578
  84 120.795106  60.506517   122.229   122.171  4 55487.32800621 44.542
  85 120.795766  60.506054   185.058   185.212  4 55497.24364008 19.369
  86 120.796540  60.506843   120.721   120.698  4 55507.15927694 47.301
  87 120.797825  60.507031   121.485   121.560  5 55517.07492758 47.919
  90 120.801362  60.506842   122.132   122.145  4 55546.82187057 20.237
  91 120.798110  60.507532   122.683   122.647  4 55556.73751370 17.113
  92 120.797981  60.507837   122.290   122.266  4 55566.65315621 15.487
  93 120.799534  60.507687   122.034   122.014  4 55576.56879821 16.124
  94 120.797729  60.507783   121.979   121.994  4 55586.48443796 14.954
  95 120.797334  60.506867   121.543   121.591  4 55596.40007480 14.425
  96 120.796061  60.506640   121.231   121.183  4 55606.31570848 14.325
  97 120.798887  60.506190   121.045   120.828  4 55616.23134058 13.675
  98 120.799020  60.507069   121.182   120.903  5 55626.14698296 10.537
  99 120.799267  60.506759   121.526   121.554  4 55636.06263513  9.956
 100 120.796395  60.507089   121.331   121.320  4 55645.97828486  9.497
 103 120.794358  60.505646   203.774   208.089  3 55675.72521452  2.710
 104 120.797080  60.506283   237.350   236.528  4 55685.64085253  9.236
 105 120.800045  60.507482   195.867   196.516  5 55695.55648931 23.242
 107 120.804299  60.507815   226.637   227.372  3 55715.38777317  0.215
 108 120.800148  60.508337   127.182   127.096  4 55725.30342154 37.409
 109 120.801283  60.507601   190.167   191.176  4 55735.21906874 19.036
 110 120.800478  60.508076   123.660   123.680  4 55745.13471439 27.302
 111 120.800715  60.507659   122.719   122.798  4 55755.05035860 47.640
 115 120.795828  60.506817   124.723   124.745  4 55794.71290820 27.028
 116 120.800551  60.507460   174.651   174.365  4 55804.62854633 13.300
 118 120.798724  60.507325   187.781   194.168  5 55824.45984246  8.766
 119 120.796706  60.506394   123.752   123.724  4 55834.37548478 35.197
 121 120.798415  60.506818   122.857   122.797  5 55854.20675920 28.533
 122 120.802313  60.507939   122.590   122.667  4 55864.12239764 47.724
 123 120.800611  60.508890   121.492   121.492  4 55874.03805102 45.874
 124 120.800587  60.508683   122.649   122.681  4 55883.95369935 28.366
 125 120.801880  60.507846   121.458   121.536  4 55893.86934169 25.327
 126 120.802473  60.508008   122.267   122.272  4 55903.78497834 24.787
 127 120.801946  60.509147   122.632   122.652  4 55913.70061679 26.481
 128 120.801942  60.508483   122.517   122.513  5 55923.61627086 22.978
 129 120.801544  60.507684   121.905   121.905  4 55933.53192186 23.385
 130 120.797623  60.506723   121.611   121.636  4 55943.44756808 22.693
 131 120.797396  60.504014   120.895   120.895  2 55953.36321058 19.755
 133 120.793353  60.505750   120.621   120.583  4 55973.19448655 16.043
 134 120.799886  60.506791   120.401   120.388  4 55983.11012328 16.337
 135 120.802667  60.508387   120.154   120.151  4 55993.02575771 16.264
 136 120.800567  60.507456   120.170   120.244  5 56002.94140684 16.821
 137 120.793645  60.506480   120.104   120.107  4 56012.85705587 17.642
 138 120.792208  60.505165   120.255   120.270  4 56022.77270198 16.790
 139 120.793537  60.505854   120.116   120.106  4 56032.68834532 17.367
 141 120.802742  60.508392   211.321   211.340  4 56052.51962558  3.316
 142 120.803363  60.509205   267.468   267.479  4 56062.43526111  4.813
 143 120.798084  60.510129   227.315   227.410  3 56072.35090067  2.554
 144 120.800455  60.507358   220.782   223.595  4 56082.26655151  3.022
 145 120.800764  60.507058   200.818   201.125  4 56092.18219938 17.391
 146 120.800581  60.508145   216.366   216.832  5 56102.09784479  1.309
 147 120.801823  60.507619   196.691   196.594  4 56112.01347622  8.350
 148 120.799502  60.507054   126.150   126.084  4 56121.92911535 42.183
 151 120.795254  60.506018   196.650   197.983  3 56151.67603724 17.657
 152 120.797573  60.507046   124.235   124.212  4 56161.59168633 40.823
 153 120.799931  60.507460   202.604   202.647  4 56171.50733366 17.960
 154 120.798993  60.507031   186.023   185.808  5 56181.42297636 17.515
 155 120.796741  60.505912   209.481   209.520  3 56191.33861523  0.275
 158 120.805060  60.508619   121.658   121.650  4 56221.08551839 46.918
 159 120.806612  60.509505   121.276   121.362  4 56231.00117058 46.602
 162 120.799534  60.507099   121.782   121.792  5 56260.74811622 23.055
 163 120.798034  60.507874   122.536   122.519  4 56270.66375764 22.913
 164 120.800873  60.507924   122.134   122.100  5 56280.57939777 19.222
 165 120.800151  60.507581   121.836   121.813  5 56290.49504981 17.941
 166 120.795286  60.507194   121.275   121.279  4 56300.41069731 18.190
 167 120.791857  60.505769   121.179   121.164  3 56310.32634101 17.310
 168 120.790627  60.504934   120.821   120.809  3 56320.24198264 16.049
 170 120.797260  60.506732   120.427   120.423  5 56340.07326434 15.600
 171 120.800959  60.507853   120.468   120.376  5 56349.98890271 15.306
 172 120.801437  60.507683   120.239   120.213  4 56359.90453994 10.735
 176 120.800502  60.507019   120.010   119.966  4 56399.56712589 11.859
 177 120.801759  60.509040   212.318   212.138  3 56409.48276636  2.791
 178 120.803362  60.509294   228.912   229.505  5 56419.39840252 10.928
 179 120.802048  60.509374   227.641   228.745  4 56429.31403711  7.037
 180 120.800375  60.507371   224.976   228.414  4 56439.22969069  7.457
 181 120.798138  60.506958   223.487   223.880  5 56449.14534159  2.829
 182 120.796530  60.507501   212.251   212.457  4 56459.06099028  2.033
 183 120.797109  60.506618   124.317   124.275  4 56468.97663605 32.421
 184 120.793312  60.507074   200.047   210.431  3 56478.89227726 12.645
 185 120.794132  60.505886   124.805   124.780  4 56488.80791515 49.416
 186 120.794624  60.506216   128.254   128.311  4 56498.72355021 33.815
 187 120.794457  60.508210   253.702   253.702  2 56508.63918369  5.512
 188 120.801093  60.508006   125.201   125.125  4 56518.55482375 20.358
 189 120.800015  60.508143   189.663   197.956  4 56528.47047749 10.642
 190 120.796371  60.508566   220.998   223.429  3 56538.38612677  1.839
 191 120.796837  60.506718   196.054   201.167  4 56548.30177268 12.669
 193 120.797790  60.506703   123.093   123.048  4 56568.13305833 29.495
 194 120.801368  60.508007   188.458   188.469  5 56578.04869960 24.978
 195 120.805930  60.508848   214.051   209.873  4 56587.96433739  7.620
 196 120.806236  60.508970   120.678   120.629  4 56597.87997956 44.172
 197 120.800915  60.508378   191.497   188.925  4 56607.79563062 10.499
 198 120.799640  60.507319   121.774   121.799  5 56617.71127710 32.380
 199 120.796845  60.508078   213.082   211.026  4 56627.62691980  1.432
 200 120.800100  60.507358   121.824   121.830  4 56637.54256040 24.571
 202 120.796120  60.506270   121.369   121.390  4 56657.37385413 23.084
 203 120.793831  60.505394   121.174   121.167  3 56667.28950161 22.640
 204 120.792212  60.506140   120.807   120.803  4 56677.20514648 21.795
 205 120.796721  60.505852   120.477   120.440  4 56687.12079093 19.381
 206 120.798455  60.506648   120.159   120.165  4 56697.03643294 15.726
 207 120.798841  60.507484   120.172   120.184  5 56706.95207024 15.276
 208 120.800021  60.507302   120.158   120.153  4 56716.86770541 14.895
 210 120.795832  60.506750   119.634   119.631  4 56736.69900734 15.859
 211 120.798204  60.507335   120.012   120.003  5 56746.61465305 16.030
 212 120.801068  60.508158   121.549   121.478  4 56756.53029441 14.686
 213 120.803823  60.508651   225.681   225.539  4 56766.44593001  4.734
 214 120.803698  60.508093   254.233   254.152  4 56776.36157163  5.913
 215 120.799536  60.507291   228.484   228.941  5 56786.27722778  7.841
 216 120.796422  60.506914   220.480   221.855  4 56796.19288044  5.381
 217 120.795318  60.506740   215.791   214.802  3 56806.10852873  0.785
 218 120.795093  60.506636   215.560   213.228  4 56816.02417060  4.056
 220 120.791849  60.506925   243.480   243.441  3 56835.85544352  0.616
 221 120.796680  60.506581   124.857   124.826  4 56845.77107555 35.007
 222 120.796253  60.507393   204.372   208.668  4 56855.68672293 12.483
 223 120.797954  60.507211   210.319   212.895  4 56865.60237648  9.649
 224 120.797362  60.506896   123.621   123.592  5 56875.51802884 45.946
 225 120.795010  60.506645   124.423   124.395  4 56885.43367791 37.146
 226 120.794510  60.505643   123.428   123.406  3 56895.34932434 45.211
 227 120.794189  60.505768   193.491   193.425  4 56905.26496760 13.385
 228 120.794566  60.507068   201.573   202.575  4 56915.18060870 16.633
 229 120.800140  60.507501   216.474   214.707  5 56925.09624863  3.281
 230 120.803110  60.508546   123.404   123.219  5 56935.01188532 50.766
 231 120.805251  60.508971   186.273   186.278  4 56944.92751675 23.798
 232 120.800655  60.508427   184.367   184.467  4 56954.84316638 22.418
 233 120.798463  60.507161   185.626   185.546  4 56964.75881603 25.071
 234 120.799700  60.506686   122.326   122.325  4 56974.67446124 28.551
 235 120.799079  60.508166   122.208   122.220  4 56984.59010154 25.163
 237 120.805450  60.505573   122.070   122.070  2 57004.42137727 23.703
 238 120.795248  60.505677   121.989   121.992  4 57014.33703203 23.187
 240 120.795689  60.505962   121.901   121.905  4 57034.16833163 19.764
 241 120.800074  60.506636   121.423   121.418  3 57044.08397821 18.341
 242 120.798919  60.507809   121.134   121.125  4 57053.99962156 16.326
 243 120.799802  60.506561   121.095   121.050  4 57063.91526073 14.122
 244 120.798472  60.506634   120.695   120.677  4 57073.83089453 14.816
 246 120.802959  60.508468   120.373   120.411  5 57093.66217542 13.802
 250 120.800384  60.506219   123.458   123.514  3 57133.32477309  9.994
 251 120.797720  60.507052   228.965   228.917  5 57143.24040954 13.421
 252 120.800764  60.507906   225.810   226.198  4 57153.15604376  7.059
 253 120.802926  60.509354   221.307   223.788  4 57163.07167777  8.014
 254 120.801390  60.508316   201.012   201.666  4 57172.98733495  7.581
 255 120.798421  60.506445   209.528   209.571  4 57182.90298899  6.746
 256 120.792321  60.505745   197.942   199.007  3 57192.81863868 17.889
 257 120.790553  60.505596   196.365   195.589  3 57202.73428605 16.690
 258 120.796074  60.505429   125.339   125.311  4 57212.64992054 46.291
 259 120.798623  60.507357   123.639   123.613  4 57222.56556418 42.790
 260 120.802052  60.507444   122.894   122.771  4 57232.48120657 46.851
 261 120.800630  60.507455   122.006   121.949  5 57242.39684582 41.025
 262 120.799098  60.507003   121.987   121.858  5 57252.31248261 36.999
 264 120.804557  60.509137   121.684   121.614  5 57272.14375283 49.726
 265 120.805628  60.509886   122.773   122.765  4 57282.05941036 35.981
 266 120.803671  60.510122   211.210   211.548  3 57291.97506522  2.901
 267 120.801683  60.508176   214.074   214.990  4 57301.89071710  4.574
 268 120.797772  60.506337   121.474   121.360  4 57311.80636497 49.383
 269 120.792674  60.506380   189.550   188.080  4 57321.72200915 20.083
 270 120.793598  60.506796   120.256   120.215  4 57331.63765144 44.323
 271 120.799382  60.506955   120.704   120.704  5 57341.55329211 32.513
 272 120.796632  60.507412   120.670   120.679  4 57351.46894294 32.115
 273 120.796509  60.505851   121.160   121.106  4 57361.38458766 30.008
 274 120.792490  60.505269   120.845   120.805  4 57371.30022874 30.080
 275 120.791857  60.505607   120.737   120.767  3 57381.21586807 27.961
 276 120.796716  60.506633   120.281   120.347  5 57391.13150714 19.833
 277 120.800828  60.508823   120.056   120.042  4 57401.04714505 21.477
 278 120.803996  60.509275   120.072   120.084  4 57410.96278621 20.086
 279 120.801911  60.507861   120.014   120.018  4 57420.87843847 20.971
 280 120.799309  60.506525   119.789   119.768  4 57430.79408801 17.558
 281 120.795969  60.507291   119.903   119.871  4 57440.70973514 17.933
 282 120.799562  60.507766   119.716   119.728  5 57450.62538196 19.414
 283 120.803873  60.508049   119.707   119.702  4 57460.54102734 20.712
 284 120.802744  60.509280   119.830   119.830  4 57470.45666878 18.810
 285 120.803319  60.508247   119.762   119.787  4 57480.37230664 16.698
 286 120.799213  60.508335   119.998   120.005  4 57490.28794095 13.900
 287 120.804095  60.506622   210.126   210.126  2 57500.20357438  2.925
 288 120.800871  60.508068   226.533   229.748  4 57510.11921949 12.035
 289 120.800300  60.507739   225.067   228.845  4 57520.03487535  8.491
 290 120.798919  60.507635   233.997   234.435  4 57529.95052844  5.717
 291 120.798880  60.505970   228.662   228.766  4 57539.86617860  7.705
 292 120.793945  60.505851   195.569   195.063  3 57549.78182531 24.005
 293 120.793750  60.505194   242.369   241.906  3 57559.69747107  1.369
 294 120.794364  60.506288   126.216   126.214  4 57569.61311599 43.062
 295 120.797850  60.507195   124.485   124.594  5 57579.52876081 27.224
 296 120.800903  60.507660   124.982   125.130  5 57589.44440403 45.834
 297 120.799769  60.508063   128.644   128.524  4 57599.36004420 45.235
