-138481.221   133.804     0.00    5.62
-138195.325   132.638    -4.08    5.46
-137909.415   132.031    -2.12    5.43
-137623.489   131.029    -3.51    4.78
-137337.548   129.101    -6.74    4.55
-137051.592   126.641    -8.60    5.14
-136765.622   123.838    -9.80    5.44
-136479.636   121.394    -8.54    5.69
-136193.635   118.838    -8.94    5.36
-135907.619   116.617    -7.76    4.68
-135621.587   114.627    -6.96    3.84
-135335.541   112.982    -5.75    3.50
-135049.480   111.859    -3.93    3.26
-134763.404   110.603    -4.39    3.68
-134477.312   109.155    -5.06    4.69
-134191.206   107.748    -4.92    5.14
-133905.084   106.036    -5.98    4.96
-133618.947   104.649    -4.85    4.74
-133332.795   102.663    -6.94    4.57
-133046.628   101.443    -4.27    3.71
-132760.446   100.958    -1.69    3.25
-132474.249   101.647     2.41    4.05
-132188.037   102.487     2.93    4.98
-131901.810   104.120     5.70    6.04
-131615.567   106.021     6.64    6.11
-131329.310   107.975     6.83    5.80
-131043.037   107.985     0.04    6.44
-130756.749   107.435    -1.92    7.37
-130470.446   106.584    -2.97    8.25
-130184.128   105.245    -4.68    9.35
-129897.795   102.997    -7.85    9.79
-129611.446   100.728    -7.92    9.56
-129325.083    99.443    -4.49    8.88
-129038.704    97.822    -5.66    8.45
-128752.310    96.989    -2.91    8.01
-128465.902    95.726    -4.41    7.26
-128179.477    95.053    -2.35    6.92
-127893.038    94.617    -1.52    5.92
-127606.584    94.290    -1.14    5.47
-127320.114    93.388    -3.15    5.25
-127033.630    92.605    -2.73    5.07
-126747.130    92.191    -1.45    4.93
-126460.615    91.895    -1.03    4.40
-126174.085    91.954     0.21    4.32
-125887.539    91.193    -2.66    3.66
-125600.979    90.942    -0.87    3.07
-125314.403    90.529    -1.44    2.38
-125027.812    90.776     0.86    2.23
-124741.206    91.427     2.27    2.18
-124454.585    92.181     2.63    2.67
-124167.948    92.874     2.42    2.88
-123881.296    93.099     0.78    3.15
-123594.630    93.503     1.41    3.71
-123307.948    93.927     1.48    4.00
-123021.250    94.818     3.11    4.76
-122734.538    95.068     0.87    4.90
-122447.810    95.244     0.61    4.80
-122161.067    95.586     1.19    4.77
-121874.309    96.271     2.39    4.89
-121587.536    96.923     2.28    5.13
-121300.747    97.498     2.00    4.91
-121013.943    97.739     0.84    5.03
-120727.125    98.114     1.31    5.06
-120440.290    98.451     1.17    4.51
-120153.441    98.374    -0.27    4.13
-119866.576    99.317     3.29    3.70
-119579.696   100.794     5.15    4.69
-119292.801   102.411     5.64    5.65
-119005.891   104.669     7.87    8.19
-118718.965   106.366     5.91    9.50
-118432.024   109.269    10.12   10.51
-118145.068   110.738     5.12   11.44
-117858.097   110.784     0.16   11.15
-117571.110   109.671    -3.88   10.33
-117284.108   108.062    -5.61    8.67
-116997.091   107.849    -0.74    8.45
-116710.058   107.748    -0.35    9.43
-116423.010   108.781     3.60   11.04
-116135.947   110.343     5.44   12.08
-115848.869   111.792     5.05   12.36
-115561.776   112.589     2.77   12.29
-115274.667   112.292    -1.03   11.44
-114987.543   112.904     2.13   10.53
-114700.403   112.748    -0.54   10.23
-114413.248   113.427     2.36   10.37
-114126.078   113.557     0.45   10.47
-113838.893   115.070     5.27   10.28
-113551.693   117.542     8.61   10.67
-113264.477   119.935     8.33    9.50
-112977.245   121.489     5.41    7.74
-112689.999   121.191    -1.04    7.03
-112402.737   119.828    -4.74    8.23
-112115.460   117.053    -9.66    9.60
-111828.167   113.959   -10.77    9.82
-111540.860   110.681   -11.41    8.84
-111253.537   107.419   -11.35    7.63
-110966.198   104.404   -10.49    5.63
-110678.844   102.129    -7.91    4.37
-110391.475   101.230    -3.13    4.00
-110104.091   100.723    -1.77    3.65
-109816.691   100.784     0.21    3.57
-109529.276   101.004     0.77    3.50
-109241.845   101.332     1.14    3.86
-108954.399   102.550     4.24    4.45
-108666.938   105.382     9.85    5.59
-108379.462   108.443    10.65    6.19
-108091.970   111.124     9.33    6.50
-107804.463   114.236    10.82    7.18
-107516.940   118.351    14.31    8.58
-107229.402   123.578    18.18   10.76
-106941.849   130.166    22.91   13.12
-106654.280   135.942    20.09   13.89
-106366.696   140.474    15.76   12.96
-106079.096   142.677     7.66   11.02
-105791.482   143.899     4.25    9.92
-105503.851   143.801    -0.34    9.18
-105216.206   143.633    -0.58    8.06
-104928.545   141.768    -6.48    6.79
-104640.868   140.142    -5.65    5.02
-104353.176   138.734    -4.89    4.17
-104065.469   137.670    -3.70    4.11
-103777.747   137.708     0.13    4.15
-103490.009   138.732     3.56    5.07
-103202.255   140.847     7.35    6.90
-102914.486   143.224     8.26    7.91
-102626.702   145.134     6.64    8.12
-102338.902   147.356     7.72    7.20
-102051.087   148.351     3.46    6.44
-101763.257   148.644     1.02    6.47
-101475.411   148.305    -1.18    6.57
-101187.549   148.459     0.53    6.95
-100899.673   148.466     0.03    7.91
-100611.780   149.299     2.90    9.64
-100323.873   150.183     3.07   10.27
-100035.949   151.183     3.47   10.20
 -99748.011   151.036    -0.51    9.85
 -99460.057   147.935   -10.77   10.90
 -99172.087   143.365   -15.87   12.72
 -98884.102   136.629   -23.39   13.73
 -98596.102   130.556   -21.08   11.56
 -98308.086   126.497   -14.09    8.52
 -98020.055   125.900    -2.07    7.56
 -97732.008   126.818     3.18    8.32
 -97443.946   130.239    11.88   10.47
 -97155.868   134.357    14.29   10.96
 -96867.775   139.947    19.40    9.80
 -96579.666   142.954    10.44    8.38
 -96291.542   144.163     4.20    7.78
 -96003.403   145.162     3.47    7.57
 -95715.247   146.255     3.79    7.21
 -95427.947   146.382     0.44    6.77
 -95142.973   145.700    -2.39    6.39
 -94857.985   144.313    -4.87    7.08
 -94572.982   142.427    -6.62    8.67
 -94287.965   139.978    -8.59    9.56
 -94002.933   136.753   -11.31   10.40
 -93717.888   132.311   -15.58   10.59
 -93432.827   128.099   -14.77   10.12
 -93147.753   123.638   -15.65    9.87
 -92862.664   120.124   -12.32    8.83
 -92577.561   117.167   -10.37    7.75
 -92292.444   114.803    -8.29    6.90
 -92007.312   113.614    -4.17    6.53
 -91722.166   114.567     3.34    7.63
 -91437.006   116.086     5.33    8.36
 -91151.831   117.986     6.66    7.20
 -90866.642   117.931    -0.19    6.71
 -90581.438   118.263     1.16    6.03
 -90296.221   118.152    -0.39    5.99
 -90010.988   118.125    -0.10    6.55
 -89725.742   118.427     1.06    7.11
 -89440.481   119.891     5.13    7.85
 -89155.206   122.068     7.63    8.58
 -88869.916   123.671     5.62    8.03
 -88584.612   125.939     7.95    7.92
 -88299.294   127.382     5.06    7.75
 -88013.961   128.818     5.03    6.92
 -87728.614   129.758     3.30    7.07
 -87443.252   131.888     7.46    7.33
 -87157.876   134.442     8.95    8.44
 -86872.486   136.161     6.02    8.64
 -86587.081   138.170     7.04   10.94
 -86301.662   138.710     1.89   10.71
 -86016.229   138.666    -0.16   10.36
 -85730.781   136.954    -6.00   10.59
 -85445.319   132.997   -13.86   10.74
 -85159.842   129.051   -13.82   11.05
 -84874.351   124.884   -14.60   10.69
 -84588.845   121.145   -13.10    8.51
 -84303.325   119.187    -6.86    6.86
 -84017.791   119.540     1.24    6.82
 -83732.242   120.868     4.65    7.63
 -83446.679   124.359    12.23    9.26
 -83161.102   128.663    15.07    9.16
 -82875.509   133.466    16.82    7.66
 -82589.903   137.024    12.46    6.98
 -82304.282   139.013     6.96    6.56
 -82018.647   139.127     0.40    7.82
 -81732.997   138.199    -3.25    9.18
 -81447.333   136.170    -7.10   10.39
 -81161.654   133.536    -9.22   10.84
 -80875.961   129.999   -12.38   10.47
 -80590.254   126.781   -11.26    9.21
 -80304.532   124.694    -7.30    8.05
 -80018.795   121.632   -10.72    7.23
 -79733.044   118.677   -10.34    6.71
 -79447.279   115.870    -9.82    7.06
 -79161.499   113.771    -7.35    6.40
 -78875.705   113.533    -0.83    6.17
 -78589.896   113.151    -1.33    6.10
 -78304.073   113.768     2.16    6.42
 -78018.236   114.122     1.24    6.34
 -77732.383   114.322     0.70    5.77
 -77446.517   114.569     0.86    5.09
 -77160.636   114.335    -0.82    4.57
 -76874.740   113.561    -2.71    3.59
 -76588.830   113.326    -0.82    3.89
 -76302.906   113.145    -0.63    4.12
 -76016.967   113.708     1.97    4.24
 -75731.013   114.051     1.20    4.12
 -75445.045   115.065     3.54    3.83
 -75159.062   115.874     2.83    3.54
 -74873.065   116.482     2.12    2.77
 -74587.054   116.427    -0.19    2.78
 -74301.028   115.821    -2.12    3.58
 -74014.987   114.465    -4.74    4.43
 -73728.932   112.396    -7.23    5.45
 -73442.863   109.019   -11.80    6.75
 -73156.779   105.168   -13.46    7.57
 -72870.680   101.818   -11.71    7.32
 -72584.567    99.405    -8.43    6.53
 -72298.439    97.411    -6.97    5.58
 -72012.297    96.488    -3.23    4.41
 -71726.140    96.732     0.85    3.94
 -71439.969    98.157     4.98    4.64
 -71153.783    98.786     2.20    4.22
 -70867.583    99.566     2.72    4.69
 -70581.368    99.474    -0.32    4.93
 -70295.139    98.551    -3.22    5.03
 -70008.895    97.157    -4.87    5.20
 -69722.636    95.443    -5.99    5.00
 -69436.363    93.715    -6.03    4.43
 -69150.076    91.660    -7.18    4.91
 -68863.773    88.533   -10.92    5.97
 -68577.457    86.458    -7.25    6.16
 -68291.125    84.586    -6.54    5.80
 -68004.780    83.553    -3.61    5.20
 -67718.419    83.050    -1.76    4.36
 -67432.044    83.649     2.09    4.53
 -67145.655    86.078     8.48    5.51
 -66859.250    88.525     8.54    6.02
 -66572.832    91.489    10.35    6.11
 -66286.398    93.751     7.90    6.06
 -65999.950    95.679     6.73    4.97
 -65713.488    96.958     4.46    3.81
 -65427.011    97.193     0.82    3.30
 -65140.519    96.307    -3.09    3.80
 -64854.013    94.388    -6.70    5.26
 -64567.492    90.683   -12.93    7.63
 -64280.956    87.042   -12.70    9.64
 -63994.406    82.199   -16.90   11.12
 -63707.842    77.671   -15.80   11.29
 -63421.262    72.677   -17.43   10.66
 -63134.668    69.041   -12.69    9.14
 -62848.060    65.838   -11.18    7.27
 -62561.437    64.262    -5.50    5.88
 -62274.799    63.094    -4.08    5.14
 -61988.147    64.044     3.31    6.48
 -61701.480    65.027     3.43    7.54
 -61414.798    66.950     6.71    8.26
 -61128.102    68.404     5.07    8.15
 -60841.391    69.734     4.64    7.35
 -60554.665    70.066     1.16    7.10
 -60267.925    70.458     1.37    7.07
 -59981.170    70.653     0.68    7.22
 -59694.401    70.954     1.05    6.59
 -59407.617    70.698    -0.89    5.90
 -59120.818    69.868    -2.89    5.49
 -58834.004    68.862    -3.51    6.51
 -58547.176    66.804    -7.18    7.50
 -58260.333    63.900   -10.12    7.80
 -57973.476    61.215    -9.36    6.51
 -57686.604    58.907    -8.04    6.17
 -57399.717    56.119    -9.72    6.09
 -57112.816    54.538    -5.51    5.70
 -56825.900    53.624    -3.18    6.69
 -56538.969    52.411    -4.23    8.02
 -56252.023    51.342    -3.73    8.83
 -55965.063    49.289    -7.15    9.81
 -55678.088    47.256    -7.08   10.54
 -55391.099    45.076    -7.60   10.35
 -55104.095    43.052    -7.05    9.38
 -54817.076    39.897   -10.99    6.16
 -54530.042    38.213    -5.87    3.35
 -54242.994    38.276     0.22    3.45
 -53955.931    38.876     2.09    3.95
 -53668.853    39.988     3.87    5.36
 -53381.761    41.997     7.00    5.96
 -53094.654    43.878     6.55    5.91
 -52807.532    45.798     6.69    5.36
 -52520.395    48.104     8.03    5.26
 -52233.244    50.867     9.62    5.96
 -51946.078    52.908     7.11    6.40
 -51658.897    55.420     8.75    7.22
 -51371.702    58.598    11.06    7.13
 -51084.492    62.056    12.04    6.18
 -50797.267    64.419     8.23    5.63
 -50510.027    66.221     6.27    6.45
 -50222.773    67.641     4.94    6.97
 -49935.504    69.041     4.87    7.09
 -49648.220    69.713     2.34    7.01
 -49360.921    69.075    -2.22    6.85
 -49073.608    68.814    -0.91    6.22
 -48786.280    68.238    -2.00    5.63
 -48498.937    67.096    -3.97    5.84
 -48211.579    66.004    -3.80    5.90
 -47924.207    64.510    -5.20    5.74
 -47636.820    63.435    -3.74    5.62
 -47349.418    62.015    -4.94    5.57
 -47062.001    59.641    -8.26    6.15
 -46774.570    56.505   -10.91    7.36
 -46487.124    53.442   -10.65    8.16
 -46199.663    49.947   -12.16    8.09
 -45912.187    47.024   -10.17    6.99
 -45624.696    44.224    -9.74    4.97
 -45337.191    42.321    -6.62    3.63
 -45049.671    41.388    -3.25    3.03
 -44762.136    41.259    -0.45    2.83
 -44474.586    40.950    -1.07    2.92
 -44187.022    40.616    -1.16    2.82
 -43899.442    40.299    -1.10    2.66
 -43611.848    40.340     0.14    2.74
 -43324.239    40.677     1.17    2.56
 -43036.616    40.773     0.33    2.43
 -42748.977    40.927     0.53    2.34
 -42461.324    41.258     1.15    2.04
 -42173.656    41.419     0.56    1.96
 -41885.973    41.366    -0.19    2.09
 -41598.275    40.794    -1.99    2.39
 -41310.562    40.517    -0.96    2.57
 -41022.835    40.239    -0.97    2.61
 -40735.092    39.973    -0.93    2.36
 -40447.335    39.915    -0.20    2.07
 -40159.563    40.162     0.86    2.38
 -39871.777    40.584     1.47    2.62
 -39583.975    41.617     3.59    3.10
 -39296.158    42.862     4.33    3.61
 -39008.327    43.779     3.18    3.51
 -38720.481    44.200     1.46    3.13
 -38432.620    44.396     0.68    2.84
 -38144.744    43.939    -1.59    3.03
 -37856.853    43.107    -2.89    3.97
 -37568.948    41.791    -4.57    5.67
 -37281.027    39.537    -7.83    7.35
 -36993.092    38.472    -3.70    7.68
 -36705.142    37.939    -1.85    7.83
 -36417.177    38.573     2.20    7.29
 -36129.197    39.305     2.54    6.71
 -35841.202    40.605     4.51    6.25
 -35553.192    41.269     2.31    5.57
 -35265.167    42.197     3.22    5.54
 -34977.128    44.247     7.12    7.01
 -34689.074    46.104     6.45    7.60
 -34401.004    48.966     9.93    8.83
 -34112.920    51.908    10.21    9.16
 -33824.821    54.125     7.70    8.03
 -33537.828    54.901     2.70    7.12
 -33252.799    55.636     2.58    5.97
 -32967.757    54.848    -2.76    6.13
 -32682.701    55.132     1.00    5.95
 -32397.631    54.781    -1.23    5.71
 -32112.547    54.350    -1.51    5.32
 -31827.450    54.912     1.97    4.66
 -31542.339    55.404     1.72    4.31
 -31257.214    55.435     0.11    4.23
 -30972.075    55.287    -0.52    4.13
 -30686.923    54.781    -1.78    3.47
 -30401.757    54.520    -0.91    2.51
 -30116.577    54.647     0.44    2.38
 -29831.383    54.939     1.02    2.41
 -29546.175    55.715     2.72    3.01
 -29260.954    56.592     3.08    3.28
 -28975.719    56.751     0.56    3.15
 -28690.470    56.235    -1.81    3.41
 -28405.208    55.931    -1.07    3.61
 -28119.931    55.702    -0.80    3.56
 -27834.641    54.997    -2.47    3.26
 -27549.337    54.390    -2.13    2.98
 -27264.019    53.805    -2.05    2.49
 -26978.688    53.299    -1.77    2.52
 -26693.342    52.529    -2.70    2.76
 -26407.983    51.564    -3.38    2.77
 -26122.610    50.551    -3.55    2.95
 -25837.224    50.079    -1.66    3.00
 -25551.823    49.481    -2.09    2.92
 -25266.409    49.435    -0.16    3.36
 -24980.980    49.158    -0.97    3.59
 -24695.538    49.164     0.02    3.74
 -24410.083    49.365     0.70    3.85
 -24124.613    49.495     0.46    3.35
 -23839.129    49.574     0.28    2.69
 -23553.632    49.751     0.62    2.35
 -23268.121    50.536     2.75    2.86
 -22982.596    51.641     3.87    3.27
 -22697.057    52.032     1.37    3.22
 -22411.505    51.923    -0.38    3.28
 -22125.938    51.896    -0.09    3.34
 -21840.358    51.404    -1.72    3.49
 -21554.764    50.548    -3.00    3.68
 -21269.156    49.218    -4.66    3.46
 -20983.534    48.154    -3.72    2.39
 -20697.898    48.075    -0.28    2.31
 -20412.249    47.954    -0.43    2.51
 -20126.585    47.561    -1.38    2.64
 -19840.908    47.229    -1.16    3.02
 -19555.217    47.088    -0.49    3.17
 -19269.512    46.179    -3.18    3.75
 -18983.793    45.529    -2.28    3.42
 -18698.060    44.600    -3.25    4.05
 -18412.314    42.706    -6.63    7.92
 -18126.553    36.715   -20.97   16.19
 -17840.779    29.536   -25.12   20.35
 -17554.991    20.992   -29.89   21.50
 -17269.189    12.221   -30.69   18.98
 -16983.373     4.835   -25.84   13.22
 -16697.543     0.041   -16.77    6.54
 -16411.699    -1.565    -5.62    0.00
 -16125.841    -1.565     0.00    0.00
 -15839.970    -1.565     0.00    0.00
 -15554.084    -1.174     1.37    3.01
 -15268.185     0.086     4.41    6.89
 -14982.272     2.147     7.21   10.67
 -14696.345     2.233     0.30   10.78
 -14410.404     2.044    -0.66   10.65
 -14124.449     1.559    -1.70    9.60
 -13838.480     0.708    -2.98    7.27
 -13552.497     0.171    -1.88    5.81
 -13266.500     1.450     4.47    7.95
 -12980.490     4.807    11.74   12.46
 -12694.465     8.585    13.21   15.75
 -12408.427    12.904    15.10   17.60
 -12122.374    18.435    19.34   17.76
 -11836.308    21.266     9.90   16.92
 -11550.228    23.145     6.57   16.11
 -11264.134    22.137    -3.52   16.43
 -10978.026    18.558   -12.51   17.05
 -10691.904    14.244   -15.08   16.56
 -10405.768    10.008   -14.80   15.04
 -10119.618     9.427    -2.03   14.40
  -9833.454    12.872    12.04   15.82
  -9547.276    17.584    16.46   16.15
  -9261.084    20.206     9.16   15.53
  -8974.879    23.629    11.96   14.45
  -8688.659    29.789    21.52    8.91
  -8402.425    32.726    10.26    3.91
  -8116.178    32.745     0.07    3.64
  -7829.916    32.054    -2.41    5.18
  -7543.641    29.304    -9.61   10.85
  -7257.351    24.427   -17.03   14.80
  -6971.048    18.958   -19.10   16.43
  -6684.730    15.465   -12.20   16.87
  -6398.399    14.183    -4.48   17.31
  -6112.053    15.312     3.94   18.10
  -5825.694    18.886    12.48   18.55
  -5539.321    24.396    19.24   17.19
  -5252.933    28.856    15.57   14.25
  -4966.532    33.419    15.93    9.57
  -4680.117    35.935     8.78    4.51
  -4393.687    35.656    -0.97    3.85
  -4107.244    34.579    -3.76    3.58
  -3820.787    32.306    -7.93    7.47
  -3534.315    28.692   -12.61   11.79
  -3247.830    25.589   -10.83   13.71
  -2961.331    21.950   -12.70   15.34
  -2674.817    20.227    -6.01   16.01
  -2388.290    21.104     3.06   17.29
  -2101.749    21.489     1.34   17.63
  -1815.193    21.908     1.47   18.38
  -1528.624    18.966   -10.27   19.03
  -1242.040    15.206   -13.12   18.95
   -955.443    12.152   -10.65   17.92
   -668.832     8.970   -11.10   16.26
   -382.206     4.170   -16.75   11.90
    -95.567     5.858     5.89   13.02
    191.087    12.017    21.49   16.81
    477.755    19.364    25.63   19.77
    764.436    28.733    32.68   22.04
   1051.132    39.395    37.19   22.80
   1337.842    53.258    48.35   22.36
   1624.565    64.661    39.77   22.65
   1911.303    75.256    36.95   22.37
   2198.055    84.350    31.71   19.74
   2484.821    91.024    23.28   16.27
   2771.601    97.388    22.19   11.34
   3058.395   101.885    15.68    8.15
   3345.203   104.389     8.73    6.51
   3632.025   106.511     7.40    6.75
   3918.862   108.487     6.89    7.15
   4205.712   111.395    10.14    7.55
   4492.576   114.194     9.76    7.60
   4779.455   117.537    11.65    7.72
   5066.347   120.609    10.71    7.47
   5353.254   123.365     9.61    6.60
   5640.175   126.323    10.31    6.21
   5927.109   128.716     8.34    6.03
   6214.058   130.036     4.60    5.31
   6501.021   130.193     0.54    5.10
   6787.998   128.972    -4.25    6.02
   7074.990   127.591    -4.81    7.33
   7361.995   124.368   -11.23    8.71
   7649.014   120.286   -14.22    9.13
   7936.048   114.748   -19.30    9.39
   8223.095   108.893   -20.40   10.25
   8510.157   102.931   -20.77   11.57
   8797.233    97.018   -20.60   12.14
   9084.323    92.294   -16.45   11.79
   9371.427    87.720   -15.93   10.18
   9658.545    83.742   -13.86    8.93
   9945.677    81.174    -8.95    7.38
  10232.823    79.996    -4.10    6.50
  10519.984    79.781    -0.75    5.70
  10807.159    80.367     2.04    4.90
  11094.347    81.503     3.96    5.38
  11381.550    81.763     0.91    5.09
  11668.767    81.570    -0.67    5.62
  11955.998    80.458    -3.87    4.86
  12243.244    79.788    -2.33    3.60
  12530.503    79.794     0.02    2.79
  12817.777    80.586     2.76    3.71
  13105.065    82.189     5.58    4.61
  13392.367    83.776     5.52    4.43
  13679.683    85.539     6.14    3.51
  13967.013    86.958     4.94    2.97
  14254.357    88.766     6.29    4.17
  14541.716    91.568     9.75    7.24
  14829.089    96.781    18.14   12.78
  15116.476   103.621    23.80   16.31
  15403.877   111.623    27.84   17.06
  15691.292   119.474    27.32   16.44
  15978.721   126.856    25.68   13.26
  16266.165   131.696    16.84    9.20
  16553.623   135.360    12.75    5.53
  16841.095   137.101     6.06    4.91
  17128.581   138.751     5.74    5.61
  17416.081   139.696     3.29    5.83
  17703.596   141.427     6.02    6.52
  17991.124   143.715     7.96    6.51
  18278.667   145.931     7.71    5.83
  18566.224   147.745     6.31    6.86
  18853.796   148.656     3.17    8.23
  19141.381   149.883     4.26    9.01
  19428.981   151.247     4.75    9.38
  19716.595   152.679     4.98   10.03
  20004.223   154.091     4.91    9.59
  20291.865   154.627     1.86    9.41
  20579.522   155.349     2.51    8.69
  20867.193   156.577     4.27    8.40
  21154.878   157.099     1.82    7.69
  21442.577   157.002    -0.34    7.08
  21730.291   156.490    -1.78    6.38
  22018.018   156.442    -0.17    5.64
  22305.760   155.609    -2.90    5.33
  22593.516   153.585    -7.03    5.48
  22881.287   151.571    -7.00    5.67
  23169.071   150.289    -4.46    5.88
  23456.870   149.830    -1.59    5.77
  23744.684   149.196    -2.20    5.60
  24032.511   148.554    -2.23    5.97
  24320.353   148.630     0.26    5.87
  24608.209   149.280     2.26    5.88
  24896.079   149.302     0.08    5.84
  25183.963   148.927    -1.30    6.25
  25471.862   148.249    -2.36    6.23
  25759.775   147.879    -1.28    6.71
  26047.702   147.272    -2.11    6.83
  26335.643   145.338    -6.72    7.30
  26623.599   143.208    -7.40    7.43
  26911.569   140.608    -9.03    7.99
  27199.554   138.330    -7.91    8.39
  27487.552   134.427   -13.55    9.75
  27775.565   129.830   -15.96   12.60
  28063.592   123.954   -20.40   15.38
  28350.319   117.294   -23.23   16.91
  28635.412   110.094   -25.26   17.25
  28920.517   103.233   -24.06   15.46
  29205.636    97.489   -20.15   12.21
  29490.768    94.129   -11.78    8.27
  29775.913    94.804     2.37    7.63
  30061.071    97.741    10.30   10.69
  30346.242   102.732    17.50   12.69
  30631.426   106.472    13.12   12.54
  30916.624   108.853     8.35   11.51
  31201.835   110.961     7.39   10.16
  31487.059   112.249     4.52    9.66
  31772.296   113.412     4.08   10.25
  32057.546   115.233     6.38   10.59
  32342.810   117.487     7.90   10.64
  32628.087   120.946    12.13    9.10
  32913.377   124.196    11.39    6.29
  33198.680   126.259     7.23    4.61
  33483.996   127.564     4.57    4.67
  33769.326   127.717     0.54    5.26
  34054.668   127.758     0.14    5.94
  34340.024   127.942     0.65    6.52
  34625.393   128.662     2.52    6.65
  34910.776   128.942     0.98    6.38
  35196.171   129.074     0.46    5.98
  35481.580   129.847     2.71    5.55
  35767.002   130.916     3.75    5.20
  36052.437   132.341     4.99    5.25
  36337.886   134.127     6.26    4.98
  36623.347   136.482     8.25    4.79
  36908.822   138.412     6.76    4.04
  37194.310   139.943     5.36    3.97
  37479.812   141.074     3.96    4.52
  37765.326   141.605     1.86    4.65
  38050.854   142.172     1.98    4.77
  38336.395   142.818     2.26    4.38
  38621.949   143.203     1.35    4.06
  38907.517   142.489    -2.50    4.17
  39193.098   140.213    -7.97    6.74
  39478.692   136.482   -13.06    9.58
  39764.299   132.582   -13.65   11.07
  40049.919   129.013   -12.50   10.59
  40335.553   126.679    -8.17    8.98
  40621.200   126.443    -0.83    8.44
  40906.860   127.994     5.43    9.80
  41192.534   132.519    15.84   10.54
  41478.221   137.442    17.23    9.61
  41763.921   141.282    13.44    7.52
  42049.634   144.360    10.77    5.63
  42335.360   145.496     3.98    4.69
  42621.100   145.793     1.04    4.79
  42906.853   145.242    -1.93    4.89
  43192.620   144.209    -3.62    4.98
  43478.399   143.273    -3.28    4.52
  43764.192   143.517     0.85    4.56
  44049.999   144.350     2.91    4.89
  44335.818   145.613     4.42    5.18
  44621.651   145.574    -0.13    6.38
  44907.497   144.020    -5.44    9.04
  45193.356   141.335    -9.39   11.45
  45479.229   138.211   -10.93   12.13
  45765.115   134.549   -12.81   11.27
  46051.014   130.897   -12.77    8.17
  46336.927   129.206    -5.92    4.76
  46622.853   129.420     0.75    3.97
  46908.792   130.166     2.61    3.71
  47194.744   131.457     4.52    4.33
  47480.710   133.779     8.12    6.58
  47766.689   138.241    15.60    9.67
  48052.682   143.200    17.34   12.26
  48338.687   149.623    22.46   13.34
  48624.706   155.574    20.81   12.49
  48910.739   161.984    22.41   10.32
  49196.784   165.304    11.61    8.09
  49482.843   168.217    10.18    6.54
  49768.916   169.071     2.99    5.94
  50055.002   169.768     2.44    6.01
  50341.101   169.896     0.45    6.09
  50627.213   169.796    -0.35    6.21
  50913.339   169.127    -2.34    6.22
  51199.478   168.838    -1.01    6.90
  51485.630   168.127    -2.49    7.30
  51771.796   167.829    -1.04    7.36
  52057.975   167.367    -1.61    6.94
  52344.167   167.534     0.58    6.30
  52630.373   166.618    -3.20    5.76
  52916.592   165.816    -2.80    4.97
  53202.824   164.656    -4.05    4.89
  53489.070   163.319    -4.67    5.65
  53775.329   162.104    -4.25    6.60
  54061.602   160.836    -4.43    6.80
  54347.888   160.174    -2.31    6.56
  54634.187   161.066     3.12    6.74
  54920.500   162.868     6.29    8.08
  55206.826   167.435    15.95    8.89
  55493.165   172.142    16.44   10.03
  55779.518   177.558    18.92    9.94
  56065.884   182.761    18.17   10.13
  56352.264   188.038    18.43   10.37
  56638.657   191.509    12.12   10.57
  56925.063   193.200     5.90   10.65
  57211.483   192.205    -3.47   12.69
  57497.916   189.722    -8.67   15.30
  57784.362   184.555   -18.04   16.91
  58070.822   179.635   -17.18   17.77
  58357.295   174.593   -17.60   17.45
  58643.782   170.981   -12.61   16.61
  58930.282   166.863   -14.37   16.32
  59216.795   164.012    -9.95   16.50
  59503.322   160.705   -11.54   16.51
  59789.863   157.689   -10.53   15.83
  60076.416   155.089    -9.07   14.83
  60362.983   152.179   -10.15   12.96
  60649.564   150.020    -7.53   10.52
  60936.158   148.552    -5.12    7.40
  61222.765   149.442     3.11    6.32
  61509.386   150.667     4.27    5.79
  61796.020   151.898     4.29    5.16
  62082.668   153.047     4.01    4.68
  62369.329   154.163     3.89    4.71
  62656.004   154.779     2.15    4.59
  62942.691   154.950     0.60    4.39
  63229.393   155.771     2.86    3.95
  63516.108   157.314     5.38    4.12
  63802.836   158.958     5.73    4.50
  64089.578   160.668     5.96    5.05
  64376.333   162.336     5.82    5.79
  64663.101   164.465     7.42    5.79
  64949.884   166.496     7.08    6.06
  65236.679   169.017     8.79    6.30
  65523.488   171.768     9.59    7.21
  65810.310   174.701    10.23    8.50
  66097.146   177.691    10.42    9.84
  66383.996   181.050    11.71   11.04
  66670.859   185.503    15.53   11.53
  66957.735   189.508    13.96   11.43
  67244.625   193.969    15.55   11.09
  67531.528   197.620    12.73   10.89
  67818.445   201.877    14.84   10.10
  68105.375   205.316    11.99    9.99
  68392.318   208.900    12.49    9.01
  68679.276   211.187     7.97    8.36
  68966.246   213.719     8.83    7.10
  69253.230   215.014     4.51    7.23
  69540.228   217.373     8.22    6.39
  69827.239   219.405     7.08    6.30
  70114.264   221.742     8.15    6.26
  70401.302   224.991    11.32    6.55
  70688.353   228.855    13.46    7.36
  70975.418   233.203    15.15    8.53
  71262.497   238.261    17.62    9.48
  71549.589   243.353    17.74    9.95
  71836.695   248.694    18.61    9.82
  72123.814   253.994    18.46    9.11
  72410.947   258.745    16.55    7.96
  72698.093   262.564    13.30    7.38
  72985.252   265.848    11.44    7.35
  73272.426   269.638    13.20    8.20
  73559.612   272.136     8.70    8.08
  73846.813   274.992     9.94    8.02
  74134.026   277.632     9.19    8.24
  74421.254   279.259     5.67    8.07
  74708.494   281.247     6.92    7.35
  74995.749   282.778     5.33    6.49
  75283.017   284.413     5.69    5.54
  75570.298   285.372     3.34    5.07
  75857.593   286.465     3.80    4.42
  76144.902   287.235     2.68    3.89
  76432.224   288.720     5.17    3.28
  76719.559   289.566     2.94    3.39
  77006.909   291.121     5.41    3.63
  77294.271   293.035     6.66    4.63
  77581.648   295.269     7.78    5.91
  77869.037   298.142    10.00    6.47
  78156.441   300.672     8.80    6.28
  78443.858   303.404     9.51    5.63
  78731.288   305.038     5.68    4.05
  79018.732   305.889     2.96    3.14
  79306.190   305.690    -0.69    3.60
  79593.661   306.050     1.25    3.99
  79881.146   306.783     2.55    5.37
  80168.645   308.482     5.91    6.51
  80456.157   310.698     7.71    7.05
  80743.682   314.206    12.20    6.97
  81031.221   317.987    13.15    6.78
  81318.774   321.904    13.62    7.32
  81606.340   324.149     7.81    6.97
  81893.920   325.641     5.19    6.72
  82181.514   327.742     7.31    5.81
