-136277.898   221.380     0.00    7.99
-135992.617   221.935     1.95    8.38
-135707.354   222.721     2.75    8.87
-135422.106   224.065     4.71    9.14
-135136.876   226.347     8.00    9.09
-134851.662   229.624    11.49    8.79
-134566.464   232.400     9.73    8.29
-134281.284   235.431    10.63    8.56
-133996.119   238.181     9.64    9.13
-133710.972   240.902     9.54    9.18
-133425.841   243.468     9.00    8.95
-133140.726   245.746     7.99    8.41
-132855.628   247.639     6.64    7.05
-132570.547   248.240     2.11    5.42
-132285.482   247.912    -1.15    4.80
-132000.434   247.268    -2.26    4.61
-131715.402   246.516    -2.64    4.85
-131430.387   245.146    -4.81    5.02
-131145.389   243.742    -4.93    5.83
-130860.406   241.857    -6.61    6.71
-130575.441   240.098    -6.17    7.15
-130290.492   238.016    -7.31    7.84
-130005.560   236.032    -6.96    8.64
-129720.644   233.984    -7.19    8.44
-129435.744   231.794    -7.69    7.88
-129150.861   230.139    -5.81    7.51
-128865.995   228.298    -6.46    6.93
-128581.145   226.143    -7.57    6.64
-128296.312   224.336    -6.34    6.32
-128010.343   222.855    -5.18    5.89
-127721.833   222.032    -2.85    5.95
-127433.341   221.371    -2.29    5.99
-127144.867   221.709     1.17    6.44
-126856.411   222.444     2.55    7.21
-126567.972   224.074     5.65    8.55
-126279.551   225.656     5.48    9.99
-125991.148   227.720     7.16   10.88
-125702.763   229.847     7.38   11.21
-125414.395   231.611     6.12   11.54
-125126.045   234.653    10.55   11.95
-124837.713   236.727     7.19   11.64
-124549.399   238.866     7.42   11.42
-124261.102   240.775     6.62   10.29
-123972.824   241.885     3.85    8.86
-123684.562   244.127     7.78    6.66
-123396.319   245.504     4.78    5.42
-123108.093   246.333     2.88    4.85
-122819.885   246.780     1.55    4.53
-122531.695   246.777    -0.01    4.33
-122243.523   246.581    -0.68    4.39
-121955.368   246.960     1.32    4.20
-121667.231   247.565     2.10    3.83
-121379.112   246.992    -1.99    3.75
-121091.010   246.206    -2.73    3.37
-120802.926   245.388    -2.84    4.28
-120514.860   244.228    -4.03    5.15
-120226.811   242.488    -6.04    5.78
-119938.780   240.711    -6.17    5.68
-119650.767   238.881    -6.35    5.39
-119362.771   236.898    -6.89    4.98
-119074.793   235.402    -5.20    4.67
-118786.833   233.246    -7.49    4.77
-118498.891   231.206    -7.08    4.92
-118210.966   228.855    -8.17    5.00
-117923.058   226.606    -7.81    4.40
-117635.169   224.911    -5.89    3.99
-117347.297   222.686    -7.73    3.70
-117059.443   220.717    -6.84    4.41
-116771.606   220.033    -2.37    4.43
-116483.787   220.374     1.18    5.35
-116195.985   222.254     6.53    7.10
-115908.202   225.328    10.68    9.41
-115620.436   230.450    17.80   10.85
-115332.687   235.579    17.83   10.23
-115044.956   240.279    16.33    7.62
-114757.243   243.419    10.92    5.89
-114469.547   245.598     7.57    4.32
-114181.869   247.171     5.47    3.68
-113894.209   248.960     6.22    4.17
-113606.566   250.905     6.76    4.87
-113318.941   252.451     5.38    5.40
-113031.333   254.661     7.69    6.03
-112743.743   255.784     3.90    5.63
-112456.170   256.451     2.32    5.92
-112168.615   255.945    -1.76    6.88
-111881.078   254.911    -3.60    7.97
-111593.558   253.926    -3.43    8.65
-111306.056   252.992    -3.25    9.28
-111018.571   251.806    -4.12    9.43
-110731.104   249.595    -7.69    9.35
-110443.655   247.476    -7.37    9.68
-110156.223   245.385    -7.27    9.16
-109868.808   242.975    -8.38    8.62
-109581.412   242.024    -3.31    8.22
-109294.032   242.656     2.20    8.43
-109006.670   244.033     4.79    9.66
-108719.326   246.079     7.12    9.68
-108431.999   247.752     5.82    8.65
-108144.690   248.831     3.75    6.75
-107857.399   248.856     0.09    5.67
-107570.124   247.228    -5.67    6.21
-107282.868   243.806   -11.91    6.27
-106995.629   240.635   -11.04    5.27
-106708.407   237.901    -9.52    4.59
-106421.203   235.992    -6.65    3.77
-106134.016   234.397    -5.55    3.46
-105846.847   233.083    -4.57    3.07
-105559.695   231.726    -4.73    2.71
-105272.561   230.651    -3.74    2.92
-104985.445   229.073    -5.50    3.71
-104698.345   227.244    -6.37    4.43
-104411.264   225.144    -7.32    5.02
-104124.199   222.595    -8.88    5.44
-103837.153   220.302    -7.99    5.33
-103550.123   217.629    -9.31    5.17
-103263.111   215.279    -8.19    5.05
-102976.117   213.286    -6.94    4.76
-102689.140   212.205    -3.77    4.22
-102402.181   211.450    -2.63    3.99
-102115.239   212.095     2.25    4.95
-101828.314   214.074     6.90    7.15
-101541.407   217.032    10.31    8.34
-101254.517   221.315    14.93    9.08
-100967.645   224.769    12.04    8.98
-100680.790   228.153    11.80    7.68
-100393.952   231.183    10.56    6.43
-100107.132   233.879     9.40    5.89
 -99820.330   235.331     5.06    6.30
 -99533.545   235.710     1.32    6.76
 -99246.777   236.082     1.30    6.73
 -98960.026   236.472     1.36    6.47
 -98673.293   236.752     0.98    6.29
 -98386.578   236.350    -1.40    6.12
 -98099.880   235.740    -2.13    6.03
 -97813.199   235.605    -0.47    5.66
 -97526.535   234.884    -2.51    5.25
 -97239.889   234.848    -0.13    4.74
 -96953.261   234.211    -2.22    3.77
 -96666.649   233.183    -3.59    3.15
 -96380.056   232.389    -2.77    3.20
 -96093.479   231.442    -3.31    2.99
 -95806.920   230.500    -3.29    2.46
 -95520.378   229.643    -2.99    2.01
 -95233.853   228.790    -2.98    1.81
 -94947.346   228.392    -1.39    1.75
 -94660.857   227.760    -2.21    1.90
 -94374.384   226.810    -3.32    2.36
 -94087.929   225.346    -5.11    3.22
 -93801.491   223.370    -6.90    4.03
 -93515.071   221.802    -5.48    4.58
 -93228.668   219.484    -8.09    5.14
 -92942.282   217.642    -6.43    4.87
 -92655.914   218.935     4.51    7.64
 -92369.562   221.808    10.03   11.02
 -92083.229   225.476    12.81   12.28
 -91796.912   229.579    14.33   11.90
 -91510.613   233.213    12.69   10.89
 -91224.331   237.198    13.92    9.68
 -90938.066   239.943     9.59   10.00
 -90651.819   240.953     3.53   11.43
 -90365.589   241.256     1.06   12.67
 -90079.376   240.532    -2.53   13.81
 -89793.181   239.937    -2.08   14.68
 -89507.003   238.157    -6.22   14.13
 -89220.842   235.214   -10.28   13.55
 -88934.698   232.328   -10.09   11.84
 -88648.572   229.279   -10.66   10.01
 -88362.463   226.640    -9.22    9.27
 -88076.371   224.264    -8.31    8.46
 -87790.296   221.893    -8.29    8.11
 -87504.239   219.984    -6.67    8.47
 -87218.199   217.790    -7.67    8.33
 -86932.176   215.740    -7.17    7.85
 -86646.171   213.944    -6.28    7.67
 -86360.182   212.287    -5.80    7.12
 -86074.211   209.892    -8.38    6.66
 -85788.257   208.362    -5.35    6.77
 -85502.321   206.800    -5.46    6.11
 -85216.401   205.145    -5.79    6.01
 -84930.499   203.832    -4.59    5.64
 -84644.614   202.438    -4.88    5.09
 -84358.747   201.008    -5.00    5.17
 -84072.896   199.460    -5.41    4.75
 -83787.063   197.484    -6.91    4.45
 -83501.247   195.669    -6.35    4.73
 -83215.448   193.750    -6.72    4.41
 -82929.666   191.725    -7.09    3.69
 -82643.901   190.254    -5.15    2.94
 -82358.154   188.764    -5.21    2.37
 -82072.424   187.842    -3.23    2.34
 -81786.711   187.352    -1.71    2.64
 -81501.015   187.140    -0.74    2.69
 -81215.336   187.421     0.98    3.22
 -80929.675   188.400     3.43    4.29
 -80644.030   189.500     3.85    5.08
 -80358.403   191.452     6.83    5.88
 -80072.793   193.776     8.14    6.64
 -79787.200   196.520     9.61    6.30
 -79501.625   199.306     9.76    5.57
 -79216.066   201.831     8.84    5.29
 -78930.525   203.975     7.51    5.34
 -78645.001   206.512     8.89    6.67
 -78359.493   208.797     8.00    7.58
 -78074.003   211.117     8.13    8.60
 -77788.531   213.268     7.54   10.00
 -77503.075   214.504     4.33    9.88
 -77217.636   216.262     6.16    9.66
 -76932.215   216.794     1.86    9.82
 -76646.810   217.680     3.11    9.42
 -76361.423   218.758     3.78    9.15
 -76076.053   219.127     1.29    9.54
 -75790.700   217.711    -4.96   11.51
 -75505.364   215.792    -6.72   14.00
 -75220.045   214.246    -5.42   15.07
 -74934.743   211.566    -9.40   15.31
 -74649.458   208.800    -9.69   14.43
 -74364.191   206.240    -8.97   12.25
 -74078.940   205.050    -4.17    9.18
 -73793.707   204.087    -3.38    5.95
 -73508.490   204.626     1.89    4.32
 -73223.291   205.438     2.85    3.31
 -72938.109   205.736     1.04    3.41
 -72652.944   206.385     2.28    2.94
 -72367.796   206.626     0.84    2.67
 -72082.665   205.575    -3.69    3.78
 -71797.551   204.512    -3.73    4.14
 -71512.454   202.032    -8.70    5.56
 -71227.374   199.540    -8.74    6.95
 -70942.311   197.149    -8.39    7.38
 -70657.265   196.302    -2.97    6.97
 -70372.236   195.315    -3.46    6.62
 -70087.224   195.017    -1.05    6.66
 -69802.229   195.571     1.95    7.01
 -69517.252   196.480     3.19    7.04
 -69232.291   198.724     7.87    4.98
 -68947.347   199.736     3.55    4.29
 -68662.421   200.098     1.27    3.67
 -68377.511   199.829    -0.94    4.02
 -68092.618   198.556    -4.47    4.40
 -67807.743   196.992    -5.49    4.52
 -67522.884   195.650    -4.71    4.28
 -67238.042   194.349    -4.57    4.13
 -66953.217   193.413    -3.29    3.76
 -66668.410   192.621    -2.78    3.47
 -66383.619   191.119    -5.27    3.80
 -66097.230   190.025    -3.82    3.85
 -65808.667   189.056    -3.36    3.96
 -65520.122   189.384     1.14    4.29
 -65231.595   190.484     3.81    5.31
 -64943.087   192.032     5.37    6.78
 -64654.597   194.880     9.87    7.56
 -64366.125   198.142    11.31    7.58
 -64077.672   200.936     9.69    7.17
 -63789.236   204.065    10.85    6.44
 -63500.819   206.661     9.00    5.28
 -63212.420   208.032     4.75    5.11
 -62924.040   209.087     3.66    5.41
 -62635.677   210.496     4.88    5.37
 -62347.333   211.197     2.43    5.68
 -62059.007   211.528     1.15    5.26
 -61770.700   211.256    -0.94    4.99
 -61482.410   210.789    -1.62    4.51
 -61194.139   210.376    -1.43    3.93
 -60905.886   210.901     1.82    4.00
 -60617.651   211.713     2.82    4.00
 -60329.434   211.260    -1.57    3.37
 -60041.236   211.595     1.16    3.80
 -59753.056   212.250     2.27    3.93
 -59464.893   211.556    -2.41    4.30
 -59176.750   210.692    -3.00    4.71
 -58888.624   209.033    -5.76    4.01
 -58600.516   208.032    -3.47    3.78
 -58312.427   206.739    -4.49    3.24
 -58024.355   205.405    -4.63    3.07
 -57736.302   204.524    -3.06    2.98
 -57448.267   203.730    -2.76    2.81
 -57160.251   202.488    -4.31    2.72
 -56872.252   201.194    -4.49    2.65
 -56584.271   200.165    -3.57    2.77
 -56296.309   199.733    -1.50    2.74
 -56008.365   199.437    -1.03    2.70
 -55720.439   198.823    -2.13    2.61
 -55432.531   198.298    -1.82    2.12
 -55144.641   198.064    -0.81    1.93
 -54856.769   197.926    -0.48    2.06
 -54568.916   197.820    -0.37    2.57
 -54281.080   197.794    -0.09    2.97
 -53993.263   197.886     0.32    3.10
 -53705.463   198.207     1.11    3.31
 -53417.682   198.619     1.43    3.74
 -53129.919   199.189     1.98    3.92
 -52842.174   199.892     2.44    3.95
 -52554.447   200.669     2.70    4.52
 -52266.738   201.145     1.65    4.89
 -51979.047   201.760     2.14    5.12
 -51691.375   202.373     2.13    5.04
 -51403.720   203.192     2.85    4.77
 -51116.083   203.653     1.60    4.26
 -50828.465   203.854     0.70    4.15
 -50540.865   205.384     5.32    6.16
 -50253.282   207.706     8.07    8.02
 -49965.718   211.104    11.82   10.04
 -49678.171   214.226    10.86   10.78
 -49390.643   218.172    13.73   10.35
 -49103.133   221.371    11.13    9.57
 -48815.641   224.000     9.14    8.34
 -48528.167   225.966     6.84    6.88
 -48240.711   227.424     5.07    6.50
 -47953.272   228.768     4.68    5.41
 -47665.852   230.098     4.63    5.23
 -47378.450   231.718     5.63    5.61
 -47091.066   233.395     5.84    5.25
 -46803.700   234.648     4.36    4.44
 -46516.352   234.448    -0.69    4.80
 -46229.022   233.248    -4.18    6.02
 -45941.710   231.425    -6.35    6.76
 -45654.416   228.403   -10.52    6.81
 -45367.140   225.153   -11.31    5.91
 -45079.882   222.246   -10.12    4.76
 -44792.641   219.798    -8.52    4.72
 -44505.419   217.544    -7.85    4.95
 -44218.215   215.729    -6.32    5.01
 -43931.029   214.512    -4.24    5.62
 -43643.861   214.724     0.74    7.06
 -43356.710   216.746     7.04    9.80
 -43069.578   219.403     9.25   11.96
 -42782.463   221.857     8.55   12.36
 -42495.367   225.149    11.47   11.16
 -42208.288   226.879     6.03    9.53
 -41921.228   227.556     2.36    8.17
 -41634.185   225.975    -5.51    7.74
 -41347.160   224.274    -5.93    7.03
 -41060.154   222.216    -7.17    6.96
 -40773.165   219.298   -10.17    6.64
 -40486.194   217.350    -6.79    7.02
 -40199.241   216.266    -3.78    6.73
 -39912.306   215.733    -1.86    6.75
 -39625.388   214.968    -2.67    7.00
 -39338.489   213.887    -3.77    7.44
 -39051.608   212.721    -4.06    7.75
 -38764.744   211.618    -3.85    7.97
 -38477.898   211.167    -1.57    8.22
 -38191.071   210.445    -2.51    8.11
 -37904.261   209.764    -2.37    8.36
 -37617.469   209.746    -0.06    7.91
 -37330.695   210.132     1.35    7.47
 -37043.938   210.545     1.44    6.92
 -36757.200   210.714     0.59    7.11
 -36470.479   211.692     3.41    7.80
 -36183.777   212.553     3.00    8.94
 -35897.092   213.057     1.76    9.91
 -35610.425   212.678    -1.32   10.75
 -35323.776   211.613    -3.71   12.80
 -35037.145   210.103    -5.27   14.78
 -34750.531   207.917    -7.63   15.90
 -34463.935   208.320     1.40   17.03
 -34177.358   209.593     4.45   18.17
 -33890.798   212.000     8.40   17.71
 -33604.256   214.597     9.06   16.90
 -33317.731   218.168    12.46   14.17
 -33031.225   219.165     3.48   11.89
 -32744.736   218.574    -2.06   10.57
 -32458.265   217.143    -5.00    9.90
 -32171.812   215.311    -6.40    9.79
 -31885.377   213.112    -7.68    9.90
 -31598.959   211.702    -4.92   10.43
 -31312.560   209.525    -7.60   11.53
 -31026.178   208.114    -4.93   13.07
 -30739.814   205.683    -8.49   14.31
 -30453.467   203.807    -6.55   15.29
 -30167.139   203.203    -2.11   17.51
 -29880.828   200.934    -7.92   19.07
 -29594.535   199.446    -5.20   19.15
 -29308.260   201.618     7.59   20.15
 -29022.002   204.286     9.32   20.57
 -28735.762   206.892     9.10   17.34
 -28449.540   208.707     6.34   15.66
 -28163.336   208.041    -2.33   16.21
 -27877.150   206.430    -5.63   17.98
 -27590.981   201.677   -16.61   21.01
 -27304.830   197.262   -15.43   22.64
 -27018.696   193.959   -11.54   21.78
 -26732.581   196.179     7.76   21.91
 -26446.483   199.385    11.21   21.12
 -26160.403   204.678    18.50   19.52
 -25874.340   209.032    15.22   17.65
 -25588.296   213.528    15.72   14.15
 -25302.269   217.231    12.95    9.18
 -25016.259   219.195     6.87    6.92
 -24730.268   219.258     0.22    6.90
 -24444.294   218.683    -2.01    7.35
 -24158.338   217.790    -3.12    8.44
 -23872.399   217.232    -1.95    9.51
 -23586.478   216.623    -2.13   10.99
 -23300.575   216.065    -1.95   12.22
 -23014.690   214.593    -5.15   13.37
 -22728.822   212.218    -8.31   15.62
 -22442.972   209.000   -11.26   17.95
 -22157.139   205.492   -12.27   19.51
 -21871.325   201.525   -13.88   21.03
 -21585.528   198.106   -11.96   21.57
 -21299.748   194.032   -14.25   21.50
 -21013.986   190.195   -13.43   21.41
 -20728.242   186.839   -11.75   20.61
 -20442.515   183.585   -11.39   19.63
 -20156.807   178.700   -17.10   18.37
 -19871.115   174.756   -13.80   17.30
 -19585.442   170.782   -13.91   16.85
 -19299.786   167.819   -10.37   17.43
 -19014.147   167.848     0.10   19.72
 -18728.527   167.540    -1.08   21.47
 -18442.923   167.803     0.92   23.99
 -18157.338   169.317     5.30   25.60
 -17871.770   171.637     8.12   27.05
 -17586.220   173.271     5.72   28.15
 -17300.687   174.484     4.25   28.00
 -17015.172   174.689     0.72   28.42
 -16729.674   175.148     1.61   26.36
 -16444.194   173.309    -6.44   24.84
 -16158.732   170.492    -9.87   22.59
 -15873.287   166.630   -13.53   20.59
 -15587.860   159.815   -23.88   21.01
 -15302.450   151.769   -28.19   19.74
 -15017.058   142.934   -30.96   19.14
 -14731.684   133.984   -31.36   16.88
 -14446.327   126.968   -24.59   14.27
 -14160.987   121.633   -18.70   11.27
 -13875.665   118.282   -11.74    9.83
 -13590.361   117.358    -3.24   11.13
 -13305.074   119.388     7.12   15.11
 -13019.805   122.270    10.10   18.32
 -12734.554   126.352    14.31   20.05
 -12449.319   129.525    11.12   20.35
 -12164.103   131.398     6.57   19.36
 -11878.904   130.762    -2.23   18.55
 -11593.722   126.736   -14.12   18.91
 -11308.558   120.848   -20.65   20.53
 -11023.412   113.169   -26.93   19.26
 -10738.283   104.533   -30.29   14.35
 -10453.171    99.374   -18.10   11.01
 -10168.077    95.248   -14.47    8.56
  -9883.001    92.227   -10.60    7.75
  -9597.942    89.248   -10.45    8.09
  -9312.900    87.484    -6.19    7.80
  -9027.876    85.215    -7.96    8.90
  -8742.870    84.056    -4.06    9.93
  -8457.881    83.815    -0.85   10.36
  -8172.909    83.521    -1.03    9.80
  -7887.955    82.320    -4.21    9.80
  -7603.019    82.156    -0.58    9.05
  -7318.099    81.050    -3.88    9.05
  -7033.198    78.242    -9.86    9.20
  -6748.313    76.815    -5.01    8.11
  -6463.447    74.900    -6.72    8.11
  -6178.597    73.160    -6.11    8.42
  -5893.765    72.418    -2.60    8.15
  -5608.951    71.711    -2.48    7.88
  -5324.154    71.455    -0.90    8.59
  -5039.374    72.703     4.38    8.38
  -4754.612    71.789    -3.21    9.69
  -4469.868    71.096    -2.43   10.13
  -4183.031    71.700     2.11    9.86
  -3894.417    71.496    -0.71   10.32
  -3605.822    72.000     1.75   10.01
  -3317.246    73.294     4.48    8.91
  -3028.688    73.042    -0.87    8.13
  -2740.149    69.792   -11.26   11.04
  -2451.628    63.811   -20.73   16.50
  -2163.127    56.167   -26.50   19.29
  -1874.644    47.089   -31.47   21.76
  -1586.180    34.395   -44.00   23.50
  -1297.734    22.910   -39.82   20.33
  -1009.307    14.236   -30.07   16.62
   -720.899     8.429   -20.14   13.76
   -432.510     4.158   -14.81   10.66
   -144.139     0.602   -12.33    3.83
    144.213     0.000    -2.09    0.00
    432.547     1.275     4.42    6.12
    720.861     3.622     8.14   10.54
   1009.157     9.216    19.40   16.75
   1297.435    16.366    24.80   20.49
   1585.694    24.650    28.74   21.54
   1873.934    32.744    28.08   19.46
   2162.155    37.785    17.49   15.64
   2450.358    34.893   -10.04   18.83
   2738.542    28.944   -20.64   21.67
   3026.708    27.379    -5.43   22.91
   3314.855    27.942     1.95   24.33
   3602.983    29.585     5.70   24.72
   3891.093    32.797    11.15   23.59
   4179.184    37.050    14.76   20.28
   4467.257    41.867    16.72   14.10
   4755.310    44.813    10.23    8.86
   5043.346    43.258    -5.40    9.02
   5331.362    41.050    -7.67    9.57
   5619.360    39.336    -5.95    9.86
   5907.340    37.289    -7.11   10.31
   6195.301    35.750    -5.35   10.31
   6483.243    34.079    -5.80    9.73
   6771.167    32.935    -3.97    7.52
   7059.072    31.125    -6.29    6.48
   7346.959    29.886    -4.30    6.91
   7634.827    29.770    -0.40    7.30
   7922.676    29.612    -0.55    7.54
   8210.507    29.797     0.64    7.71
   8498.320    30.278     1.67    8.01
   8786.114    31.967     5.87    8.17
   9073.889    38.084    21.26   17.47
   9361.646    48.279    35.43   23.25
   9649.384    57.891    33.41   25.61
   9937.104    69.083    38.90   25.65
  10224.805    79.135    34.94   21.45
  10512.487    86.919    27.06   15.97
  10800.151    92.567    19.63    8.30
  11087.797    93.016     1.56    8.17
  11375.424    92.268    -2.60    8.72
  11663.033    90.000    -7.89   10.48
  11950.623    88.113    -6.56   10.88
  12238.195    86.230    -6.55   10.41
  12525.748    83.883    -8.16    8.51
  12813.282    82.610    -4.43    7.06
  13100.798    82.911     1.05    6.48
  13388.296    84.117     4.20    5.98
  13675.775    86.367     7.83    5.52
  13963.236    87.290     3.21    6.17
  14250.678    88.083     2.76    6.22
  14538.102    90.042     6.82    6.83
  14825.507    91.724     5.85    7.81
  15112.894    93.717     6.94    8.42
  15400.263    96.066     8.18    9.01
  15687.613    98.360     7.98    9.96
  15974.944   100.581     7.73   10.24
  16262.257   102.746     7.54    9.39
  16549.552   104.590     6.42    9.27
  16836.828   105.780     4.14    8.58
  17124.086   106.810     3.58    7.62
  17411.325   107.828     3.54    7.22
  17698.546   108.704     3.05    7.11
  17985.749   109.529     2.87    6.58
  18272.933   110.317     2.74    6.78
  18560.099   111.258     3.28    7.05
  18847.246   112.672     4.92    6.65
  19134.375   115.186     8.76    5.92
  19421.485   116.548     4.74    6.05
  19708.578   118.467     6.68    5.46
  19995.651   120.568     7.32    4.67
  20282.707   122.161     5.55    4.85
  20569.744   123.779     5.63    4.60
  20856.763   125.308     5.33    4.83
  21143.763   126.653     4.68    5.88
  21430.745   128.138     5.18    6.86
  21717.708   129.299     4.05    7.34
  22004.653   129.298    -0.00    8.21
  22291.580   129.276    -0.08    8.96
  22578.489   129.380     0.36    9.14
  22865.379   129.529     0.52    8.67
  23152.251   130.171     2.24    7.89
  23439.104   131.058     3.09    7.35
  23725.940   131.719     2.30    6.73
  24012.756   132.315     2.08    6.80
  24299.555   132.432     0.41    6.63
  24586.335   131.731    -2.44    7.24
  24873.097   131.869     0.48    7.46
  25159.841   131.642    -0.79    6.97
  25446.566   131.225    -1.46    6.20
  25733.273   131.254     0.10    6.43
  26019.962   130.726    -1.84    7.80
  26306.632   130.308    -1.46    9.64
  26593.284   129.587    -2.52   11.19
  26879.918   129.707     0.42   12.33
  27166.533   129.612    -0.33   12.95
  27453.131   130.557     3.30   12.90
  27739.710   132.063     5.26   12.81
  28026.270   131.847    -0.75   12.42
  28312.813   133.430     5.52   12.62
  28599.337   136.886    12.06   13.96
  28885.843   139.593     9.45   14.11
  29172.331   141.857     7.90   13.91
  29458.800   143.635     6.21   14.30
  29745.251   144.017     1.33   14.02
  30031.684   144.608     2.07   12.18
  30318.099   144.800     0.67   10.73
  30604.495   143.884    -3.20    9.75
  30890.874   144.856     3.39    9.85
  31177.234   146.512     5.78   10.72
  31463.576   148.426     6.68   10.93
  31749.899   151.077     9.26    9.99
  32036.205   152.250     4.10    8.87
  32322.492   152.577     1.14    7.64
  32608.761   152.443    -0.47    6.65
  32895.012   151.721    -2.52    5.53
  33181.244   151.000    -2.52    4.37
  33467.459   150.483    -1.81    3.71
  33753.655   149.607    -3.06    3.56
  34039.833   148.738    -3.03    3.69
  34325.993   147.664    -3.75    3.83
  34612.134   147.124    -1.89    3.98
  34898.258   146.724    -1.40    4.78
  35184.363   146.746     0.08    5.92
  35470.451   145.882    -3.02    6.17
  35756.520   145.536    -1.21    6.65
  36042.570   144.463    -3.75    6.34
  36328.603   143.445    -3.56    5.97
  36614.618   142.742    -2.46    6.26
  36900.614   141.238    -5.26    6.01
  37186.593   139.873    -4.77    5.81
  37472.553   139.339    -1.87    5.75
  37758.495   138.683    -2.29    5.34
  38044.419   137.154    -5.35    5.07
  38330.325   134.927    -7.79    6.80
  38616.212   131.260   -12.83    9.99
  38902.082   126.702   -15.94   11.40
  39187.933   124.607    -7.33   11.18
  39473.767   124.148    -1.61   12.50
  39759.582   125.529     4.83   15.34
  40045.379   129.902    15.30   18.23
  40331.158   133.794    13.62   18.58
  40616.919   138.437    16.25   15.92
  40902.662   141.711    11.46   13.05
  41188.387   142.472     2.66   12.07
  41474.094   142.093    -1.32   11.64
  41759.782   142.161     0.24   12.60
  42045.453   140.363    -6.29   14.05
  42331.105   137.800    -8.97   14.83
  42616.740   136.336    -5.12   15.41
  42902.356   134.323    -7.05   14.58
  43187.955   132.521    -6.31   12.93
  43473.535   132.492    -0.10   11.95
  43759.097   133.350     3.01   14.64
  44044.642   138.943    19.59   19.46
  44330.168   147.167    28.80   24.22
  44615.676   157.176    35.06   26.33
  44901.166   167.581    36.44   24.61
  45186.638   178.297    37.54   18.64
  45472.092   184.364    21.25   11.75
  45757.528   186.935     9.01    9.43
  46042.947   187.708     2.71    9.41
  46328.347   187.860     0.53    9.08
  46613.729   188.317     1.60    8.75
  46899.093   188.474     0.55    8.09
  47184.439   188.934     1.61    7.64
  47469.767   189.831     3.14    7.26
  47755.077   191.375     5.41    7.17
  48040.369   193.271     6.65    6.95
  48325.643   194.770     5.26    6.17
  48610.899   195.883     3.90    5.67
  48896.138   197.252     4.80    5.14
  49181.358   197.959     2.48    4.77
  49466.560   198.767     2.83    4.19
  49751.744   198.790     0.08    3.86
  50036.911   198.138    -2.29    4.21
  50322.059   198.051    -0.30    4.67
  50607.190   197.983    -0.24    4.96
  50892.302   197.089    -3.13    5.05
  51177.397   196.322    -2.69    4.89
  51462.473   195.810    -1.80    4.52
  51747.532   195.357    -1.59    4.03
  52032.573   195.475     0.41    3.69
  52317.596   195.818     1.20    4.48
  52602.601   196.504     2.41    5.88
  52887.588   197.975     5.16    6.75
  53172.557   199.322     4.73    7.69
  53457.508   201.756     8.54    7.37
  53742.441   203.984     7.82    6.10
  54027.356   205.655     5.87    4.48
  54312.254   206.418     2.68    3.50
  54597.134   205.975    -1.55    3.84
  54881.995   203.857    -7.44    5.57
  55166.839   201.420    -8.56    6.80
  55451.665   198.598    -9.91    7.20
  55736.473   196.244    -8.27    7.13
  56021.263   193.418    -9.92    7.58
  56306.036   190.384   -10.65    7.94
  56590.790   188.824    -5.48    7.89
  56875.527   189.208     1.35    8.25
  57160.246   191.268     7.23    9.09
  57444.946   192.479     4.25    9.24
  57732.258   196.153    12.79   11.83
  58020.918   201.431    18.29   14.28
  58309.558   208.837    25.66   16.12
  58598.180   215.509    23.11   16.08
  58886.782   223.276    26.91   17.01
  59175.365   231.656    29.04   16.53
  59463.929   239.395    26.82   14.70
  59752.474   245.222    20.19   11.71
  60041.000   246.524     4.51    9.82
  60329.506   245.397    -3.91   11.37
  60617.994   240.933   -15.47   14.95
  60906.462   235.496   -18.85   17.24
  61194.911   230.605   -16.96   18.08
  61483.341   226.267   -15.04   18.56
  61771.752   225.893    -1.30   20.79
  62060.144   226.402     1.77   21.60
  62348.517   226.735     1.16   20.96
  62636.870   225.144    -5.52   19.33
  62925.205   219.528   -19.48   20.34
  63213.520   213.512   -20.87   21.07
  63501.817   206.155   -25.52   20.66
  63790.094   201.008   -17.85   17.18
  64078.352   198.123   -10.01   14.40
  64366.591   196.229    -6.57   13.51
  64654.811   196.397     0.58   14.47
  64943.012   195.130    -4.39   14.41
  65231.194   192.504    -9.11   15.25
  65519.357   188.067   -15.40   16.20
  65807.501   181.024   -24.44   17.14
  66095.626   175.105   -20.54   15.09
  66383.731   170.025   -17.63   12.02
  66671.818   168.016    -6.97   10.27
  66959.886   167.762    -0.88   10.47
  67247.934   169.846     7.23   12.97
  67535.964   173.585    12.98   16.73
  67823.975   179.358    20.04   19.60
  68111.966   186.484    24.74   21.70
  68399.939   194.147    26.61   21.93
  68687.892   199.959    20.19   21.99
  68975.827   204.411    15.46   20.49
  69263.742   206.842     8.44   18.45
  69551.639   209.248     8.36   16.03
  69839.516   213.901    16.16   16.02
  70127.375   217.875    13.81   16.71
  70415.215   224.992    24.72   20.09
  70703.035   235.252    35.65   22.54
  70990.837   246.403    38.74   22.32
  71278.620   256.224    34.12   18.19
  71566.383   263.852    26.51   13.29
  71854.128   266.724     9.98   10.59
  72141.854   265.675    -3.64   12.54
  72429.561   260.763   -17.07   17.31
  72717.249   253.082   -26.70   19.55
  73004.918   243.803   -32.25   19.34
  73292.568   233.855   -34.58   17.40
  73580.199   224.815   -31.43   16.25
  73867.811   216.496   -28.92   15.12
  74155.404   208.504   -27.79   14.14
  74442.978   202.275   -21.66   13.90
  74730.534   196.407   -20.41   13.59
  75018.070   190.328   -21.14   12.87
  75305.588   184.393   -20.64   13.31
  75593.086   177.767   -23.05   13.24
  75880.566   171.107   -23.17   13.50
  76168.027   164.552   -22.80   13.58
  76455.469   159.726   -16.79   12.98
  76742.892   155.476   -14.79   11.17
  77030.297   151.500   -13.83    9.05
  77317.682   148.407   -10.76    7.29
  77605.048   146.893    -5.27    6.39
  77892.396   148.692     6.26   10.85
  78179.725   153.387    16.34   15.89
  78467.035   159.508    21.31   20.29
  78754.326   167.098    26.42   23.50
  79041.598   175.560    29.46   25.20
  79328.851   186.236    37.16   25.89
  79616.086   198.566    42.92   25.62
  79903.301   211.916    46.48   25.83
  80190.498   228.376    57.31   24.12
  80477.676   240.240    41.31   22.76
  80764.835   250.361    35.25   19.21
  81051.976   256.317    20.74   15.55
  81339.097   258.041     6.00   12.72
  81626.200   255.545    -8.69   14.65
  81913.284   248.828   -23.40   18.94
  82200.349   237.107   -40.83   23.53
  82487.395   224.854   -42.69   25.14
  82774.423   212.678   -42.42   23.85
  83061.432   201.197   -40.00   20.19
  83348.422   196.235   -17.29   17.04
  83635.393   194.555    -5.86   17.20
  83922.345   197.233     9.33   20.40
  84209.279   205.138    27.55   26.77
  84496.194   214.496    32.61   29.82
  84783.090   224.310    34.21   29.71
  85069.967   235.165    37.84   27.89
  85356.826   243.341    28.50   25.43
  85643.666   252.203    30.89   22.45
  85930.487   262.316    35.26   21.41
  86217.289   270.202    27.49   23.46
  86504.073   278.450    28.76   23.61
  86790.838   285.750    25.46   20.63
  87077.584   291.244    19.16   15.84
  87364.311   293.872     9.17   12.62
  87651.020   293.931     0.21   12.59
  87937.710   290.050   -13.54   15.52
  88224.381   283.667   -22.26   17.83
  88511.034   276.492   -25.03   18.48
  88797.668   267.829   -30.22   17.95
  89084.283   260.731   -24.76   18.25
  89370.879   253.208   -26.25   16.52
  89657.457   248.742   -15.59   12.57
  89944.016   249.385     2.25   13.87
  90230.557   254.296    17.14   20.34
  90517.078   260.353    21.14   24.87
  90803.581   270.025    33.75   27.41
  91090.066   279.642    33.57   26.77
  91376.531   285.316    19.81   25.11
  91662.979   289.607    14.98   23.57
  91949.407   292.580    10.38   21.58
  92235.817   294.466     6.59   19.54
  92522.208   296.025     5.44   17.40
  92808.580   299.331    11.54   15.50
  93094.934   303.813    15.65   15.55
  93381.269   308.017    14.68   14.85
  93667.586   312.182    14.54   13.13
  93953.884   314.189     7.01   10.42
  94240.163   314.949     2.66    7.82
  94526.424   313.085    -6.51    8.32
  94812.666   309.706   -11.81   10.31
  95098.889   305.126   -16.00   12.58
  95385.094   298.479   -23.22   15.86
  95671.281   292.413   -21.19   18.10
  95957.448   287.244   -18.06   22.05
  96243.597   281.603   -19.71   22.63
  96529.728   278.175   -11.98   25.40
  96815.840   271.161   -24.51   25.52
  97101.933   263.415   -27.07   24.57
  97388.008   254.470   -31.27   22.47
  97674.064   246.467   -27.98   18.99
  97960.102   242.630   -13.41   17.20
  98246.121   245.866    11.31   24.03
  98532.121   250.562    16.42   28.60
  98818.103   258.711    28.49   32.73
  99104.067   270.410    40.91   34.64
  99390.011   282.091    40.85   30.81
  99675.938   291.613    33.30   24.46
  99961.845   299.134    26.31   20.28
 100247.735   303.822    16.40   18.21
 100533.605   307.577    13.14   18.61
 100819.458   312.407    16.89   17.91
 101105.291   315.381    10.41   16.22
 101391.106   317.233     6.48   12.99
 101676.903   316.050    -4.14   12.89
 101962.681   314.471    -5.52   13.57
 102248.441   311.836    -9.22   15.58
 102534.182   309.073    -9.67   16.44
 102819.904   307.233    -6.44   16.11
 103105.609   308.378     4.01   16.34
 103391.294   312.566    14.66   15.30
 103676.961   316.475    13.68   12.87
 103962.610   318.093     5.67    9.71
 104248.240   318.217     0.43    8.30
 104533.852   316.782    -5.02    8.76
 104819.445   314.125    -9.30   11.13
 105105.020   310.725   -11.91   13.16
 105390.577   306.984   -13.10   14.81
 105676.114   300.932   -21.19   17.40
 105961.634   294.642   -22.03   21.65
 106247.135   286.467   -28.63   26.15
 106532.617   280.059   -22.45   26.99
 106818.082   276.748   -11.60   28.50
 107103.527   272.131   -16.17   27.07
 107388.955   268.127   -14.03   25.87
 107674.363   265.882    -7.86   25.35
 107959.754   262.325   -12.46   25.67
 108245.126   258.700   -12.70   25.45
 108530.480   254.958   -13.11   23.45
 108815.815   253.207    -6.14   20.37
 109101.132   255.315     7.39   21.13
 109386.430   259.590    14.98   21.01
 109671.710   266.723    25.00   20.43
 109956.972   270.545    13.40   19.24
 110242.215   270.608     0.22   19.89
 110527.440   264.966   -19.78   23.47
 110812.646   254.050   -38.27   25.65
 111097.834   241.269   -44.81   25.27
 111383.004   233.308   -27.91   20.54
 111668.155   232.639    -2.35   20.25
 111953.288   237.421    16.77   25.26
 112238.403   245.765    29.26   29.22
 112523.499   256.074    36.16   31.40
 112808.577   269.803    48.16   32.14
 113093.637   280.831    38.68   31.64
 113378.678   293.311    43.78   30.28
 113663.701   304.459    39.11   26.53
 113948.705   312.182    27.10   20.45
 114233.692   317.720    19.43   14.95
 114518.660   319.383     5.84   12.53
 114803.609   317.347    -7.15   13.86
 115088.541   313.319   -14.14   15.29
 115373.454   306.842   -22.73   17.44
 115658.348   300.000   -24.01   20.46
 115943.225   293.235   -23.74   22.62
 116228.083   285.102   -28.55   25.09
 116512.922   279.138   -20.94   23.52
 116797.744   275.222   -13.75   20.89
 117082.547   273.324    -6.66   19.76
