-123013.827   133.362     0.00    5.62
-122727.929   132.196    -4.08    5.46
-122442.017   131.589    -2.12    5.43
-122156.089   130.586    -3.51    4.78
-121870.147   128.659    -6.74    4.55
-121584.189   126.199    -8.60    5.14
-121298.217   123.396    -9.80    5.44
-121012.229   120.952    -8.54    5.69
-120726.226   118.396    -8.94    5.36
-120440.209   116.175    -7.76    4.68
-120154.176   114.185    -6.96    3.84
-119868.128   112.540    -5.75    3.50
-119582.065   111.417    -3.93    3.26
-119295.987   110.161    -4.39    3.68
-119009.893   108.713    -5.06    4.69
-118723.785   107.306    -4.92    5.14
-118437.662   105.594    -5.98    4.96
-118151.523   104.206    -4.85    4.74
-117865.370   102.221    -6.94    4.57
-117579.201   101.000    -4.27    3.71
-117293.017   100.516    -1.69    3.25
-117006.818   101.205     2.41    4.05
-116720.604   102.045     2.93    4.98
-116434.375   103.678     5.70    6.04
-116148.131   105.579     6.64    6.11
-115861.872   107.533     6.83    5.80
-115575.597   107.543     0.04    6.44
-115289.308   106.993    -1.92    7.37
-115003.003   106.142    -2.97    8.25
-114716.683   104.803    -4.68    9.35
-114430.348   102.555    -7.85    9.79
-114143.998   100.286    -7.92    9.56
-113857.633    99.001    -4.49    8.88
-113571.253    97.380    -5.66    8.45
-113284.857    96.547    -2.91    8.01
-112998.446    95.284    -4.41    7.26
-112712.021    94.611    -2.35    6.92
-112425.580    94.175    -1.52    5.92
-112139.124    93.848    -1.14    5.47
-111852.652    92.945    -3.15    5.25
-111566.166    92.163    -2.73    5.07
-111279.664    91.748    -1.45    4.93
-110993.147    91.453    -1.03    4.40
-110706.615    91.512     0.21    4.32
-110420.068    90.750    -2.66    3.66
-110133.506    90.500    -0.87    3.07
-109846.929    90.087    -1.44    2.38
-109560.336    90.334     0.86    2.23
-109273.728    90.985     2.27    2.18
-108987.105    91.739     2.63    2.67
-108700.467    92.432     2.42    2.88
-108413.814    92.657     0.78    3.15
-108127.145    93.061     1.41    3.71
-107840.461    93.485     1.48    4.00
-107553.762    94.375     3.11    4.76
-107267.048    94.626     0.87    4.90
-106980.318    94.802     0.61    4.80
-106693.574    95.144     1.19    4.77
-106406.814    95.829     2.39    4.89
-106120.039    96.481     2.28    5.13
-105833.249    97.056     2.00    4.91
-105546.443    97.297     0.84    5.03
-105259.622    97.672     1.31    5.06
-104972.786    98.008     1.17    4.51
-104685.935    97.932    -0.27    4.13
-104399.069    98.875     3.29    3.70
-104112.187   100.351     5.15    4.69
-103825.290   101.969     5.64    5.65
-103538.378   104.227     7.87    8.19
-103251.451   105.924     5.91    9.50
-102964.508   108.827    10.12   10.51
-102677.550   110.296     5.12   11.44
-102390.577   110.342     0.16   11.15
-102103.589   109.229    -3.88   10.33
-101816.585   107.620    -5.61    8.67
-101529.566   107.407    -0.74    8.45
-101242.532   107.306    -0.35    9.43
-100955.482   108.339     3.60   11.04
-100668.418   109.901     5.44   12.08
-100381.338   111.350     5.05   12.36
-100094.242   112.147     2.77   12.29
 -99807.132   111.850    -1.03   11.44
 -99520.006   112.461     2.13   10.53
 -99232.865   112.306    -0.54   10.23
 -98945.708   112.985     2.36   10.37
 -98658.536   113.115     0.45   10.47
 -98371.349   114.628     5.27   10.28
 -98084.147   117.100     8.61   10.67
 -97796.929   119.493     8.33    9.50
 -97509.696   121.047     5.41    7.74
 -97222.448   120.748    -1.04    7.03
 -96935.184   119.386    -4.74    8.23
 -96647.906   116.611    -9.66    9.60
 -96360.611   113.516   -10.77    9.82
 -96073.302   110.239   -11.41    8.84
 -95785.977   106.977   -11.35    7.63
 -95498.637   103.962   -10.49    5.63
 -95211.281   101.687    -7.91    4.37
 -94923.910   100.788    -3.13    4.00
 -94636.524   100.281    -1.77    3.65
 -94349.123   100.342     0.21    3.57
 -94061.706   100.562     0.77    3.50
 -93774.274   100.890     1.14    3.86
 -93486.826   102.108     4.24    4.45
 -93199.363   104.940     9.85    5.59
 -92911.885   108.001    10.65    6.19
 -92624.391   110.682     9.33    6.50
 -92336.882   113.794    10.82    7.18
 -92049.358   117.909    14.31    8.58
 -91761.818   123.136    18.18   10.76
 -91474.263   129.723    22.91   13.12
 -91186.692   135.500    20.09   13.89
 -90899.107   140.032    15.76   12.96
 -90611.505   142.235     7.66   11.02
 -90323.889   143.457     4.25    9.92
 -90036.257   143.359    -0.34    9.18
 -89748.609   143.191    -0.58    8.06
 -89460.947   141.326    -6.48    6.79
 -89173.268   139.699    -5.65    5.02
 -88885.575   138.292    -4.89    4.17
 -88597.866   137.228    -3.70    4.11
 -88310.142   137.266     0.13    4.15
 -88022.402   138.290     3.56    5.07
 -87734.647   140.405     7.35    6.90
 -87446.876   142.782     8.26    7.91
 -87159.090   144.692     6.64    8.12
 -86871.289   146.914     7.72    7.20
 -86583.472   147.909     3.46    6.44
 -86295.639   148.202     1.02    6.47
 -86007.792   147.863    -1.18    6.57
 -85719.929   148.016     0.53    6.95
 -85432.050   148.024     0.03    7.91
 -85144.156   148.857     2.90    9.64
 -84856.247   149.741     3.07   10.27
 -84568.322   150.741     3.47   10.20
 -84280.381   150.594    -0.51    9.85
 -83992.426   147.493   -10.77   10.90
 -83704.454   142.923   -15.87   12.72
 -83416.468   136.186   -23.39   13.73
 -83128.466   130.114   -21.08   11.56
 -82840.448   126.055   -14.09    8.52
 -82552.415   125.458    -2.07    7.56
 -82264.366   126.375     3.18    8.32
 -81976.302   129.797    11.88   10.47
 -81688.223   133.915    14.29   10.96
 -81400.128   139.504    19.40    9.80
 -81112.018   142.512    10.44    8.38
 -80823.892   143.721     4.20    7.78
 -80535.750   144.720     3.47    7.57
 -80247.593   145.813     3.79    7.21
 -79960.291   145.940     0.44    6.77
 -79675.316   145.258    -2.39    6.39
 -79390.326   143.871    -4.87    7.08
 -79105.321   141.985    -6.62    8.67
 -78820.302   139.536    -8.59    9.56
 -78535.269   136.311   -11.31   10.40
 -78250.222   131.869   -15.58   10.59
 -77965.160   127.657   -14.77   10.12
 -77680.084   123.196   -15.65    9.87
 -77394.994   119.682   -12.32    8.83
 -77109.889   116.725   -10.37    7.75
 -76824.770   114.361    -8.29    6.90
 -76539.637   113.172    -4.17    6.53
 -76254.489   114.124     3.34    7.63
 -75969.327   115.644     5.33    8.36
 -75684.150   117.544     6.66    7.20
 -75398.960   117.489    -0.19    6.71
 -75113.755   117.821     1.16    6.03
 -74828.535   117.710    -0.39    5.99
 -74543.301   117.683    -0.10    6.55
 -74258.053   117.985     1.06    7.11
 -73972.790   119.449     5.13    7.85
 -73687.514   121.626     7.63    8.58
 -73402.222   123.229     5.62    8.03
 -73116.917   125.497     7.95    7.92
 -72831.596   126.940     5.06    7.75
 -72546.262   128.375     5.03    6.92
 -72260.913   129.316     3.30    7.07
 -71975.550   131.446     7.46    7.33
 -71690.173   134.000     8.95    8.44
 -71404.781   135.719     6.02    8.64
 -71119.374   137.728     7.04   10.94
 -70833.953   138.268     1.89   10.71
 -70548.518   138.223    -0.16   10.36
 -70263.069   136.512    -6.00   10.59
 -69977.605   132.555   -13.86   10.74
 -69692.126   128.609   -13.82   11.05
 -69406.634   124.441   -14.60   10.69
 -69121.127   120.703   -13.10    8.51
 -68835.605   118.745    -6.86    6.86
 -68550.069   119.098     1.24    6.82
 -68264.519   120.426     4.65    7.63
 -67978.954   123.917    12.23    9.26
 -67693.375   128.221    15.07    9.16
 -67407.781   133.024    16.82    7.66
 -67122.173   136.582    12.46    6.98
 -66836.550   138.571     6.96    6.56
 -66550.913   138.684     0.40    7.82
 -66265.262   137.756    -3.25    9.18
 -65979.596   135.728    -7.10   10.39
 -65693.916   133.094    -9.22   10.84
 -65408.221   129.557   -12.38   10.47
 -65122.512   126.339   -11.26    9.21
 -64836.788   124.252    -7.30    8.05
 -64551.050   121.190   -10.72    7.23
 -64265.298   118.235   -10.34    6.71
 -63979.531   115.428    -9.82    7.06
 -63693.749   113.329    -7.35    6.40
 -63407.953   113.090    -0.83    6.17
 -63122.143   112.709    -1.33    6.10
 -62836.318   113.326     2.16    6.42
 -62550.479   113.680     1.24    6.34
 -62264.625   113.880     0.70    5.77
 -61978.757   114.127     0.86    5.09
 -61692.874   113.893    -0.82    4.57
 -61406.977   113.119    -2.71    3.59
 -61121.065   112.884    -0.82    3.89
 -60835.139   112.703    -0.63    4.12
 -60549.198   113.266     1.97    4.24
 -60263.243   113.609     1.20    4.12
 -59977.273   114.623     3.54    3.83
 -59691.289   115.432     2.83    3.54
 -59405.290   116.040     2.12    2.77
 -59119.277   115.985    -0.19    2.78
 -58833.249   115.378    -2.12    3.58
 -58547.207   114.023    -4.74    4.43
 -58261.150   111.954    -7.23    5.45
 -57975.079   108.577   -11.80    6.75
 -57688.994   104.725   -13.46    7.57
 -57402.893   101.375   -11.71    7.32
 -57116.778    98.963    -8.43    6.53
 -56830.649    96.969    -6.97    5.58
 -56544.505    96.046    -3.23    4.41
 -56258.347    96.290     0.85    3.94
 -55972.174    97.714     4.98    4.64
 -55685.987    98.344     2.20    4.22
 -55399.785    99.123     2.72    4.69
 -55113.568    99.031    -0.32    4.93
 -54827.337    98.109    -3.22    5.03
 -54541.091    96.714    -4.87    5.20
 -54254.831    95.000    -5.99    5.00
 -53968.556    93.273    -6.03    4.43
 -53682.267    91.217    -7.18    4.91
 -53395.963    88.090   -10.92    5.97
 -53109.645    86.016    -7.25    6.16
 -52823.312    84.144    -6.54    5.80
 -52536.964    83.111    -3.61    5.20
 -52250.602    82.608    -1.76    4.36
 -51964.226    83.206     2.09    4.53
 -51677.834    85.636     8.48    5.51
 -51391.429    88.083     8.54    6.02
 -51105.008    91.047    10.35    6.11
 -50818.573    93.308     7.90    6.06
 -50532.124    95.237     6.73    4.97
 -50245.659    96.515     4.46    3.81
 -49959.181    96.750     0.82    3.30
 -49672.687    95.865    -3.09    3.80
 -49386.179    93.945    -6.70    5.26
 -49099.657    90.241   -12.93    7.63
 -48813.120    86.600   -12.70    9.64
 -48526.568    81.756   -16.90   11.12
 -48240.002    77.229   -15.80   11.29
 -47953.421    72.235   -17.43   10.66
 -47666.825    68.599   -12.69    9.14
 -47380.215    65.396   -11.18    7.27
 -47093.590    63.820    -5.50    5.88
 -46806.951    62.652    -4.08    5.14
 -46520.297    63.602     3.31    6.48
 -46233.628    64.585     3.43    7.54
 -45946.945    66.508     6.71    8.26
 -45660.247    67.962     5.07    8.15
 -45373.534    69.292     4.64    7.35
 -45086.807    69.624     1.16    7.10
 -44800.065    70.016     1.37    7.07
 -44513.308    70.211     0.68    7.22
 -44226.537    70.512     1.05    6.59
 -43939.751    70.256    -0.89    5.90
 -43652.951    69.426    -2.89    5.49
 -43366.136    68.420    -3.51    6.51
 -43079.306    66.362    -7.18    7.50
 -42792.462    63.458   -10.12    7.80
 -42505.603    60.773    -9.36    6.51
 -42218.729    58.465    -8.04    6.17
 -41931.840    55.677    -9.72    6.09
 -41644.937    54.096    -5.51    5.70
 -41358.020    53.182    -3.18    6.69
 -41071.087    51.969    -4.23    8.02
 -40784.140    50.900    -3.73    8.83
 -40497.178    48.847    -7.15    9.81
 -40210.202    46.814    -7.08   10.54
 -39923.210    44.634    -7.60   10.35
 -39636.205    42.610    -7.05    9.38
 -39349.184    39.455   -10.99    6.16
 -39062.149    37.770    -5.87    3.35
 -38775.099    37.834     0.22    3.45
 -38488.034    38.434     2.09    3.95
 -38200.955    39.546     3.87    5.36
 -37913.861    41.555     7.00    5.96
 -37626.752    43.435     6.55    5.91
 -37339.628    45.356     6.69    5.36
 -37052.490    47.662     8.03    5.26
 -36765.337    50.424     9.62    5.96
 -36478.170    52.466     7.11    6.40
 -36190.987    54.978     8.75    7.22
 -35903.790    58.155    11.06    7.13
 -35616.578    61.614    12.04    6.18
 -35329.352    63.977     8.23    5.63
 -35042.110    65.779     6.27    6.45
 -34754.854    67.199     4.94    6.97
 -34467.584    68.599     4.87    7.09
 -34180.298    69.271     2.34    7.01
 -33892.998    68.633    -2.22    6.85
 -33605.683    68.371    -0.91    6.22
 -33318.353    67.796    -2.00    5.63
 -33031.008    66.654    -3.97    5.84
 -32743.649    65.562    -3.80    5.90
 -32456.275    64.068    -5.20    5.74
 -32168.886    62.993    -3.74    5.62
 -31881.483    61.573    -4.94    5.57
 -31594.064    59.199    -8.26    6.15
 -31306.631    56.063   -10.91    7.36
 -31019.183    53.000   -10.65    8.16
 -30731.721    49.504   -12.16    8.09
 -30444.243    46.582   -10.17    6.99
 -30156.751    43.782    -9.74    4.97
 -29869.244    41.879    -6.62    3.63
 -29581.722    40.945    -3.25    3.03
 -29294.186    40.817    -0.45    2.83
 -29006.634    40.508    -1.07    2.92
 -28719.068    40.174    -1.16    2.82
 -28431.487    39.857    -1.10    2.66
 -28143.891    39.898     0.14    2.74
 -27856.281    40.235     1.17    2.56
 -27568.655    40.331     0.33    2.43
 -27281.015    40.485     0.53    2.34
 -26993.360    40.816     1.15    2.04
 -26705.690    40.977     0.56    1.96
 -26418.006    40.924    -0.19    2.09
 -26130.306    40.352    -1.99    2.39
 -25842.592    40.075    -0.96    2.57
 -25554.863    39.797    -0.97    2.61
 -25267.119    39.531    -0.93    2.36
 -24979.360    39.473    -0.20    2.07
 -24691.586    39.720     0.86    2.38
 -24403.798    40.142     1.47    2.62
 -24115.995    41.174     3.59    3.10
 -23828.176    42.420     4.33    3.61
 -23540.343    43.336     3.18    3.51
 -23252.496    43.758     1.46    3.13
 -22964.633    43.954     0.68    2.84
 -22676.755    43.496    -1.59    3.03
 -22388.863    42.665    -2.89    3.97
 -22100.956    41.349    -4.57    5.67
 -21813.033    39.095    -7.83    7.35
 -21525.096    38.030    -3.70    7.68
 -21237.144    37.497    -1.85    7.83
 -20949.178    38.131     2.20    7.29
 -20661.196    38.863     2.54    6.71
 -20373.200    40.163     4.51    6.25
 -20085.188    40.827     2.31    5.57
 -19797.162    41.755     3.22    5.54
 -19509.121    43.805     7.12    7.01
 -19221.065    45.662     6.45    7.60
 -18932.994    48.523     9.93    8.83
 -18644.908    51.466    10.21    9.16
 -18356.807    53.683     7.70    8.03
 -18069.812    54.459     2.70    7.12
 -17784.782    55.194     2.58    5.97
 -17499.738    54.406    -2.76    6.13
 -17214.680    54.690     1.00    5.95
 -16929.609    54.339    -1.23    5.71
 -16644.524    53.907    -1.51    5.32
 -16359.425    54.470     1.97    4.66
 -16074.312    54.962     1.72    4.31
 -15789.186    54.993     0.11    4.23
 -15504.045    54.845    -0.52    4.13
 -15218.891    54.339    -1.78    3.47
 -14933.724    54.078    -0.91    2.51
 -14648.542    54.205     0.44    2.38
 -14363.347    54.497     1.02    2.41
 -14078.138    55.273     2.72    3.01
 -13792.915    56.150     3.08    3.28
 -13507.678    56.308     0.56    3.15
 -13222.428    55.793    -1.81    3.41
 -12937.164    55.489    -1.07    3.61
 -12651.886    55.260    -0.80    3.56
 -12366.594    54.555    -2.47    3.26
 -12081.288    53.948    -2.13    2.98
 -11795.969    53.363    -2.05    2.49
 -11510.636    52.857    -1.77    2.52
 -11225.289    52.086    -2.70    2.76
 -10939.928    51.121    -3.38    2.77
 -10654.554    50.109    -3.55    2.95
 -10369.165    49.637    -1.66    3.00
 -10083.763    49.039    -2.09    2.92
  -9798.347    48.993    -0.16    3.36
  -9512.917    48.716    -0.97    3.59
  -9227.474    48.722     0.02    3.74
  -8942.016    48.923     0.70    3.85
  -8656.545    49.053     0.46    3.35
  -8371.060    49.132     0.28    2.69
  -8085.561    49.308     0.62    2.35
  -7800.048    50.094     2.75    2.86
  -7514.522    51.199     3.87    3.27
  -7228.981    51.590     1.37    3.22
  -6943.427    51.481    -0.38    3.28
  -6657.859    51.454    -0.09    3.34
  -6372.277    50.962    -1.72    3.49
  -6086.682    50.106    -3.00    3.68
  -5801.072    48.776    -4.66    3.46
  -5515.449    47.712    -3.72    2.39
  -5229.811    47.633    -0.28    2.31
  -4944.160    47.511    -0.43    2.51
  -4658.495    47.119    -1.38    2.64
  -4372.816    46.787    -1.16    3.02
  -4087.124    46.646    -0.49    3.17
  -3801.417    45.737    -3.18    3.75
  -3515.697    45.086    -2.28    3.42
  -3229.962    44.158    -3.25    4.05
  -2944.214    42.264    -6.63    7.92
  -2658.452    36.273   -20.97   16.19
  -2372.676    29.093   -25.12   20.35
  -2086.886    20.550   -29.89   21.50
  -1801.083    11.779   -30.69   18.98
  -1515.265     4.393   -25.84   13.22
  -1229.434    -0.401   -16.77    6.54
   -943.588    -2.007    -5.62    0.00
   -657.729    -2.007     0.00    0.00
   -371.856    -2.007     0.00    0.00
    -85.969    -1.616     1.37    3.01
    199.932    -0.356     4.41    6.89
    485.847     1.705     7.21   10.67
    771.776     1.791     0.30   10.78
   1057.718     1.602    -0.66   10.65
   1343.675     1.117    -1.70    9.60
   1629.645     0.265    -2.98    7.27
   1915.630    -0.271    -1.88    5.81
   2201.628     1.008     4.47    7.95
   2487.640     4.365    11.74   12.46
   2773.666     8.143    13.21   15.75
   3059.706    12.461    15.10   17.60
   3345.760    17.993    19.34   17.76
   3631.828    20.823     9.90   16.92
   3917.910    22.703     6.57   16.11
   4204.006    21.695    -3.52   16.43
   4490.115    18.116   -12.51   17.05
   4776.239    13.802   -15.08   16.56
   5062.376     9.566   -14.80   15.04
   5348.528     8.985    -2.03   14.40
   5634.693    12.430    12.04   15.82
   5920.873    17.142    16.46   16.15
   6207.066    19.764     9.16   15.53
   6493.274    23.187    11.96   14.45
   6779.495    29.347    21.52    8.91
   7065.730    32.284    10.26    3.91
   7351.979    32.303     0.07    3.64
   7638.242    31.612    -2.41    5.18
   7924.519    28.862    -9.61   10.85
   8210.811    23.985   -17.03   14.80
   8497.116    18.516   -19.10   16.43
   8783.435    15.023   -12.20   16.87
   9069.768    13.741    -4.48   17.31
   9356.115    14.870     3.94   18.10
   9642.476    18.444    12.48   18.55
   9928.851    23.954    19.24   17.19
  10215.239    28.414    15.57   14.25
  10501.642    32.977    15.93    9.57
  10788.059    35.493     8.78    4.51
  11074.490    35.214    -0.97    3.85
  11360.935    34.137    -3.76    3.58
  11647.394    31.864    -7.93    7.47
  11933.867    28.250   -12.61   11.79
  12220.354    25.147   -10.83   13.71
  12506.855    21.508   -12.70   15.34
  12793.370    19.785    -6.01   16.01
  13079.899    20.662     3.06   17.29
  13366.442    21.047     1.34   17.63
  13652.999    21.466     1.47   18.38
  13939.570    18.523   -10.27   19.03
  14226.155    14.764   -13.12   18.95
  14512.754    11.710   -10.65   17.92
  14799.367     8.528   -11.10   16.26
  15085.994     3.728   -16.75   11.90
  15372.635     5.416     5.89   13.02
  15659.290    11.575    21.49   16.81
  15945.959    18.922    25.63   19.77
  16232.642    28.291    32.68   22.04
  16519.340    38.953    37.19   22.80
  16806.051    52.816    48.35   22.36
  17092.776    64.219    39.77   22.65
  17379.516    74.814    36.95   22.37
  17666.269    83.907    31.71   19.74
  17953.037    90.582    23.28   16.27
  18239.818    96.946    22.19   11.34
  18526.614   101.443    15.68    8.15
  18813.424   103.947     8.73    6.51
  19100.248   106.069     7.40    6.75
  19387.085   108.045     6.89    7.15
  19673.937   110.953    10.14    7.55
  19960.803   113.752     9.76    7.60
  20247.683   117.095    11.65    7.72
  20534.577   120.167    10.71    7.47
  20821.486   122.923     9.61    6.60
  21108.408   125.881    10.31    6.21
  21395.344   128.274     8.34    6.03
  21682.295   129.594     4.60    5.31
  21969.259   129.750     0.54    5.10
  22256.238   128.530    -4.25    6.02
  22543.231   127.149    -4.81    7.33
  22830.238   123.925   -11.23    8.71
  23117.259   119.844   -14.22    9.13
  23404.294   114.306   -19.30    9.39
  23691.343   108.451   -20.40   10.25
  23978.406   102.489   -20.77   11.57
  24265.484    96.576   -20.60   12.14
  24552.575    91.852   -16.45   11.79
  24839.681    87.278   -15.93   10.18
  25126.800    83.300   -13.86    8.93
  25413.934    80.731    -8.95    7.38
  25701.082    79.554    -4.10    6.50
  25988.244    79.339    -0.75    5.70
  26275.421    79.924     2.04    4.90
  26562.611    81.061     3.96    5.38
  26849.815    81.321     0.91    5.09
  27137.034    81.128    -0.67    5.62
  27424.267    80.016    -3.87    4.86
  27711.514    79.346    -2.33    3.60
  27998.775    79.352     0.02    2.79
  28286.050    80.144     2.76    3.71
  28573.339    81.747     5.58    4.61
  28860.643    83.334     5.52    4.43
  29147.961    85.097     6.14    3.51
  29435.292    86.516     4.94    2.97
  29722.638    88.323     6.29    4.17
  30009.999    91.125     9.75    7.24
  30297.373    96.339    18.14   12.78
  30584.761   103.179    23.80   16.31
  30872.164   111.181    27.84   17.06
  31159.581   119.031    27.32   16.44
  31447.012   126.414    25.68   13.26
  31734.457   131.254    16.84    9.20
  32021.917   134.918    12.75    5.53
  32309.390   136.659     6.06    4.91
  32596.878   138.308     5.74    5.61
  32884.380   139.254     3.29    5.83
  33171.896   140.985     6.02    6.52
  33459.426   143.273     7.96    6.51
  33746.971   145.489     7.71    5.83
  34034.529   147.303     6.31    6.86
  34322.102   148.214     3.17    8.23
  34609.689   149.440     4.26    9.01
  34897.291   150.805     4.75    9.38
  35184.906   152.237     4.98   10.03
  35472.536   153.649     4.91    9.59
  35760.180   154.185     1.86    9.41
  36047.838   154.907     2.51    8.69
  36335.511   156.134     4.27    8.40
  36623.197   156.657     1.82    7.69
  36910.898   156.560    -0.34    7.08
  37198.613   156.048    -1.78    6.38
  37486.343   156.000    -0.17    5.64
  37774.086   155.167    -2.90    5.33
  38061.844   153.143    -7.03    5.48
  38349.616   151.129    -7.00    5.67
  38637.402   149.847    -4.46    5.88
  38925.203   149.388    -1.59    5.77
  39213.017   148.754    -2.20    5.60
  39500.846   148.112    -2.23    5.97
  39788.690   148.188     0.26    5.87
  40076.547   148.838     2.26    5.88
  40364.419   148.860     0.08    5.84
  40652.305   148.485    -1.30    6.25
  40940.205   147.807    -2.36    6.23
  41228.120   147.437    -1.28    6.71
  41516.049   146.830    -2.11    6.83
  41803.992   144.896    -6.72    7.30
  42091.949   142.765    -7.40    7.43
  42379.921   140.166    -9.03    7.99
  42667.907   137.887    -7.91    8.39
  42955.907   133.985   -13.55    9.75
  43243.921   129.388   -15.96   12.60
  43531.950   123.512   -20.40   15.38
  43818.679   116.852   -23.23   16.91
  44103.773   109.652   -25.26   17.25
  44388.880   102.791   -24.06   15.46
  44674.000    97.047   -20.15   12.21
  44959.133    93.687   -11.78    8.27
  45244.280    94.362     2.37    7.63
  45529.439    97.299    10.30   10.69
  45814.612   102.290    17.50   12.69
  46099.798   106.030    13.12   12.54
  46384.997   108.411     8.35   11.51
  46670.209   110.519     7.39   10.16
  46955.435   111.807     4.52    9.66
  47240.674   112.970     4.08   10.25
  47525.926   114.791     6.38   10.59
  47811.191   117.045     7.90   10.64
  48096.469   120.504    12.13    9.10
  48381.760   123.754    11.39    6.29
  48667.065   125.817     7.23    4.61
  48952.383   127.121     4.57    4.67
  49237.714   127.275     0.54    5.26
  49523.058   127.316     0.14    5.94
  49808.415   127.500     0.65    6.52
  50093.786   128.220     2.52    6.65
  50379.170   128.500     0.98    6.38
  50664.567   128.632     0.46    5.98
  50949.977   129.405     2.71    5.55
  51235.401   130.474     3.75    5.20
  51520.838   131.899     4.99    5.25
  51806.288   133.684     6.26    4.98
  52091.751   136.040     8.25    4.79
  52377.227   137.970     6.76    4.04
  52662.717   139.500     5.36    3.97
  52948.219   140.632     3.96    4.52
  53233.736   141.163     1.86    4.65
  53519.265   141.730     1.98    4.77
  53804.807   142.375     2.26    4.38
  54090.363   142.761     1.35    4.06
  54375.932   142.047    -2.50    4.17
  54661.514   139.770    -7.97    6.74
  54947.110   136.040   -13.06    9.58
  55232.719   132.140   -13.65   11.07
  55518.341   128.571   -12.50   10.59
  55803.976   126.237    -8.17    8.98
  56089.624   126.000    -0.83    8.44
  56375.286   127.552     5.43    9.80
  56660.961   132.077    15.84   10.54
  56946.650   137.000    17.23    9.61
  57232.351   140.840    13.44    7.52
  57518.066   143.918    10.77    5.63
  57803.794   145.054     3.98    4.69
  58089.535   145.351     1.04    4.79
  58375.290   144.800    -1.93    4.89
  58661.058   143.767    -3.62    4.98
  58946.839   142.831    -3.28    4.52
  59232.634   143.075     0.85    4.56
  59518.441   143.907     2.91    4.89
  59804.262   145.170     4.42    5.18
  60090.097   145.132    -0.13    6.38
  60375.944   143.578    -5.44    9.04
  60661.805   140.893    -9.39   11.45
  60947.679   137.769   -10.93   12.13
  61233.567   134.107   -12.81   11.27
  61519.468   130.455   -12.77    8.17
  61805.382   128.764    -5.92    4.76
  62091.309   128.978     0.75    3.97
  62377.250   129.723     2.61    3.71
  62663.204   131.015     4.52    4.33
  62949.171   133.336     8.12    6.58
  63235.152   137.799    15.60    9.67
  63521.145   142.758    17.34   12.26
  63807.153   149.181    22.46   13.34
  64093.173   155.132    20.81   12.49
  64379.207   161.542    22.41   10.32
  64665.254   164.862    11.61    8.09
  64951.315   167.775    10.18    6.54
  65237.389   168.629     2.99    5.94
  65523.476   169.326     2.44    6.01
  65809.576   169.454     0.45    6.09
  66095.690   169.354    -0.35    6.21
  66381.818   168.684    -2.34    6.22
  66667.958   168.396    -1.01    6.90
  66954.112   167.684    -2.49    7.30
  67240.279   167.387    -1.04    7.36
  67526.460   166.924    -1.61    6.94
  67812.654   167.092     0.58    6.30
  68098.861   166.176    -3.20    5.76
  68385.082   165.374    -2.80    4.97
  68671.316   164.214    -4.05    4.89
  68957.563   162.877    -4.67    5.65
  69243.824   161.662    -4.25    6.60
  69530.098   160.394    -4.43    6.80
  69816.385   159.731    -2.31    6.56
  70102.686   160.623     3.12    6.74
  70389.000   162.425     6.29    8.08
  70675.328   166.993    15.95    8.89
  70961.668   171.699    16.44   10.03
  71248.023   177.116    18.92    9.94
  71534.390   182.318    18.17   10.13
  71820.771   187.596    18.43   10.37
  72107.166   191.067    12.12   10.57
  72393.574   192.758     5.90   10.65
  72679.995   191.763    -3.47   12.69
  72966.429   189.279    -8.67   15.30
  73252.877   184.113   -18.04   16.91
  73539.339   179.193   -17.18   17.77
  73825.814   174.151   -17.60   17.45
  74112.302   170.539   -12.61   16.61
  74398.803   166.421   -14.37   16.32
  74685.318   163.570    -9.95   16.50
  74971.847   160.263   -11.54   16.51
  75258.389   157.247   -10.53   15.83
  75544.944   154.647    -9.07   14.83
  75831.512   151.737   -10.15   12.96
  76118.095   149.578    -7.53   10.52
  76404.690   148.110    -5.12    7.40
  76691.299   149.000     3.11    6.32
  76977.921   150.225     4.27    5.79
  77264.557   151.456     4.29    5.16
  77551.206   152.605     4.01    4.68
  77837.869   153.721     3.89    4.71
  78124.545   154.336     2.15    4.59
  78411.234   154.508     0.60    4.39
  78697.937   155.329     2.86    3.95
  78984.653   156.872     5.38    4.12
  79271.383   158.515     5.73    4.50
  79558.126   160.226     5.96    5.05
  79844.883   161.894     5.82    5.79
  80131.653   164.023     7.42    5.79
  80418.437   166.054     7.08    6.06
  80705.234   168.575     8.79    6.30
  80992.044   171.326     9.59    7.21
  81278.868   174.259    10.23    8.50
  81565.706   177.248    10.42    9.84
  81852.557   180.607    11.71   11.04
  82139.421   185.061    15.53   11.53
  82426.299   189.066    13.96   11.43
  82713.190   193.527    15.55   11.09
  83000.095   197.178    12.73   10.89
  83287.013   201.435    14.84   10.10
  83573.945   204.874    11.99    9.99
  83860.890   208.458    12.49    9.01
  84147.849   210.745     7.97    8.36
  84434.821   213.277     8.83    7.10
  84721.806   214.572     4.51    7.23
  85008.806   216.931     8.22    6.39
  85295.818   218.963     7.08    6.30
  85582.844   221.300     8.15    6.26
  85869.884   224.549    11.32    6.55
  86156.937   228.413    13.46    7.36
  86444.004   232.761    15.15    8.53
  86731.084   237.818    17.62    9.48
  87018.177   242.911    17.74    9.95
  87305.285   248.252    18.61    9.82
  87592.405   253.552    18.46    9.11
  87879.539   258.303    16.55    7.96
  88166.687   262.121    13.30    7.38
  88453.848   265.406    11.44    7.35
  88741.023   269.196    13.20    8.20
  89028.211   271.694     8.70    8.08
  89315.413   274.550     9.94    8.02
  89602.628   277.190     9.19    8.24
  89889.857   278.817     5.67    8.07
  90177.099   280.805     6.92    7.35
  90464.355   282.336     5.33    6.49
  90751.625   283.970     5.69    5.54
  91038.908   284.930     3.34    5.07
  91326.204   286.023     3.80    4.42
  91613.514   286.793     2.68    3.89
  91900.838   288.278     5.17    3.28
  92188.175   289.123     2.94    3.39
  92475.526   290.679     5.41    3.63
  92762.890   292.593     6.66    4.63
  93050.268   294.827     7.78    5.91
  93337.659   297.700    10.00    6.47
  93625.064   300.230     8.80    6.28
  93912.483   302.962     9.51    5.63
  94199.915   304.596     5.68    4.05
  94487.360   305.447     2.96    3.14
  94774.820   305.248    -0.69    3.60
  95062.292   305.608     1.25    3.99
  95349.779   306.341     2.55    5.37
  95637.279   308.040     5.91    6.51
  95924.792   310.256     7.71    7.05
  96212.319   313.764    12.20    6.97
  96499.860   317.545    13.15    6.78
  96787.414   321.462    13.62    7.32
  97074.982   323.707     7.81    6.97
  97362.563   325.199     5.19    6.72
  97650.158   327.300     7.31    5.81
