-143512.220   122.025     0.00    6.83
-143225.795   119.019   -10.50    8.26
-142939.380   116.113   -10.15    9.18
-142652.977   113.364    -9.60    9.55
-142366.585   109.138   -14.76    9.03
-142080.203   106.812    -8.12    8.72
-141793.833   104.051    -9.64    7.25
-141507.474   101.704    -8.20    6.05
-141221.126    99.478    -7.77    6.12
-140934.788    98.424    -3.68    6.01
-140648.462    97.737    -2.40    5.75
-140362.147    97.518    -0.76    6.26
-140075.843    97.346    -0.60    6.56
-139789.549    96.748    -2.09    7.44
-139503.267    95.925    -2.87    8.43
-139216.996    94.422    -5.25    9.65
-138930.735    92.129    -8.01   11.33
-138644.486    89.522    -9.11   12.23
-138358.248    86.912    -9.12   11.97
-138072.020    84.538    -8.29   11.42
-137785.804    82.715    -6.37   10.43
-137499.599    81.644    -3.74    9.31
-137213.404    80.008    -5.72    8.35
-136927.221    79.297    -2.48    7.34
-136641.048    78.694    -2.11    6.83
-136354.887    78.971     0.97    6.35
-136068.736    78.621    -1.22    6.06
-135782.596    78.422    -0.70    6.07
-135496.468    78.274    -0.52    6.00
-135210.350    77.864    -1.43    5.75
-134924.244    77.640    -0.78    5.68
-134638.148    76.767    -3.05    5.58
-134352.063    76.734    -0.12    5.76
-134065.989    77.081     1.22    6.15
-133779.926    78.515     5.01    7.20
-133493.874    80.413     6.64    8.10
-133207.834    82.803     8.36    8.18
-132921.804    84.810     7.02    6.80
-132635.785    85.941     3.95    5.75
-132349.776    85.693    -0.87    6.02
-132063.779    84.368    -4.63    7.36
-131777.793    82.113    -7.88    8.39
-131491.818    79.659    -8.58    8.64
-131205.854    76.955    -9.46    8.36
-130919.900    75.080    -6.56    7.49
-130633.958    74.068    -3.54    6.91
-130348.026    74.199     0.46    7.32
-130062.106    74.193    -0.02    8.36
-129776.196    75.575     4.83    9.65
-129490.297    77.357     6.24   10.65
-129204.410    79.724     8.28   10.15
-128918.533    81.778     7.18    8.75
-128632.667    83.257     5.18    7.24
-128346.812    85.060     6.31    5.51
-128060.968    86.574     5.29    4.56
-127775.135    88.104     5.36    4.94
-127489.313    89.710     5.62    6.04
-127203.501    92.023     8.09    7.73
-126917.701    95.162    10.98    9.13
-126631.912    98.114    10.33    9.93
-126346.133   100.674     8.96    9.85
-126060.365   102.319     5.76    9.52
-125774.609   103.492     4.11    8.68
-125488.863   104.569     3.77    8.76
-125203.128   105.276     2.47    8.57
-124917.404   105.831     1.94    7.98
-124631.691   105.362    -1.64    7.47
-124345.989   104.226    -3.98    6.21
-124060.298   103.619    -2.12    5.82
-123774.617   103.677     0.20    5.63
-123488.948   104.825     4.02    6.60
-123203.289   106.669     6.46    7.43
-122917.642   108.455     6.25    7.04
-122632.005   109.935     5.18    6.22
-122346.379   110.985     3.68    5.55
-122060.764   111.514     1.85    5.66
-121775.160   112.179     2.33    5.52
-121489.567   111.963    -0.76    5.29
-121203.984   111.851    -0.39    6.07
-120918.413   112.090     0.84    5.99
-120632.852   110.662    -5.00    7.20
-120347.303   108.386    -7.97    8.33
-120061.764   105.255   -10.97    9.12
-119776.236   102.378   -10.08    8.34
-119490.719   101.158    -4.27    6.94
-119205.213   100.734    -1.49    6.37
-118919.718   101.265     1.86    6.35
-118634.233   102.144     3.08    6.28
-118348.760   103.809     5.83    5.31
-118063.297   105.672     6.52    4.19
-117777.845   107.419     6.12    3.84
-117492.404   108.356     3.28    4.39
-117206.974   108.882     1.84    5.74
-116921.555   107.791    -3.82    8.48
-116636.147   106.630    -4.07   10.60
-116350.749   104.978    -5.79   12.69
-116065.363   103.970    -3.53   13.52
-115779.987   103.819    -0.53   13.49
-115494.622   104.662     2.95   12.36
-115209.268   105.404     2.60   11.48
-114923.925   106.280     3.07    9.76
-114638.593   104.978    -4.57    9.39
-114352.704   102.515    -8.62   10.60
-114064.941    99.098   -11.87   11.66
-113777.190    97.362    -6.03   11.66
-113489.451    94.478   -10.03   12.05
-113201.724    91.245   -11.24   12.07
-112914.009    86.962   -14.88   11.60
-112626.306    85.167    -6.24   11.54
-112338.614    84.388    -2.71   11.42
-112050.934    88.421    14.02   14.77
-111763.266    92.074    12.70   16.20
-111475.610    97.316    18.22   16.60
-111187.966   102.763    18.94   14.76
-110900.334   107.410    16.16   11.29
-110612.713   109.387     6.87    7.82
-110325.105   109.091    -1.03    6.42
-110037.508   106.876    -7.70    6.61
-109749.923   104.267    -9.07    5.72
-109462.350   101.878    -8.31    4.47
-109174.789    99.867    -6.99    4.77
-108887.240    98.867    -3.48    5.91
-108599.702    98.993     0.44    7.29
-108312.176    98.812    -0.63    8.04
-108024.663    98.511    -1.05    8.57
-107737.160    96.805    -5.94    9.85
-107449.670    94.928    -6.53   10.25
-107162.192    94.045    -3.07    9.90
-106874.725    93.619    -1.48    8.77
-106587.271    93.120    -1.73    8.48
-106299.828    93.164     0.15    8.10
-106012.397    94.206     3.62    8.16
-105724.977    95.473     4.41    7.58
-105437.570    97.044     5.47    6.42
-105150.174    97.353     1.08    5.99
-104862.791    97.893     1.88    5.73
-104575.419    98.679     2.74    4.89
-104288.059    98.912     0.81    4.34
-104000.710    99.702     2.75    2.93
-103713.374    99.216    -1.69    2.92
-103426.049    98.370    -2.94    3.39
-103138.736    97.611    -2.64    4.00
-102851.435    95.956    -5.76    4.90
-102564.145    94.142    -6.31    5.25
-102276.868    91.971    -7.56    4.92
-101989.602    89.481    -8.67    4.67
-101702.348    87.701    -6.20    4.46
-101415.106    85.977    -6.00    3.96
-101127.876    84.941    -3.61    3.31
-100840.657    83.778    -4.05    3.13
-100553.450    82.097    -5.85    3.35
-100266.255    80.766    -4.63    3.14
 -99979.072    80.164    -2.10    3.30
 -99691.901    79.565    -2.09    3.92
 -99404.741    78.410    -4.02    5.06
 -99117.593    77.941    -1.63    5.89
 -98830.457    77.947     0.02    6.84
 -98543.333    77.803    -0.50    7.38
 -98256.220    77.044    -2.64    7.50
 -97969.119    76.007    -3.61    7.01
 -97682.030    75.876    -0.46    6.44
 -97394.953    75.932     0.19    5.49
 -97107.888    76.087     0.54    4.46
 -96820.834    75.985    -0.35    3.73
 -96533.792    75.778    -0.72    3.44
 -96246.762    75.500    -0.97    4.21
 -95959.743    74.934    -1.97    4.84
 -95672.737    74.218    -2.50    5.42
 -95385.742    72.985    -4.30    5.63
 -95098.758    71.691    -4.51    5.90
 -94811.787    70.841    -2.96    6.27
 -94524.827    70.043    -2.78    6.96
 -94237.879    69.338    -2.46    7.71
 -93950.943    69.147    -0.67    8.63
 -93664.019    68.356    -2.76    9.74
 -93377.106    67.719    -2.22   10.28
 -93090.205    66.826    -3.11   10.81
 -92803.316    65.593    -4.30   10.78
 -92516.438    64.810    -2.73   10.78
 -92229.573    64.053    -2.64   10.24
 -91942.719    63.826    -0.79    9.89
 -91655.876    63.714    -0.39    8.71
 -91369.046    63.691    -0.08    7.80
 -91082.227    63.008    -2.38    7.23
 -90795.420    62.964    -0.15    6.74
 -90508.624    62.346    -2.16    6.09
 -90221.841    62.118    -0.80    5.67
 -89935.069    62.000    -0.41    5.35
 -89648.309    62.060     0.21    5.45
 -89361.560    62.591     1.85    5.36
 -89074.823    63.263     2.34    4.90
 -88788.098    63.574     1.08    4.85
 -88501.385    62.331    -4.33    5.96
 -88214.683    61.094    -4.31    6.69
 -87927.993    59.714    -4.81    6.88
 -87641.315    58.176    -5.36    6.03
 -87354.648    57.307    -3.03    5.23
 -87067.994    56.872    -1.52    4.76
 -86781.350    58.203     4.64    5.27
 -86494.719    59.265     3.71    5.45
 -86208.099    60.500     4.31    5.92
 -85921.491    60.955     1.59    5.81
 -85634.895    61.638     2.38    5.85
 -85348.310    61.303    -1.17    5.54
 -85061.737    60.353    -3.32    4.91
 -84775.176    58.993    -4.75    4.83
 -84488.626    57.689    -4.55    4.76
 -84202.088    57.058    -2.20    4.73
 -83915.562    56.689    -1.29    4.55
 -83629.047    56.456    -0.82    4.11
 -83342.545    56.820     1.27    3.50
 -83056.053    57.292     1.65    2.96
 -82769.574    58.136     2.95    2.55
 -82483.106    58.809     2.35    2.27
 -82196.650    59.331     1.82    2.54
 -81910.205    59.886     1.94    2.93
 -81623.772    59.899     0.04    3.13
 -81337.351    59.788    -0.39    3.14
 -81050.942    59.259    -1.85    3.40
 -80764.544    58.586    -2.35    3.91
 -80478.158    56.572    -7.03    6.47
 -80191.783    52.561   -14.01   10.00
 -79905.420    47.153   -18.88   11.99
 -79619.069    42.132   -17.53   11.88
 -79332.729    37.568   -15.94   10.22
 -79046.401    33.775   -13.25    7.62
 -78760.085    30.667   -10.86    3.99
 -78473.781    29.743    -3.23    3.36
 -78187.488    29.515    -0.79    3.42
 -77901.206    29.701     0.65    3.53
 -77614.937    29.684    -0.06    3.82
 -77328.678    29.759     0.26    4.26
 -77042.432    29.207    -1.93    4.98
 -76756.197    28.677    -1.85    5.07
 -76469.974    26.812    -6.52    5.85
 -76183.763    24.567    -7.84    6.17
 -75897.563    22.356    -7.73    6.05
 -75611.375    20.538    -6.35    5.05
 -75325.198    19.279    -4.40    4.04
 -75039.033    18.180    -3.84    2.88
 -74752.880    17.686    -1.73    2.10
 -74466.738    17.970     0.99    2.29
 -74180.608    18.909     3.28    2.64
 -73894.489    19.696     2.75    2.93
 -73608.382    18.433    -4.41    6.13
 -73322.287    16.360    -7.24    8.46
 -73036.203    13.197   -11.06    9.77
 -72750.131     9.818   -11.81   10.05
 -72464.071     5.903   -13.68    8.32
 -72178.022     3.043   -10.00    5.30
 -71891.985     1.143    -6.64    0.99
 -71605.959     1.120    -0.08    0.72
 -71319.945     4.043    10.22    6.75
 -71033.943     8.212    14.58   10.48
 -70747.952    12.781    15.98   11.84
 -70461.973    16.735    13.83   12.05
 -70176.005    20.699    13.86   10.86
 -69890.049    24.902    14.70    7.71
 -69604.105    27.059     7.54    3.23
 -69318.172    27.346     1.00    2.62
 -69032.250    26.756    -2.06    3.06
 -68746.341    25.708    -3.66    3.25
 -68460.443    24.197    -5.29    4.83
 -68174.556    21.943    -7.88    6.56
 -67888.681    19.053   -10.11    8.23
 -67602.818    16.867    -7.65    8.58
 -67316.966    15.557    -4.58    8.29
 -67031.126    15.097    -1.61    7.84
 -66745.297    14.381    -2.51    7.33
 -66459.480    13.854    -1.84    6.66
 -66173.675    14.547     2.43    5.64
 -65887.881    15.526     3.43    4.03
 -65602.099    16.593     3.73    2.50
 -65316.328    16.827     0.82    2.54
 -65030.569    17.350     1.83    2.65
 -64744.821    18.015     2.33    2.62
 -64459.085    18.910     3.13    2.18
 -64173.360    19.459     1.92    1.97
 -63887.648    19.809     1.22    1.90
 -63601.946    20.207     1.39    1.86
 -63316.256    20.526     1.12    1.88
 -63030.578    20.841     1.10    1.76
 -62744.911    20.917     0.27    1.73
 -62459.256    21.036     0.42    1.67
 -62173.612    20.866    -0.60    1.78
 -61887.980    20.679    -0.65    1.83
 -61602.360    20.467    -0.74    1.85
 -61316.751    20.271    -0.69    1.74
 -61031.153    20.139    -0.46    1.59
 -60745.567    19.909    -0.80    1.47
 -60459.993    19.825    -0.30    1.58
 -60174.430    19.679    -0.51    1.79
 -59888.879    19.568    -0.39    1.83
 -59603.339    19.627     0.20    1.95
 -59317.810    19.694     0.24    2.06
 -59032.294    19.898     0.71    2.15
 -58746.788    20.311     1.45    2.11
 -58461.295    20.686     1.32    2.04
 -58175.812    21.167     1.68    1.66
 -57890.342    21.000    -0.58    1.91
 -57604.883    20.205    -2.79    3.74
 -57319.435    19.441    -2.67    4.81
 -57033.999    18.752    -2.41    5.60
 -56748.574    18.364    -1.36    5.58
 -56463.161    17.890    -1.66    5.93
 -56177.760    18.632     2.60    5.24
 -55892.369    19.464     2.92    4.15
 -55606.991    20.008     1.91    3.00
 -55321.624    20.662     2.29    2.53
 -55036.268    20.923     0.92    2.71
 -54750.924    21.407     1.70    3.24
 -54465.592    21.756     1.22    3.50
 -54180.271    22.092     1.18    3.42
 -53894.961    23.105     3.55    3.47
 -53609.663    23.242     0.48    3.17
 -53324.376    23.533     1.02    3.26
 -53039.101    23.771     0.83    3.06
 -52753.837    23.343    -1.50    3.84
 -52467.774    23.203    -0.49    3.65
 -52179.934    22.593    -2.12    3.98
 -51892.107    22.820     0.79    4.10
 -51604.292    23.149     1.15    3.67
 -51316.490    23.321     0.60    3.62
 -51028.700    22.817    -1.75    3.75
 -50740.922    22.652    -0.57    4.11
 -50453.158    22.481    -0.59    4.03
 -50165.405    22.766     0.99    4.17
 -49877.666    23.439     2.34    4.96
 -49589.939    24.292     2.96    5.86
 -49302.224    25.568     4.44    6.96
 -49014.522    26.548     3.41    7.67
 -48726.832    27.455     3.15    8.02
 -48439.155    27.723     0.93    8.52
 -48151.490    27.729     0.02    8.26
 -47863.838    27.138    -2.06    7.69
 -47576.199    26.436    -2.44    6.39
 -47288.572    25.689    -2.60    4.91
 -47000.957    25.870     0.63    4.32
 -46713.355    25.727    -0.50    4.80
 -46425.766    25.793     0.23    5.73
 -46138.189    25.674    -0.41    6.15
 -45850.624    25.567    -0.37    6.45
 -45563.072    25.901     1.16    6.54
 -45275.532    26.511     2.12    6.70
 -44988.005    27.174     2.31    6.05
 -44700.491    27.522     1.21    6.19
 -44412.989    26.865    -2.29    6.44
 -44125.499    26.470    -1.37    6.19
 -43838.022    25.644    -2.87    5.73
 -43550.557    25.118    -1.83    5.38
 -43263.105    24.826    -1.02    4.97
 -42975.665    25.438     2.13    3.58
 -42688.238    26.023     2.03    1.93
 -42400.823    25.876    -0.51    2.12
 -42113.421    25.970     0.33    2.07
 -41826.031    25.947    -0.08    2.15
 -41538.654    26.438     1.71    2.51
 -41251.289    26.947     1.77    2.74
 -40963.937    27.659     2.48    3.30
 -40676.597    28.208     1.91    3.72
 -40389.269    28.467     0.90    3.60
 -40101.954    28.348    -0.41    3.48
 -39814.652    28.387     0.13    3.12
 -39527.362    28.235    -0.53    2.56
 -39240.084    28.396     0.56    2.33
 -38952.819    28.827     1.50    2.15
 -38665.566    29.037     0.73    2.15
 -38378.326    29.443     1.41    2.06
 -38091.098    29.504     0.21    2.38
 -37803.882    29.015    -1.70    4.15
 -37516.679    29.059     0.15    4.72
 -37229.489    28.977    -0.28    5.06
 -36942.311    29.360     1.33    5.25
 -36655.145    30.125     2.66    4.68
 -36367.992    31.105     3.41    3.65
 -36080.851    31.853     2.60    2.27
 -35793.722    31.917     0.22    2.47
 -35506.606    31.809    -0.38    2.41
 -35219.503    31.631    -0.62    2.27
 -34932.411    31.654     0.08    2.19
 -34645.333    31.241    -1.44    1.88
 -34358.266    31.357     0.41    1.96
 -34071.213    31.473     0.40    2.04
 -33784.171    31.861     1.35    2.22
 -33497.142    31.795    -0.23    2.24
 -33210.125    31.672    -0.43    2.15
 -32923.121    31.462    -0.73    1.88
 -32636.129    31.496     0.12    1.65
 -32349.150    31.105    -1.36    3.25
 -32062.183    30.642    -1.61    4.64
 -31775.228    30.508    -0.47    5.34
 -31488.286    30.917     1.43    5.33
 -31201.356    31.314     1.38    5.23
 -30914.438    32.121     2.81    4.08
 -30627.533    32.839     2.50    1.41
 -30340.640    32.880     0.14    1.30
 -30053.760    32.882     0.01    1.24
 -29766.892    32.803    -0.28    1.23
 -29480.037    32.530    -0.95    1.37
 -29193.193    32.220    -1.08    1.63
 -28906.363    32.139    -0.28    1.71
 -28619.544    32.280     0.49    1.72
 -28332.738    30.949    -4.64    4.95
 -28045.944    29.720    -4.29    6.47
 -27759.163    29.709    -0.04    6.73
 -27472.394    29.924     0.75    6.63
 -27185.638    30.414     1.71    6.27
 -26898.893    31.075     2.31    5.48
 -26612.161    31.901     2.88    4.39
 -26325.442    33.195     4.52    2.14
 -26038.735    33.550     1.24    1.82
 -25752.040    34.022     1.65    1.81
 -25465.358    34.603     2.03    1.92
 -25178.688    35.214     2.13    1.93
 -24892.030    35.931     2.50    2.21
 -24605.384    35.456    -1.66    4.98
 -24318.751    33.481    -6.89    8.21
 -24032.131    32.737    -2.60    8.75
 -23745.522    32.046    -2.41    8.99
 -23458.926    30.778    -4.42    9.64
 -23172.343    29.429    -4.71   10.02
 -22885.771    28.822    -2.12    9.95
 -22599.212    30.406     5.53    9.28
 -22312.666    32.348     6.78    7.97
 -22026.131    33.234     3.09    6.98
 -21739.609    34.015     2.73    6.20
 -21453.100    34.555     1.88    5.52
 -21166.602    36.136     5.52    2.98
 -20880.117    34.467    -5.83    7.13
 -20593.644    31.258   -11.20   11.43
 -20307.184    26.478   -16.69   14.52
 -20020.736    20.682   -20.23   15.79
 -19734.300    15.632   -17.63   15.00
 -19447.877    12.462   -11.07   13.14
 -19161.466    12.511     0.17   13.11
 -18875.067    15.000     8.69   14.14
 -18588.680    18.866    13.50   14.52
 -18302.306    22.102    11.30   13.71
 -18015.944    24.886     9.72   12.77
 -17729.594    27.397     8.77   11.57
 -17443.257    29.977     9.01    9.86
 -17156.932    31.918     6.78    6.86
 -16870.619    32.206     1.01    6.69
 -16584.319    32.176    -0.10    6.49
 -16298.031    32.256     0.28    6.37
 -16011.755    32.478     0.78    6.05
 -15725.491    32.446    -0.11    5.59
 -15439.240    32.372    -0.26    5.56
 -15153.001    31.970    -1.41    5.69
 -14866.774    32.104     0.47    5.62
 -14580.560    31.800    -1.06    5.37
 -14294.357    31.707    -0.33    6.34
 -14008.167    31.126    -2.03    7.63
 -13721.990    30.134    -3.46    9.87
 -13435.824    29.582    -1.93   11.34
 -13149.671    28.131    -5.07   11.93
 -12863.530    26.882    -4.36   12.38
 -12577.402    25.435    -5.06   12.99
 -12291.285    24.790    -2.26   12.98
 -12005.181    24.794     0.01   12.95
 -11719.090    25.745     3.32   12.34
 -11433.010    26.030     1.00   12.15
 -11146.943    27.081     3.67   12.00
 -10860.888    27.985     3.16   11.65
 -10574.845    30.433     8.56    9.98
 -10288.814    31.376     3.30    8.19
 -10002.796    31.676     1.05    7.26
  -9716.790    31.508    -0.59    6.11
  -9430.796    30.970    -1.88    6.67
  -9144.815    31.007     0.13    7.09
  -8858.845    32.083     3.76    6.99
  -8572.888    33.613     5.35    6.07
  -8286.943    34.786     4.10    6.79
  -8001.011    36.169     4.84    7.58
  -7715.090    38.258     7.30    8.82
  -7429.182    40.978     9.51    9.49
  -7143.286    44.629    12.77   11.00
  -6857.402    48.746    14.40   11.86
  -6571.531    54.295    19.41   12.49
  -6285.672    59.353    17.69   12.95
  -5999.825    66.682    25.64   12.88
  -5713.990    73.796    24.89   14.23
  -5428.167    80.463    23.33   14.28
  -5142.357    87.338    24.06   14.69
  -4856.559    90.941    12.61   16.04
  -4570.773    85.962   -17.42   29.74
  -4284.999    76.088   -34.55   41.27
  -3999.237    60.809   -53.47   48.83
  -3713.488    46.265   -50.90   49.97
  -3427.751    30.955   -53.58   45.53
  -3142.026    14.761   -56.67   32.07
  -2856.313     5.206   -33.44   15.35
  -2570.612     3.007    -7.70    8.03
  -2284.924     2.977    -0.11    8.07
  -1999.248     3.533     1.95    9.18
  -1713.584     2.023    -5.29    7.28
  -1427.932     1.243    -2.73    5.73
  -1142.292     0.733    -1.78    4.38
   -856.665     0.076    -2.30    0.87
   -571.049     0.000    -0.27    0.00
   -285.446     0.000     0.00    0.00
      0.145     0.000     0.00    0.00
    285.723     0.000     0.00    0.00
    571.290     0.030     0.10    0.35
    856.844     0.659     2.20    3.70
   1142.387     1.089     1.51    4.80
   1427.917     0.824    -0.93    4.25
   1713.435     0.794    -0.11    4.18
   1998.940     0.106    -2.41    1.06
   2284.434     0.073    -0.12    0.85
   2569.915     0.902     2.90    4.20
   2855.385     2.083     4.14    6.28
   3140.842     2.191     0.38    6.32
   3426.287     1.795    -1.39    5.68
   3711.720     1.423    -1.30    4.97
   3997.140     2.045     2.18    6.07
   4282.549     2.326     0.98    6.58
   4567.945     3.008     2.39    7.64
   4853.329     4.097     3.82    9.05
   5138.701     5.644     5.42   10.49
   5424.061     7.537     6.63   11.56
   5709.409     9.183     5.77   12.22
   5994.745     9.562     1.33   12.31
   6280.068     9.174    -1.36   12.25
   6565.380     7.970    -4.22   11.87
   6850.679     5.806    -7.59   10.85
   7135.966     3.586    -7.78    8.81
   7421.241     1.604    -6.95    6.18
   7706.504     0.282    -4.63    2.23
   7991.755     0.000    -0.99    0.00
   8276.993     0.000     0.00    0.00
   8562.220     0.000     0.00    0.00
   8847.434     0.000     0.00    0.00
   9132.636     0.000     0.00    0.00
   9418.918     0.000     0.00    0.00
   9706.823     0.000     0.00    0.00
   9994.714     0.000     0.00    0.00
  10282.592     0.000     0.00    0.00
  10570.457     0.000     0.00    0.00
  10858.309     0.000     0.00    0.00
  11146.148     0.000     0.00    0.00
  11433.974     0.000     0.00    0.00
  11721.786     0.000     0.00    0.00
  12009.585     0.248     0.86    1.62
  12297.371     1.106     2.98    4.52
  12585.144     2.037     3.24    5.90
  12872.904     2.618     2.02    6.92
  13160.650     4.226     5.59    9.28
  13448.383     5.740     5.26   11.18
  13736.104     7.912     7.55   12.94
  14023.811     9.412     5.21   13.81
  14311.505    10.639     4.26   14.35
  14599.185    11.300     2.30   14.30
  14886.853     9.903    -4.86   14.04
  15174.507     7.901    -6.96   12.94
  15462.148     6.956    -3.29   11.96
  15749.777     6.527    -1.49   11.27
  16037.392     6.463    -0.22   10.82
  16324.993     8.450     6.91   11.75
  16612.582    10.664     7.70   12.44
  16900.158     9.689    -3.39   11.74
  17187.720     8.515    -4.08   11.37
  17475.269     8.295    -0.76   11.35
  17762.805     9.180     3.08   11.98
  18050.328    10.164     3.42   12.42
  18337.838    11.556     4.84   12.94
  18625.335    13.692     7.43   13.23
  18912.819    16.148     8.54   13.03
  19200.289    18.333     7.60   11.89
  19487.747    19.963     5.67   10.39
  19775.191    21.381     4.93    8.63
  20062.622    22.654     4.43    6.30
  20350.040    22.985     1.15    4.71
  20637.445    23.061     0.26    4.50
  20924.837    22.287    -2.69    5.59
  21212.216    21.758    -1.84    6.59
  21499.581    20.224    -5.34    8.14
  21786.934    18.808    -4.93    9.53
  22074.274    16.835    -6.87   10.50
  22361.600    15.092    -6.06   11.24
  22648.913    12.800    -7.98   11.81
  22936.213     9.618   -11.07   11.71
  23223.500     7.219    -8.35   10.85
  23510.774     4.333   -10.04    9.02
  23798.035     1.860    -8.61    6.09
  24085.283     0.338    -5.30    2.29
  24372.518     0.000    -1.18    0.00
  24659.740     0.815     2.84    3.68
  24946.948     2.541     6.01    7.03
  25234.144     5.792    11.32   10.07
  25521.326     8.799    10.47   11.37
  25808.496    11.443     9.21   11.55
  26095.652    14.948    12.21   11.14
  26382.795    18.176    11.24   10.15
  26669.926    20.964     9.71    8.43
  26957.043    24.085    10.87    5.10
  27244.147    25.200     3.88    5.21
  27531.238    26.504     4.54    3.46
  27818.316    26.440    -0.22    4.31
  28105.381    27.477     3.61    5.00
  28392.433    29.799     8.09   10.07
  28679.472    35.242    18.97   17.37
  28966.497    40.896    19.70   23.70
  29253.510    46.469    19.42   27.58
  29540.510    52.066    19.50   28.68
  29827.497    55.823    13.09   27.68
  30114.470    59.748    13.68   26.32
  30401.431    61.331     5.51   23.85
  30688.378    60.728    -2.10   21.38
  30975.313    59.702    -3.57   18.41
  31262.235    59.889     0.65   15.66
  31549.143    60.947     3.69   12.54
  31836.039    60.955     0.03   10.54
  32122.921    61.634     2.36    7.26
  32409.790    61.993     1.25    5.07
  32696.647    61.500    -1.72    5.27
  32983.490    60.794    -2.46    5.78
  33270.321    60.386    -1.42    5.61
  33557.138    60.426     0.14    6.10
  33843.943    61.408     3.42    6.39
  34130.734    63.474     7.21    6.26
  34417.512    65.638     7.55    6.09
  34704.278    67.323     5.88    4.93
  34991.030    68.346     3.57    3.72
  35277.770    68.271    -0.26    3.54
  35564.496    65.069   -11.17    8.38
  35851.209    60.604   -15.57   11.76
  36137.910    55.916   -16.35   12.70
  36424.597    51.630   -14.95   14.61
  36711.272    46.432   -18.13   17.71
  36997.933    42.852   -12.49   19.60
  37284.582    39.000   -13.44   22.00
  37571.217    36.142    -9.97   24.60
  37857.840    33.230   -10.16   25.46
  38144.450    32.417    -2.84   24.38
  38431.046    32.133    -0.99   22.88
  38717.630    32.473     1.19   21.47
  39004.201    31.328    -4.00   19.87
  39290.758    29.969    -4.74   18.55
  39577.303    30.694     2.53   17.41
  39863.835    31.377     2.38   16.59
  40150.354    33.120     6.08   17.27
  40436.860    34.962     6.43   17.99
  40723.352    37.940    10.40   17.70
  41009.832    39.931     6.95   17.39
  41296.299    42.519     9.03   16.73
  41582.754    43.654     3.96   15.40
  41869.195    45.241     5.54   14.99
  42155.623    46.679     5.02   12.33
  42442.038    47.993     4.58   10.63
  42728.440    47.892    -0.35    9.22
  43014.830    48.500     2.12    8.65
  43301.206    49.076     2.01    7.63
  43587.570    50.015     3.28    7.65
  43873.920    51.697     5.87    8.96
  44160.258    53.582     6.58   10.28
  44446.583    55.221     5.73   11.36
  44732.895    56.679     5.09   11.89
  45019.194    57.308     2.20   12.08
  45305.480    57.920     2.14   12.42
  45591.753    57.923     0.01   11.84
  45878.013    58.708     2.74   11.99
  46164.260    58.423    -1.00   11.83
  46450.494    59.103     2.38   12.73
  46736.716    58.885    -0.76   12.62
  47022.924    59.239     1.23   12.49
  47309.120    58.615    -2.18   11.54
  47595.303    58.793     0.62   11.10
  47881.473    58.792    -0.00   10.46
  48167.629    60.119     4.64   10.36
  48453.774    61.947     6.39   10.97
  48739.905    64.393     8.55   11.97
  49026.023    67.214     9.86   12.54
  49312.128    69.533     8.11   12.66
  49598.221    71.878     8.19   11.95
  49884.300    73.328     5.07   10.99
  50170.367    72.931    -1.39    9.82
  50456.421    72.231    -2.45    9.09
  50742.462    71.235    -3.48    8.15
  51028.490    70.571    -2.32    7.16
  51314.505    69.583    -3.45    6.02
  51600.508    69.114    -1.64    4.90
  51886.497    69.679     1.98    4.63
  52172.474    71.105     4.99    4.76
  52458.437    72.933     6.39    4.54
  52744.388    74.412     5.17    4.00
  53030.326    75.496     3.79    3.62
  53316.252    75.992     1.73    3.50
  53602.164    75.083    -3.18    4.73
  53888.063    74.269    -2.85    5.34
  54173.950    73.089    -4.13    5.53
  54459.824    72.469    -2.17    5.71
  54745.685    72.785     1.11    6.09
  55031.533    73.091     1.07    6.57
  55317.368    74.426     4.67    7.28
  55603.190    75.740     4.60    7.86
  55889.000    77.111     4.80    7.35
  56174.797    77.354     0.85    6.89
  56460.581    77.381     0.09    6.12
  56746.352    77.298    -0.29    5.34
  57032.110    76.564    -2.57    4.89
  57317.855    76.000    -1.97    4.15
  57603.588    75.187    -2.85    2.97
  57889.308    75.015    -0.60    2.54
  58175.015    75.015    -0.00    2.44
  58460.709    75.523     1.78    2.62
  58746.390    76.169     2.26    3.05
  59032.058    76.762     2.07    3.36
  59317.714    77.350     2.06    3.56
  59603.357    77.900     1.92    3.45
  59888.987    79.274     4.81    3.25
  60174.604    80.338     3.73    3.16
  60460.209    81.422     3.79    3.13
  60745.800    82.382     3.36    3.03
  61031.379    83.135     2.64    2.80
  61316.945    83.808     2.35    2.68
  61602.499    84.571     2.67    2.48
  61888.039    84.892     1.12    2.51
  62173.567    85.120     0.80    2.61
  62459.082    85.729     2.13    2.90
  62744.584    86.269     1.89    2.87
  63030.073    86.740     1.65    2.81
  63315.550    87.119     1.33    2.74
  63601.013    87.405     1.00    2.65
  63886.464    87.489     0.29    2.64
  64171.903    87.688     0.70    2.58
  64457.328    87.571    -0.41    2.77
  64742.741    87.354    -0.76    3.03
  65028.141    87.704     1.23    2.92
