# NaN NaN NaN ;Mean Elev.(m), Avg Gradient(m/km), RMS Gradient(m/km) - SRTM1     
#   33.146  -1.276   3.735 ;Mean Elev.(m), Avg Gradient(m/km), RMS Gradient(m/km) - ASTER GDEM
#   25.000  -2.244   8.615 ;Mean Elev.(m), Avg Gradient(m/km), RMS Gradient(m/km) - GMTED2010 
   1 125.504260  64.629313    54.290    54.242  8 54660.18577498 29.170
   2 125.505785  64.629611    54.238    54.301  9 54670.10142095 27.816
   3 125.505710  64.630674    -7.392    -6.957  8 54680.01706503  5.697
   4 125.504199  64.631389   124.993   125.797  9 54689.93270778  3.711
   5 125.508032  64.631880    -6.724    -6.585  8 54699.84834879 14.985
   6 125.507904  64.630531    54.109    54.118  8 54709.76399357 39.842
   7 125.504794  64.628740     7.634     8.810  9 54719.67964449 15.801
   8 125.502220  64.627275    54.867    54.814  9 54729.59529290 29.239
   9 125.501594  64.627330    53.959    53.915  7 54739.51094007 55.987
  10 125.504310  64.628555    53.796    53.813  8 54749.42658764 25.417
  11 125.501059  64.628787   100.118   100.201  7 54759.34223438 20.462
  12 125.505174  64.629209    99.897   100.248  8 54769.25787949 14.907
  13 125.504672  64.627959    52.208    52.193  8 54779.17352068 35.894
  14 125.503917  64.626534    52.825    52.823  8 54789.08915930 24.278
  15 125.502903  64.626151    52.683    52.678  8 54799.00479689 23.662
  16 125.503175  64.627015    52.815    52.807  8 54808.92043472 20.016
  17 125.501621  64.627754    52.997    52.993 10 54818.83607192 18.882
  18 125.503757  64.629117    53.096    53.051  8 54828.75172418 18.523
  19 125.508459  64.630511    53.016    53.033  8 54838.66736353 18.220
  20 125.504649  64.630925    52.875    52.885  9 54848.58301237 17.755
  21 125.504520  64.632061    52.814    52.853  9 54858.49866113 17.429
  22 125.506671  64.633269    52.793    52.812  9 54868.41431024 16.554
  23 125.506168  64.632653    52.742    52.758  8 54878.32995816 16.388
  24 125.507174  64.631002    52.755    52.718  7 54888.24560305 15.589
  25 125.505333  64.628856    52.593    52.547  9 54898.16124433 16.190
  26 125.505187  64.628315    52.938    52.920  8 54908.07688329 14.615
  27 125.505668  64.628930    53.086    53.015  9 54917.99252111 13.963
  28 125.506055  64.629369    53.346    53.209  9 54927.90815874 12.223
  29 125.505052  64.628434    53.004    52.858  8 54937.82379546 13.219
  30 125.503613  64.626697    52.622    52.742  8 54947.73943033 34.499
  31 125.505346  64.625532    53.353    53.173  8 54957.65506545 33.933
  32 125.504255  64.625733    55.218    55.202  9 54967.57071386 34.221
  33 125.491579  64.625005    55.974    55.964  7 54977.48636018 56.423
  34 125.504160  64.628281    55.912    55.885  8 54987.40200914 53.318
  35 125.505701  64.629179    56.120    56.102  8 54997.31765709 49.540
  36 125.503400  64.629180    55.126    55.042  8 55007.23330288 50.749
  37 125.508393  64.630466    54.882    54.817  8 55017.14894732 28.121
  38 125.509270  64.631597    54.562    54.733  8 55027.06458992 27.491
  39 125.505132  64.632182    54.206    53.946  9 55036.98023154 30.924
  40 125.505354  64.632261    54.227    54.219  9 55046.89587252 26.284
  41 125.506652  64.630679    54.241    54.357  7 55056.81151158 26.225
  42 125.504837  64.627608    53.995    54.170  8 55066.72714789 25.876
  43 125.504182  64.626370    53.675    53.704  9 55076.64279787 45.484
  44 125.505174  64.627173    54.064    54.254  9 55086.55844583 24.403
  45 125.501614  64.628228    53.961    53.919 10 55096.47409178 43.079
  46 125.503683  64.629450    54.022    53.896  9 55106.38973795 31.634
  47 125.506247  64.629212    53.421    53.424  8 55116.30538365 45.799
  48 125.501088  64.626758    53.092    53.073 10 55126.22102615 51.519
  49 125.505984  64.626384    99.445    99.250  8 55136.13666724 19.386
  50 125.504598  64.626337    50.965    50.983  8 55146.05230570 43.262
  51 125.504832  64.627798    51.671    51.757  9 55155.96794364 33.935
  52 125.503417  64.628660    51.621    51.684  8 55165.88358151 32.124
  53 125.504609  64.629120    51.963    51.937  8 55175.79921932 29.766
  54 125.504057  64.628411    52.018    52.043  8 55185.71486063 28.288
  55 125.503665  64.628880    52.140    52.126  8 55195.63051167 26.032
  56 125.505083  64.630670    52.029    52.010  8 55205.54616174 25.831
  57 125.506614  64.632746    51.962    51.955  8 55215.46181124 26.433
  58 125.504619  64.632932    51.800    51.769  9 55225.37745975 26.103
  59 125.506704  64.631534    51.805    51.793  7 55235.29310643 25.327
  60 125.503241  64.628014    51.612    51.677  9 55245.20874912 23.110
  61 125.503471  64.626141    51.541    51.651  8 55255.12438941 24.480
  62 125.501461  64.626508    51.623    51.663 10 55265.04002805 22.801
  63 125.504666  64.629079    51.592    51.647  8 55274.95566642 22.899
  64 125.504187  64.629764    51.693    51.687  8 55284.87130359 21.580
  65 125.504496  64.628103    51.565    51.630  8 55294.78693892 21.091
  66 125.505654  64.625668    52.706    52.753  7 55304.70257716 21.052
  67 125.506331  64.624837    53.134    53.603  8 55314.61822440 25.383
  68 125.504541  64.625879    51.965    51.925  8 55324.53386979 41.773
  69 125.505112  64.628361    52.881    52.870  8 55334.44951426 43.888
  70 125.508481  64.630596    56.964    56.943  8 55344.36515871 45.172
  71 125.506235  64.630244    54.815    54.649  8 55354.28080179 45.982
  72 125.504564  64.629352    54.914    54.872  9 55364.19644279 26.413
  73 125.505626  64.629287    54.638    54.555  8 55374.11208238 29.313
  74 125.508864  64.630556    54.028    54.026  8 55384.02772104 42.024
  75 125.505757  64.630935    54.624    54.614  8 55393.94335820 26.981
  76 125.509298  64.631362    54.235    54.222  8 55403.85899598 28.611
  77 125.503949  64.629241    53.631    53.440  9 55413.77464703 27.251
  78 125.502930  64.626787    54.034    54.047  9 55423.69029551 32.528
  79 125.505729  64.625607    53.975    54.165  7 55433.60594185 23.274
  80 125.504214  64.626241    53.842    53.795  8 55443.52158631 30.809
  81 125.504817  64.628380    53.859    53.980  9 55453.43722975 29.605
  82 125.503557  64.629698    53.168    53.145  9 55463.35287217 38.282
  83 125.503875  64.628718    53.486    53.557  8 55473.26851239 22.485
  84 125.503421  64.626171    99.862    99.872  9 55483.18414956 24.206
  85 125.504853  64.624409    51.896    51.878  8 55493.09978480 42.690
  86 125.505799  64.625049    52.366    52.413  8 55503.01541870 32.901
  87 125.502108  64.627222    52.128    52.146  9 55512.93106527 26.143
  88 125.506326  64.630328    52.421    52.399  8 55522.84671541 19.921
  89 125.507800  64.631280    52.505    52.528  7 55532.76236363 19.152
  90 125.504116  64.629994    52.431    52.467  8 55542.67800954 18.265
  91 125.505696  64.629763    52.324    52.337  9 55552.59365400 16.592
  92 125.505395  64.630477    52.408    52.496  8 55562.50929713 16.020
  93 125.508003  64.631903    52.691    52.636  8 55572.42493991 14.645
  94 125.503782  64.631055    52.756    52.682  9 55582.34058069 14.359
  95 125.505148  64.629185    52.719    52.672  9 55592.25621859 14.102
  96 125.504039  64.626118    52.469    52.346  8 55602.17185286 13.333
  97 125.505311  64.624522    52.606    52.543  8 55612.08748530 12.967
  98 125.505382  64.624936    52.628    52.577  8 55622.00311937 12.571
  99 125.503414  64.627143    52.799    52.653  8 55631.91877218 11.800
 100 125.501139  64.628106    52.637    52.606 10 55641.83442267 11.728
 101 125.504868  64.628107    53.081    53.049  9 55651.75007085 11.624
 102 125.503622  64.625992    52.526    52.523  8 55661.66571448 11.686
 103 125.503892  64.625186    52.043    51.828  9 55671.58135521 32.507
 104 125.503458  64.625985    53.899    53.755  8 55681.49699447 30.635
 105 125.505123  64.628175    53.366    53.090  9 55691.41263235 33.891
 106 125.505610  64.629591    57.031    57.041  9 55701.32826845 37.902
 107 125.504348  64.629701    54.640    54.546  9 55711.24390957 31.677
 108 125.508431  64.630229    54.939    54.965  8 55721.15955982 26.810
 109 125.507851  64.630224    54.733    54.738  8 55731.07520749 49.056
 110 125.504857  64.630091    54.232    54.199  9 55740.99085362 32.155
 111 125.504856  64.630432    54.006    54.006  9 55750.90649879 31.720
 112 125.503654  64.629731    53.375    53.317  8 55760.82214141 32.035
 113 125.501135  64.627988    53.649    53.880 10 55770.73778098 27.891
 114 125.503876  64.626418    53.884    53.928  9 55780.65341763 27.839
 115 125.505641  64.625440    54.092    54.225  8 55790.56905167 31.665
 116 125.506694  64.625566    53.887    53.952  8 55800.48468461 23.477
 117 125.503519  64.626678    53.555    53.505  8 55810.40033304 27.707
 118 125.501260  64.627440    53.929    53.944 10 55820.31598181 27.403
 119 125.504707  64.627550    53.693    53.573  8 55830.23162640 22.793
 120 125.507631  64.626497    53.618    53.366  8 55840.14726631 26.313
 121 125.503673  64.624958    52.531    52.468  8 55850.06290247 46.977
 122 125.507911  64.626384    52.265    52.348  8 55859.97853755 44.740
 123 125.503362  64.628090    52.164    52.136  8 55869.89418774 39.466
 124 125.504335  64.629998    52.227    52.204  9 55879.80983890 22.154
 125 125.507117  64.630750    52.710    52.675  7 55889.72548346 19.719
 126 125.504372  64.629727    52.569    52.635  8 55899.64112155 18.542
 127 125.503638  64.629002    52.572    52.612  8 55909.55675506 17.319
 128 125.508122  64.630515    52.804    52.568  8 55919.47240680 16.674
 129 125.504358  64.630170    52.722    52.653  8 55929.38805915 16.601
 130 125.505516  64.629409    52.788    52.526  8 55939.30370825 15.921
 131 125.505557  64.627740    52.620    52.449  9 55949.21935237 15.651
 132 125.505389  64.626703    52.381    52.398  8 55959.13499213 15.596
 133 125.504433  64.626649    52.079    52.045  9 55969.05062945 14.893
 134 125.504135  64.627294    52.314    52.184  8 55978.96626591 14.599
 135 125.505297  64.627496    52.629    52.529  9 55988.88190175 13.319
 136 125.503030  64.626681    52.720    52.898  9 55998.79754309 13.141
 137 125.504193  64.626475    52.420    52.451  8 56008.71319411 13.135
 138 125.507494  64.626834    52.447    52.282  8 56018.62884119 13.325
 139 125.503047  64.626961    52.698    52.592  9 56028.54448467 12.391
 140 125.505451  64.628729    52.233    52.145  8 56038.46012720 13.344
 141 125.504445  64.629548    53.604    53.632  8 56048.37576742  9.287
 142 125.503914  64.629822    53.004    52.992  8 56058.29140491 48.158
 143 125.504162  64.629148    57.973    57.988  9 56068.20703800 52.227
 144 125.505995  64.629857    56.059    56.067  8 56078.12268923 54.575
 145 125.506677  64.630646    55.125    55.154  7 56088.03833797 28.311
 146 125.509118  64.631523    55.010    55.154  8 56097.95398436 27.670
 147 125.505278  64.630255    54.715    54.812  8 56107.86962776 28.263
 148 125.503518  64.628139    54.756    54.719  8 56117.78525690 25.659
 149 125.505680  64.626467    54.183    54.297  9 56127.70089432 32.373
 150 125.504312  64.625183    54.296    54.234  9 56137.61652781 54.025
 151 125.504414  64.626393    54.563    54.543  9 56147.53217384 29.864
 152 125.502868  64.627808    53.910    53.915  9 56157.44782309 31.246
 153 125.503522  64.628570    54.309    54.302  8 56167.36347154 50.923
 154 125.501068  64.627346    54.297    54.251 10 56177.27911697 29.150
 155 125.505307  64.626738    53.527    53.520  8 56187.19475832 47.234
 156 125.503068  64.625873    53.970    54.002  8 56197.11039540 31.573
 157 125.504594  64.627095    53.760    53.671  8 56207.02602996 23.105
 158 125.524613  64.631791    53.020    53.020  2 56216.94166488 50.372
 159 125.506176  64.630150    52.691    52.696  8 56226.85730519 49.344
 160 125.504692  64.630106    51.799    51.825  9 56236.77295982 42.544
 161 125.508274  64.630189    52.301    52.306  8 56246.68861107 34.115
 162 125.503964  64.629399    52.653    52.658  9 56256.60425649 31.770
 163 125.507870  64.630842   111.402   116.323  8 56266.51989923  4.791
 164 125.508982  64.631654    52.596    52.589  8 56276.43554002 28.664
 165 125.504883  64.630543    52.617    52.644  9 56286.35118656 25.680
 166 125.505867  64.628666    52.475    52.474  9 56296.26683652 25.252
 167 125.503666  64.626200    52.225    52.210  9 56306.18248210 24.606
 168 125.504069  64.625910    52.079    52.082  8 56316.09812484 23.052
 169 125.501911  64.627317    51.871    51.848  9 56326.01376567 22.047
 170 125.503980  64.629305    51.718    51.705  9 56335.92940598 21.493
 171 125.504377  64.629208    51.736    51.778  9 56345.84504470 20.611
 172 125.501552  64.626835    51.655    51.668 10 56355.76068057 19.934
 173 125.503596  64.625820    51.637    51.681  8 56365.67632706 20.058
 174 125.504131  64.626399    51.880    51.839  8 56375.59197586 19.005
 176 125.504698  64.631176    51.944    51.980  9 56395.42326581 18.315
 177 125.504178  64.631888    53.255    53.436  9 56405.33890750 32.550
 178 125.508385  64.631715    52.444    52.644  7 56415.25454634 40.172
 179 125.505912  64.629320    52.850    52.845  8 56425.17017957 44.211
 180 125.503928  64.628736    56.684    56.669  9 56435.08582713 37.223
 181 125.506282  64.630231    55.634    55.638  8 56445.00147940 55.629
 182 125.506828  64.631760    55.015    55.212  7 56454.91712905 25.747
 183 125.509093  64.631865    54.851    54.779  8 56464.83277579 29.308
 184 125.505124  64.629132    54.257    54.139  9 56474.74841814 35.089
 185 125.505097  64.626415    53.816    53.794  9 56484.66405743 43.033
 186 125.506118  64.625615    54.728    54.714  8 56494.57969390 27.723
 187 125.503100  64.626369    55.376    55.322  9 56504.49532819 30.524
 188 125.500768  64.627657    55.556    55.588 10 56514.41096103 38.999
 189 125.503532  64.629050    54.481    54.419  8 56524.32661321 28.276
 190 125.504205  64.628134    54.401    54.525  8 56534.24226467 27.853
 192 125.503316  64.626644    53.538    53.515  9 56554.07355677 45.545
 193 125.504470  64.628932    53.988    53.958  8 56563.98919980 23.701
 194 125.492978  64.629605   126.070   126.133  4 56573.90484023  0.752
 195 125.506521  64.632566    52.384    52.362  9 56583.82048058 42.114
 196 125.508406  64.631287    51.992    51.971  8 56593.73611493 37.105
 197 125.504313  64.629482    51.952    51.967  9 56603.65176755 27.278
 198 125.505961  64.629178    52.473    52.494  9 56613.56741640 23.344
 199 125.504066  64.629594    52.417    52.424  8 56623.48306095 22.328
 200 125.506981  64.630765    52.474    52.437  7 56633.39870316 21.899
 201 125.505722  64.630067    52.558    52.544  8 56643.31434021 20.862
 202 125.504094  64.628350    52.558    52.551  8 56653.22999131 19.400
 203 125.503108  64.626471    52.445    52.532  9 56663.14564031 19.937
 204 125.503579  64.625999    52.401    52.442  9 56673.06128672 19.875
 205 125.505319  64.627910    52.428    52.407  9 56682.97693197 18.443
 206 125.503732  64.629374    52.375    52.372  8 56692.89257475 19.218
 207 125.503856  64.629795    52.360    52.311  8 56702.80821345 16.481
 208 125.505755  64.628403    52.316    52.342  9 56712.72384705 17.257
 209 125.503267  64.627094    52.344    52.294  8 56722.63949391 17.506
 210 125.503358  64.627606    52.448    52.479  9 56732.55514502 16.184
 211 125.503698  64.629866    52.543    52.508  9 56742.47079277 14.706
 212 125.505356  64.632240    52.278    52.313  8 56752.38643633 16.374
 213 125.504068  64.632472    52.151    52.162  9 56762.30207422 38.456
 214 125.507742  64.631418    52.609    52.589  7 56772.21770558 36.277
 215 125.508547  64.630788    52.630    52.626  8 56782.13336312 40.166
 216 125.504306  64.629853    56.599    56.531  8 56792.04901696 41.366
 217 125.506494  64.630878    55.684    55.688  7 56801.96466861 55.317
 218 125.508673  64.631749    55.166    55.205  7 56811.88031277 26.185
 219 125.504736  64.630654    54.641    54.509  9 56821.79595211 27.266
 220 125.505359  64.628926    54.494    54.740  8 56831.71158765 28.991
 221 125.504122  64.626532    54.172    54.221  8 56841.62721964 29.367
 222 125.505522  64.626088    53.737    53.748  8 56851.54285753 37.643
 223 125.502523  64.627249    53.819    53.777  9 56861.45851173 31.234
 224 125.503855  64.629391    53.626    53.559  9 56871.37416578 38.003
 225 125.504870  64.630335    54.007    53.675  9 56881.28981679 27.662
 226 125.504208  64.629867    53.809    53.808  9 56891.20546385 27.131
 227 125.505292  64.629363    53.160    53.137  9 56901.12110811 51.206
 228 125.504217  64.629881    54.034    53.930  9 56911.03675022 24.954
 229 125.508482  64.631779    54.042    54.306  8 56920.95239128 25.643
 230 125.504995  64.632299    54.158    54.234  9 56930.86802936 26.363
 231 125.506413  64.632091    53.301    53.027  8 56940.78366281 26.352
 232 125.506517  64.630980   113.886   114.325  7 56950.69930229  9.436
 233 125.503906  64.629875    51.330    51.300  8 56960.61495365 41.148
 234 125.504030  64.629649    51.508    51.615  8 56970.53060035 30.332
 235 125.504824  64.629726    51.862    51.868  8 56980.44624320 25.210
 236 125.504728  64.629368    52.043    52.041  9 56990.36188155 24.092
 237 125.503442  64.627821    51.889    51.903  8 57000.27751337 24.396
 238 125.501464  64.627156    51.901    51.922 10 57010.19316815 23.576
 239 125.504808  64.627262    51.945    51.933  8 57020.10882062 21.421
 240 125.502805  64.627403    51.856    51.944  9 57030.02446959 21.091
 241 125.504047  64.628537    51.823    51.812  8 57039.94011715 18.844
 242 125.504047  64.629409    51.839    51.824  9 57049.85576235 20.688
 243 125.505068  64.629444    51.688    51.719  8 57059.77140356 20.799
 244 125.500971  64.628096    51.702    51.740 10 57069.68703854 20.126
 245 125.501224  64.627685    51.709    51.729 10 57079.60266969 16.655
 246 125.505594  64.629142    51.553    51.581  8 57089.51830825 19.612
 247 125.508306  64.631698    51.715    51.729  8 57099.43396679 16.578
 248 125.504398  64.632324    52.069    52.123  9 57109.34962160 15.627
 249 125.504158  64.631788    51.849    51.876  9 57119.26527128 15.752
 250 125.504065  64.630532    52.492    52.467  9 57129.18091493 17.120
 251 125.504249  64.629747    52.674    52.827  9 57139.09655315 29.684
 252 125.504575  64.629670    52.608    52.640  8 57149.01218771 38.747
 253 125.503567  64.629146    55.553    55.515  8 57158.92781935 49.184
 254 125.505797  64.629049    55.437    55.377  8 57168.84346917 32.978
 255 125.504729  64.628112    55.714    55.720  8 57178.75912488 54.801
 256 125.505597  64.627513    55.240    55.356  9 57188.67477672 26.015
 257 125.504245  64.627627    54.925    54.966  8 57198.59042451 25.458
 258 125.506045  64.629008    54.163    54.127  8 57208.50605906 40.072
 259 125.506183  64.629962    54.321    54.413  9 57218.42170361 30.884
 260 125.503707  64.629501    54.028    53.938  9 57228.33734683 29.880
 261 125.505343  64.629136    53.767    53.983  8 57238.25298826 26.098
 262 125.505837  64.628698    53.697    53.728  9 57248.16862633 28.304
 263 125.505040  64.628984    52.970    53.023  8 57258.08426180 43.140
 264 125.504536  64.630117    53.812    53.619  9 57267.99989609 24.811
 265 125.506139  64.631812    54.052    53.970  9 57277.91554466 25.121
 266 125.505327  64.632017    53.008    53.323  9 57287.83120082 35.182
 267 125.506906  64.631337    53.232    53.458  7 57297.74685426 30.508
 268 125.504553  64.629698    52.725    52.474  9 57307.66250368 37.762
 269 125.506288  64.629881    51.630    51.654  8 57317.57814992 44.340
 270 125.504886  64.630411    51.481    51.436  9 57327.49379273 41.834
 271 125.509210  64.631686    51.663    51.670  8 57337.40943399 30.479
 272 125.509183  64.631078    51.916    51.994  8 57347.32508188 27.283
 273 125.503660  64.628494    51.920    51.924  9 57357.24072799 25.881
 274 125.503769  64.626914    51.898    51.903  8 57367.15637123 20.887
 275 125.503373  64.626843    52.359    52.289  9 57377.07201136 18.294
 276 125.504929  64.628476    52.411    52.236  9 57386.98764992 17.763
 277 125.505027  64.629515    52.666    52.863  8 57396.90328759 16.842
 278 125.505179  64.629218    52.431    52.162  9 57406.81892393 16.350
 279 125.505889  64.628593    52.251    52.014  9 57416.73457501 16.137
 280 125.505065  64.628298    52.553    52.734  8 57426.65022590 15.794
 281 125.508345  64.630182    52.222    52.007  8 57436.56587447 15.342
 282 125.504201  64.631875    52.314    52.148  9 57446.48152081 15.455
 283 125.504695  64.633472    52.403    52.520  8 57456.39716666 14.603
 284 125.505253  64.632907    52.300    52.099  8 57466.31281010 13.149
 285 125.508125  64.630716    52.506    52.588  8 57476.22844973 13.322
 286 125.503165  64.627537    52.483    52.530  9 57486.14408523 11.960
 287 125.501260  64.626677    52.451    52.582 10 57496.05971869 11.873
 288 125.505951  64.628610    51.908    51.601  9 57505.97535416 34.256
 289 125.508138  64.630674    52.122    51.825  8 57515.89101081 34.624
 290 125.504545  64.629737    54.793    54.860  9 57525.80666412 37.391
 291 125.502330  64.627355    54.903    54.924  9 57535.72231503 54.425
 292 125.505570  64.626424    55.136    55.081  8 57545.63796374 24.838
 293 125.503457  64.626688    55.298    55.292  8 57555.55361014 24.653
 294 125.504714  64.629050    54.644    54.826  8 57565.46925563 25.739
 295 125.509157  64.631384    54.781    54.745  8 57575.38490071 25.662
 296 125.503635  64.630544    54.212    54.243  9 57585.30054394 33.878
 297 125.504644  64.629588    54.530    54.530  8 57595.21618563 56.189
