# NaN NaN NaN ;Mean Elev.(m), Avg Gradient(m/km), RMS Gradient(m/km) - SRTM1     
#  210.279  -6.898  44.918 ;Mean Elev.(m), Avg Gradient(m/km), RMS Gradient(m/km) - ASTER GDEM
#  159.526  -5.966  46.085 ;Mean Elev.(m), Avg Gradient(m/km), RMS Gradient(m/km) - GMTED2010 
   6 113.670243  59.999625   170.725   170.692  3 54714.92303594 46.808
  10 113.664859  59.997667   228.572   228.561  3 54754.58562765 21.922
  12 113.667866  59.994824   164.023   164.023  2 54774.41691653 51.167
  13 113.661353  59.995598   163.461   163.591  3 54784.33255603 39.205
  14 113.663811  59.995312   165.484   165.438  3 54794.24819471 28.185
  16 113.671726  59.998998   166.060   166.077  3 54814.07946991 15.345
  22 113.668752  59.999413   167.184   167.847  3 54873.57335065 10.898
  24 113.666179  59.996367   164.366   164.307  3 54893.40463963 10.998
  29 113.668458  59.998537   164.673   164.673  2 54942.98282973 26.276
  30 113.669267  59.997772   211.819   211.719  3 54952.89846355  9.653
  31 113.664270  59.997282   220.837   217.019  3 54962.81410684 23.581
  35 113.667807  59.999731   173.059   172.998  3 55002.47669655 33.168
  36 113.668454  59.998604   171.958   169.870  3 55012.39234132 23.806
  37 113.667933  59.997750   176.316   176.331  3 55022.30798456 17.408
  38 113.666981  59.998726   169.418   169.392  3 55032.22362673 43.751
  39 113.671343  59.998870   166.885   166.785  3 55042.13926885 31.699
  40 113.670414  60.001161   167.520   167.466  3 55052.05490872 13.771
  42 113.669496  59.998225   170.086   170.204  3 55071.88619040 51.018
  43 113.664989  59.996188   166.993   166.871  3 55081.80183890 34.984
  44 113.662728  59.995610   168.554   168.593  3 55091.71748568 45.705
  45 113.664068  59.996033   168.459   168.354  3 55101.63313210 45.850
  46 113.666175  59.996951   167.561   167.625  3 55111.54877810 48.926
  47 113.665465  59.997604   166.625   166.261  3 55121.46442177 15.636
  48 113.665562  59.996173   165.144   165.203  3 55131.38006296 43.672
  49 113.664609  59.994680   163.657   163.596  3 55141.29570214 40.931
  50 113.662931  59.995587   164.657   164.704  3 55151.21134033 21.325
  51 113.666916  59.996897   165.586   165.598  3 55161.12697916 20.643
  52 113.671716  59.998506   165.977   165.941  3 55171.04261766 18.478
  53 113.671993  60.000553   165.528   165.554  3 55180.95825422 19.794
  54 113.672136  59.998977   165.102   165.065  3 55190.87390325 16.523
  55 113.668690  59.998537   164.525   164.525  2 55200.78955333 17.042
  56 113.667407  59.998484   164.083   164.083  3 55210.70520280 15.771
  59 113.667946  59.997189   163.694   163.692  3 55240.45214485 12.248
  60 113.666079  59.995569   163.672   163.676  3 55250.36778612 12.006
  67 113.666459  59.995668   168.213   164.651  3 55319.77726458 26.475
  70 113.667663  59.998486   174.483   176.425  3 55349.52419735 26.332
  71 113.670635  59.998728   168.610   168.452  3 55359.43983961 47.581
  73 113.668696  59.999671   177.092   176.984  3 55379.27111768 15.809
  74 113.671211  59.999553   175.777   175.788  3 55389.18675575 17.218
  75 113.670951  60.000934   167.221   167.300  3 55399.10239241 14.837
  76 113.672090  59.999989   166.684   166.511  3 55409.01803886 22.334
  77 113.667174  59.999147   166.801   166.797  3 55418.93368930 29.663
  78 113.664095  59.997341   167.662   167.461  3 55428.84933661 47.212
  79 113.662909  59.996306   168.152   168.177  3 55438.76498127 42.123
  80 113.665269  59.995774   168.585   168.604  3 55448.68062470 11.371
  81 113.664833  59.996971   166.368   166.406  3 55458.59626730 24.810
  82 113.664571  59.997730   168.257   168.098  3 55468.51190921 11.611
  83 113.664375  59.997746   166.101   166.121  3 55478.42754797 40.425
  84 113.668019  59.996314   164.866   164.948  3 55488.34318430 45.666
  85 113.665319  59.997881   164.628   164.590  3 55498.25881747 43.109
  86 113.669463  59.997555   164.218   164.273  3 55508.17445641 45.682
  87 113.667950  59.998489   163.459   163.493  3 55518.09010652 42.074
  88 113.670783  59.998101   163.186   163.144  3 55528.00575630 37.855
  89 113.670885  59.998113   164.787   164.733  3 55537.92140385 23.581
  90 113.670153  59.998112   165.172   165.123  3 55547.83704903 20.475
  91 113.667760  59.998865   164.691   164.864  3 55557.75269212 18.632
  92 113.670478  59.998346   164.419   164.427  3 55567.66833489 16.915
  93 113.668728  59.999335   163.945   163.971  3 55577.58397624 16.874
  94 113.666991  59.999167   163.897   163.903  3 55587.49961561 15.293
  95 113.668780  59.997147   163.681   163.640  3 55597.41525248 15.942
  96 113.666353  59.997434   163.942   163.903  3 55607.33088590 14.251
  97 113.669175  59.997327   163.568   163.576  3 55617.24651794 11.565
  98 113.667280  59.999243   163.724   163.775  3 55627.16216215 11.711
  99 113.668765  59.998602   168.156   168.156  2 55637.07781413 10.645
 103 113.665737  59.996231   164.822   164.853  3 55676.74039284 31.754
 106 113.673895  59.999741   176.285   176.285  2 55706.48730224 28.408
 107 113.671611  59.999541   171.612   169.609  3 55716.40295188 29.528
 108 113.670054  59.999031   169.426   169.488  3 55726.31860044 37.701
 111 113.671608  59.998681   165.664   165.773  3 55756.06553714 42.810
 112 113.668243  59.998440   176.362   176.334  3 55765.98117827 14.990
 113 113.666266  59.997065   170.052   169.966  3 55775.89681677 45.546
 114 113.665777  59.996234   168.476   168.452  3 55785.81245236 43.499
 115 113.666210  59.997899   167.053   167.034  3 55795.72808566 46.382
 116 113.669364  59.999147   166.887   166.813  3 55805.64372544 35.174
 117 113.669912  59.999632   167.783   167.726  3 55815.55937447 44.972
 118 113.668888  59.998717   167.292   167.292  2 55825.47502083 42.795
 119 113.666875  59.997554   166.419   165.648  3 55835.39066265 18.437
 120 113.664525  59.997504   171.168   172.212  3 55845.30630082 11.890
 121 113.666821  59.998557   165.950   165.890  3 55855.22193659 31.718
 122 113.670592  59.999759   165.596   165.596  2 55865.13757717 41.368
 123 113.671211  60.000237   164.952   164.952  2 55875.05323032 44.974
 124 113.672562  59.999420   162.972   162.936  3 55884.96887805 40.508
 125 113.669222  60.000083   165.077   165.009  3 55894.88451917 28.570
 126 113.671348  59.999423   165.536   165.587  3 55904.80015558 24.920
 127 113.672444  59.999663   165.342   165.362  3 55914.71579654 18.509
 128 113.670821  59.999786   165.133   165.133  2 55924.63145015 16.675
 129 113.671606  59.998811   164.625   164.559  3 55934.54710093 13.362
 134 113.668424  59.998534   165.368   163.868  3 55984.12530082 10.324
 138 113.662089  59.996178   169.165   169.092  3 56023.78788034 12.093
 139 113.662837  59.997121   168.919   169.077  3 56033.70352351 10.410
 142 113.675377  59.999999   356.395   356.395  2 56063.45043874  4.656
 145 113.668892  59.998657   171.224   171.224  2 56093.19737781 29.960
 147 113.669342  59.999412   170.255   170.283  3 56113.02865422 27.869
 148 113.667109  59.999190   171.324   171.034  3 56122.94429293 48.669
 149 113.668764  59.996916   170.925   170.948  3 56132.85992834 22.691
 150 113.667564  59.996474   169.513   169.507  3 56142.77556587 42.931
 151 113.665060  59.997187   167.821   167.903  3 56152.69121615 41.242
 152 113.668569  59.997459   167.132   167.224  3 56162.60686544 39.958
 153 113.668541  59.998837   167.221   167.294  3 56172.52251227 42.781
 154 113.668301  59.998624   166.561   166.543  3 56182.43815448 43.874
 156 113.666646  59.996570   213.648   212.854  3 56202.26942891  2.761
 158 113.671529  60.001137   165.156   165.172  3 56222.10069498 41.092
 159 113.675768  60.000759   164.211   164.162  3 56232.01635013 48.619
 160 113.670989  60.001695   163.487   163.516  3 56241.93200222 41.042
 161 113.671119  59.999423   164.474   164.462  3 56251.84765086 29.870
 162 113.667926  59.999000   165.749   165.723  3 56261.76329424 19.738
 163 113.670475  59.998026   165.396   165.376  3 56271.67893601 18.892
 164 113.668822  59.999508   164.815   164.853  3 56281.59457666 15.852
 165 113.669778  59.998392   164.550   164.496  3 56291.51022894 14.192
 166 113.666418  59.997650   164.294   164.303  3 56301.42587632 12.590
 168 113.661799  59.996118   163.736   163.687  3 56321.25716085 11.403
 170 113.665701  59.998451   165.339   163.512  3 56341.08844203 10.663
 175 113.666185  59.997036   165.507   164.060  3 56390.66666080 12.004
 177 113.669579  60.000653   163.869   163.867  3 56410.49794405 34.379
 181 113.669712  59.997627   168.147   168.233  3 56450.16052084 43.363
 182 113.669564  59.997219   168.905   168.954  3 56460.07616942 46.832
 184 113.665739  59.996939   171.450   171.540  3 56479.90745576 50.009
 185 113.666897  59.996124   176.707   176.851  3 56489.82309338 18.545
 187 113.668867  59.998492   169.156   169.253  3 56509.65436148 39.280
 188 113.668657  60.000051   167.855   167.887  3 56519.57000287 25.182
 189 113.668041  59.999608   167.414   167.551  3 56529.48565640 42.244
 190 113.669890  59.997930   165.765   165.831  3 56539.40130628 49.027
 191 113.665498  59.998348   165.000   165.062  3 56549.31695111 24.478
 192 113.667426  59.997333   168.597   168.328  3 56559.23259439 11.647
 193 113.667893  59.998340   165.200   165.231  3 56569.14823642 33.761
 195 113.672659  60.001079   164.511   164.387  3 56588.97951441 44.585
 196 113.672138  60.001050   163.727   163.645  3 56598.89515856 42.585
 197 113.670557  59.999293   162.918   163.000  3 56608.81080966 39.324
 198 113.667602  59.999395   164.373   164.476  3 56618.72645540 30.117
 199 113.667340  59.999501   164.718   164.598  3 56628.64209807 23.265
 200 113.668554  59.999368   164.725   164.693  3 56638.55773788 19.051
 201 113.667041  59.998976   164.597   164.640  3 56648.47338152 16.977
 202 113.665004  59.997113   165.921   164.416  3 56658.38903304 14.220
 203 113.666099  59.995310   164.216   164.203  3 56668.30468076 15.097
 204 113.663426  59.997201   164.361   164.379  3 56678.22032529 13.450
 205 113.668685  59.996976   163.889   163.896  3 56688.13596954 14.039
 213 113.670192  60.001134   168.729   164.749  3 56767.46110657 34.045
 214 113.669009  60.000355   354.205   354.622  3 56777.37675091  3.519
 217 113.668679  59.996767   221.869   225.633  3 56807.12370772  4.437
 218 113.664883  59.998102   218.621   218.879  3 56817.03934860  0.857
 219 113.664501  59.997509   177.846   177.982  3 56826.95498654 14.809
 221 113.665306  59.998096   167.696   167.734  3 56846.78625249 43.191
 223 113.669478  59.998060   165.589   165.579  3 56866.61755623 43.097
 224 113.667200  59.998536   166.880   166.977  3 56876.53320789 43.337
 225 113.664884  59.997964   168.053   168.107  3 56886.44885657 31.191
 226 113.664308  59.996415   168.539   168.529  3 56896.36450280 46.461
 227 113.663291  59.996716   167.204   167.392  3 56906.28014587 46.947
 228 113.668349  59.996691   169.651   169.671  3 56916.19578744 46.716
 230 113.670331  60.001305   165.590   165.642  3 56936.02706228 39.122
 231 113.671381  60.001903   168.962   169.206  3 56945.94269298 14.496
 232 113.669997  59.999380   163.949   163.949  2 56955.85834555 43.404
 233 113.666240  59.998608   163.780   163.751  3 56965.77399450 39.293
 234 113.666756  59.998700   164.443   164.357  3 56975.68963925 34.379
 235 113.669969  59.999156   164.921   164.954  3 56985.60527968 24.931
 238 113.666280  59.996262   166.040   165.193  3 57015.35221133 14.972
 239 113.664573  59.995530   164.995   165.034  3 57025.26786200 16.123
 240 113.667671  59.996154   164.914   164.941  3 57035.18351085 17.795
 241 113.668058  59.998540   164.615   164.599  3 57045.09915673 21.019
 249 113.670974  59.999233   165.275   164.322  3 57124.42430999 13.771
 251 113.666089  59.998750   215.414   213.987  3 57144.25558676 11.971
 252 113.671316  59.998669   372.244   379.543  3 57154.17122109  5.727
 254 113.671147  59.999457   170.523   170.544  3 57174.00251478 45.710
 255 113.669539  59.997300   171.972   171.938  3 57183.91816852 48.023
 256 113.663311  59.996733   172.144   169.345  3 57193.83381765 32.406
 257 113.665349  59.994872   171.557   169.218  3 57203.74946530 27.755
 258 113.665830  59.996379   220.663   215.819  3 57213.66509901 19.114
 259 113.668438  59.998384   166.777   166.777  2 57223.58074267 41.197
 260 113.669807  59.999582   165.251   165.250  3 57233.49638457 28.214
 261 113.667971  59.999937   165.955   166.071  3 57243.41202332 32.321
 262 113.668851  59.998565   166.164   164.972  3 57253.32766007 21.702
 263 113.667929  59.999725   164.562   164.461  3 57263.24329487 35.224
 264 113.671026  60.001407   164.394   164.566  3 57273.15893220 41.712
 265 113.673686  60.001480   172.487   172.396  3 57283.07458991 11.579
 266 113.671974  60.001647   164.519   164.412  3 57292.99024458 46.431
 267 113.672078  59.999015   164.384   164.371  3 57302.90589633 47.560
 268 113.669140  59.996967   164.262   164.382  3 57312.82154386 30.331
 269 113.666249  59.996281   163.869   163.919  3 57322.73718789 43.440
 270 113.664523  59.997570   163.621   163.640  3 57332.65282963 38.490
 271 113.666266  59.998984   163.849   163.852  3 57342.56846963 31.135
 272 113.667642  59.997700   164.560   164.478  3 57352.48412200 26.869
 273 113.666163  59.997063   164.356   164.356  2 57362.39976611 20.990
 274 113.665454  59.995745   164.159   164.160  3 57372.31540716 19.802
 275 113.663917  59.996579   164.014   164.044  3 57382.23104607 19.195
 276 113.666843  59.997879   165.319   163.372  3 57392.14668488 14.250
 277 113.671847  59.999373   163.368   163.381  3 57402.06232295 14.354
 278 113.672310  60.000647   163.370   163.388  3 57411.97796561 11.527
 279 113.672034  59.998977   163.121   163.144  3 57421.89361779 12.082
 280 113.667616  59.998644   163.392   163.330  3 57431.80926668 10.789
 281 113.668871  59.997665   163.429   163.415  3 57441.72491421 12.112
 283 113.670861  59.999944   163.327   163.327  2 57461.55620534 13.491
 284 113.670851  60.000811   175.480   175.379  3 57471.47184659  8.924
 288 113.670924  59.999183   210.741   211.015  3 57511.13439912  6.081
 289 113.668388  59.999329   215.362   215.181  3 57521.05005451 20.609
 290 113.666983  59.998975   218.167   217.702  3 57530.96570754 26.494
 292 113.665959  59.996377   172.866   170.855  3 57550.79700446 27.206
 293 113.666033  59.996005   174.064   175.892  3 57560.71264989 26.436
 294 113.666179  59.997118   167.109   167.109  2 57570.62829458 21.796
 295 113.666633  59.998660   166.591   166.754  3 57580.54393904 46.088
 296 113.667770  59.999521   167.199   167.246  3 57590.45958193 44.115
 297 113.668628  59.999388   167.747   167.584  3 57600.37522220 45.326
