# NaN NaN NaN ;Mean Elev.(m), Avg Gradient(m/km), RMS Gradient(m/km) - SRTM1     
#   38.000  -0.295  14.278 ;Mean Elev.(m), Avg Gradient(m/km), RMS Gradient(m/km) - ASTER GDEM
#   33.000   0.193  16.787 ;Mean Elev.(m), Avg Gradient(m/km), RMS Gradient(m/km) - GMTED2010 
   1 126.764291  64.156236    58.426    58.460 10 54665.26488787 43.400
   2 126.757329  64.158392    61.436    61.686  9 54675.18053172 23.547
   3 126.751320  64.161108   -44.421   -44.350  8 54685.09617424  3.944
   4 126.744824  64.163619    62.041    62.020  5 54695.01181525 22.316
   5 126.744844  64.163294   -42.702   -42.762  6 54704.92745459  3.293
   6 126.758132  64.158020    59.736    59.708  9 54714.84310784 36.207
   7 126.769505  64.153053   -20.036   -20.017 12 54724.75875962  6.700
   8 126.773723  64.150968    60.898    60.895 12 54734.67440837 27.796
   9 126.772406  64.152182    60.370    60.556 12 54744.59005513 28.308
  10 126.766061  64.154698    57.514    57.583 11 54754.50570089 43.772
  11 126.767364  64.154360    56.821    56.788 11 54764.42134662 46.369
  12 126.771504  64.151701    56.300    56.298 12 54774.33699007 43.640
  13 126.775971  64.149172    58.868    59.159 12 54784.25263096 20.760
  14 126.775245  64.149731    60.559    60.590 12 54794.16826928 15.245
  15 126.766544  64.153987    60.952    60.932 11 54804.08390574 14.457
  16 126.757741  64.158105    61.260    61.307  9 54813.99954183 13.848
  17 126.758324  64.158431    61.377    61.248  9 54823.91518646 14.082
  18 126.762601  64.156134    61.201    61.460 11 54833.83082711 13.427
  19 126.764465  64.154967    61.055    60.637 11 54843.74647739 13.428
  20 126.766222  64.155323    61.171    60.994 11 54853.66212650 12.854
  21 126.757664  64.158541    61.134    61.035  9 54863.57777415 12.324
  22 126.754701  64.159758    60.564    60.569  8 54873.49342228 11.966
  23 126.759007  64.157875    60.443    60.487  9 54883.40906899 11.707
  24 126.768339  64.153454    60.532    60.278 11 54893.32471300 12.048
  25 126.774635  64.149880    60.722    60.752 13 54903.24035398 11.939
  26 126.774160  64.149826    60.816    60.782 12 54913.15599282 11.407
  27 126.772784  64.151822    60.905    60.790 12 54923.07163066 11.186
  28 126.764609  64.155295    60.622    60.563 11 54932.98726699 10.766
  29 126.765281  64.155650    59.732    59.770 10 54942.90290256 11.344
  30 126.766508  64.154299    56.510    56.386 10 54952.81853640 38.643
  31 126.771446  64.151375    58.276    58.289 12 54962.73418061 44.773
  32 126.775336  64.150434    63.422    63.408 12 54972.64982962 44.737
  33 126.770760  64.153009    61.494    61.490 12 54982.56547655 52.475
  35 126.755698  64.158436    61.846    61.824  9 55002.39676847 56.486
  36 126.762411  64.156618    60.434    60.415 11 55012.31241386 54.379
  37 126.764267  64.155492    60.805    60.942 11 55022.22805736 28.012
  38 126.763334  64.156281    60.994    61.317 11 55032.14369960 24.867
  39 126.756082  64.159092    58.964    59.156  8 55042.05934044 27.806
  40 126.751091  64.161261    59.999    59.750  8 55051.97498003 25.534
  41 126.755583  64.159776    58.557    58.554  8 55061.89061860 49.398
  42 126.765866  64.155278    59.880    59.548 11 55071.80626307 30.812
  43 126.773763  64.151019    58.478    58.427 12 55081.72191280 52.407
  44 126.774301  64.150132    58.668    58.176 13 55091.63755988 34.733
  45 126.773087  64.151481    58.918    58.893 12 55101.55320607 32.766
  46 126.766253  64.154308    58.578    58.595 11 55111.46885121 42.097
  47 126.764429  64.154752    58.123    58.097 11 55121.38449490 52.649
  48 126.771365  64.151976    56.850    56.815 11 55131.30013685 48.819
  49 126.774867  64.149587    55.606    55.575 13 55141.21577650 35.521
  50 126.775073  64.149769    58.179    58.261 12 55151.13141497 29.839
  51 126.768133  64.153329    60.051    60.480 12 55161.04705263 23.367
  52 126.760690  64.157313    60.398    60.565 10 55170.96268983 20.762
  53 126.752824  64.160175    60.863    60.993  8 55180.87832561 18.783
  54 126.759049  64.158099    60.957    60.787  9 55190.79397499 18.402
  55 126.763225  64.156454    60.102    59.913 10 55200.70962583 17.966
  56 126.762853  64.156506    59.713    59.650 11 55210.62527538 17.663
  57 126.755990  64.158414    59.613    59.332  9 55220.54092369 16.203
  58 126.760982  64.157123    58.818    58.992 10 55230.45657231 16.120
  59 126.763951  64.155368    59.209    59.408 11 55240.37221757 15.635
  60 126.771893  64.151902    58.881    58.997 12 55250.28785985 15.760
  61 126.776055  64.149709    59.628    59.872 12 55260.20349944 15.871
  62 126.771691  64.150698    59.619    59.710 12 55270.11913724 14.838
  63 126.770598  64.152224    59.507    59.533 12 55280.03477523 14.360
  64 126.765377  64.154479    58.959    58.890 11 55289.95041155 13.657
  65 126.766560  64.154839    58.967    58.952 11 55299.86604624 13.632
  66 126.770099  64.152888    59.359    59.806 12 55309.78169185 27.073
  67 126.770556  64.151480    57.490    57.792 12 55319.69733782 23.910
  68 126.770473  64.151457    56.400    56.380 12 55329.61298252 43.689
  69 126.771254  64.152799    64.344    64.308 12 55339.52862688 54.923
  70 126.764932  64.155704    61.609    61.577 10 55349.44427015 50.170
  71 126.757975  64.157996    60.329    60.299  9 55359.35991141 50.839
  72 126.759568  64.157782    61.819    61.687  9 55369.27555152 22.752
  73 126.759627  64.157830    61.868    61.856  9 55379.19119003 22.917
  74 126.754565  64.159351    60.426    60.366  9 55389.10682727 53.398
  75 126.754364  64.160102    59.397    58.902  8 55399.02246404 34.493
  76 126.754587  64.159464    61.116    60.988  8 55408.93811017 24.495
  77 126.761154  64.156159    59.030    59.053  9 55418.85376180 56.252
  78 126.771573  64.152075    59.724    59.876 11 55428.76941043 29.522
  79 126.773576  64.150852    57.743    57.665 12 55438.68505536 55.407
  80 126.772483  64.151604    58.885    58.825 12 55448.60069841 55.339
  81 126.768627  64.153134    61.328    61.442 12 55458.51634081 23.303
  82 126.767821  64.153598    59.988    60.274 12 55468.43198283 28.397
  83 126.770847  64.152608    60.658    60.840 11 55478.34762206 27.849
  84 126.771086  64.152169    56.289    56.279 12 55488.26325799 45.047
  85 126.770304  64.152502    55.953    55.951 12 55498.17889155 38.962
  86 126.765544  64.154506    56.527    56.531 11 55508.09452932 21.288
  87 126.765044  64.155352    59.108    59.292 11 55518.01017954 18.079
  88 126.761078  64.156872    60.021    60.080 10 55527.92582848 15.569
  89 126.759666  64.157303    60.485    60.800  9 55537.84147581 14.681
  90 126.764518  64.156351    61.532    61.408 10 55547.75712154 13.469
  91 126.759073  64.157491    62.065    62.152  9 55557.67276435 13.044
  92 126.755257  64.158749    61.536    61.721  9 55567.58840638 12.974
  93 126.755263  64.158787    61.764    61.668  9 55577.50404807 12.659
  94 126.764467  64.155943    61.613    61.600 11 55587.41968874 12.896
  95 126.768391  64.153554    61.232    61.266 12 55597.33532580 12.508
  96 126.772439  64.151975    61.113    61.167 12 55607.25096002 12.693
  97 126.768959  64.153260    61.230    61.352 11 55617.16659134 12.414
  98 126.764527  64.155378    61.491    61.468 11 55627.08223517 11.130
  99 126.764674  64.155587    61.579    61.558 10 55636.99788688 10.305
 100 126.766700  64.154391    61.709    61.818 10 55646.91353684 10.348
 101 126.771490  64.151828    61.216    61.282 12 55656.82918434 11.122
 102 126.773197  64.150679    61.222    61.173 12 55666.74482706  9.576
 103 126.770880  64.151809    57.213    57.060 12 55676.66046631 29.104
 104 126.766986  64.154473    57.636    57.271 11 55686.57610340 29.268
 105 126.758064  64.157960    61.023    60.911  9 55696.49173876 46.490
 106 126.756701  64.159214    59.742    59.663  8 55706.40737372 49.520
 107 126.756943  64.158465    61.879    62.148  9 55716.32302355 23.404
 108 126.761389  64.157111    61.673    61.633  9 55726.23867275 23.099
 109 126.755464  64.158564    61.081    61.138  9 55736.15431902 25.781
 110 126.755505  64.159250    60.671    61.345  8 55746.06996467 25.575
 111 126.756695  64.158778    58.968    58.958  9 55755.98560866 51.104
 112 126.765043  64.155603    57.346    57.225 11 55765.90125109 54.443
 113 126.770256  64.152451    58.009    57.509 12 55775.81689032 35.029
 114 126.771252  64.151185    59.505    59.483 12 55785.73252604 52.939
 115 126.768992  64.153027    60.129    60.494 12 55795.64815918 27.449
 116 126.764271  64.156001    58.293    57.771 11 55805.56379807 34.816
 117 126.760797  64.157379    60.160    60.279 10 55815.47944677 25.674
 118 126.764294  64.155517    58.831    58.822 10 55825.39509371 54.351
 119 126.769490  64.152771    58.149    58.106 12 55835.31073638 53.458
 120 126.771592  64.151525    61.138    61.221 12 55845.22637512 27.229
 121 126.766800  64.153969    56.524    56.488 11 55855.14201018 46.541
 122 126.756845  64.158157    56.569    56.605  9 55865.05764911 43.159
 123 126.754896  64.159622    60.941    61.993  9 55874.97330196 18.197
 124 126.755886  64.159267    60.162    59.879  9 55884.88894957 18.599
 125 126.756643  64.158494    60.933    61.559  9 55894.80459122 17.602
 126 126.756430  64.158352    61.696    61.816  9 55904.72022735 15.519
 127 126.755244  64.159208    62.051    62.102  8 55914.63586788 16.115
 128 126.756131  64.159247    61.803    62.234  8 55924.55152179 15.491
 129 126.755351  64.159063    62.079    61.965  8 55934.46717238 14.512
 130 126.765919  64.155060    61.450    61.528 10 55944.38281969 14.791
 131 126.770887  64.151463    61.197    61.236 12 55954.29846214 14.376
 132 126.777166  64.149034    61.081    61.111 12 55964.21410179 14.427
 133 126.772841  64.151140    60.996    61.104 12 55974.12973858 14.148
 134 126.764764  64.155499    61.450    61.247 11 55984.04537376 13.476
 135 126.755863  64.159113    61.663    61.696  9 55993.96100671 12.474
 136 126.763277  64.156268    61.384    61.342 11 56003.87665841 12.938
 137 126.772487  64.151708    61.135    61.317 12 56013.79230858 12.677
 138 126.774275  64.149929    61.182    61.160 13 56023.70795457 12.723
 139 126.772070  64.151691    61.236    61.241 12 56033.62359747 12.144
 140 126.763363  64.156262    60.515    60.303 11 56043.53923741 12.472
 141 126.754661  64.160112    56.561    56.590  8 56053.45487473 41.844
 142 126.754112  64.160693    64.480    64.487  8 56063.37050976 37.591
 143 126.756416  64.158990    63.124    63.128  9 56073.28615195 30.044
 144 126.761938  64.156655    61.585    61.480 10 56083.20180264 27.710
 145 126.763698  64.156386    61.429    61.392 10 56093.11745043 54.007
 146 126.755431  64.158806    60.126    60.137  9 56103.03309490 55.861
 147 126.757797  64.158217    60.702    60.629  9 56112.94872615 26.938
 148 126.762823  64.156046    61.118    61.446 11 56122.86436565 24.086
 149 126.770552  64.152776    59.592    59.615 11 56132.78000160 54.904
 150 126.771471  64.151696    60.919    60.881 12 56142.69563922 45.153
 151 126.772513  64.151828    59.596    59.393 12 56152.61128997 34.883
 152 126.764526  64.154984    59.283    59.248 11 56162.52693805 52.398
 153 126.764713  64.156128    59.534    59.412 10 56172.44258508 30.975
 154 126.766151  64.155357    60.018    60.085 11 56182.35822758 30.838
 155 126.769971  64.153024    60.253    60.200 11 56192.27386670 29.060
 156 126.772513  64.151660    59.196    59.136 12 56202.18950294 34.913
 157 126.766691  64.154337    57.917    57.905 10 56212.10513624 48.066
 158 126.755837  64.159543    57.270    57.338  8 56222.02076697 49.320
 159 126.745896  64.162833    56.326    56.349  6 56231.93642026 35.098
 160 126.750088  64.161632    55.699    55.676  8 56241.85207335 37.105
 161 126.754765  64.159197    56.132    56.101  9 56251.76772232 36.390
 162 126.761414  64.156718    56.304    56.375 10 56261.68336677 35.573
 163 126.764457  64.156162    56.264    56.373 11 56271.59900854 34.370
 164 126.757054  64.158094    56.526    56.513  9 56281.51464864 27.375
 165 126.759723  64.157205    56.545    56.566  9 56291.43030108 24.547
 166 126.765683  64.154499    56.331    56.285 11 56301.34594950 23.657
 167 126.774897  64.150837    56.568    56.312 12 56311.26159414 22.411
 168 126.775216  64.149981    56.562    56.424 12 56321.17723557 22.107
 169 126.773321  64.151423    56.564    56.190 12 56331.09287604 20.831
 170 126.766808  64.154528    57.051    57.150 11 56341.00851545 19.093
 171 126.763601  64.156543    56.915    56.580 10 56350.92415300 17.734
 172 126.765315  64.155859    56.548    56.609 11 56360.83979186 18.177
 173 126.770744  64.152965    56.479    56.530 12 56370.75544236 18.365
 175 126.767825  64.153859    57.094    57.012 11 56390.58673390 16.407
 176 126.758526  64.157690    57.781    57.817  9 56400.50237584 23.846
 177 126.755891  64.159750    55.732    55.736  8 56410.41801587 46.528
 178 126.755358  64.160254    56.217    56.191  8 56420.33365142 42.972
 179 126.754892  64.159860    64.247    64.266  9 56430.24928822 52.289
 180 126.757242  64.158061    61.855    61.808  9 56440.16494175 48.718
 181 126.762779  64.156346    61.555    61.524 10 56450.08059314 24.322
 182 126.765798  64.155466    61.714    61.665 11 56459.99624202 56.687
 183 126.765813  64.154545    59.446    59.406 11 56469.91188731 39.695
 184 126.769059  64.153103    58.598    58.538 12 56479.82752912 51.096
 185 126.768052  64.152755    60.384    60.413 11 56489.74316646 55.255
 186 126.768481  64.153221    61.201    61.164 11 56499.65880131 55.378
 187 126.764500  64.155254    60.713    60.751 11 56509.57443427 32.931
 188 126.763235  64.156522    61.637    61.449 10 56519.49007557 24.581
 189 126.764812  64.155969    61.082    61.420 11 56529.40572940 23.512
 190 126.764706  64.155379    59.930    59.763 10 56539.32137901 29.994
 191 126.766761  64.154212    58.442    58.415 10 56549.23702465 47.156
 192 126.768029  64.154085    59.657    59.206 11 56559.15266778 29.587
 193 126.762679  64.156194    60.761    60.817 11 56569.06830923 29.889
 194 126.755823  64.159263    57.069    57.076  9 56578.98394918 45.656
 195 126.753014  64.161018    56.478    56.448  8 56588.89958582 36.557
 196 126.752420  64.160780    55.704    55.698  8 56598.81522978 34.057
 197 126.755805  64.158651    56.709    56.673  9 56608.73088128 23.037
 198 126.760161  64.157350    57.699    56.655 10 56618.64652785 17.087
 199 126.756089  64.158168    60.559    60.253  9 56628.56217017 14.164
 200 126.758780  64.157627    62.010    62.349 10 56638.47781024 13.379
 201 126.766421  64.155098    60.815    60.662 11 56648.39345480 13.520
 202 126.770497  64.152374    61.122    61.241 12 56658.30910694 13.569
 203 126.772228  64.151174    60.960    60.848 12 56668.22475461 13.413
 204 126.771421  64.152273    61.084    61.127 12 56678.14039944 13.212
 205 126.765150  64.154918    61.620    61.563 10 56688.05604233 12.957
 206 126.763977  64.155837    61.504    61.436 10 56697.97168356 12.542
 207 126.766106  64.155243    61.877    61.967 11 56707.88732060 12.393
 208 126.766909  64.154527    61.798    61.699 11 56717.80295780 12.301
 210 126.764753  64.155313    61.848    61.996 11 56737.63425911 11.286
 211 126.758064  64.158257    62.314    62.439  9 56747.54990340 11.074
 212 126.753570  64.160161    62.216    62.432  8 56757.46554350  9.859
 213 126.751507  64.160755    56.555    56.386  8 56767.38117802 25.989
 214 126.755895  64.158831    56.451    56.204  9 56777.29682275 39.438
 215 126.762943  64.156332    60.042    60.044 10 56787.21247979 42.910
 216 126.764534  64.155669    61.806    61.724 11 56797.12813266 31.160
 217 126.764638  64.155787    60.552    60.227 10 56807.04378022 28.669
 218 126.765275  64.155244    60.620    60.638 10 56816.95942171 45.636
 219 126.768604  64.153446    60.053    60.056 12 56826.87506004 54.662
 221 126.768327  64.153161    58.654    58.586 12 56846.70632598 54.449
 222 126.767497  64.154277    60.190    59.891 11 56856.62197572 27.038
 223 126.764680  64.156001    58.044    57.975 10 56866.53762866 53.006
 224 126.764656  64.155868    60.449    60.661 10 56876.45328071 25.706
 225 126.764596  64.154762    58.495    58.418 11 56886.36892972 36.126
 226 126.771266  64.152171    58.329    58.346 11 56896.28457671 39.721
 227 126.770201  64.152515    59.868    59.907 11 56906.20021983 29.648
 228 126.765150  64.155231    59.461    59.753 10 56916.11586025 28.387
 229 126.755617  64.159387    60.012    59.959  8 56926.03149829 26.639
 230 126.752173  64.161436    62.104    62.049  7 56935.94713379 25.749
 231 126.751342  64.161509    56.788    56.750  7 56945.86276440 47.306
 232 126.759612  64.157663    55.782    55.796  9 56955.77841761 39.737
 233 126.764649  64.155278    59.868    60.482 11 56965.69406748 21.264
 234 126.763967  64.155938    60.716    60.615 11 56975.60971213 18.041
 235 126.756708  64.158624    62.141    62.112  8 56985.52535151 16.073
 236 126.756375  64.159058    61.776    61.921  9 56995.44098625 14.276
 237 126.763769  64.155915    61.459    61.428 11 57005.35662900 14.230
 238 126.770823  64.151739    60.736    60.679 12 57015.27228505 14.802
 239 126.774073  64.150400    60.665    60.644 12 57025.18793621 14.172
 240 126.769267  64.153166    61.064    61.111 11 57035.10358414 13.474
 241 126.762565  64.156587    61.191    60.904 10 57045.01922934 12.469
 242 126.759965  64.157727    61.300    61.012  9 57054.93487208 11.688
 243 126.764374  64.155738    60.868    60.699 10 57064.85051082 11.561
 244 126.766138  64.154648    60.515    60.292 10 57074.76614448 11.422
 245 126.764435  64.156078    60.848    60.467 11 57084.68177427 11.667
 246 126.755948  64.159311    61.693    62.054  8 57094.59742659 11.052
 247 126.748967  64.161975    61.640    61.866  7 57104.51308228 10.077
 248 126.749556  64.162005    62.233    62.276  6 57114.42873463 10.286
 249 126.754788  64.159437    61.556    61.106  9 57124.34438144 10.134
 250 126.765905  64.155516    61.574    61.625 11 57134.26002362  6.243
 251 126.765023  64.155153    57.785    57.448 10 57144.17565998 25.772
 252 126.758593  64.157621    57.190    57.182  9 57154.09129303 43.759
 253 126.752950  64.160105    63.361    63.331  8 57164.00692888 51.017
 254 126.757002  64.158707    61.215    61.223  9 57173.92258629 56.719
 255 126.766930  64.154775    61.242    61.244 11 57183.83824110 25.231
 256 126.771994  64.151504    61.663    61.623 11 57193.75389147 47.554
 257 126.774223  64.150385    60.623    60.640 12 57203.66953903 56.017
 258 126.771127  64.152522    60.773    60.805 11 57213.58517249 30.473
 259 126.762529  64.156524    58.404    58.307 10 57223.50081511 42.375
 260 126.756523  64.158804    58.216    58.023  8 57233.41645640 29.649
 261 126.757270  64.158099    58.091    58.030  9 57243.33209559 47.580
 262 126.762846  64.155976    58.666    58.322 11 57253.24773284 34.904
 263 126.762514  64.156527    57.617    57.613 11 57263.16336784 51.448
 264 126.752986  64.160523    56.841    56.834  8 57273.07900370 34.325
 265 126.745886  64.163243    56.456    56.402  5 57282.99466027 35.767
 266 126.744985  64.163292    59.468    59.334  6 57292.91031500 30.448
 267 126.754876  64.159497    56.862    56.753  9 57302.82596760 44.560
 268 126.764691  64.155197    55.970    55.967 11 57312.74161639 47.399
 269 126.769542  64.153010    55.511    55.484 11 57322.65726126 40.245
 270 126.768779  64.153727    55.078    55.057 11 57332.57290325 36.204
 271 126.763591  64.156207    55.370    55.425 10 57342.48854267 36.310
 272 126.763874  64.155733    55.222    55.213 10 57352.40419481 36.457
 273 126.768345  64.153683    54.996    54.997 11 57362.31983962 28.967
 274 126.773703  64.151103    56.220    56.200 12 57372.23548133 22.955
 275 126.772805  64.151311    60.345    60.405 12 57382.15112040 20.188
 276 126.767190  64.154158    60.394    60.435 11 57392.06675832 18.858
 277 126.758504  64.158211    61.219    61.372  9 57401.98239493 17.745
 278 126.755773  64.159728    61.434    61.593  8 57411.89803712 16.892
 279 126.755943  64.158593    60.678    61.089  9 57421.81368917 16.519
 280 126.764831  64.155795    60.606    60.427 10 57431.72933945 16.401
 281 126.764587  64.155838    60.678    60.476 11 57441.64498672 15.657
 282 126.756771  64.158565    61.138    61.268  8 57451.56063226 14.820
 283 126.752888  64.160484    57.645    57.573  8 57461.47627662 17.627
 284 126.753041  64.160742    55.950    54.958  8 57471.39191805 21.973
 285 126.756101  64.159325    57.987    57.756  9 57481.30755593 17.654
 286 126.759616  64.157469    55.221    55.249  9 57491.22319088 24.856
 287 126.760338  64.157246    56.340    55.474  9 57501.13882344 19.496
 288 126.761167  64.157104    56.537    56.652 10 57511.05447127 37.631
 289 126.762176  64.156682    56.989    57.043 11 57520.97012699 44.146
 290 126.764648  64.155725    61.194    61.164 10 57530.88578036 55.667
 291 126.764568  64.154602    61.397    61.381 11 57540.80143019 55.113
 292 126.771082  64.152300    62.165    62.176 12 57550.71707786 52.894
 293 126.772331  64.151909    61.216    61.203 12 57560.63272342 38.694
 294 126.769415  64.153492    60.994    61.046 11 57570.54836792 26.487
 295 126.765901  64.155497    61.035    60.983 11 57580.46401211 23.795
 296 126.756418  64.158115    61.212    61.205  9 57590.37965401 23.068
 297 126.760518  64.157413    60.432    60.405 10 57600.29529468 55.224
