-140345.574   162.089     0.00   14.59
-140059.362   167.312    18.25   15.47
-139773.158   170.122     9.82   16.15
-139486.963   173.607    12.18   16.70
-139200.776   178.253    16.23   15.79
-138914.597   181.955    12.94   15.23
-138628.427   183.349     4.87   15.18
-138342.265   182.944    -1.41   14.68
-138056.111   180.027   -10.20   15.47
-137769.965   178.085    -6.79   15.44
-137483.828   176.457    -5.69   15.13
-137197.699   175.792    -2.32   14.39
-136911.578   175.637    -0.54   13.82
-136625.465   176.613     3.41   12.57
-136339.361   176.292    -1.12   12.25
-136053.265   174.396    -6.63   13.64
-135767.177   169.701   -16.41   15.54
-135481.097   163.968   -20.04   15.52
-135195.026   157.417   -22.90   14.92
-134908.963   151.933   -19.17   13.54
-134622.908   146.959   -17.39   11.59
-134336.862   143.800   -11.04    9.90
-134050.823   142.059    -6.09    8.30
-133764.793   142.917     3.00    8.05
-133478.771   145.142     7.78    9.04
-133192.758   149.168    14.08   10.71
-132906.753   154.522    18.72   11.38
-132620.755   160.409    20.59   10.80
-132334.767   165.928    19.30    9.72
-132048.786   170.902    17.39    9.45
-131762.814   175.925    17.56    9.36
-131476.850   180.562    16.22    9.62
-131190.894   184.743    14.62    9.14
-130904.946   188.821    14.26    7.80
-130619.007   192.354    12.35    6.44
-130333.076   196.071    13.00    6.02
-130047.153   199.132    10.71    5.51
-129761.238   201.265     7.46    4.50
-129475.332   202.735     5.14    3.45
-129189.433   203.358     2.18    2.75
-128903.544   203.363     0.02    3.04
-128617.662   201.709    -5.79    5.21
-128331.788   199.042    -9.33    6.91
-128045.923   196.379    -9.31    8.42
-127760.066   192.928   -12.07    9.77
-127474.217   188.961   -13.88    9.88
-127188.377   185.714   -11.36    9.69
-126902.544   181.843   -13.54    8.75
-126616.720   178.164   -12.87    8.80
-126330.904   175.321    -9.95    9.37
-126045.097   172.884    -8.53    9.37
-125759.297   169.843   -10.64    8.96
-125473.506   167.387    -8.59    7.90
-125187.723   164.293   -10.83    6.60
-124901.948   162.108    -7.64    6.98
-124616.182   159.339    -9.69    8.84
-124330.423   155.283   -14.20   11.13
-124044.673   150.712   -16.00   12.44
-123758.931   145.562   -18.02   12.07
-123473.198   140.411   -18.03   11.73
-123187.472   133.707   -23.46   12.08
-122901.755   128.118   -19.56   12.34
-122616.046   123.926   -14.67   11.02
-122330.345   122.645    -4.48    9.83
-122044.652   124.152     5.27   11.23
-121758.968   128.342    14.67   14.80
-121473.292   135.438    24.84   17.33
-121187.624   143.184    27.11   17.26
-120901.964   151.598    29.46   13.94
-120616.313   157.399    20.31   10.79
-120330.669   162.189    16.77    8.68
-120045.034   166.371    14.64    8.25
-119759.407   169.907    12.38    8.83
-119473.788   172.046     7.49    8.32
-119188.178   173.792     6.12    8.70
-118902.576   174.523     2.56    9.75
-118616.981   175.792     4.44   10.40
-118331.396   177.230     5.04   10.71
-118045.554   178.638     4.93   10.88
-117758.114   179.517     3.06   10.15
-117470.682   181.907     8.32    8.94
-117183.260   184.278     8.25    7.56
-116895.846   187.167    10.05    7.12
-116608.442   190.571    11.85    7.11
-116321.047   193.610    10.57    7.30
-116033.661   196.227     9.11    6.61
-115746.284   198.461     7.78    5.17
-115458.916   199.878     4.93    3.99
-115171.557   200.196     1.11    4.45
-114884.208   198.715    -5.16    6.05
-114596.867   195.339   -11.75    8.39
-114309.536   190.328   -17.44   11.00
-114022.213   184.981   -18.61   11.94
-113734.900   179.655   -18.54   11.51
-113447.596   175.908   -13.04   10.56
-113160.301   172.893   -10.50    9.51
-112873.015   170.726    -7.54    9.07
-112585.738   169.097    -5.67    9.19
-112298.470   166.610    -8.66    9.85
-112011.212   164.983    -5.66   10.76
-111723.962   163.763    -4.25   11.40
-111436.721   161.600    -7.53   12.20
-111149.490   159.133    -8.59   12.76
-110862.268   157.176    -6.81   12.72
-110575.054   155.885    -4.50   12.69
-110287.850   154.652    -4.29   12.10
-110000.655   153.143    -5.26   11.75
-109713.469   151.027    -7.37   11.85
-109426.292   148.002   -10.53   12.23
-109139.124   145.044   -10.30   12.61
-108851.966   141.069   -13.84   11.67
-108564.816   137.358   -12.93    9.73
-108277.675   134.505    -9.94    8.23
-107990.544   132.483    -7.04    8.32
-107703.421   131.626    -2.99    9.46
-107416.308   132.392     2.67   11.29
-107129.204   131.814    -2.01   12.61
-106842.108   130.433    -4.81   15.24
-106555.022   128.011    -8.44   18.48
-106267.945   125.314    -9.40   19.13
-105980.877   119.894   -18.88   20.45
-105693.818   116.152   -13.04   20.07
-105406.768   112.125   -14.03   18.65
-105119.727   108.440   -12.84   17.31
-104832.695   104.550   -13.55   15.45
-104545.672   100.336   -14.68   13.71
-104258.659    96.857   -12.12   10.21
-103971.654    95.071    -6.22    7.95
-103684.659    94.836    -0.82    6.72
-103397.672    94.637    -0.69    5.73
-103110.695    95.403     2.67    5.30
-102823.726    96.227     2.87    4.86
-102536.767    97.356     3.94    4.05
-102249.817    97.478     0.42    3.99
-101962.875    97.456    -0.08    3.68
-101675.943    97.828     1.30    3.79
-101389.020    97.720    -0.38    4.50
-101102.106    97.915     0.68    5.44
-100815.201    97.765    -0.52    6.46
-100528.305    97.858     0.32    6.69
-100241.418    98.115     0.90    6.59
 -99954.540    98.694     2.02    6.53
 -99667.671    99.481     2.74    6.35
 -99380.811   101.357     6.54    5.87
 -99093.960   102.835     5.15    6.21
 -98807.119   104.652     6.33    6.64
 -98520.286   107.318     9.29    6.19
 -98233.462   109.687     8.26    5.04
 -97946.647   111.444     6.13    3.87
 -97659.842   112.152     2.47    3.86
 -97373.045   111.335    -2.85    6.22
 -97086.258   110.012    -4.61    8.19
 -96799.479   109.459    -1.93    8.78
 -96512.710   108.490    -3.38    8.69
 -96225.949   108.237    -0.88    8.22
 -95939.198   108.750     1.79    7.78
 -95652.455   110.278     5.33    6.64
 -95365.722   111.903     5.67    4.20
 -95078.998   112.723     2.86    2.32
 -94792.282   112.973     0.87    2.49
 -94505.576   113.592     2.16    2.43
 -94218.879   113.878     1.00    2.69
 -93932.190   113.888     0.03    2.93
 -93645.511   114.446     1.95    3.04
 -93358.841   114.392    -0.19    2.96
 -93072.180   114.130    -0.91    2.77
 -92785.527   114.010    -0.42    2.47
 -92498.884   113.742    -0.93    2.21
 -92212.250   113.000    -2.59    2.40
 -91925.625   111.726    -4.44    3.07
 -91639.009   110.143    -5.53    3.93
 -91352.402   108.704    -5.02    4.88
 -91065.803   107.843    -3.00    6.13
 -90779.214   106.128    -5.98    6.85
 -90492.634   104.968    -4.05    7.27
 -90206.063   104.433    -1.87    7.55
 -89919.501   104.628     0.68    7.77
 -89632.948   105.814     4.14    8.43
 -89346.404   106.943     3.94    8.54
 -89059.869   107.104     0.56    7.94
 -88773.343   108.002     3.14    7.51
 -88486.825   108.807     2.81    6.77
 -88200.317   109.690     3.08    6.11
 -87913.818   110.448     2.65    5.03
 -87627.328   110.041    -1.42    5.02
 -87340.847   110.189     0.52    3.82
 -87054.375   109.807    -1.33    3.16
 -86767.912   109.240    -1.98    2.91
 -86481.458   108.273    -3.37    3.08
 -86195.013   107.213    -3.70    3.05
 -85908.576   106.864    -1.22    3.30
 -85622.149   106.727    -0.48    3.32
 -85335.731   106.310    -1.45    3.39
 -85049.322   106.100    -0.74    3.12
 -84762.922   106.132     0.11    2.99
 -84476.530   106.589     1.59    2.62
 -84190.148   107.325     2.57    2.76
 -83903.775   107.865     1.89    3.36
 -83617.411   108.300     1.52    3.79
 -83331.055   108.571     0.95    4.26
 -83044.709   107.873    -2.44    5.60
 -82758.372   107.370    -1.76    6.51
 -82472.043   106.456    -3.19    6.57
 -82185.724   105.045    -4.93    6.26
 -81899.413   103.397    -5.76    5.32
 -81613.112   102.328    -3.73    5.32
 -81326.820   102.490     0.57    5.52
 -81040.536   102.580     0.31    5.46
 -80754.262   102.295    -0.99    5.81
 -80467.996   102.012    -0.99    6.17
 -80181.739   102.021     0.03    6.22
 -79895.492   102.377     1.24    5.35
 -79609.253   101.675    -2.45    5.36
 -79323.023   101.216    -1.61    5.03
 -79036.803   100.266    -3.32    4.22
 -78750.591    99.064    -4.20    3.99
 -78464.388    97.550    -5.29    4.17
 -78178.194    95.705    -6.45    4.32
 -77892.009    94.647    -3.70    4.69
 -77605.833    94.135    -1.79    5.32
 -77319.666    94.056    -0.28    6.06
 -77033.508    94.059     0.01    6.42
 -76747.359    94.481     1.47    6.53
 -76461.219    95.011     1.85    5.99
 -76175.088    95.643     2.21    5.26
 -75888.966    96.471     2.90    4.48
 -75602.853    97.540     3.73    3.93
 -75316.748    98.328     2.76    3.42
 -75030.653    99.023     2.43    3.05
 -74744.567    99.355     1.16    3.16
 -74458.489    99.821     1.63    3.00
 -74172.421   100.429     2.12    3.05
 -73886.361   101.145     2.50    3.61
 -73600.310   102.027     3.08    3.55
 -73314.269   102.443     1.46    3.14
 -73028.236   102.288    -0.54    3.26
 -72742.212   102.207    -0.28    3.17
 -72456.197   101.221    -3.45    3.16
 -72170.191   100.310    -3.18    2.87
 -71884.194    99.659    -2.28    2.89
 -71598.206    98.895    -2.67    3.12
 -71312.227    98.185    -2.48    3.34
 -71026.257    96.991    -4.18    3.01
 -70740.296    96.169    -2.88    2.59
 -70454.343    96.243     0.26    2.77
 -70168.400    95.999    -0.85    3.07
 -69882.466    95.495    -1.76    3.20
 -69596.540    95.285    -0.73    3.19
 -69310.623    95.303     0.06    3.29
 -69024.716    95.184    -0.42    3.55
 -68738.817    94.361    -2.88    3.93
 -68452.927    93.293    -3.74    3.74
 -68167.046    92.359    -3.27    4.00
 -67881.174    91.349    -3.53    4.14
 -67595.311    89.777    -5.50    4.47
 -67309.457    88.103    -5.86    4.01
 -67023.612    87.378    -2.53    3.94
 -66737.775    86.066    -4.59    4.26
 -66451.948    83.741    -8.13    7.55
 -66166.130    81.651    -7.31    9.96
 -65880.320    78.152   -12.24   12.53
 -65594.519    74.189   -13.87   13.70
 -65308.728    70.600   -12.56   13.88
 -65022.945    66.162   -15.53   12.44
 -64737.171    62.430   -13.06    9.92
 -64451.406    61.296    -3.97    7.97
 -64165.650    61.421     0.44    6.67
 -63879.903    65.150    13.05    9.89
 -63594.164    69.167    14.06   11.24
 -63308.435    72.468    11.56   11.09
 -63022.714    76.027    12.46    9.85
 -62737.003    79.180    11.04    7.45
 -62451.300    80.895     6.00    4.38
 -62165.606    81.569     2.36    3.25
 -61879.921    81.321    -0.87    3.31
 -61594.245    81.021    -1.05    3.24
 -61308.578    81.443     1.48    3.78
 -61022.920    81.879     1.53    4.24
 -60737.271    81.560    -1.11    4.50
 -60451.630    81.011    -1.92    5.28
 -60165.999    80.624    -1.36    5.84
 -59880.376    79.332    -4.52    7.16
 -59594.763    77.190    -7.50    8.22
 -59309.158    75.799    -4.87    7.81
 -59023.562    74.762    -3.63    7.58
 -58737.975    74.100    -2.32    7.13
 -58452.397    73.873    -0.79    6.91
 -58166.827    73.880     0.02    6.59
 -57881.267    73.807    -0.26    6.18
 -57595.715    73.162    -2.26    6.16
 -57310.173    71.097    -7.23    6.62
 -57024.639    68.800    -8.04    6.44
 -56739.114    67.164    -5.73    5.33
 -56453.598    66.828    -1.18    4.75
 -56167.654    66.978     0.52    4.78
 -55880.135    67.023     0.15    4.74
 -55592.626    67.971     3.30    5.09
 -55305.127    69.655     5.86    4.99
 -55017.638    71.191     5.34    4.50
 -54730.158    72.374     4.12    3.84
 -54442.688    73.288     3.18    3.45
 -54155.229    73.548     0.90    3.58
 -53867.778    73.610     0.22    3.61
 -53580.338    73.631     0.07    3.52
 -53292.908    73.893     0.91    3.76
 -53005.487    74.043     0.52    3.68
 -52718.076    74.209     0.58    3.57
 -52430.675    74.459     0.87    3.24
 -52143.283    74.661     0.70    2.82
 -51855.902    75.502     2.93    2.70
 -51568.530    76.450     3.30    2.97
 -51281.168    76.769     1.11    2.98
 -50993.816    77.102     1.16    2.95
 -50706.474    77.172     0.24    2.77
 -50419.141    77.545     1.30    2.37
 -50131.819    78.007     1.61    2.57
 -49844.506    78.073     0.23    3.06
 -49557.202    78.318     0.85    3.57
 -49269.909    78.927     2.12    3.91
 -48982.625    78.985     0.20    4.13
 -48695.352    78.686    -1.04    4.35
 -48408.088    77.573    -3.88    5.93
 -48120.833    75.256    -8.07    7.67
 -47833.589    72.608    -9.22    8.56
 -47546.354    69.266   -11.64    9.38
 -47259.129    66.814    -8.54    9.56
 -46971.914    64.538    -7.93    9.27
 -46684.709    62.412    -7.40    7.88
 -46397.513    61.864    -1.91    6.88
 -46110.327    62.000     0.47    6.27
 -45823.151    63.426     4.97    6.51
 -45535.985    65.800     8.27    7.04
 -45248.829    67.329     5.32    6.55
 -44961.682    68.220     3.10    5.76
 -44674.545    68.664     1.55    5.37
 -44387.418    68.140    -1.83    5.85
 -44100.300    67.210    -3.24    6.45
 -43813.193    65.974    -4.30    6.74
 -43526.095    64.073    -6.62    7.70
 -43239.007    61.878    -7.64    8.99
 -42951.928    59.221    -9.26    9.73
 -42664.860    58.447    -2.70   11.23
 -42377.801    58.071    -1.31   11.99
 -42090.752    57.978    -0.32   12.54
 -41803.713    58.478     1.74   13.33
 -41516.683    59.104     2.18   12.98
 -41229.663    60.952     6.44   11.96
 -40942.653    62.928     6.89   10.74
 -40655.653    65.351     8.44    8.76
 -40368.662    66.405     3.67    7.28
 -40081.681    67.538     3.95    5.64
 -39794.710    68.592     3.67    3.23
 -39507.749    68.361    -0.80    3.90
 -39220.797    65.778    -9.00    8.22
 -38933.855    62.366   -11.89   10.82
 -38646.923    59.238   -10.90   11.92
 -38360.001    56.088   -10.98   12.23
 -38073.088    53.836    -7.85   11.81
 -37786.185    53.461    -1.30   11.27
 -37499.292    54.414     3.32   11.24
 -37212.409    56.626     7.71   10.69
 -36925.535    58.721     7.31    9.68
 -36638.671    59.627     3.16    8.50
 -36351.817    58.535    -3.81    9.78
 -36064.972    55.645   -10.08   11.77
 -35778.138    52.807    -9.89   12.90
 -35491.313    49.131   -12.82   12.80
 -35204.497    45.125   -13.97   11.50
 -34917.692    43.073    -7.15   10.37
 -34630.896    42.647    -1.48   10.26
 -34344.110    43.605     3.34   11.07
 -34057.333    46.039     8.49   11.99
 -33770.567    47.955     6.68   12.25
 -33483.810    51.167    11.20   12.14
 -33197.062    53.583     8.43   11.27
 -32910.325    55.755     7.57   10.14
 -32623.597    57.721     6.86    8.45
 -32336.879    58.908     4.14    7.41
 -32050.170    59.017     0.38    8.00
 -31763.472    58.028    -3.45    9.59
 -31476.783    56.627    -4.89   11.43
 -31190.103    54.142    -8.67   12.72
 -30903.434    52.800    -4.68   13.06
 -30616.774    51.459    -4.68   13.26
 -30330.124    50.271    -4.14   13.12
 -30043.483    48.871    -4.88   12.12
 -29756.852    46.880    -6.95   10.79
 -29470.231    46.068    -2.84    9.44
 -29183.620    44.696    -4.79    7.32
 -28897.018    43.629    -3.73    6.04
 -28610.426    43.390    -0.83    6.89
 -28323.844    42.703    -2.40    7.19
 -28037.272    42.060    -2.24    7.33
 -27750.709    41.253    -2.82    7.67
 -27464.155    39.547    -5.95    8.15
 -27177.612    37.584    -6.85    8.21
 -26891.078    35.285    -8.02    7.31
 -26604.554    33.621    -5.81    6.24
 -26318.040    31.857    -6.16    5.95
 -26031.535    30.540    -4.60    5.68
 -25745.040    29.653    -3.09    5.23
 -25458.554    28.459    -4.17    4.48
 -25172.079    28.088    -1.30    3.21
 -24885.613    27.957    -0.46    2.53
 -24599.156    27.618    -1.18    2.70
 -24312.710    27.064    -1.94    3.45
 -24026.273    27.190     0.44    3.42
 -23739.845    27.266     0.26    3.51
 -23453.428    27.493     0.79    3.36
 -23167.020    27.692     0.70    3.27
 -22880.621    27.924     0.81    3.40
 -22594.233    28.321     1.39    3.01
 -22307.854    29.000     2.37    1.87
 -22021.484    29.269     0.94    2.13
 -21735.125    29.382     0.40    3.10
 -21448.775    29.517     0.47    3.71
 -21162.435    29.517    -0.00    4.11
 -20876.104    29.670     0.54    4.23
 -20589.783    29.888     0.76    4.42
 -20303.472    30.184     1.03    4.34
 -20017.170    30.231     0.17    3.91
 -19730.878    29.508    -2.53    3.17
 -19444.596    28.878    -2.20    2.22
 -19158.323    28.756    -0.43    1.99
 -18872.060    28.556    -0.70    2.21
 -18585.807    28.548    -0.03    2.46
 -18299.563    28.456    -0.32    2.55
 -18013.329    28.589     0.47    2.85
 -17727.104    29.365     2.71    3.16
 -17440.890    30.747     4.83    4.11
 -17154.684    32.517     6.19    4.56
 -16868.489    33.836     4.61    4.50
 -16582.303    34.851     3.55    4.11
 -16296.127    35.428     2.02    3.57
 -16009.960    36.243     2.85    3.26
 -15723.803    36.543     1.05    3.36
 -15437.656    36.430    -0.39    3.25
 -15151.518    36.547     0.41    3.16
 -14865.390    36.282    -0.93    3.26
 -14579.272    35.071    -4.23    6.65
 -14293.163    31.206   -13.51   12.03
 -14007.064    30.200    -3.52   13.28
 -13720.975    29.224    -3.41   14.03
 -13434.895    29.807     2.04   14.49
 -13148.825    30.641     2.92   14.73
 -12862.764    29.865    -2.71   14.19
 -12576.713    28.278    -5.55   15.07
 -12290.672    26.763    -5.30   15.59
 -12004.640    22.340   -15.47   16.60
 -11718.618    19.526    -9.84   16.06
 -11432.606    18.992    -1.87   15.40
 -11146.603    20.150     4.05   15.44
 -10860.610    24.364    14.74   15.23
 -10574.626    27.770    11.91   13.47
 -10288.652    29.836     7.22   10.97
 -10002.688    29.383    -1.58   11.59
  -9716.733    26.693    -9.41   13.26
  -9430.788    23.443   -11.37   14.82
  -9144.852    21.069    -8.30   14.90
  -8858.926    17.325   -13.10   14.91
  -8573.010    13.958   -11.78   14.67
  -8287.103    10.911   -10.66   14.06
  -8001.206     7.408   -12.25   12.05
  -7715.319     4.047   -11.76    9.19
  -7429.441     1.359    -9.41    5.42
  -7143.573    -0.164    -5.33    0.17
  -6857.714     0.132     1.04    2.73
  -6571.865     2.674     8.89    9.01
  -6286.025     5.663    10.46   12.16
  -6000.195     9.725    14.21   14.38
  -5714.375    12.237     8.79   15.08
  -5428.564    13.683     5.06   15.35
  -5142.763    14.329     2.26   15.57
  -4856.972    13.256    -3.75   15.17
  -4571.190    12.540    -2.51   14.99
  -4285.418     9.733    -9.82   14.33
  -3999.655     7.360    -8.30   13.33
  -3713.902     5.127    -7.81   11.02
  -3428.158     4.364    -2.67   10.06
  -3142.424     6.188     6.38   11.63
  -2856.700     8.599     8.44   13.03
  -2570.985    11.267     9.34   14.07
  -2285.280    14.415    11.02   14.51
  -1999.584    16.192     6.22   14.84
  -1713.898    17.785     5.58   14.67
  -1428.222    17.717    -0.24   14.75
  -1142.555    15.200    -8.81   15.27
   -856.898    12.550    -9.28   15.13
   -571.250     9.431   -10.92   14.18
   -285.612     6.393   -10.64   12.38
      0.017     2.800   -12.58    8.54
    285.636     0.500    -8.05    3.71
    571.245     1.857     4.75    7.80
    856.845     4.155     8.04   10.76
   1142.436     5.653     5.25   12.14
   1428.016     6.454     2.80   12.69
   1713.588     7.547     3.83   13.31
   1999.149     7.865     1.11   13.21
   2284.701     8.007     0.50   13.01
   2570.244     7.463    -1.90   12.55
   2855.777     6.721    -2.60   11.72
   3141.300     5.306    -4.95   10.58
   3426.814     2.348   -10.36    7.36
   3712.318     0.611    -6.08    4.07
   3997.813     0.172    -1.54    2.46
   4283.298     0.589     1.46    3.76
   4568.774     2.591     7.01    8.26
   4854.240     4.984     8.38   10.97
   5139.696     6.571     5.56   12.22
   5425.143     7.401     2.91   12.96
   5711.219     8.562     4.06   13.63
   5998.810    10.589     7.05   14.93
   6286.390    12.836     7.81   15.40
   6573.961    15.026     7.61   15.74
   6861.520    16.741     5.97   16.09
   7149.069    19.385     9.20   16.40
   7436.608    19.700     1.09   16.49
   7724.136    22.373     9.30   15.75
   8011.654    23.310     3.26   15.35
   8299.161    24.375     3.70   15.00
   8586.657    24.075    -1.04   15.17
   8874.143    24.951     3.05   14.24
   9161.619    23.332    -5.63   14.73
   9449.084    21.593    -6.05   14.60
   9736.539    18.310   -11.42   14.80
  10023.983    16.614    -5.90   14.67
  10311.417    16.169    -1.55   14.91
  10598.840    16.747     2.01   14.78
  10886.252    16.785     0.14   15.01
  11173.655    18.829     7.11   15.05
  11461.046    21.093     7.88   14.57
  11748.427    22.457     4.75   14.87
  12035.798    20.881    -5.48   15.94
  12323.158    16.989   -13.54   16.43
  12610.508    13.398   -12.50   15.76
  12897.847     9.080   -15.03   13.48
  13185.176     6.031   -10.61   10.82
  13472.494     3.545    -8.65    8.01
  13759.802     2.653    -3.10    6.85
  14047.100     2.351    -1.05    6.50
  14334.387     1.520    -2.89    4.96
  14621.663     1.443    -0.27    5.16
  14908.929     3.111     5.81    8.06
  15196.184     5.282     7.56   10.62
  15483.429     8.093     9.79   13.13
  15770.664    11.621    12.28   15.24
  16057.888    14.600    10.37   16.20
  16345.102    18.179    12.46   16.43
  16632.305    18.983     2.80   16.94
  16919.498    20.091     3.86   17.41
  17206.680    19.380    -2.48   17.31
  17493.852    18.857    -1.82   17.36
  17781.013    16.142    -9.45   16.58
  18068.164    14.087    -7.16   15.54
  18355.304    13.029    -3.69   14.60
  18642.434    12.829    -0.70   14.83
  18929.554    13.386     1.94   15.81
  19216.663    15.105     5.99   17.90
  19503.762    17.529     8.44   20.66
  19790.850    19.240     5.96   21.68
  20077.928    17.389    -6.45   21.47
  20364.995    14.900    -8.67   19.98
  20652.052    12.394    -8.73   17.26
  20939.098     9.909    -8.66   14.39
  21226.134     8.564    -4.68   12.81
  21513.160     6.643    -6.69   11.35
  21800.175     4.799    -6.42    9.43
  22087.180     3.515    -4.47    8.21
  22374.174     2.421    -3.81    7.27
  22661.158     1.314    -3.86    5.51
  22948.131     0.444    -3.03    3.12
  23235.094    -0.107    -1.92    0.76
  23522.047    -0.179    -0.25    0.00
  23808.989    -0.179     0.00    0.00
  24095.921     0.132     1.08    2.69
  24382.842     2.880     9.58   11.26
  24669.753     7.464    15.98   18.68
  24956.653    13.426    20.78   25.02
  25243.543    20.960    26.26   29.66
  25530.423    28.240    25.38   32.30
  25817.292    35.934    26.82   32.70
  26104.151    41.735    20.22   31.12
  26390.999    46.850    17.83   27.71
  26677.837    50.954    14.31   23.30
  26964.665    54.214    11.37   17.19
  27251.482    56.433     7.74   10.17
  27538.289    57.040     2.12    4.73
  27825.085    57.903     3.01    4.79
  28111.871    59.835     6.74    5.85
  28398.647    62.255     8.44    5.86
  28685.412    64.230     6.89    5.72
  28972.167    65.850     5.65    5.04
  29258.911    66.250     1.39    4.80
  29545.645    65.961    -1.01    5.41
  29832.369    64.828    -3.95    5.85
  30119.082    63.269    -5.44    5.63
  30405.785    62.071    -4.18    5.23
  30692.477    60.717    -4.72    4.56
  30979.159    58.485    -7.79    6.17
  31265.831    55.354   -10.92    8.64
  31552.492    51.664   -12.87   10.70
  31839.143    47.569   -14.29   11.55
  32125.783    43.399   -14.55   10.87
  32412.414    39.478   -13.68    8.55
  32699.033    35.663   -13.31    4.69
  32985.643    33.829    -6.40    2.84
  33272.242    33.023    -2.81    2.41
  33558.830    32.048    -3.40    1.39
  33845.408    31.741    -1.07    1.57
  34131.976    31.350    -1.37    1.84
  34418.534    31.053    -1.04    2.37
  34705.081    30.713    -1.19    3.57
  34991.618    30.443    -0.94    4.09
  35278.144    30.807     1.27    4.52
  35564.660    31.259     1.58    4.60
  35851.166    32.581     4.61    4.78
  36137.661    34.178     5.58    4.62
  36424.146    35.177     3.49    4.11
  36710.621    35.996     2.86    3.66
  36997.085    36.250     0.88    3.38
  37283.539    36.592     1.19    3.32
  37569.982    36.701     0.38    3.14
  37856.415    37.008     1.07    2.82
  38142.838    37.077     0.24    3.18
  38429.251    37.274     0.69    3.74
  38715.653    37.478     0.71    4.38
  39002.044    38.080     2.10    5.10
  39288.426    38.724     2.25    5.93
  39574.797    39.140     1.45    6.59
  39861.158    39.923     2.74    6.73
  40147.508    41.053     3.94    6.44
  40433.848    41.555     1.75    5.98
  40720.178    42.199     2.25    5.36
  41006.497    42.466     0.93    4.98
  41292.806    42.390    -0.27    4.67
  41579.105    41.814    -2.01    4.75
  41865.393    41.437    -1.32    5.41
  42151.671    41.652     0.75    6.57
  42437.939    43.250     5.58    7.37
  42724.196    44.238     3.45    7.89
  43010.443    44.542     1.06    7.42
  43296.680    44.224    -1.11    7.11
  43582.906    43.879    -1.20    5.82
  43869.122    42.888    -3.46    5.72
  44155.328    40.371    -8.79    7.01
  44441.524    36.545   -13.37    9.77
  44727.709    32.000   -15.88   11.56
  45013.884    27.431   -15.96   11.25
  45300.048    24.280   -11.01    9.20
  45586.202    21.908    -8.29    7.14
  45872.346    21.791    -0.41    7.09
  46158.480    23.785     6.97    7.65
  46444.603    26.998    11.23    6.95
  46730.716    30.498    12.23    5.67
  47016.818    32.713     7.74    5.45
  47302.911    34.505     6.26    5.47
  47588.993    36.485     6.92    5.25
  47875.064    38.728     7.84    5.44
  48161.126    41.366     9.22    5.95
  48447.177    43.193     6.39    7.44
  48733.218    45.388     7.67    7.72
  49019.248    47.414     7.08    7.00
  49305.268    49.792     8.31    5.71
  49591.278    51.273     5.18    4.76
  49877.278    51.749     1.67    4.33
  50163.267    51.671    -0.27    4.76
  50449.246    50.895    -2.71    5.23
  50735.215    50.409    -1.70    5.43
  51021.173    49.348    -3.71    5.70
  51307.121    47.685    -5.82    5.56
  51593.059    45.954    -6.05    5.25
  51878.987    44.695    -4.40    4.73
  52164.904    44.532    -0.57    4.77
  52450.811    45.672     3.99    5.94
  52736.708    47.836     7.57    7.89
  53022.594    51.043    11.22    9.25
  53308.471    53.800     9.64    8.85
  53594.337    56.274     8.65    7.88
  53880.192    57.584     4.58    6.92
  54166.038    58.958     4.81    6.19
  54451.873    59.415     1.60    5.45
  54737.698    60.406     3.47    5.16
  55023.512    62.060     5.79    5.28
  55309.316    65.378    11.61    6.35
  55595.110    69.850    15.65    9.02
  55880.894    74.701    16.97   12.02
  56166.668    78.280    12.52   12.73
  56452.431    81.610    11.65   12.24
  56738.184    85.052    12.05   11.84
