# NaN NaN NaN ;Mean Elev.(m), Avg Gradient(m/km), RMS Gradient(m/km) - SRTM1     
#   16.353  -4.590   5.588 ;Mean Elev.(m), Avg Gradient(m/km), RMS Gradient(m/km) - ASTER GDEM
#   21.137  -5.028   7.975 ;Mean Elev.(m), Avg Gradient(m/km), RMS Gradient(m/km) - GMTED2010 
   1 123.939248  66.060479    38.382    38.236  7 54662.21723158 27.423
   2 123.954599  66.061565    37.274    37.304 11 54672.13287814 54.537
   3 123.953786  66.062634    -1.511    -2.047 11 54682.04852176 12.647
   4 123.957918  66.063389    38.186    38.065 10 54691.96416462 26.277
   5 123.956253  66.062844     1.700     1.988 10 54701.87980453 11.272
   6 123.951467  66.061076    38.970    38.997 11 54711.79545178 19.642
   7 123.948342  66.059521    13.862    13.864 12 54721.71110252 13.888
   8 123.950188  66.058817    39.752    39.611 12 54731.62675118 30.725
   9 123.949571  66.059297    37.919    37.892 12 54741.54239802 43.882
  10 123.948348  66.059816    37.033    37.035 12 54751.45804472 28.324
  11 123.950694  66.059909    36.127    36.130 11 54761.37369154 51.248
  12 123.948242  66.058883    35.152    35.135 12 54771.28933551 43.293
  13 123.949170  66.058020    35.913    35.914 12 54781.20497664 26.364
  14 123.935308  66.057158    36.052    35.752 15 54791.12061385 23.105
  15 123.947076  66.058382    35.777    35.735 11 54801.03625231 20.361
  16 123.949656  66.059464    35.781    35.728 11 54810.95188994 18.802
  17 123.950980  66.060263    36.192    36.217 11 54820.86753033 17.513
  18 123.950537  66.060306    36.379    36.362 12 54830.78318249 16.000
  19 123.949705  66.060589    36.262    36.209 12 54840.69882113 15.747
  20 123.951262  66.061681    36.113    36.137 11 54850.61447026 15.194
  21 123.956124  66.063265    36.014    35.893 11 54860.53011929 14.619
  22 123.959399  66.064105    35.981    35.821 11 54870.44576827 14.470
  23 123.955892  66.062888    35.809    35.673 11 54880.36141528 14.405
  24 123.950441  66.060331    36.014    35.948 12 54890.27705888 14.185
  25 123.946111  66.058177    36.237    36.143 12 54900.19269953 13.369
  26 123.947515  66.058308    36.321    36.254 12 54910.10833865 13.611
  27 123.950574  66.059807    36.404    36.404 11 54920.02397671 13.392
  28 123.948567  66.060577    36.502    36.449 12 54929.93961388 12.559
  29 123.950408  66.059686    36.381    36.379 11 54939.85525031 11.994
  30 123.938118  66.057425    35.168    34.827 14 54949.77088379 44.488
  31 123.940840  66.056368    37.562    37.303 14 54959.68652264 29.077
  32 123.939427  66.057097    39.548    39.546 14 54969.60217110 44.970
  33 123.948797  66.059091    42.292    42.368 11 54979.51781941 33.793
  34 123.950850  66.060454    69.672    67.976 11 54989.43346689 41.024
  35 123.949837  66.060532    40.750    40.884 11 54999.34911409 25.462
  36 123.949391  66.060397    40.086    40.121 11 55009.26475956 36.469
  37 123.949079  66.060473    39.899    40.040 12 55019.18040329 22.380
  38 123.952757  66.061711    38.051    37.960 11 55029.09604608 23.245
  39 123.956670  66.063161    37.865    37.967 10 55039.01168832 25.323
  40 123.959815  66.063758    36.696    36.590 10 55048.92732921 31.234
  41 123.951874  66.062026    38.147    38.175 11 55058.84296698 26.428
  42 123.948376  66.059305    37.483    37.528 11 55068.75860573 24.589
  43 123.940031  66.057082    38.988    38.996 14 55078.67425477 23.145
  44 123.942162  66.057325    36.953    36.973 14 55088.58990263 50.170
  45 123.948801  66.059275    37.929    37.786 11 55098.50554950 27.321
  46 123.951091  66.060838    37.989    37.738 11 55108.42119548 27.183
  47 123.949307  66.060261    36.891    37.038 12 55118.33684004 39.866
  48 123.946091  66.058043    36.730    36.763 12 55128.25248208 50.698
  49 123.937638  66.056048    35.533    35.176 14 55138.16812151 45.726
  50 123.936014  66.056401    36.106    36.015 15 55148.08376000 33.840
  51 123.949489  66.059051    35.460    35.421 11 55157.99939932 28.249
  52 123.951652  66.060980    35.612    35.650 11 55167.91503742 25.181
  53 123.953833  66.061452    35.764    35.798 11 55177.83067484 23.847
  54 123.950887  66.060443    35.863    35.859 11 55187.74631892 23.013
  55 123.950618  66.060219    35.827    35.847 11 55197.66196971 22.583
  56 123.950284  66.061286    35.757    35.709 11 55207.57761947 21.163
  57 123.958654  66.063192    35.539    35.530 11 55217.49326948 20.431
  58 123.958469  66.063571    35.278    35.090 10 55227.40891802 19.397
  59 123.951622  66.061765    35.443    35.616 11 55237.32456312 18.548
  60 123.946576  66.058833    36.388    36.485 12 55247.24020489 17.752
  61 123.939434  66.056680    37.163    36.828 14 55257.15584395 17.194
  62 123.935403  66.056913    37.383    36.904 15 55267.07148239 16.166
  63 123.949124  66.059354    36.498    36.513 11 55276.98712190 15.410
  64 123.948777  66.060515    36.636    36.482 12 55286.90275900 14.972
  65 123.950675  66.059842    36.519    36.412 12 55296.81839400 14.736
  66 123.939105  66.057285    37.762    37.100 14 55306.73403375 19.984
  67 123.941596  66.056009    35.577    35.754 14 55316.64968065 24.661
  68 123.939435  66.056623    35.733    34.847 13 55326.56532591 38.073
  69 123.948811  66.059145    36.144    36.159 11 55336.48097123 39.695
  70 123.952075  66.061184    42.562    42.605 11 55346.39661553 36.649
  71 123.952069  66.061637    40.441    40.598 11 55356.31225818 23.483
  72 123.950543  66.061137    39.372    39.350 11 55366.22789866 30.098
  73 123.951119  66.060687    39.008    38.995 11 55376.14353785 55.432
  74 123.950753  66.061081    38.520    38.002 12 55386.05917600 25.607
  75 123.951501  66.061852    39.387    39.245 11 55395.97481336 22.571
  76 123.956569  66.062254    37.564    37.562 11 55405.89045476 30.990
  77 123.952500  66.061008    37.017    37.087 12 55415.80610569 37.491
  78 123.949163  66.058692    37.846    37.838 11 55425.72175340 51.126
  79 123.942472  66.056820    37.172    36.741 14 55435.63739816 36.284
  80 123.940266  66.056945    38.127    37.664 13 55445.55304202 31.616
  81 123.949079  66.058814    37.350    37.494 11 55455.46868612 30.823
  82 123.950869  66.060335    37.530    37.274 12 55465.38432886 29.942
  83 123.948513  66.059907    36.221    36.223 12 55475.29996828 53.553
  84 123.945927  66.057990    35.348    35.337 12 55485.21560456 45.520
  85 123.935583  66.055990    34.673    34.654 15 55495.13123802 41.933
  86 123.942382  66.056724    35.379    35.352 14 55505.04687221 28.383
  87 123.947898  66.059080    34.829    34.792 12 55514.96252326 21.746
  88 123.952669  66.061305    35.189    35.177 12 55524.87817334 18.475
  89 123.956054  66.062114    35.389    35.377 11 55534.79382137 17.421
  90 123.953979  66.061567    35.265    35.240 11 55544.70946691 16.123
  91 123.950487  66.061105    35.271    35.094 12 55554.62511043 15.424
  92 123.952472  66.061578    35.301    35.253 12 55564.54075350 14.467
  93 123.956222  66.062097    35.585    35.569 11 55574.45639613 13.378
  94 123.950200  66.061256    35.640    35.425 11 55584.37203633 13.151
  95 123.949702  66.059681    36.023    35.974 12 55594.28767363 12.460
  96 123.949401  66.058009    36.246    36.244 12 55604.20330762 12.334
  97 123.937915  66.056860    37.194    36.505 14 55614.11893851 12.018
  98 123.938750  66.057348    37.161    36.615 14 55624.03457673 11.681
  99 123.948034  66.058738    36.352    36.249 12 55633.95023023 11.535
 100 123.947004  66.059161    36.644    36.579 12 55643.86588051 10.933
 101 123.949842  66.058918    36.637    36.522 12 55653.78152830 10.952
 102 123.951267  66.057945    36.974    36.890 11 55663.69717150 10.459
 103 123.940421  66.057163    35.856    35.427 13 55673.61281062 28.377
 104 123.947760  66.058052    38.552    37.908 12 55683.52844992 27.304
 105 123.950027  66.059563    35.800    35.567 12 55693.44408744 37.786
 106 123.950990  66.060856    43.366    43.380 11 55703.35972336 54.155
 107 123.951466  66.061399    39.029    38.960 10 55713.27536806 55.492
 108 123.954802  66.061540    40.022    40.070 11 55723.19101764 21.005
 109 123.952370  66.061551    39.805    39.796 12 55733.10666471 52.443
 110 123.952159  66.061735    37.873    37.886 11 55743.02231072 28.201
 111 123.952000  66.061564    37.807    37.803 11 55752.93795537 28.814
 112 123.952024  66.060503    37.188    37.214 12 55762.85359773 53.310
 113 123.948113  66.058899    36.509    36.398 12 55772.76923691 39.889
 114 123.935339  66.057128    37.375    37.167 15 55782.68487180 41.066
 115 123.940550  66.057329    38.596    38.330 14 55792.60050581 44.944
 116 123.948003  66.058371    37.660    37.639 11 55802.51614074 26.698
 117 123.949283  66.059240    37.515    37.247 12 55812.43179086 29.688
 118 123.950135  66.059140    38.307    37.755 12 55822.34743926 26.418
 119 123.948331  66.058231    38.378    38.460 12 55832.26308260 24.476
 120 123.940022  66.057182    37.033    36.918 14 55842.17872089 35.990
 121 123.940821  66.057427    35.889    35.872 14 55852.09435695 47.776
 122 123.947601  66.059026    35.520    35.545 12 55862.00999143 46.973
 123 123.952353  66.060679    36.075    36.071 12 55871.92564645 26.806
 124 123.952908  66.061353    36.491    36.456 11 55881.84129628 15.651
 125 123.951884  66.061244    36.597    36.536 11 55891.75693939 15.276
 126 123.952380  66.061144    36.926    36.848 11 55901.67257688 14.489
 127 123.952434  66.061483    37.208    37.088 12 55911.58821092 13.847
 128 123.954932  66.062238    37.092    37.089 11 55921.50386567 14.096
 129 123.952299  66.061757    37.000    36.989 11 55931.41951730 13.115
 130 123.949345  66.059916    36.762    36.771 11 55941.33516483 13.107
 131 123.938413  66.057478    37.935    37.546 14 55951.25080714 13.107
 132 123.939989  66.056841    37.623    37.296 14 55961.16644684 12.238
 133 123.949447  66.058094    36.880    36.759 12 55971.08208505 12.086
 134 123.949058  66.059546    36.955    36.969 11 55980.99772117 12.084
 135 123.948219  66.059701    36.844    36.852 12 55990.91335606 11.597
 136 123.946741  66.058765    36.831    36.852 12 56000.82900123 11.001
 137 123.935500  66.057078    38.210    37.972 15 56010.74465055 11.976
 138 123.940301  66.057064    37.838    37.349 14 56020.66029746 11.580
 139 123.947390  66.058477    37.106    37.122 11 56030.57594165 10.467
 140 123.949765  66.060443    37.547    37.533 12 56040.49158346  9.487
 141 123.954786  66.061701    37.826    37.974 11 56050.40722334  6.856
 142 123.955576  66.061854    36.123    36.051 11 56060.32286014 43.816
 143 123.950153  66.060831    44.439    44.433 11 56070.23849614 52.691
 144 123.951241  66.060743    41.891    41.860 12 56080.15414713 28.633
 145 123.950887  66.061360    40.211    40.150 11 56090.06979528 28.258
 146 123.955969  66.062438    40.249    40.364 11 56099.98544148 22.026
 147 123.953778  66.061932    39.929    40.233 11 56109.90107291 20.802
 148 123.947725  66.059725    39.835    39.830 12 56119.81671247 45.927
 149 123.942209  66.057165    38.503    37.982 14 56129.73234841 26.725
 150 123.940893  66.056165    38.977    38.941 14 56139.64798160 26.201
 151 123.939940  66.057639    39.413    39.405 14 56149.56363145 55.629
 152 123.951547  66.060146    37.756    37.474 12 56159.47928164 29.578
 153 123.950969  66.060832    38.505    38.518 12 56169.39492933 35.451
 154 123.950959  66.059488    39.020    39.014 12 56179.31057364 52.707
 155 123.942987  66.057421    38.242    38.007 14 56189.22621298 29.026
 156 123.935043  66.056650    38.828    38.804 15 56199.14184918 27.580
 157 123.949569  66.058773    37.728    37.396 12 56209.05748478 25.548
 158 123.950811  66.061114    36.449    36.399 12 56218.97311742 43.543
 159 123.956161  66.062743    35.468    35.447 11 56228.88876487 47.473
 160 123.954484  66.062269    35.758    35.770 11 56238.80441851 32.693
 161 123.951972  66.061172    35.103    35.077 11 56248.72006820 29.140
 162 123.948668  66.060417    35.703    35.687 12 56258.63571293 28.473
 163 123.952133  66.061225    35.710    35.708 11 56268.55135531 27.493
 164 123.954241  66.061981    35.764    35.798 11 56278.46699586 23.934
 165 123.952658  66.061872    35.969    35.822 11 56288.38264513 20.185
 166 123.950369  66.059881    35.813    35.734 12 56298.29829373 18.537
 167 123.938088  66.057192    36.550    36.314 14 56308.21393748 18.480
 168 123.935691  66.056207    36.733    36.334 15 56318.12957957 16.390
 169 123.946850  66.058103    36.253    36.326 12 56328.04522167 15.600
 170 123.950428  66.060269    36.616    36.525 11 56337.96086210 14.619
 171 123.951328  66.061067    36.747    36.835 12 56347.87650041 12.929
 172 123.951350  66.059709    36.765    36.603 12 56357.79213586 12.644
 173 123.942717  66.057633    37.482    37.100 14 56367.70778442 12.526
 176 123.953024  66.062070    36.979    36.858 11 56397.45472267 11.240
 177 123.959398  66.063615    37.445    37.749 11 56407.37036443 20.318
 178 123.957227  66.062983    34.646    34.260 10 56417.28600150 46.755
 179 123.951057  66.061115    35.715    35.699 11 56427.20163349 44.958
 180 123.951221  66.060361    42.020    42.073 12 56437.11728563 28.652
 181 123.950539  66.060776    41.044    41.030 12 56447.03293712 56.819
 182 123.951924  66.061809    40.411    40.603 11 56456.94858655 21.247
 183 123.952640  66.061660    40.003    39.983 12 56466.86423269 24.947
 184 123.950599  66.060021    37.956    37.892 11 56476.77987456 27.441
 185 123.940083  66.057521    38.140    37.679 14 56486.69551199 31.414
 186 123.935512  66.056595    40.030    39.922 15 56496.61114730 23.774
 187 123.946386  66.058000    40.236    40.246 12 56506.52678268 23.933
 188 123.949950  66.059953    40.200    40.185 11 56516.44241775 33.586
 189 123.952128  66.060906    39.161    39.096 11 56526.35807252 22.056
 190 123.950404  66.060123    39.328    39.622 11 56536.27372276 21.089
 192 123.948726  66.058487    37.804    37.591 12 56556.10501309 27.639
 193 123.949674  66.059963    37.315    37.174 12 56566.02065592 30.285
 194 123.953252  66.062245    36.777    36.787 11 56575.93629764 42.755
 195 123.958743  66.063559    35.691    35.623 10 56585.85193631 45.686
 196 123.956081  66.062922    34.602    34.602 10 56595.76757389 47.446
 197 123.951442  66.061562    34.776    34.681 11 56605.68322586 33.789
 198 123.949810  66.060616    35.691    35.673 12 56615.59887328 24.209
 199 123.951399  66.060680    35.607    35.602 12 56625.51451738 17.317
 200 123.949999  66.060893    35.601    35.610 12 56635.43015846 17.677
 201 123.950416  66.060691    35.708    35.666 11 56645.34579716 17.621
 202 123.947974  66.059626    36.103    35.929 12 56655.26144952 14.174
 203 123.947750  66.058233    36.055    35.956 11 56665.17709778 14.136
 204 123.941806  66.057562    36.595    36.090 14 56675.09274286 15.122
 205 123.948537  66.058707    35.841    35.861 11 56685.00838802 14.840
 206 123.950287  66.060096    35.373    35.318 11 56694.92403071 14.505
 207 123.948832  66.060613    36.159    36.222 12 56704.83966863 12.928
 208 123.950833  66.059986    36.645    36.620 12 56714.75530140 11.505
 210 123.950169  66.059565    36.868    36.703 11 56734.58660285 11.106
 211 123.950452  66.061156    36.771    36.778 11 56744.50224958 11.111
 212 123.957130  66.062906    36.968    37.010 11 56754.41789262 10.738
 213 123.958664  66.063355    36.197    36.606 10 56764.33352966 32.970
 214 123.954399  66.062389    38.098    37.824 11 56774.24916517 29.171
 215 123.953801  66.061678    35.222    35.214 11 56784.16482222 40.613
 216 123.952144  66.061345    41.551    41.556 11 56794.08047553 44.818
 217 123.953936  66.061484    41.133    41.161 11 56803.99612584 54.467
 218 123.951978  66.061124    40.357    40.395 11 56813.91176838 56.006
 219 123.949848  66.060140    39.608    39.290 12 56823.82740739 26.135
 220 123.975661  66.059954    40.306    40.187  4 56833.74304492 13.081
 221 123.948613  66.058398    38.446    38.198 12 56843.65867418 25.969
 222 123.949664  66.058812    37.724    37.818 12 56853.57431673 36.489
 223 123.949198  66.059619    37.669    37.814 11 56863.48997063 27.355
 224 123.951174  66.060296    37.081    36.737 11 56873.40562418 29.397
 225 123.948822  66.060256    37.564    36.904 12 56883.32127417 28.426
 226 123.949174  66.060087    37.399    37.164 12 56893.23692099 44.905
 227 123.951410  66.060226    37.554    37.606 12 56903.15256482 26.075
 228 123.951304  66.061206    37.498    37.533 12 56913.06820649 52.698
 229 123.957087  66.062501    37.118    37.093 11 56922.98384702 27.674
 230 123.957177  66.063191    37.821    37.711 10 56932.89948463 25.543
 231 123.955883  66.062762    36.367    36.349 11 56942.81511682 55.221
 232 123.955995  66.061886    35.280    35.293 11 56952.73076155 49.743
 233 123.950563  66.061081    34.168    34.185 11 56962.64641170 46.416
 234 123.952365  66.061223    34.614    34.587 11 56972.56205766 30.089
 235 123.953973  66.061484    35.275    35.288 11 56982.47769941 25.552
 236 123.950961  66.060851    35.476    35.470 12 56992.39333615 19.857
 237 123.950679  66.059358    35.319    35.325 12 57002.30897033 20.876
 238 123.945622  66.058136    35.394    35.395 12 57012.22462699 19.315
 239 123.947307  66.058027    35.414    35.426 11 57022.14027859 17.742
 240 123.950851  66.059391    35.391    35.273 12 57032.05592761 16.875
 241 123.949839  66.060532    35.325    35.368 11 57041.97157414 15.439
 242 123.949537  66.060857    35.332    35.173 11 57051.88721858 15.205
 243 123.949789  66.060023    35.592    35.551 11 57061.80285876 14.661
 244 123.948527  66.059298    35.866    35.923 11 57071.71849341 13.823
 245 123.949431  66.059762    35.689    35.572 11 57081.63412410 13.319
 246 123.955160  66.061695    36.091    35.964 11 57091.54976864 13.253
 247 123.957628  66.063590    36.748    36.663 10 57101.46542634 11.955
 248 123.958016  66.063907    36.749    36.659 10 57111.38108049 12.047
 249 123.952838  66.062425    36.575    36.626 11 57121.29672832 12.114
 250 123.952031  66.060834    37.486    37.486 11 57131.21237088 16.880
 251 123.950454  66.060429    37.433    37.341 11 57141.12800827 29.629
 252 123.952417  66.061292    35.124    34.845 11 57151.04364269 37.301
 253 123.950377  66.061678    39.704    39.706 11 57160.95927350 44.037
 254 123.950266  66.060998    41.346    41.413 12 57170.87492842 28.653
 255 123.948289  66.059183    41.283    41.292 11 57180.79058323 53.116
 256 123.939881  66.057494    40.813    40.903 14 57190.70623351 27.218
 257 123.947313  66.058130    39.737    39.949 12 57200.62188200 31.954
 258 123.948497  66.059814    38.657    38.667 11 57210.53751628 48.388
 259 123.952140  66.061357    38.017    37.998 11 57220.45316058 36.600
 260 123.951451  66.061271    37.762    37.909 11 57230.36880330 28.541
 261 123.951115  66.060399    37.845    37.458 12 57240.28444371 25.189
 262 123.949451  66.059523    36.821    36.821 12 57250.20008120 54.491
 263 123.949824  66.060186    37.955    37.661 11 57260.11571671 25.759
 264 123.956494  66.062122    36.208    36.251 11 57270.03135152 41.431
 265 123.957757  66.063942    37.026    36.976 10 57279.94700464 27.392
 266 123.958791  66.064064    35.498    35.474 10 57289.86266027 50.772
 267 123.954476  66.062435    36.072    36.062 10 57299.77831246 56.793
 268 123.949872  66.060276    35.247    35.258 11 57309.69396096 53.718
 269 123.949967  66.059678    34.285    34.293 12 57319.60960645 46.297
 270 123.949916  66.060573    35.177    35.155 11 57329.52524906 32.087
 271 123.956015  66.062113    34.659    34.790 11 57339.44089008 28.225
 272 123.953394  66.061756    34.910    34.928 11 57349.35653927 25.468
 273 123.950648  66.059668    35.486    35.156 12 57359.27218468 18.968
 274 123.941896  66.057234    36.916    36.083 14 57369.18782635 17.703
 275 123.939669  66.057092    36.881    36.276 14 57379.10346603 17.075
 276 123.947600  66.059363    36.465    35.924 12 57389.01910528 16.132
 277 123.950732  66.061421    36.026    36.162 11 57398.93474317 14.814
 278 123.955723  66.061843    35.801    35.865 11 57408.85038074 14.522
 279 123.949509  66.060423    36.114    35.875 12 57418.76603307 14.193
 280 123.951372  66.059628    36.143    36.020 12 57428.68168356 14.076
 281 123.950050  66.060440    36.194    36.318 11 57438.59733135 13.491
 282 123.955135  66.062745    36.022    36.024 11 57448.51297850 12.813
 283 123.963409  66.064585    36.233    36.266 10 57458.42862471 12.899
 284 123.961102  66.064165    36.132    35.958 10 57468.34426705 12.806
 285 123.953248  66.061795    36.341    36.234 11 57478.25990482 12.293
 286 123.949637  66.059613    36.793    36.966 12 57488.17553985 11.934
 287 123.947854  66.058915    37.226    37.094 11 57498.09117301 10.823
 288 123.948961  66.060091    33.813    33.803 11 57508.00681340 30.110
 289 123.951093  66.061272    35.666    35.610 12 57517.92246974 33.311
 290 123.951407  66.061228    37.993    37.998 11 57527.83812300 43.827
 291 123.950854  66.059502    39.827    39.929 12 57537.75377333 46.604
 292 123.937910  66.057480    41.197    41.202 14 57547.66941990 55.662
 293 123.940957  66.057469    40.820    40.936 13 57557.58506652 25.779
 294 123.949446  66.059497    39.790    39.830 12 57567.50071262 23.192
 295 123.951645  66.061379    38.999    38.961 11 57577.41635744 40.793
 296 123.954185  66.062131    38.437    38.447 11 57587.33200103 23.040
 297 123.952219  66.061384    39.032    38.971 11 57597.24764176 21.766
