-139897.227   158.886     0.00    9.50
-139610.314   159.040     0.54    8.65
-139323.395   158.001    -3.62    8.78
-139036.470   155.877    -7.41   10.32
-138749.538   152.779   -10.79   11.21
-138462.601   148.924   -13.43   10.14
-138175.658   145.274   -12.72    7.60
-137888.708   143.393    -6.56    4.79
-137601.753   143.899     1.76    5.75
-137314.791   146.490     9.03    8.49
-137027.823   150.939    15.50   10.91
-136740.850   155.359    15.40   12.40
-136453.870   159.809    15.50   12.64
-136166.884   164.486    16.30   11.86
-135879.892   167.781    11.48   10.48
-135592.894   169.595     6.32    9.64
-135305.890   169.703     0.37    9.51
-135018.880   169.214    -1.70    9.83
-134731.864   167.344    -6.51    9.95
-134444.842   165.052    -7.98    9.01
-134157.814   162.867    -7.61    7.43
-133870.779   161.455    -4.92    7.28
-133583.739   159.416    -7.10    7.18
-133296.692   156.961    -8.55    8.28
-133009.640   154.122    -9.89    8.35
-132722.724   151.835    -7.97    7.65
-132436.884   149.861    -6.91    6.42
-132151.039   148.597    -4.42    5.13
-131865.189   148.238    -1.26    5.12
-131579.334   148.896     2.30    6.04
-131293.473   149.416     1.82    6.60
-131007.608   149.598     0.64    6.95
-130721.736   149.069    -1.85    7.17
-130435.860   147.838    -4.31    7.86
-130149.978   146.405    -5.01    7.47
-129864.092   145.288    -3.91    6.53
-129578.199   144.361    -3.24    7.55
-129292.302   143.882    -1.67    8.53
-129006.399   144.334     1.58    8.79
-128720.492   144.675     1.19    9.55
-128434.578   146.141     5.13    9.24
-128148.660   146.919     2.72    8.43
-127862.736   146.299    -2.17    7.25
-127576.807   144.594    -5.96    7.51
-127290.873   141.724   -10.04    7.90
-127004.934   139.656    -7.23    7.18
-126718.989   138.347    -4.58    6.87
-126433.039   138.245    -0.35    7.40
-126147.084   138.731     1.70    8.53
-125861.123   139.647     3.20    9.69
-125575.157   140.820     4.11   10.47
-125289.186   142.245     4.98   10.34
-125003.210   142.902     2.30    9.89
-124717.228   142.274    -2.20    9.78
-124431.242   141.983    -1.02    9.17
-124145.249   142.788     2.81    9.30
-123859.252   145.064     7.96   10.16
-123573.249   146.141     3.77   10.16
-123287.241   147.135     3.48    9.89
-123001.228   149.569     8.51    8.40
-122715.210   151.277     5.97    6.96
-122429.186   152.515     4.33    7.98
-122143.157   153.625     3.88    9.04
-121857.123   155.207     5.53    9.44
-121571.083   157.081     6.55    9.08
-121285.039   159.242     7.55    8.08
-120998.988   161.463     7.76    6.10
-120712.933   162.723     4.41    4.45
-120426.873   162.710    -0.05    4.36
-120140.807   161.828    -3.08    4.51
-119854.735   159.997    -6.40    6.28
-119568.659   155.076   -17.20   14.73
-119282.577   148.270   -23.79   20.61
-118996.490   140.354   -27.67   22.61
-118710.398   132.794   -26.42   21.05
-118424.301   127.076   -19.99   17.26
-118138.198   123.638   -12.02   12.66
-117852.090   122.117    -5.32    9.04
-117565.976   122.780     2.32    6.36
-117279.858   124.045     4.42    3.61
-116993.734   124.263     0.76    2.60
-116707.605   124.565     1.06    2.76
-116421.470   125.302     2.58    3.16
-116135.331   126.419     3.90    3.39
-115849.186   127.221     2.80    3.53
-115563.035   127.609     1.36    3.43
-115276.880   128.531     3.22    3.52
-114990.719   129.823     4.51    3.39
-114704.553   130.773     3.32    3.18
-114418.381   131.578     2.82    2.90
-114132.205   132.231     2.28    2.99
-113846.023   132.919     2.41    2.82
-113559.836   133.252     1.16    3.05
-113273.643   132.766    -1.70    3.32
-112987.445   132.228    -1.88    3.35
-112701.242   131.724    -1.76    3.23
-112415.034   131.162    -1.96    3.21
-112128.820   130.486    -2.36    3.46
-111842.601   130.165    -1.12    3.64
-111556.377   130.589     1.48    3.74
-111270.148   131.609     3.56    3.91
-110983.913   132.395     2.74    3.99
-110697.673   133.414     3.56    3.91
-110411.428   134.795     4.82    3.50
-110125.177   135.501     2.46    2.95
-109838.921   136.259     2.65    3.10
-109552.660   137.038     2.72    3.65
-109266.393   138.294     4.39    4.23
-108980.122   140.472     7.61    5.19
-108693.845   142.667     7.66    5.79
-108407.562   144.667     6.99    5.76
-108121.275   147.196     8.83    5.46
-107834.982   149.519     8.11    5.53
-107548.684   151.675     7.53    5.02
-107262.380   153.310     5.71    4.55
-106976.071   154.832     5.31    4.26
-106689.757   156.558     6.03    4.25
-106403.438   158.290     6.05    4.27
-106117.113   159.563     4.45    4.31
-105830.783   160.810     4.35    4.39
-105544.448   161.608     2.79    4.39
-105258.108   162.333     2.53    4.46
-104971.762   163.382     3.66    4.11
-104685.411   164.661     4.47    3.67
-104399.054   165.895     4.31    3.77
-104112.693   167.145     4.37    4.71
-103826.326   168.885     6.08    5.78
-103539.953   170.334     5.06    6.09
-103253.576   172.252     6.70    5.34
-102967.193   173.810     5.44    5.41
-102680.805   174.830     3.56    5.06
-102394.412   175.156     1.14    4.55
-102108.013   174.899    -0.90    4.36
-101821.609   174.393    -1.77    4.49
-101535.199   172.979    -4.93    5.05
-101248.785   171.479    -5.24    5.22
-100962.365   170.731    -2.61    4.77
-100675.940   170.598    -0.46    4.58
-100389.509   170.932     1.17    4.71
-100103.073   171.234     1.05    4.59
 -99816.632   171.815     2.03    4.56
 -99530.186   172.359     1.90    4.38
 -99243.734   172.612     0.88    4.39
 -98957.277   172.245    -1.28    4.45
 -98670.815   172.292     0.16    4.19
 -98384.347   172.995     2.45    3.41
 -98097.874   174.047     3.67    2.59
 -97811.396   174.541     1.73    2.21
 -97524.913   174.524    -0.06    2.14
 -97238.424   174.429    -0.33    2.34
 -96951.930   174.284    -0.51    2.59
 -96665.430   174.032    -0.88    2.77
 -96378.925   173.680    -1.23    3.08
 -96092.415   173.224    -1.59    3.39
 -95805.900   173.256     0.11    3.52
 -95519.379   172.967    -1.01    3.49
 -95232.854   171.933    -3.61    3.21
 -94946.322   171.002    -3.25    4.04
 -94659.786   170.859    -0.50    4.68
 -94373.244   171.076     0.76    5.04
 -94086.697   171.981     3.16    6.09
 -93800.144   173.440     5.09    7.34
 -93513.586   174.544     3.85    7.95
 -93227.023   175.486     3.29    8.50
 -92940.455   175.613     0.44    9.26
 -92653.881   174.971    -2.24    8.88
 -92367.302   173.200    -6.18    7.61
 -92080.718   171.854    -4.70    5.71
 -91794.128   171.220    -2.21    4.76
 -91507.533   171.290     0.24    4.61
 -91220.933   171.868     2.02    4.92
 -90934.328   172.717     2.96    5.10
 -90647.717   173.234     1.81    5.79
 -90361.101   173.184    -0.18    6.84
 -90074.479   172.814    -1.29    7.65
 -89787.852   173.009     0.68    8.35
 -89501.220   173.134     0.43    8.73
 -89214.583   172.367    -2.68    8.96
 -88927.940   170.914    -5.07    8.93
 -88641.292   168.563    -8.20    9.28
 -88354.639   166.349    -7.72    9.70
 -88067.980   164.224    -7.41    9.73
 -87781.316   162.968    -4.38    9.70
 -87494.647   161.878    -3.80    9.78
 -87207.972   161.988     0.38   10.08
 -86921.292   163.507     5.30    9.95
 -86634.607   164.429     3.21    9.48
 -86347.916   163.088    -4.68    8.84
 -86061.220   161.941    -4.00    8.21
 -85774.519   161.858    -0.29    7.35
 -85487.813   163.102     4.34    6.97
 -85201.101   164.331     4.29    6.90
 -84914.384   164.559     0.80    6.96
 -84627.661   164.613     0.19    7.02
 -84340.933   164.177    -1.52    7.53
 -84054.200   165.064     3.10    8.72
 -83767.462   165.970     3.16    9.54
 -83480.718   167.174     4.20    9.85
 -83193.969   168.976     6.29    9.31
 -82907.215   171.053     7.24    7.73
 -82620.455   172.173     3.90    5.79
 -82333.690   171.107    -3.71    5.17
 -82046.920   169.004    -7.34    5.16
 -81760.144   166.936    -7.21    4.48
 -81473.363   165.437    -5.22    3.79
 -81186.577   164.177    -4.40    2.83
 -80899.785   163.407    -2.68    2.36
 -80612.988   163.162    -0.85    2.17
 -80326.186   163.745     2.03    4.06
 -80039.378   165.983     7.80    7.12
 -79752.565   169.405    11.93    8.98
 -79465.747   172.888    12.14    9.69
 -79178.923   176.335    12.02    8.84
 -78892.094   178.598     7.89    7.04
 -78605.260   179.140     1.89    6.00
 -78318.420   178.170    -3.38    6.33
 -78031.575   176.651    -5.29    5.86
 -77744.725   175.407    -4.34    5.69
 -77457.870   175.156    -0.87    5.70
 -77171.009   175.112    -0.15    5.50
 -76884.143   175.117     0.02    5.40
 -76597.271   173.937    -4.11    7.00
 -76310.394   171.690    -7.83    8.72
 -76023.512   169.074    -9.12    9.43
 -75736.624   167.026    -7.14    8.51
 -75449.731   164.617    -8.39    7.28
 -75162.833   163.207    -4.92    6.08
 -74875.930   162.019    -4.14    5.12
 -74589.021   161.092    -3.23    4.20
 -74302.107   160.213    -3.07    4.27
 -74015.187   158.875    -4.66    4.75
 -73728.262   156.905    -6.87    4.85
 -73441.332   154.916    -6.93    4.08
 -73154.397   153.238    -5.85    3.40
 -72867.456   152.194    -3.64    2.99
 -72580.509   151.155    -3.62    2.74
 -72293.558   150.511    -2.25    2.73
 -72006.601   149.432    -3.76    2.76
 -71719.639   148.323    -3.87    2.77
 -71432.671   147.184    -3.97    2.76
 -71145.698   146.348    -2.91    2.62
 -70858.903   145.396    -3.32    2.88
 -70572.986   143.904    -5.22    3.50
 -70287.064   142.541    -4.77    3.60
 -70001.138   141.355    -4.15    3.99
 -69715.207   139.852    -5.26    4.29
 -69429.271   138.155    -5.93    4.24
 -69143.331   136.116    -7.13    3.80
 -68857.387   134.382    -6.06    3.66
 -68571.438   133.074    -4.57    3.62
 -68285.484   131.610    -5.12    3.16
 -67999.526   130.362    -4.37    2.90
 -67713.564   128.900    -5.11    2.79
 -67427.596   127.647    -4.38    2.90
 -67141.624   126.801    -2.96    3.05
 -66855.648   126.047    -2.64    3.05
 -66569.667   125.252    -2.78    3.16
 -66283.682   124.632    -2.17    3.44
 -65997.692   124.151    -1.68    3.52
 -65711.697   123.169    -3.43    3.94
 -65425.698   121.688    -5.18    4.47
 -65139.694   119.817    -6.54    5.27
 -64853.686   118.081    -6.07    5.23
 -64567.673   116.502    -5.52    4.78
 -64281.656   114.938    -5.47    4.06
 -63995.634   113.829    -3.88    3.63
 -63709.608   113.234    -2.08    3.37
 -63423.577   112.990    -0.86    3.74
 -63137.541   113.018     0.10    4.45
 -62851.501   112.432    -2.05    4.84
 -62565.456   111.724    -2.47    4.47
 -62279.407   111.623    -0.36    4.05
 -61993.353   111.131    -1.72    3.94
 -61707.295   110.680    -1.57    3.67
 -61421.232   110.124    -1.94    3.70
 -61135.164   109.419    -2.47    3.54
 -60849.092   109.572     0.53    3.78
 -60563.016   110.903     4.66    4.94
 -60276.935   111.709     2.82    5.82
 -59990.849   112.569     3.01    6.37
 -59704.759   113.813     4.35    6.91
 -59418.664   114.016     0.71    6.98
 -59132.564   114.421     1.42    6.28
 -58846.460   114.095    -1.14    5.31
 -58560.352   113.909    -0.65    4.06
 -58274.239   113.808    -0.35    3.31
 -57988.121   112.988    -2.87    3.07
 -57701.999   111.710    -4.47    2.93
 -57415.872   110.555    -4.04    3.50
 -57129.741   109.632    -3.23    4.13
 -56843.605   108.121    -5.28    4.76
 -56557.464   106.759    -4.76    4.79
 -56271.319   105.186    -5.50    4.34
 -55985.170   103.738    -5.06    4.53
 -55699.016   101.947    -6.26    5.42
 -55412.857   100.938    -3.52    5.54
 -55126.694    99.800    -3.98    5.40
 -54840.526    98.620    -4.12    5.37
 -54554.353    97.548    -3.75    4.93
 -54268.176    96.638    -3.18    4.51
 -53981.995    95.930    -2.48    4.47
 -53695.809    95.369    -1.96    4.39
 -53409.618    95.354    -0.05    4.54
 -53123.423    95.640     1.00    4.51
 -52837.223    95.830     0.66    4.55
 -52551.018    96.345     1.80    4.41
 -52264.810    96.504     0.56    4.12
 -51978.596    95.460    -3.65    4.73
 -51692.378    94.507    -3.33    5.37
 -51406.155    92.815    -5.91    6.09
 -51119.928    91.105    -5.97    6.06
 -50833.696    89.252    -6.47    5.52
 -50547.460    88.055    -4.18    4.98
 -50261.219    87.636    -1.46    4.56
 -49974.973    88.398     2.66    4.17
 -49688.723    88.004    -1.38    3.23
 -49402.469    87.115    -3.11    3.18
 -49116.209    85.630    -5.19    5.01
 -48829.946    84.259    -4.79    5.77
 -48543.677    83.538    -2.52    6.32
 -48257.404    82.855    -2.38    7.52
 -47971.127    82.098    -2.65    8.28
 -47684.845    81.551    -1.91    8.39
 -47398.558    81.717     0.58    8.25
 -47112.267    83.432     5.99    7.63
 -46825.971    84.854     4.97    8.12
 -46539.671    85.969     3.89    7.86
 -46253.366    88.488     8.80    7.52
 -45967.056    91.731    11.33    6.95
 -45680.742    93.960     7.79    6.44
 -45394.423    96.300     8.17    5.59
 -45108.100    97.584     4.49    5.49
 -44821.772    98.359     2.71    5.60
 -44535.440    98.924     1.97    5.31
 -44249.103    99.795     3.04    4.53
 -43962.761   100.044     0.87    3.16
 -43676.415   100.242     0.69    2.49
 -43390.064   100.242     0.00    2.31
 -43103.709    99.654    -2.05    2.91
 -42817.349    98.780    -3.05    4.09
 -42530.985    97.724    -3.69    5.00
 -42244.616    96.148    -5.50    5.77
 -41958.242    94.717    -5.00    5.54
 -41671.864    93.167    -5.42    5.02
 -41385.481    92.168    -3.49    4.33
 -41099.094    91.860    -1.07    4.19
 -40812.702    90.703    -4.04    4.14
 -40526.305    89.863    -2.93    3.49
 -40239.904    89.402    -1.61    3.26
 -39953.499    88.925    -1.67    3.68
 -39667.088    88.580    -1.21    3.77
 -39380.674    88.284    -1.03    3.74
 -39094.254    88.395     0.39    3.69
 -38807.830    89.044     2.26    3.62
 -38521.402    89.518     1.66    3.89
 -38234.969    89.752     0.82    4.33
 -37948.531    89.582    -0.59    4.98
 -37662.089    89.375    -0.72    5.63
 -37375.642    89.340    -0.12    5.87
 -37089.190    89.570     0.81    5.86
 -36802.734    90.541     3.39    5.45
 -36516.273    91.185     2.25    4.53
 -36229.808    91.326     0.49    3.60
 -35943.338    91.214    -0.39    2.96
 -35656.864    90.952    -0.91    2.84
 -35370.385    90.502    -1.57    2.93
 -35083.901    90.138    -1.27    2.72
 -34797.413    89.981    -0.55    2.37
 -34510.921    90.169     0.66    2.84
 -34224.423    90.320     0.53    3.06
 -33937.921    90.752     1.51    3.01
 -33651.415    91.242     1.71    2.87
 -33364.904    91.414     0.60    3.61
 -33078.388    90.877    -1.87    4.50
 -32791.868    89.854    -3.57    4.73
 -32505.343    88.521    -4.65    4.93
 -32218.813    86.575    -6.79    4.84
 -31932.279    85.045    -5.34    4.27
 -31645.741    83.217    -6.38    3.65
 -31359.198    80.987    -7.78    3.99
 -31072.650    79.231    -6.12    4.42
 -30786.097    77.910    -4.61    4.44
 -30499.540    76.342    -5.47    4.67
 -30212.979    74.687    -5.78    4.05
 -29926.413    73.696    -3.46    3.23
 -29639.842    72.698    -3.48    3.10
 -29353.267    71.793    -3.16    3.01
 -29066.687    70.972    -2.86    2.89
 -28780.102    70.638    -1.17    2.92
 -28493.513    69.774    -3.02    3.23
 -28206.919    68.787    -3.44    3.32
 -27920.321    67.971    -2.85    3.03
 -27633.718    68.037     0.23    3.15
 -27347.111    69.213     4.10    4.77
 -27060.499    70.632     4.95    5.52
 -26773.882    72.154     5.31    5.78
 -26487.261    74.228     7.24    5.28
 -26200.635    76.345     7.39    4.50
 -25914.004    77.661     4.59    3.28
 -25627.369    77.845     0.64    2.67
 -25340.730    77.639    -0.72    2.86
 -25054.085    77.648     0.03    3.30
 -24767.437    77.580    -0.24    3.73
 -24480.783    78.224     2.25    4.60
 -24194.125    79.831     5.60    5.88
 -23907.463    81.483     5.76    6.33
 -23620.795    83.787     8.04    6.77
 -23334.123    86.983    11.15    7.73
 -23047.447    90.402    11.93    7.73
 -22760.766    92.313     6.66    6.89
 -22474.080    93.589     4.45    6.07
 -22187.390    94.192     2.10    5.52
 -21900.695    94.829     2.22    5.33
 -21613.996    94.780    -0.17    5.57
 -21327.292    93.864    -3.20    5.05
 -21040.583    93.298    -1.97    4.29
 -20753.870    92.917    -1.33    4.79
 -20467.152    92.344    -2.00    6.05
 -20180.430    91.428    -3.19    7.18
 -19893.703    89.555    -6.53    8.46
 -19606.971    86.203   -11.69   10.12
 -19320.235    82.795   -11.88    9.91
 -19033.494    79.376   -11.92    8.24
 -18746.749    76.549    -9.86    6.45
 -18459.999    74.315    -7.79    4.29
 -18173.244    72.389    -6.72    4.52
 -17886.485    70.029    -8.23    6.39
 -17599.721    67.504    -8.80    8.07
 -17312.953    64.405   -10.81    8.82
 -17026.180    61.179   -11.25    9.38
 -16739.402    54.682   -22.65   14.51
 -16452.620    45.822   -30.89   20.06
 -16165.833    37.376   -29.45   22.81
 -15879.042    31.660   -19.93   22.06
 -15592.246    25.773   -20.53   20.14
 -15305.445    20.648   -17.87   16.38
 -15018.640    18.794    -6.46   13.03
 -14731.830    21.288     8.70   11.71
 -14445.015    22.724     5.01   11.26
 -14158.196    23.069     1.20   11.72
 -13871.373    22.980    -0.31   12.04
 -13584.544    22.375    -2.11   12.30
 -13297.711    22.463     0.31   12.58
 -13010.874    22.781     1.11   12.82
 -12724.032    23.128     1.21   12.19
 -12437.185    23.828     2.44   11.64
 -12150.334    24.378     1.91   11.29
 -11863.478    26.516     7.45    9.99
 -11576.617    27.167     2.27    9.26
 -11289.752    27.107    -0.21    9.12
 -11002.882    27.017    -0.31    9.17
 -10716.008    27.787     2.68    9.18
 -10429.129    28.970     4.12    8.38
 -10142.245    29.541     1.99    8.71
  -9855.357    27.142    -8.36   11.99
  -9568.464    25.846    -4.52   13.37
  -9281.567    27.197     4.71   13.36
  -8994.874    29.170     6.88   12.29
  -8708.881    29.540     1.29   11.82
  -8422.885    29.992     1.58   11.59
  -8136.884    31.588     5.58    9.84
  -7850.880    33.335     6.11    5.26
  -7564.871    33.486     0.53    3.74
  -7278.859    33.067    -1.47    3.97
  -6992.843    32.806    -0.91    4.16
  -6706.824    32.724    -0.29    4.52
  -6420.800    32.184    -1.89    4.02
  -6134.772    31.095    -3.81    4.93
  -5848.741    28.134   -10.35    9.65
  -5562.706    23.614   -15.80   13.36
  -5276.667    19.738   -13.55   14.50
  -4990.624    15.861   -13.56   13.74
  -4704.577    13.391    -8.63   12.53
  -4418.527    14.206     2.85   13.16
  -4132.472    18.078    13.54   15.00
  -3846.414    24.154    21.24   14.50
  -3560.352    26.042     6.60   14.86
  -3274.286    25.293    -2.62   16.94
  -2988.216    23.069    -7.77   18.85
  -2702.143    17.831   -18.31   19.58
  -2416.065    12.659   -18.08   18.84
  -2129.984     7.522   -17.96   16.10
  -1843.899     5.376    -7.50   14.49
  -1557.810     3.235    -7.48   12.25
  -1271.717     3.575     1.19   12.40
   -985.621     4.530     3.34   12.59
   -699.520     4.803     0.96   12.31
   -413.416     4.760    -0.15   11.37
   -127.308     3.327    -5.01    8.02
    158.805     2.193    -3.96    5.13
    444.920     2.187    -0.02    5.12
    731.040     1.966    -0.77    4.82
   1017.164     1.659    -1.07    4.45
   1303.291     1.083    -2.01    2.35
   1589.422     0.918    -0.58    1.06
   1875.558     2.324     4.92    5.48
   2161.697     4.099     6.20    7.51
   2447.839     5.990     6.61    9.49
   2733.986     9.280    11.50   13.09
   3020.137    13.788    15.76   15.76
   3306.291    17.414    12.67   17.06
   3592.449    20.134     9.50   17.82
   3878.611    19.930    -0.71   18.20
   4164.777    18.896    -3.61   18.46
   4450.947    15.787   -10.87   16.95
   4737.121    11.355   -15.49   13.45
   5023.298     7.167   -14.64    9.91
   5309.479     4.220   -10.30    5.77
   5595.665     4.148    -0.25    5.68
   5881.854     6.051     6.65    9.34
   6168.046     9.119    10.72   12.55
   6454.243    13.352    14.79   14.41
   6740.444    16.997    12.74   14.75
   7026.648    18.017     3.56   14.39
   7312.856    16.695    -4.62   15.06
   7599.068    14.280    -8.44   15.48
   7885.284     9.293   -17.42   13.66
   8171.504     4.485   -16.80    9.18
   8457.728     1.287   -11.17    2.89
   8743.955     0.745    -1.89    0.00
   9030.187     3.242     8.72    8.36
   9316.422     9.312    21.21   16.41
   9602.661    18.184    30.99   21.94
   9888.904    27.101    31.15   22.91
  10175.151    34.710    26.58   21.04
  10461.402    41.903    25.13   15.54
  10747.656    46.645    16.56    7.69
  11033.914    47.038     1.37    6.55
  11320.177    43.217   -13.35   11.25
  11606.443    38.711   -15.74   15.16
  11892.713    35.670   -10.62   16.20
  12178.986    32.549   -10.90   16.04
  12465.264    29.488   -10.69   14.39
  12751.545    27.495    -6.96   12.37
  13037.831    26.584    -3.18   10.79
  13324.120    27.936     4.72    9.25
  13610.413    29.471     5.36    7.41
  13896.710    30.197     2.53    6.84
  14183.011    30.281     0.29    6.72
  14469.315    30.376     0.33    7.21
  14755.624    29.983    -1.38    7.59
  15041.936    29.655    -1.14    8.17
  15328.252    28.936    -2.51    9.03
  15614.572    28.922    -0.05   10.48
  15900.896    30.395     5.15   11.86
  16187.224    32.666     7.93   12.95
  16473.556    35.192     8.82   13.58
  16759.891    38.107    10.18   13.47
  17046.230    41.382    11.44   12.34
  17332.574    44.211     9.88   10.67
  17618.921    46.284     7.24    9.37
  17905.272    48.067     6.23    8.19
  18191.626    48.426     1.26    8.23
  18477.985    48.191    -0.82    8.87
  18764.347    47.423    -2.68    9.81
  19050.714    46.507    -3.20   10.56
  19337.084    46.112    -1.38   10.74
  19623.458    45.773    -1.18   10.71
  19909.836    46.479     2.46   10.55
  20196.218    47.305     2.89   10.09
  20482.603    47.874     1.98    9.32
  20768.993    48.642     2.68    7.90
  21055.386    49.493     2.97    6.58
  21341.784    50.166     2.35    5.71
  21628.185    49.881    -1.00    5.25
  21914.590    49.703    -0.62    5.18
  22200.998    49.544    -0.55    5.13
  22487.411    49.668     0.43    5.53
  22773.828    51.575     6.66    9.01
  23060.248    55.616    14.11   13.68
  23346.672    61.221    19.57   17.97
  23633.100    68.903    26.82   21.69
  23919.532    74.908    20.96   23.13
  24205.968    79.888    17.39   22.91
  24492.408    85.249    18.71   22.16
  24778.852    88.320    10.72   20.46
  25065.299    90.807     8.68   18.92
  25351.750    93.121     8.08   17.56
  25638.206    94.359     4.32   16.48
  25924.665    96.630     7.93   16.93
  26211.127    99.333     9.43   18.42
  26497.594   102.881    12.39   19.90
  26784.065   104.745     6.51   20.02
  27070.539   106.556     6.32   19.54
  27357.018   108.105     5.41   18.36
  27643.500   108.242     0.48   17.00
  27929.986   108.059    -0.64   15.13
  28216.476   107.814    -0.86   12.49
  28502.970   107.074    -2.58   10.53
  28789.468   106.033    -3.63    9.45
  29075.969   104.703    -4.64    9.16
  29362.474   101.424   -11.45   11.14
  29648.984    96.954   -15.60   13.22
  29935.497    91.627   -18.59   13.93
  30222.014    85.732   -20.58   13.41
  30508.535    80.255   -19.11   11.49
  30795.060    75.766   -15.67    8.38
  31081.588    72.299   -12.10    5.62
  31368.121    70.395    -6.64    3.93
  31654.657    69.177    -4.25    3.16
  31941.197    68.677    -1.75    3.22
  32227.741    67.970    -2.47    3.77
  32514.289    67.142    -2.89    4.53
  32800.841    66.190    -3.33    4.89
  33087.397    65.364    -2.88    5.11
  33373.957    65.817     1.58    5.96
  33660.520    67.891     7.24    7.96
  33947.087    70.752     9.98    8.51
  34233.659    73.480     9.52    7.86
  34520.234    75.204     6.02    6.69
  34806.813    75.796     2.06    5.70
  35093.395    75.117    -2.37    6.43
  35379.982    73.031    -7.28    6.82
  35666.573    68.588   -15.50    9.34
  35953.167    65.228   -11.72    8.65
  36239.765    61.868   -11.73    9.94
  36526.368    58.074   -13.24   11.82
  36812.974    55.194   -10.05   11.79
  37099.583    52.825    -8.27   11.23
  37386.197    51.689    -3.96   10.64
  37672.815    51.971     0.98    9.63
  37959.436    54.827     9.96   10.74
  38246.062    59.423    16.04   12.80
  38532.691    64.702    18.42   14.08
  38819.324    69.952    18.32   14.16
  39105.961    75.652    19.88   13.06
  39392.602    81.330    19.81    9.46
  39679.247    85.174    13.41    6.00
  39965.896    87.664     8.69    5.17
  40252.548    89.759     7.31    4.86
  40539.205    92.134     8.28    4.68
  40825.865    94.252     7.39    5.06
  41112.529    96.125     6.53    5.50
  41399.197    98.300     7.59    5.78
  41685.869   100.656     8.22    5.83
  41972.545   102.855     7.67    5.16
  42259.224   104.274     4.95    4.16
  42545.908   104.539     0.93    4.03
  42832.595   104.616     0.27    4.30
  43119.287   104.981     1.28    4.74
  43405.982   106.092     3.87    5.51
  43692.681   107.868     6.19    6.63
  43979.384   110.570     9.43    7.86
  44266.090   112.968     8.36    8.30
  44552.801   115.313     8.18    8.52
  44839.516   117.036     6.01    8.21
  45126.234   117.437     1.40    8.45
  45412.956   118.160     2.52    8.38
  45699.683   118.913     2.63    8.05
  45986.413   119.667     2.63    7.63
  46273.147   121.823     7.52    7.43
  46559.884   124.305     8.66    7.73
  46846.626   127.312    10.48    8.17
  47133.372   130.112     9.77    8.73
  47420.121   132.902     9.73    9.65
  47706.874   135.703     9.77   11.08
  47993.632   138.062     8.23   12.11
  48280.393   140.362     8.02   14.11
  48567.158   140.895     1.86   15.81
  48853.927   140.097    -2.78   17.82
  49140.699   138.000    -7.31   18.17
  49427.476   135.545    -8.56   17.20
  49714.257   132.944    -9.07   16.39
  50001.041   131.109    -6.40   15.97
  50287.829   130.668    -1.54   15.68
  50574.621   129.794    -3.05   15.42
  50861.417   128.676    -3.90   14.61
  51148.217   127.245    -4.99   13.35
  51435.021   124.878    -8.25   11.28
  51721.829   122.738    -7.46   10.31
  52008.640   121.873    -3.02    9.91
  52295.456   121.738    -0.47   10.12
  52582.275   122.745     3.51   11.40
  52868.881   123.259     1.79   12.50
  53154.952   123.088    -0.60   12.60
  53441.026   122.130    -3.35   11.45
  53727.103   120.083    -7.15   10.05
  54013.183   118.252    -6.40    9.57
  54299.267   116.199    -7.18    8.91
  54585.353   115.132    -3.73    8.29
  54871.443   115.745     2.14    8.66
  55157.535   117.855     7.37    9.97
  55443.631   120.366     8.78   11.04
  55729.730   123.037     9.34   11.57
  56015.832   126.463    11.98   11.22
  56301.937   130.090    12.68   10.02
  56588.046   132.433     8.19    8.85
  56874.157   133.675     4.34    7.65
  57160.272   133.987     1.09    6.90
  57446.390   134.621     2.22    6.05
  57732.510   135.633     3.54    6.02
  58018.634   137.319     5.89    7.17
  58304.762   140.175     9.98    9.71
  58590.892   143.334    11.04   10.95
  58877.025   146.027     9.41   10.74
  59163.162   147.816     6.25   10.10
  59449.301   147.676    -0.49   11.59
  59735.444   145.231    -8.54   15.11
  60021.590   141.120   -14.37   16.04
  60307.739   137.361   -13.14   15.00
  60593.891   135.398    -6.86   13.44
  60880.047   135.174    -0.78   14.73
  61166.205   137.773     9.08   16.81
  61452.367   142.175    15.38   16.59
  61738.532   145.545    11.78   15.48
  62024.699   147.951     8.41   14.76
  62310.870   148.890     3.28   14.28
  62597.045   149.011     0.42   13.72
  62883.222   148.309    -2.45   13.04
  63169.402   147.965    -1.20   12.31
  63455.586   148.447     1.69   11.40
  63741.772   148.829     1.33    9.83
  64027.962   149.331     1.76    8.00
  64314.155   150.519     4.15    6.91
  64600.351   151.589     3.74    6.07
  64886.550   153.266     5.86    5.48
  65172.753   156.213    10.30    6.54
  65458.958   158.631     8.45    7.84
  65745.167   161.522    10.10    8.94
  66031.379   165.368    13.44    9.96
  66317.594   169.910    15.87   10.94
  66603.812   174.242    15.14   10.69
  66890.033   177.147    10.15   10.64
  67176.257   179.283     7.46   10.94
  67462.484   182.202    10.20   11.29
  67748.715   185.952    13.10   12.11
  68034.949   190.144    14.64   13.40
  68321.186   195.263    17.88   14.64
  68607.426   202.104    23.90   15.69
  68893.669   208.800    23.39   16.20
  69179.915   215.963    25.02   15.72
  69466.164   222.834    24.00   14.24
  69752.417   228.752    20.67   12.57
  70038.672   233.474    16.49   11.76
  70324.931   238.155    16.35   11.14
  70611.193   242.440    14.97   10.67
  70897.458   246.670    14.78    9.91
  71183.726   250.574    13.64   10.63
  71469.998   254.752    14.59   11.90
  71756.272   260.134    18.80   13.19
  72042.550   265.781    19.73   14.02
  72328.831   271.419    19.69   13.95
  72615.115   276.958    19.35   13.05
  72901.402   283.000    21.11   11.30
  73187.692   288.273    18.42    9.04
  73473.985   291.841    12.46    7.79
  73760.282   294.985    10.98    6.87
  74046.581   297.913    10.23    7.12
  74332.884   300.483     8.98    7.50
  74619.190   303.043     8.94    7.70
  74905.499   305.801     9.63    8.28
  75191.811   308.978    11.09    9.77
  75478.126   311.190     7.73   10.72
  75764.445   311.835     2.26   11.24
  76050.766   310.773    -3.71   12.50
  76337.091   307.291   -12.16   15.47
  76623.419   302.703   -16.02   18.75
  76909.750   296.242   -22.56   21.72
  77196.084   287.603   -30.17   22.66
  77482.421   278.288   -32.53   21.24
  77768.762   273.766   -15.79   19.83
  78055.105   272.259    -5.26   18.99
  78341.452   274.365     7.35   19.46
  78627.802   279.113    16.58   19.65
  78914.155   284.355    18.31   19.01
  79200.511   290.674    22.07   15.78
  79486.870   293.156     8.67   12.35
  79773.232   289.495   -12.79   17.44
  80059.598   280.200   -32.46   25.85
  80345.967   272.238   -27.80   28.22
  80632.338   269.933    -8.05   28.97
  80918.713   272.535     9.09   29.44
  81205.092   276.383    13.44   31.03
  81491.473   281.738    18.70   33.26
  81777.857   291.527    34.18   33.41
  82064.245   304.766    46.23   31.47
  82350.635   316.287    40.23   30.70
  82637.029   328.149    41.42   37.91
  82923.426   337.507    32.67   44.56
  83209.826   349.828    43.02   51.93
  83496.230   368.217    64.20   56.89
  83782.636   386.908    65.26   58.46
  84069.046   406.469    68.30   60.29
  84355.458   426.981    71.62   58.23
  84641.874   444.973    62.82   52.72
  84928.293   467.813    79.75   47.80
  85214.715   487.806    69.80   46.57
  85501.140   502.642    51.80   44.14
  85787.569   518.174    54.22   45.02
  86074.000   532.417    49.73   46.65
  86360.435   548.515    56.20   48.29
  86646.873   560.752    42.72   47.58
  86933.314   570.142    32.78   50.82
  87219.758   568.541    -5.59   54.92
  87506.205   553.568   -52.27   65.70
  87792.656   526.245   -95.39   78.10
  88079.109   492.888  -116.45   84.85
  88365.566   462.938  -104.55   81.92
  88652.026   435.502   -95.78   70.22
  88938.489   415.517   -69.77   59.53
  89224.955   399.545   -55.75   53.96
  89511.424   389.387   -35.46   53.29
  89797.897   383.674   -19.94   56.33
  90084.372   381.131    -8.88   56.99
