-119147.524   192.406     0.00    4.12
-118862.076   192.862     1.60    3.89
-118576.619   192.892     0.10    3.50
-118291.152   193.153     0.92    3.19
-118005.676   194.099     3.31    2.68
-117720.191   194.515     1.46    2.42
-117434.696   194.503    -0.04    2.37
-117149.191   194.409    -0.33    2.15
-116863.678   194.669     0.91    2.06
-116578.155   195.647     3.42    2.91
-116292.623   196.513     3.03    3.00
-116007.081   196.866     1.24    3.21
-115721.530   197.446     2.03    3.26
-115435.969   197.757     1.09    3.48
-115150.400   197.948     0.67    3.73
-114864.821   197.799    -0.52    3.61
-114579.232   198.118     1.12    3.52
-114293.634   198.250     0.46    3.30
-114008.027   198.050    -0.70    3.11
-113722.410   197.336    -2.50    2.96
-113436.784   197.333    -0.01    3.10
-113151.149   197.050    -0.99    3.22
-112865.504   196.778    -0.95    3.37
-112579.850   197.260     1.69    3.83
-112294.186   198.029     2.69    4.25
-112008.513   198.562     1.86    4.17
-111722.831   199.142     2.03    3.90
-111437.139   199.133    -0.03    3.48
-111151.438   199.579     1.56    2.84
-110865.728   199.806     0.79    2.34
-110580.008   199.839     0.12    2.28
-110294.278   199.870     0.11    2.38
-110008.540   199.820    -0.17    2.55
-109722.792   199.612    -0.73    2.55
-109437.034   199.339    -0.96    2.82
-109151.267   198.941    -1.39    3.06
-108865.491   198.903    -0.13    2.99
-108579.706   198.222    -2.38    3.07
-108293.911   197.316    -3.17    3.13
-108008.106   196.445    -3.05    3.54
-107722.292   196.120    -1.14    3.73
-107436.469   196.156     0.12    3.78
-107150.636   196.438     0.99    3.69
-106864.794   196.730     1.02    3.56
-106578.943   197.373     2.25    3.46
-106293.082   198.107     2.57    3.53
-106007.212   198.691     2.04    3.96
-105721.332   198.801     0.39    3.96
-105435.443   199.378     2.02    3.96
-105149.545   199.836     1.60    3.80
-104863.637   199.999     0.57    3.54
-104577.719   200.163     0.57    2.73
-104291.793   199.654    -1.78    2.72
-104005.856   199.186    -1.64    2.60
-103719.911   199.270     0.29    3.41
-103433.956   199.333     0.22    3.62
-103147.991   199.183    -0.53    3.54
-102862.018   199.044    -0.49    3.56
-102576.034   199.007    -0.13    3.60
-102290.042   198.613    -1.38    3.63
-102004.039   198.296    -1.11    3.15
-101718.028   197.559    -2.58    2.12
-101432.007   196.835    -2.53    2.00
-101145.977   196.097    -2.58    2.22
-100859.937   195.228    -3.04    2.44
-100573.887   194.478    -2.62    2.38
-100287.829   193.963    -1.80    2.60
-100001.761   193.285    -2.37    2.55
 -99715.683   192.845    -1.54    2.22
 -99429.596   192.326    -1.81    2.32
 -99143.500   191.332    -3.47    2.51
 -98857.394   190.445    -3.10    2.60
 -98571.279   189.056    -4.85    3.22
 -98285.154   186.992    -7.21    3.94
 -97999.020   184.801    -7.66    4.31
 -97712.876   182.395    -8.41    4.92
 -97426.723   179.510   -10.08    5.91
 -97140.560   176.657    -9.97    6.38
 -96854.388   173.599   -10.69    6.20
 -96568.207   171.926    -5.84    5.31
 -96282.016   170.845    -3.78    4.16
 -95995.816   170.578    -0.94    3.79
 -95709.606   171.630     3.68    5.15
 -95423.387   173.268     5.72    5.70
 -95137.158   174.525     4.39    5.20
 -94850.920   174.743     0.76    4.92
 -94564.672   173.791    -3.33    5.88
 -94278.415   171.855    -6.76    6.75
 -93992.149   169.963    -6.61    6.69
 -93705.873   167.431    -8.85    5.57
 -93419.588   165.756    -5.85    4.37
 -93133.293   165.637    -0.41    4.38
 -92846.988   166.978     4.68    5.47
 -92560.674   169.362     8.33    6.26
 -92274.351   172.507    10.98    6.73
 -91988.018   175.169     9.30    7.37
 -91701.676   178.793    12.65    7.68
 -91415.325   182.185    11.85    6.95
 -91128.963   184.345     7.54    6.20
 -90842.593   186.563     7.75    4.89
 -90556.213   187.885     4.62    4.14
 -90269.823   187.778    -0.37    3.97
 -89983.424   186.615    -4.06    5.51
 -89697.016   183.611   -10.49    7.88
 -89410.598   179.400   -14.70   10.01
 -89124.170   174.749   -16.24   11.30
 -88837.733   169.428   -18.58   10.96
 -88551.287   165.420   -13.99   10.00
 -88264.831   161.280   -14.45    7.71
 -87978.365   158.438    -9.92    5.87
 -87691.890   157.226    -4.23    5.46
 -87405.406   156.545    -2.38    6.20
 -87118.912   156.333    -0.74    6.49
 -86832.409   156.146    -0.65    6.51
 -86545.896   155.093    -3.67    6.65
 -86259.374   153.359    -6.05    6.18
 -85972.842   151.813    -5.39    6.23
 -85686.300   150.511    -4.55    5.61
 -85399.750   149.620    -3.11    4.60
 -85113.189   149.050    -1.99    4.01
 -84826.620   148.511    -1.88    3.58
 -84540.040   147.993    -1.81    4.27
 -84253.451   146.318    -5.84    6.42
 -83966.853   144.067    -7.85    7.56
 -83680.245   141.756    -8.06    7.43
 -83393.628   139.170    -9.02    6.20
 -83107.001   136.978    -7.65    5.11
 -82820.365   135.034    -6.78    4.69
 -82533.719   133.870    -4.06    5.19
 -82247.064   132.733    -3.97    5.65
 -81960.399   130.488    -7.83    6.18
 -81673.724   128.095    -8.35    5.54
 -81387.041   126.689    -4.90    4.97
 -81100.347   125.258    -4.99    4.14
 -80813.644   123.578    -5.86    4.05
 -80526.932   121.970    -5.61    4.64
 -80240.210   120.381    -5.55    5.43
 -79953.478   118.618    -6.15    5.78
 -79666.738   116.927    -5.89    5.87
 -79379.987   115.058    -6.52    5.98
 -79093.227   114.831    -0.79    6.60
 -78806.457   117.481     9.24   10.50
 -78519.678   121.978    15.68   14.27
 -78232.890   127.239    18.34   16.68
 -77946.092   132.690    19.01   17.30
 -77659.284   137.926    18.26   14.96
 -77372.467   141.101    11.07   10.95
 -77085.640   141.699     2.09    9.26
 -76798.804   139.793    -6.65   10.05
 -76511.958   133.935   -20.42   17.42
 -76225.103   125.162   -30.58   23.84
 -75938.238   117.434   -26.94   26.25
 -75651.364   108.120   -32.46   26.31
 -75364.480    98.687   -32.88   23.68
 -75077.586    92.283   -22.32   21.08
 -74790.683    86.632   -19.69   15.33
 -74503.771    82.876   -13.09   10.47
 -74216.849    79.806   -10.70    7.14
 -73929.917    78.192    -5.63    6.58
 -73642.976    77.289    -3.15    5.39
 -73356.025    76.233    -3.68    4.80
 -73069.065    76.397     0.57    5.16
 -72782.095    77.022     2.18    6.71
 -72495.116    78.618     5.56    9.77
 -72208.127    79.963     4.69   10.75
 -71921.129    82.514     8.89   11.43
 -71634.121    84.474     6.83   11.11
 -71347.103    86.852     8.28   10.26
 -71060.076    89.237     8.31    9.18
 -70773.039    92.529    11.47    8.96
 -70485.993    95.318     9.72    7.99
 -70198.937    97.694     8.28    7.38
 -69911.872    99.363     5.81    6.29
 -69624.797    99.445     0.29    5.84
 -69337.713    98.592    -2.97    5.57
 -69050.619    97.109    -5.16    5.85
 -68763.515    95.807    -4.53    5.14
 -68476.402    95.292    -1.80    4.68
 -68189.279    95.551     0.90    5.14
 -67902.147    96.485     3.25    5.22
 -67615.005    96.345    -0.49    6.12
 -67327.854    95.250    -3.82    7.74
 -67040.693    94.192    -3.68    8.61
 -66753.522    92.581    -5.61    9.43
 -66466.342    91.604    -3.40    9.72
 -66179.152    91.956     1.23   10.37
 -65891.953    93.235     4.45   10.79
 -65604.744    95.885     9.23   10.27
 -65317.525    98.420     8.83    8.78
 -65030.297   101.000     8.98    6.02
 -64743.060   101.778     2.71    4.40
 -64455.813   100.228    -5.40    7.86
 -64168.556    98.102    -7.40   10.49
 -63881.289    95.258    -9.90   12.46
 -63594.013    93.838    -4.94   12.64
 -63306.728    93.673    -0.57   11.69
 -63019.433    93.337    -1.17   10.59
 -62732.128    93.296    -0.14    8.87
 -62444.814    93.359     0.22    6.69
 -62157.490    93.704     1.20    4.40
 -61870.156    94.584     3.06    3.01
 -61582.813    95.506     3.21    3.59
 -61295.460    96.948     5.02    4.78
 -61008.098    98.735     6.22    4.86
 -60720.726   100.685     6.79    4.52
 -60433.345   101.920     4.30    4.27
 -60145.953   101.620    -1.04    5.27
 -59858.553   100.299    -4.60    6.77
 -59571.142    98.198    -7.31    7.39
 -59283.722    96.299    -6.61    7.53
 -58996.293    95.416    -3.07    7.80
 -58708.854    95.416     0.00    7.72
 -58421.405    95.942     1.83    7.60
 -58134.309    96.595     2.28    7.63
 -57848.817    97.736     4.00    7.21
 -57563.316    98.148     1.44    6.68
 -57277.806    98.115    -0.11    6.63
 -56992.288    97.587    -1.85    6.50
 -56706.761    96.206    -4.84    6.62
 -56421.226    95.156    -3.68    6.20
 -56135.682    93.478    -5.88    6.01
 -55850.129    92.402    -3.77    5.04
 -55564.567    91.853    -1.92    5.22
 -55278.997    91.806    -0.16    5.75
 -54993.418    92.520     2.50    6.59
 -54707.830    93.412     3.12    6.84
 -54422.234    94.546     3.97    6.51
 -54136.629    95.779     4.32    6.05
 -53851.015    97.164     4.85    5.21
 -53565.393    98.240     3.77    3.77
 -53279.761    98.563     1.13    3.16
 -52994.122    99.057     1.73    3.44
 -52708.473    99.456     1.40    3.57
 -52422.816    99.642     0.65    3.45
 -52137.150   100.111     1.64    3.35
 -51851.475   100.249     0.48    3.06
 -51565.792   100.328     0.28    2.92
 -51280.100    99.557    -2.70    3.42
 -50994.399    98.420    -3.98    4.57
 -50708.690    96.549    -6.55    7.23
 -50422.972    93.926    -9.18    8.92
 -50137.245    91.248    -9.37    8.93
 -49851.509    88.985    -7.92    8.43
 -49565.765    87.530    -5.09    8.06
 -49280.012    86.970    -1.96    7.53
 -48994.250    86.326    -2.26    6.37
 -48708.480    86.051    -0.96    4.84
 -48422.701    84.754    -4.54    5.03
 -48136.913    82.287    -8.63    5.32
 -47851.116    80.585    -5.95    5.58
 -47565.311    79.628    -3.35    5.50
 -47279.497    78.333    -4.53    5.42
 -46993.674    77.260    -3.75    5.54
 -46707.843    77.189    -0.25    7.04
 -46422.003    76.874    -1.10    6.93
 -46136.154    77.060     0.65    6.68
 -45850.296    77.478     1.46    7.09
 -45564.430    76.919    -1.95    5.88
 -45278.555    77.686     2.68    5.38
 -44992.671    78.595     3.18    4.80
 -44706.778    78.903     1.08    4.81
 -44420.877    79.296     1.37    4.45
 -44134.967    80.534     4.33    4.01
 -43849.049    80.485    -0.17    3.75
 -43563.121    80.029    -1.59    4.04
 -43277.185    79.913    -0.41    4.91
 -42991.240    80.615     2.45    4.17
 -42705.286    80.347    -0.94    4.47
 -42419.324    80.236    -0.39    4.55
 -42133.353    80.379     0.50    4.27
 -41847.373    80.378    -0.01    4.29
 -41561.385    81.070     2.42    4.41
 -41275.387    81.560     1.71    4.43
 -40989.381    81.314    -0.86    5.06
 -40703.366    80.339    -3.41    5.34
 -40417.343    79.600    -2.58    5.38
 -40131.311    79.299    -1.05    5.51
 -39845.270    78.878    -1.47    5.08
 -39559.220    79.518     2.24    6.43
 -39273.161    80.186     2.34    7.42
 -38987.094    81.056     3.04    7.81
 -38701.018    82.829     6.20    7.45
 -38414.933    85.084     7.88    7.05
 -38128.840    88.220    10.96    6.22
 -37842.737    90.797     9.00    6.34
 -37556.626    92.258     5.11    6.80
 -37270.507    93.744     5.19    7.43
 -36984.378    95.559     6.34    7.92
 -36698.241    97.378     6.36    7.63
 -36412.095    98.239     3.01    7.13
 -36125.940    99.202     3.37    6.55
 -35839.776   100.431     4.30    6.25
 -35553.604   101.063     2.21    6.33
 -35267.423   100.809    -0.89    7.31
 -34981.233   102.098     4.51    9.36
 -34695.035   103.985     6.59   10.46
 -34408.827   105.412     4.99   10.70
 -34122.611   106.237     2.88   10.75
 -33836.386   106.318     0.29   10.90
 -33550.152   105.526    -2.77   11.00
 -33263.910   104.147    -4.82   10.73
 -32977.659   101.611    -8.86   10.06
 -32691.399    97.615   -13.96    9.57
 -32405.130    92.913   -16.42    8.78
 -32118.853    89.138   -13.19    7.17
 -31832.566    87.800    -4.67    6.15
 -31546.271    87.696    -0.36    6.35
 -31259.967    87.647    -0.17    7.01
 -30973.655    88.382     2.57    7.40
 -30687.333    90.749     8.27    8.45
 -30401.003    92.743     6.96    7.59
 -30114.664    92.794     0.18    7.39
 -29828.316    92.800     0.02    7.38
 -29541.960    92.831     0.11    7.21
 -29255.595    92.904     0.26    7.47
 -28969.220    93.863     3.35    8.40
 -28682.838    95.593     6.04    9.72
 -28396.446    97.704     7.37   10.33
 -28110.045   101.693    13.93    9.78
 -27823.636   105.274    12.50    7.77
 -27537.218   107.210     6.76    6.09
 -27250.791   108.575     4.77    4.53
 -26964.356   109.350     2.71    4.05
 -26677.911   109.270    -0.28    3.77
 -26391.458   108.625    -2.25    4.09
 -26104.996   107.193    -5.00    4.75
 -25818.525   105.878    -4.59    5.46
 -25532.046   105.370    -1.77    5.59
 -25245.557   104.153    -4.25    5.35
 -24959.060   102.330    -6.36    4.85
 -24672.554   100.822    -5.27    4.99
 -24386.039   100.007    -2.84    5.19
 -24099.516    99.765    -0.85    5.48
 -23812.983    98.999    -2.67    5.76
 -23526.442    98.405    -2.07    5.24
 -23239.892    98.618     0.74    5.16
 -22953.333    99.203     2.04    5.72
 -22666.766   100.066     3.01    6.23
 -22380.189   102.027     6.84    7.23
 -22093.604   104.375     8.19    7.11
 -21807.010   106.449     7.24    7.16
 -21520.407   108.006     5.43    7.65
 -21233.796   108.389     1.34    7.97
 -20947.175   107.470    -3.20    8.70
 -20660.546   103.438   -14.07   12.21
 -20373.908    99.050   -15.31   14.38
 -20087.261    94.021   -17.54   15.42
 -19800.605    89.375   -16.21   14.28
 -19513.941    83.064   -22.01   12.65
 -19227.267    76.757   -22.00   11.01
 -18940.585    71.485   -18.39   10.94
 -18653.894    66.985   -15.70   11.20
 -18367.194    62.434   -15.87    9.98
 -18080.486    57.837   -16.04    8.94
 -17793.768    52.000   -20.36    9.91
 -17507.042    46.213   -20.18   12.52
 -17220.307    38.257   -27.75   15.78
 -16933.563    30.340   -27.61   17.47
 -16646.810    22.941   -25.80   17.79
 -16360.048    15.900   -24.56   14.54
 -16073.278    11.603   -14.98   10.67
 -15786.498     9.094    -8.75    7.98
 -15499.710     8.034    -3.70    7.40
 -15212.913     7.869    -0.57    7.54
 -14926.108     9.115     4.35    8.32
 -14639.293    10.249     3.95    8.93
 -14352.469    11.394     3.99    8.82
 -14065.637    12.559     4.06    9.63
 -13778.796    14.083     5.31   10.36
 -13491.946    14.528     1.55   10.42
 -13205.087    14.330    -0.69   10.01
 -12918.220    14.199    -0.46   10.05
 -12631.343    14.397     0.69    9.97
 -12344.458    14.699     1.05    9.83
 -12057.563    15.219     1.81   10.06
 -11770.660    16.282     3.71   10.28
 -11483.749    18.070     6.23   11.70
 -11196.828    19.297     4.28   12.16
 -10909.898    19.243    -0.19   11.75
 -10622.960    18.928    -1.10   12.23
 -10336.012    17.478    -5.05   12.16
 -10049.056    14.884    -9.04   12.03
  -9762.091    12.393    -8.68   11.28
  -9475.117     9.435   -10.31   10.01
  -9188.135     5.691   -13.05    8.17
  -8901.143     4.256    -5.00    8.16
  -8614.143     2.673    -5.52    7.44
  -8327.133     1.369    -4.54    6.95
  -8040.115     2.020     2.27    8.37
  -7753.088     3.711     5.89    9.24
  -7466.052     5.294     5.51    9.40
  -7179.008     6.049     2.63    9.20
  -6891.954     6.211     0.57    9.06
  -6604.892     5.992    -0.76    9.06
  -6317.820     4.189    -6.28    8.52
  -6030.740     0.838   -11.67    5.62
  -5743.651    -1.081    -6.69    2.88
  -5456.553    -1.966    -3.08    0.45
  -5169.446    -2.030    -0.22    0.00
  -4882.330    -2.030     0.00    0.00
  -4595.206    -2.030     0.00    0.00
  -4308.072    -1.390     2.23    2.67
  -4020.930     0.260     5.75    5.19
  -3733.779     1.906     5.73    6.46
  -3446.619     3.760     6.46    6.86
  -3159.450     5.337     5.49    6.60
  -2872.272     5.865     1.84    6.25
  -2585.085     6.507     2.24    6.00
  -2297.890     6.020    -1.69    6.26
  -2010.685     4.120    -6.62    6.12
  -1723.472     3.115    -3.50    6.12
  -1436.250     3.927     2.83    7.49
  -1149.019     4.724     2.77    8.00
   -861.779     4.963     0.83    8.07
   -574.530     4.578    -1.34    8.13
   -287.272     4.048    -1.84    7.83
     -0.005     2.840    -4.21    7.29
    287.270     0.309    -8.81    5.35
    574.555    -1.434    -6.07    2.20
    861.848    -2.030    -2.07    0.00
   1149.150    -1.727     1.05    2.00
   1436.461     1.778    12.20   10.04
   1723.781     6.160    15.25   13.93
   2011.110     9.313    10.97   14.64
   2298.448    11.890     8.97   14.36
   2585.795    12.711     2.86   14.36
   2873.151    12.578    -0.46   14.31
   3160.515    10.492    -7.26   14.87
   3447.889     6.478   -13.97   12.80
   3734.831     1.568   -17.11    8.66
   4020.396    -1.159    -9.55    4.70
   4305.970    -1.596    -1.53    3.19
   4591.552    -0.143     5.09    4.90
   4877.142     1.370     5.30    5.53
   5162.740     2.529     4.06    5.56
   5448.345     2.812     0.99    5.29
   5733.959     3.992     4.13    4.78
   6019.581     5.625     5.72    4.28
   6305.211     6.921     4.54    4.74
   6590.849     7.848     3.25    5.56
   6876.494     8.993     4.01    5.94
   7162.148     9.547     1.94    6.23
   7447.810    10.390     2.95    7.30
   7733.480    11.037     2.26    9.71
   8019.158    10.382    -2.29   11.26
   8304.844     7.186   -11.19   13.68
   8590.538     6.313    -3.06   14.62
   8876.240     7.731     4.96   14.64
   9161.949     9.238     5.27   13.76
   9447.667    10.113     3.06   11.70
   9733.393    10.970     3.00    8.95
  10019.127    13.091     7.42    7.45
  10304.869    15.708     9.16    8.00
  10590.619    17.573     6.53    9.23
  10876.378    19.355     6.23   10.26
  11162.144    21.227     6.55   10.06
  11447.918    23.551     8.13    8.54
  11733.700    23.423    -0.45    8.70
  12019.490    21.156    -7.93    9.48
  12305.288    17.757   -11.89    8.12
  12591.094    15.562    -7.68    5.65
  12876.909    14.605    -3.35    3.92
  13162.731    14.107    -1.74    3.80
  13448.561    14.015    -0.32    4.27
  13734.400    13.856    -0.55    4.49
  14020.246    12.985    -3.05    4.84
  14306.100    11.623    -4.77    4.72
  14591.963    10.163    -5.10    3.80
  14877.833     9.644    -1.82    3.33
  15163.712     9.993     1.22    3.02
  15449.598    10.413     1.47    2.71
  15735.493    10.470     0.20    2.51
  16021.395     9.853    -2.16    3.00
  16307.306     8.927    -3.24    3.35
  16593.225     7.530    -4.89    3.54
  16879.151     5.912    -5.66    3.34
  17165.086     4.728    -4.14    3.33
  17451.029     4.142    -2.05    3.13
  17736.980     3.783    -1.25    3.00
  18022.939     4.116     1.16    3.43
  18308.906     5.246     3.95    4.15
  18594.881     6.474     4.29    4.20
  18880.864     8.265     6.26    4.48
  19166.855    10.358     7.32    4.89
  19452.854    11.935     5.52    6.00
  19738.861    11.890    -0.16    6.45
  20024.876    11.107    -2.74    6.60
  20310.900     9.957    -4.02    6.92
  20596.931    10.746     2.76    6.40
  20882.970    11.165     1.46    6.24
  21169.018    11.792     2.19    5.33
  21455.073    11.507    -1.00    4.44
  21741.137    11.708     0.70    4.38
  22027.208    11.998     1.02    4.79
  22313.288    12.671     2.35    4.88
  22599.376    13.140     1.64    5.24
  22885.472    13.683     1.90    5.84
  23171.575    14.899     4.25    5.96
  23457.687    15.698     2.79    5.70
  23743.807    15.844     0.51    5.46
  24029.935    16.532     2.40    5.02
  24316.071    17.579     3.66    5.30
  24602.216    18.055     1.66    6.50
  24888.368    17.283    -2.70    7.41
  25174.528    16.125    -4.05    7.18
  25460.696    15.843    -0.99    6.98
  25746.873    14.998    -2.95    6.58
  26033.057    13.007    -6.96    5.12
  26319.250    12.445    -1.96    4.45
  26605.450    13.478     3.61    5.22
  26891.659    15.110     5.70    6.42
  27177.876    15.948     2.93    7.39
  27464.101    15.682    -0.93    8.88
  27750.334    16.170     1.71    9.12
  28036.575    16.572     1.40    9.11
  28322.824    15.449    -3.92    9.06
  28609.081    14.056    -4.87    8.10
  28895.346    13.941    -0.40    8.08
  29181.619    16.481     8.87    9.49
  29467.901    19.325     9.93    9.65
  29754.190    21.898     8.99    9.81
  30040.488    24.640     9.58    8.85
  30326.793    25.708     3.73    8.46
  30613.107    26.102     1.38    8.58
  30899.429    24.359    -6.09    9.94
  31185.759    22.365    -6.96   10.64
  31472.097    20.226    -7.47    9.95
  31758.443    19.217    -3.52    9.49
  32044.797    19.421     0.71    9.30
  32331.159    19.248    -0.61    9.30
  32617.529    21.304     7.18   10.31
  32903.908    24.294    10.44   10.12
  33190.294    27.545    11.35    9.89
  33476.689    30.159     9.13    9.48
  33763.091    32.758     9.07    9.53
  34049.502    34.467     5.97   10.08
  34335.921    37.316     9.95   11.00
  34622.348    39.413     7.32   12.75
  34908.783    42.183     9.67   13.84
  35195.226    43.919     6.06   13.32
  35481.677    45.927     7.01   12.51
  35768.137    47.412     5.18   12.38
  36054.604    50.022     9.11   11.71
  36341.080    52.627     9.10   10.82
  36627.563    54.135     5.26    9.97
  36914.055    55.912     6.20   10.45
  37200.555    58.146     7.80   10.55
  37487.063    59.558     4.93   10.19
  37773.579    61.370     6.33    9.08
  38060.103    62.514     3.99    8.59
  38346.635    63.467     3.33    8.21
  38633.176    65.170     5.95    8.48
  38919.724    65.919     2.61    8.62
  39206.281    66.375     1.59    8.35
  39492.845    66.112    -0.92    8.17
  39779.418    65.688    -1.48    7.90
  40065.999    64.682    -3.51    8.04
  40352.588    63.506    -4.10    7.41
  40639.185    61.608    -6.62    7.03
  40925.791    59.613    -6.96    6.71
  41212.404    57.414    -7.67    6.50
  41499.025    57.130    -0.99    6.29
  41785.655    58.268     3.97    6.59
  42072.293    59.865     5.57    7.69
  42358.939    61.978     7.37    8.57
  42645.593    64.891    10.16    9.31
  42932.255    69.213    15.08    8.82
  43218.925    73.885    16.30    7.17
  43505.603    77.340    12.05    6.26
  43792.290    79.998     9.27    6.11
  44078.984    82.362     8.25    5.70
  44365.687    84.824     8.59    5.24
  44652.398    87.182     8.22    5.52
  44939.117    89.431     7.85    6.26
  45225.844    91.927     8.70    6.84
  45512.579    94.763     9.89    7.70
  45799.322    97.929    11.04    7.89
  46086.074   101.094    11.04    6.94
  46372.833   102.391     4.52    6.26
  46659.601   102.573     0.64    6.45
  46946.377   103.036     1.61    6.36
  47233.161   103.255     0.76    6.17
  47519.953   103.376     0.42    5.44
  47806.753   103.273    -0.36    4.43
  48093.562   103.202    -0.25    3.58
  48380.378   102.736    -1.62    3.48
  48667.203   102.595    -0.49    3.78
  48954.036   103.518     3.22    4.10
  49240.877   104.658     3.98    4.64
  49527.726   105.907     4.35    5.93
  49814.583   108.470     8.94    7.21
  50101.449   111.294     9.84    6.99
  50388.322   113.921     9.16    5.92
  50675.204   116.401     8.64    5.03
  50962.094   118.485     7.26    4.99
  51248.992   120.273     6.23    5.07
  51535.898   121.065     2.76    5.19
  51822.812   122.507     5.03    5.43
  52109.734   123.102     2.08    5.49
  52396.665   124.108     3.51    5.71
  52683.604   124.956     2.95    5.67
  52970.551   125.863     3.16    5.37
  53257.506   127.136     4.43    4.58
  53544.469   128.927     6.24    4.52
  53831.440   130.769     6.42    4.24
  54118.420   132.398     5.68    4.50
  54405.407   134.275     6.54    5.22
  54692.403   135.914     5.71    5.44
  54979.407   137.485     5.47    5.49
  55266.419   139.875     8.33    6.16
  55553.439   143.929    14.12    9.57
  55840.468   149.125    18.11   13.07
  56127.504   155.318    21.58   16.98
  56414.549   162.510    25.05   20.24
  56701.602   170.733    28.65   23.14
  56988.663   178.007    25.34   23.27
  57275.732   184.920    24.08   22.77
  57562.810   191.219    21.94   22.56
  57849.895   197.824    23.01   22.72
  58136.989   202.159    15.10   23.23
  58424.091   208.226    21.13   22.12
  58711.201   213.596    18.71   19.99
  58998.320   217.515    13.65   19.02
  59285.446   222.270    16.56   18.38
  59572.581   226.792    15.75   16.85
  59859.723   230.489    12.87   15.48
  60146.874   234.154    12.76   13.89
  60434.033   238.050    13.57   10.89
  60721.201   241.115    10.68    8.20
  61008.376   242.808     5.90    8.79
  61295.560   245.077     7.90   10.75
  61582.752   250.029    17.24   13.29
  61869.952   254.219    14.59   15.60
  62157.160   259.069    16.89   17.61
  62444.376   264.550    19.08   19.04
  62731.601   272.222    26.71   19.99
  63018.834   277.733    19.18   20.22
  63306.075   284.408    23.24   19.42
  63593.324   290.649    21.73   18.40
  63880.581   296.849    21.58   16.74
  64167.847   303.868    24.43   16.31
  64455.120   309.387    19.21   16.18
  64742.402   313.150    13.10   16.15
  65029.692   317.195    14.08   16.02
  65316.990   323.637    22.42   15.89
  65603.794   328.551    17.13   15.94
  65889.432   333.752    18.21   15.55
  66175.077   339.941    21.67   14.47
  66460.730   344.463    15.83   13.12
  66746.390   347.499    10.63   12.54
  67032.057   350.615    10.91   11.79
  67317.732   355.050    15.52   11.57
  67603.414   357.590     8.89   11.00
  67889.103   360.555    10.38    8.65
  68174.799   363.014     8.61    6.33
  68460.503   364.585     5.50    5.55
  68746.214   365.379     2.78    5.13
  69031.933   364.467    -3.19    5.66
  69317.659   361.768    -9.45    6.91
  69603.392   360.040    -6.05    7.80
  69889.133   358.583    -5.10    8.54
  70174.880   356.700    -6.59    9.94
  70460.636   354.413    -8.00   11.56
  70746.398   352.156    -7.90   13.24
  71032.168   351.292    -3.03   13.93
  71317.945   349.173    -7.41   15.49
  71603.729   348.827    -1.21   16.23
  71889.521   348.682    -0.51   14.89
  72175.320   348.630    -0.18   11.91
  72461.127   347.112    -5.31   10.00
  72746.941   345.358    -6.14    8.46
  73032.762   343.350    -7.02    7.71
  73318.590   339.970   -11.82    9.52
  73604.426   335.873   -14.33   12.51
  73890.269   331.445   -15.49   14.59
  74176.120   326.797   -16.26   16.07
  74461.977   321.970   -16.88   17.28
  74747.842   317.458   -15.79   16.72
  75033.715   315.390    -7.23   13.82
