-110792.485   129.904     0.00    6.82
-110506.046   130.204     1.05    7.24
-110219.613   131.045     2.94    7.50
-109933.188   131.133     0.31    9.21
-109646.769   130.573    -1.96   11.19
-109360.357   129.393    -4.12   13.04
-109073.952   127.633    -6.14   14.71
-108787.553   126.896    -2.57   14.31
-108501.162   127.616     2.51   13.95
-108214.777   127.484    -0.46   14.70
-107928.399   127.110    -1.30   15.33
-107642.028   127.213     0.36   14.81
-107355.664   128.447     4.31   12.94
-107069.307   130.922     8.64   12.95
-106782.956   132.110     4.15   14.28
-106496.613   134.081     6.88   15.93
-106210.276   136.869     9.74   14.82
-105923.946   138.516     5.75   14.18
-105637.623   138.678     0.57   13.66
-105351.306   136.388    -8.00   14.62
-105064.997   133.489   -10.13   14.88
-104778.694   130.734    -9.62   14.42
-104492.398   127.189   -12.38   13.81
-104206.109   123.399   -13.24   12.65
-103919.827   120.052   -11.69   11.17
-103633.552   119.288    -2.67   10.44
-103347.283   120.444     4.04   11.02
-103061.022   121.939     5.22   11.02
-102774.767   123.292     4.73   10.42
-102488.519   125.842     8.91    9.49
-102202.278   127.517     5.85    7.69
-101916.043   130.199     9.37    6.34
-101629.816   132.342     7.49    6.37
-101343.595   133.967     5.68    6.49
-101057.381   134.670     2.46    7.04
-100771.174   135.778     3.87    7.50
-100484.973   136.880     3.85    7.35
-100198.780   137.201     1.12    8.19
 -99912.593   137.888     2.40    7.66
 -99626.413   138.724     2.92    6.89
 -99340.240   140.763     7.12    6.52
 -99054.074   142.475     5.98    7.40
 -98767.915   144.073     5.59    8.17
 -98481.762   145.929     6.49    7.72
 -98195.616   148.183     7.88    7.03
 -97909.478   148.809     2.19    7.13
 -97623.345   149.654     2.95    6.23
 -97337.220   149.527    -0.44    6.08
 -97051.102   148.188    -4.68    6.22
 -96764.990   146.390    -6.28    6.53
 -96478.885   144.804    -5.54    7.86
 -96192.787   144.197    -2.12    9.11
 -95906.696   143.754    -1.55   10.13
 -95620.611   144.304     1.92   10.55
 -95334.534   146.197     6.62   10.35
 -95048.463   148.234     7.12    9.88
 -94762.399   149.772     5.38    8.57
 -94476.341   151.390     5.66    6.43
 -94190.291   152.415     3.58    4.90
 -93904.247   152.226    -0.66    5.13
 -93618.211   151.712    -1.80    5.45
 -93332.181   149.786    -6.73    8.25
 -93046.157   147.333    -8.58   10.68
 -92760.141   143.802   -12.34   12.63
 -92474.131   140.059   -13.09   13.27
 -92188.129   136.102   -13.84   12.43
 -91902.133   131.944   -14.54    8.51
 -91616.143   131.235    -2.48    7.79
 -91330.161   134.131    10.13   10.39
 -91044.185   137.920    13.25   12.11
 -90758.217   142.509    16.05   12.72
 -90472.255   146.764    14.88   11.26
 -90186.299   150.149    11.84    8.84
 -89900.351   152.060     6.68    5.65
 -89614.409   152.031    -0.10    4.54
 -89328.475   150.524    -5.27    5.77
 -89042.547   148.458    -7.23    6.74
 -88756.625   145.828    -9.20    7.57
 -88470.711   143.362    -8.63    7.61
 -88184.803   141.038    -8.13    7.31
 -87898.902   137.960   -10.77    8.66
 -87613.008   134.596   -11.77    9.57
 -87327.121   132.517    -7.27    8.76
 -87041.241   130.970    -5.41    8.86
 -86755.367   130.132    -2.93    8.73
 -86469.500   129.614    -1.81    8.94
 -86183.640   129.164    -1.57    8.77
 -85897.787   130.038     3.06    9.18
 -85611.940   131.096     3.70    9.22
 -85326.100   131.301     0.72    8.44
 -85040.267   131.425     0.44    8.18
 -84754.441   131.462     0.13    8.58
 -84468.622   131.523     0.22    8.70
 -84182.809   131.602     0.28    9.39
 -83897.003   132.528     3.24   10.35
 -83611.204   133.556     3.60   10.07
 -83325.412   133.422    -0.47   10.01
 -83039.626   132.852    -1.99    9.94
 -82753.848   133.031     0.62   10.21
 -82468.076   132.328    -2.46   10.39
 -82182.311   131.311    -3.56    9.57
 -81896.552   129.327    -6.94    9.57
 -81610.801   128.989    -1.18    9.88
 -81325.056   129.081     0.32    9.37
 -81039.318   128.850    -0.81    8.81
 -80753.229   128.038    -2.84    8.20
 -80465.948   125.925    -7.36    7.62
 -80178.675   123.648    -7.92    6.79
 -79891.410   122.355    -4.50    6.61
 -79604.153   121.264    -3.80    6.59
 -79316.903   120.661    -2.10    6.22
 -79029.660   119.908    -2.62    5.88
 -78742.426   120.459     1.92    6.08
 -78455.199   121.247     2.74    6.00
 -78167.979   121.398     0.53    5.46
 -77880.767   121.066    -1.15    5.00
 -77593.563   120.652    -1.44    4.65
 -77306.367   120.578    -0.26    4.77
 -77019.178   121.348     2.68    5.16
 -76731.997   121.954     2.11    5.19
 -76444.823   122.654     2.44    5.50
 -76157.657   123.813     4.04    5.59
 -75870.498   124.514     2.44    5.37
 -75583.348   124.904     1.36    4.75
 -75296.204   126.126     4.25    3.87
 -75009.069   126.510     1.34    4.01
 -74721.941   126.975     1.62    4.32
 -74434.821   126.615    -1.25    4.52
 -74147.708   125.822    -2.76    5.15
 -73860.603   124.754    -3.72    4.96
 -73573.505   122.763    -6.93    5.51
 -73286.415   120.850    -6.66    6.07
 -72999.333   118.219    -9.16    6.81
 -72712.259   115.820    -8.36    6.85
 -72425.191   116.023     0.71    7.24
 -72138.132   117.145     3.91    8.35
 -71851.080   119.388     7.81    9.88
 -71564.036   122.396    10.48   10.65
 -71276.999   125.618    11.23    9.95
 -70989.970   127.203     5.52    8.45
 -70702.949   128.388     4.13    7.82
 -70415.935   127.408    -3.42    9.31
 -70128.929   126.122    -4.48   10.10
 -69841.931   124.299    -6.35    9.97
 -69554.940   122.966    -4.65    8.63
 -69267.956   122.188    -2.71    7.55
 -68980.981   121.954    -0.82    6.82
 -68694.012   123.466     5.27    7.31
 -68407.052   126.147     9.34    6.47
 -68120.099   128.641     8.69    4.87
 -67833.154   130.122     5.16    5.26
 -67546.216   131.621     5.22    6.47
 -67259.286   132.669     3.65    6.45
 -66972.363   133.359     2.41    6.00
 -66685.448   133.987     2.19    5.65
 -66398.541   135.016     3.59    5.75
 -66111.641   136.392     4.80    5.66
 -65824.749   136.837     1.55    5.44
 -65537.864   136.813    -0.08    4.98
 -65250.987   135.918    -3.12    6.21
 -64964.118   133.982    -6.75    7.40
 -64677.256   131.702    -7.95    7.23
 -64390.402   130.602    -3.83    6.20
 -64103.555   129.745    -2.99    5.19
 -63816.716   129.439    -1.07    5.29
 -63529.885   128.806    -2.21    6.04
 -63243.061   128.555    -0.87    6.07
 -62956.245   128.181    -1.31    6.26
 -62669.436   127.864    -1.10    6.14
 -62382.635   127.493    -1.29    5.95
 -62095.841   127.570     0.27    6.03
 -61809.055   128.234     2.31    5.67
 -61522.277   129.782     5.40    4.52
 -61235.506   130.395     2.14    4.54
 -60948.743   130.784     1.36    4.75
 -60661.988   130.915     0.45    4.69
 -60375.240   131.385     1.64    4.76
 -60088.499   132.003     2.15    4.76
 -59801.766   133.509     5.25    4.68
 -59515.041   134.481     3.39    4.24
 -59228.323   135.031     1.92    4.27
 -58941.613   135.607     2.01    4.18
 -58654.910   136.828     4.26    3.40
 -58368.215   137.312     1.69    3.18
 -58081.528   137.110    -0.70    3.59
 -57794.848   137.212     0.35    4.04
 -57508.176   138.297     3.79    4.57
 -57221.511   139.024     2.54    4.93
 -56934.854   140.052     3.59    5.03
 -56648.204   141.175     3.92    5.09
 -56361.562   142.227     3.67    4.65
 -56074.928   143.304     3.76    4.05
 -55788.301   143.226    -0.27    4.28
 -55501.682   142.309    -3.20    5.53
 -55215.070   140.672    -5.71    7.61
 -54928.466   138.270    -8.38    8.68
 -54641.869   135.224   -10.63    9.57
 -54355.280   132.578    -9.23    9.77
 -54068.699   130.731    -6.44    8.88
 -53782.125   128.958    -6.19    7.36
 -53495.559   128.210    -2.61    7.61
 -53209.000   127.110    -3.84    8.27
 -52922.448   127.342     0.81    9.16
 -52635.905   127.591     0.87   10.10
 -52349.369   127.556    -0.12   11.55
 -52062.840   128.292     2.57   13.71
 -51776.319   128.304     0.04   15.92
 -51489.806   128.758     1.59   17.25
 -51203.300   127.509    -4.36   18.03
 -50916.801   124.379   -10.93   18.62
 -50630.311   120.129   -14.83   16.93
 -50343.827   115.745   -15.30   13.47
 -50057.352   111.502   -14.81    9.73
 -49770.883   109.617    -6.58    7.86
 -49484.423   107.707    -6.67    6.65
 -49197.970   106.950    -2.64    6.15
 -48911.524   108.198     4.36    6.68
 -48625.086   111.311    10.86    9.18
 -48338.656   113.592     7.97   10.63
 -48052.233   115.248     5.78   11.54
 -47765.818   117.591     8.18   12.19
 -47479.410   121.052    12.09   12.12
 -47193.010   124.731    12.85   10.31
 -46906.617   126.470     6.07    9.63
 -46620.232   128.320     6.46    8.38
 -46333.854   130.966     9.24    7.61
 -46047.484   133.908    10.27    7.31
 -45761.122   136.165     7.88    7.39
 -45474.767   137.227     3.71    7.24
 -45188.419   138.250     3.57    6.77
 -44902.079   139.824     5.50    5.60
 -44615.747   140.613     2.75    5.36
 -44329.422   141.060     1.56    5.34
 -44043.105   142.168     3.87    5.15
 -43756.795   143.141     3.40    4.43
 -43470.493   144.527     4.84    3.54
 -43184.198   145.549     3.57    3.79
 -42897.911   146.201     2.28    4.30
 -42611.632   147.301     3.84    4.43
 -42325.359   148.332     3.60    4.35
 -42039.095   149.422     3.81    4.32
 -41752.838   150.514     3.81    4.35
 -41466.588   151.484     3.39    4.31
 -41180.346   152.893     4.92    3.70
 -40894.112   152.841    -0.18    3.87
 -40607.885   152.052    -2.76    4.21
 -40321.665   150.680    -4.79    4.79
 -40035.454   149.137    -5.39    5.23
 -39749.249   147.961    -4.11    4.87
 -39463.052   147.538    -1.48    5.06
 -39176.863   147.893     1.24    5.51
 -38890.681   148.483     2.06    6.47
 -38604.507   150.538     7.18    6.74
 -38318.340   152.593     7.18    6.18
 -38032.181   153.988     4.88    4.84
 -37746.029   154.343     1.24    4.46
 -37459.885   154.161    -0.64    4.46
 -37173.748   153.651    -1.78    4.18
 -36887.619   152.142    -5.27    4.61
 -36601.498   150.995    -4.01    4.61
 -36315.383   150.339    -2.29    4.65
 -36029.277   149.379    -3.36    4.99
 -35743.178   147.827    -5.42    5.03
 -35457.086   145.585    -7.84    5.14
 -35171.002   143.081    -8.75    5.16
 -34884.925   141.142    -6.78    4.66
 -34598.856   139.545    -5.58    4.15
 -34312.795   138.060    -5.19    3.23
 -34026.741   136.874    -4.15    2.96
 -33740.694   135.817    -3.70    3.16
 -33454.655   134.768    -3.67    3.36
 -33168.624   133.848    -3.22    3.69
 -32882.600   132.719    -3.95    3.96
 -32596.583   131.154    -5.47    4.53
 -32310.574   129.987    -4.08    5.18
 -32024.573   128.390    -5.58    5.95
 -31738.579   126.671    -6.01    6.90
 -31452.592   124.578    -7.32    7.55
 -31166.613   122.293    -7.99    8.03
 -30880.642   119.672    -9.17    8.21
 -30594.678   116.581   -10.81    8.46
 -30308.721   113.470   -10.88    7.00
 -30022.772   111.758    -5.98    6.08
 -29736.831   110.469    -4.51    6.50
 -29450.897   110.490     0.07    7.09
 -29164.970   111.202     2.49    7.77
 -28879.051   113.634     8.50    7.72
 -28593.139   116.321     9.40    6.44
 -28307.235   118.270     6.82    5.66
 -28021.339   118.422     0.53    5.10
 -27735.450   117.139    -4.49    5.30
 -27449.568   115.707    -5.01    5.68
 -27163.694   114.131    -5.51    6.09
 -26877.828   112.457    -5.86    6.32
 -26591.969   110.067    -8.36    6.13
 -26306.117   108.563    -5.26    5.06
 -26020.273   107.633    -3.25    4.50
 -25734.436   106.705    -3.25    3.49
 -25448.607   106.284    -1.47    3.23
 -25162.785   106.264    -0.07    3.75
 -24876.971   105.803    -1.61    3.61
 -24591.164   105.273    -1.85    3.58
 -24305.365   104.580    -2.42    3.65
 -24019.573   104.468    -0.39    3.94
 -23733.789   104.980     1.79    4.37
 -23448.012   105.588     2.13    4.56
 -23162.243   105.357    -0.81    5.19
 -22876.481   104.410    -3.31    6.70
 -22590.727   103.950    -1.61    7.44
 -22304.980   103.889    -0.21    7.89
 -22019.241   103.897     0.03    8.20
 -21733.509   103.176    -2.53    8.09
 -21447.784   103.145    -0.11    7.98
 -21162.067   103.397     0.88    6.65
 -20876.358   102.854    -1.90    5.68
 -20590.656   101.067    -6.25    6.48
 -20304.961    97.223   -13.46    8.85
 -20019.274    91.719   -19.26   12.41
 -19733.595    86.168   -19.43   13.44
 -19447.923    79.840   -22.15   13.29
 -19162.258    75.010   -16.91   11.21
 -18876.068    70.403   -16.10    7.80
 -18588.709    67.574    -9.85    4.13
 -18301.359    66.052    -5.29    4.00
 -18014.018    63.457    -9.03    5.19
 -17726.684    61.517    -6.75    6.26
 -17439.359    59.292    -7.74    7.41
 -17152.042    57.654    -5.70    7.88
 -16864.734    57.125    -1.84    7.70
 -16577.434    56.638    -1.69    7.17
 -16290.142    55.804    -2.90    5.29
 -16002.859    57.819     7.01    7.43
 -15715.584    61.045    11.23    9.18
 -15428.318    64.900    13.42    9.60
 -15141.059    67.726     9.84    9.00
 -14853.809    70.742    10.50    9.56
 -14566.568    73.304     8.92   10.37
 -14279.334    75.241     6.74   11.07
 -13992.110    76.700     5.08   11.68
 -13704.893    78.002     4.53   11.60
 -13417.685    78.994     3.45   11.93
 -13130.485    79.093     0.34   13.22
 -12843.293    79.341     0.86   14.39
 -12556.110    78.031    -4.56   16.22
 -12268.935    75.524    -8.73   17.75
 -11981.768    72.237   -11.45   19.04
 -11694.610    68.751   -12.14   19.96
 -11407.460    64.320   -15.43   19.81
 -11120.319    59.066   -18.30   19.28
 -10833.185    51.292   -27.08   20.18
 -10546.060    42.433   -30.85   21.78
 -10258.944    32.152   -35.80   22.89
  -9971.835    20.870   -39.30   23.39
  -9684.735    10.074   -37.61   20.70
  -9397.644     0.760   -32.44   15.03
  -9110.560    -5.288   -21.07    9.47
  -8823.485    -8.322   -10.57    6.28
  -8536.419    -7.469     2.97    7.33
  -8249.360    -4.458    10.49   10.10
  -7962.310    -2.188     7.91   11.49
  -7675.268    -0.668     5.30   12.61
  -7388.235    -1.342    -2.35   12.71
  -7101.210    -1.948    -2.11   12.96
  -6814.193    -4.472    -8.80   11.87
  -6527.184    -8.710   -14.77    8.19
  -6240.184   -10.962    -7.85    4.31
  -5953.192    -9.703     4.39    5.62
  -5666.209    -6.941     9.63    6.46
  -5379.233    -5.310     5.68    6.42
  -5092.266    -3.934     4.79    6.85
  -4805.308    -3.291     2.24    7.13
  -4518.357    -3.131     0.55    7.27
  -4231.415    -4.536    -4.90    7.60
  -3944.482    -6.905    -8.26    6.71
  -3657.556    -9.153    -7.84    4.64
  -3370.639   -10.664    -5.27    0.91
  -3083.730   -10.785    -0.42    0.38
  -2796.830   -10.736     0.17    0.45
  -2509.937    -9.821     3.19    3.50
  -2223.053    -6.448    11.76    9.65
  -1936.178    -1.159    18.43   14.45
  -1649.310     3.367    15.78   15.28
  -1362.451     6.559    11.13   14.33
  -1075.601     9.610    10.64   12.39
   -788.758    10.589     3.41   10.85
   -501.924     9.531    -3.69   11.12
   -215.098     5.250   -14.93   12.29
     71.719     0.641   -16.07   11.01
    358.529    -3.983   -16.12    8.99
    645.330    -7.166   -11.10    6.16
    932.122    -9.491    -8.11    2.61
   1218.907   -10.046    -1.93    0.72
   1505.683    -9.107     3.27    3.27
   1792.451    -7.969     3.97    4.63
   2079.211    -7.401     1.98    4.75
   2365.962    -7.117     0.99    4.80
   2652.705    -6.092     3.57    5.29
   2939.440    -5.542     1.92    5.26
   3226.166    -5.144     1.39    5.62
   3512.884    -5.831    -2.40    5.67
   3799.594    -5.631     0.70    6.52
   4086.296    -6.047    -1.45    6.47
   4372.989    -7.078    -3.60    5.87
   4659.674    -8.365    -4.49    5.16
   4946.351    -7.297     3.72    6.75
   5233.019    -6.317     3.42    7.65
   5519.680    -6.203     0.40    8.58
   5806.332    -6.469    -0.93    8.66
   6092.975    -7.690    -4.26    7.01
   6379.611    -7.940    -0.87    6.61
   6666.238    -8.016    -0.27    6.00
   6952.857    -6.955     3.70    6.55
   7239.467    -5.510     5.04    7.04
   7526.070    -4.019     5.20    7.75
   7812.664    -2.999     3.56    8.29
   8099.250    -2.330     2.33    8.21
   8385.827    -1.367     3.36    8.43
   8672.397    -2.825    -5.09    7.99
   8958.958    -4.948    -7.41    6.16
   9245.510    -6.712    -6.16    5.46
   9532.055    -7.350    -2.23    4.81
   9818.591    -7.168     0.64    4.79
  10105.119    -7.565    -1.38    3.91
  10391.639    -7.426     0.48    3.92
  10678.150    -6.433     3.46    5.39
  10964.654    -4.522     6.67    7.42
  11251.149    -1.203    11.59    8.83
  11537.635     1.626     9.88    8.45
  11824.114     3.038     4.93    7.21
  12110.584     2.855    -0.64    6.36
  12397.046     2.074    -2.73    6.11
  12683.500     0.757    -4.60    5.43
  12969.945    -1.607    -8.26    5.94
  13256.382    -4.249    -9.22    5.73
  13542.811    -5.259    -3.53    5.33
  13829.232    -4.373     3.09    6.70
  14115.644    -2.984     4.85    7.60
  14402.049    -2.092     3.11    7.48
  14688.445    -0.729     4.76    7.42
  14974.832     0.413     3.99    6.66
  15261.212     1.097     2.39    6.48
  15547.583     1.804     2.47    7.10
  15833.946     1.647    -0.55    7.42
  16120.301     2.161     1.80    7.93
  16406.648     3.872     5.97    7.51
  16692.986     5.895     7.07    6.23
  16979.316     7.685     6.25    4.69
  17265.638     8.731     3.65    4.17
  17551.951     8.705    -0.09    4.22
  17838.257     8.359    -1.21    4.18
  18124.554     7.861    -1.74    4.22
  18410.843     7.556    -1.07    4.22
  18697.123     7.156    -1.40    4.31
  18983.396     6.324    -2.91    4.19
  19269.660     5.535    -2.76    4.35
  19555.916     4.241    -4.52    4.70
  19842.164     2.804    -5.02    4.52
  20128.403     2.004    -2.80    3.90
  20414.635     1.426    -2.02    3.44
  20700.858     1.212    -0.75    3.33
  20987.073     1.124    -0.31    3.33
  21273.279     1.332     0.73    3.06
  21559.478     1.702     1.29    2.67
  21845.668     1.807     0.37    2.39
  22131.850     1.141    -2.33    2.24
  22418.024     0.523    -2.16    2.67
  22704.189     0.209    -1.10    3.10
  22990.346    -0.208    -1.46    3.32
  23276.496    -0.940    -2.56    3.49
  23562.636    -1.803    -3.02    3.47
  23848.769    -1.977    -0.61    3.29
  24134.894    -2.197    -0.77    3.35
  24421.010    -2.155     0.15    3.27
  24707.118    -1.805     1.22    3.55
  24993.218    -0.714     3.81    4.04
  25279.309     0.359     3.75    4.22
  25565.393     1.009     2.27    5.03
  25851.468     1.516     1.77    6.54
  26137.535     2.852     4.67    8.72
  26423.594     4.109     4.39   11.12
  26709.644     4.744     2.22   12.64
  26995.687     5.190     1.56   13.61
  27281.721     5.281     0.32   13.47
  27567.747     5.619     1.18   12.48
  27853.764     6.132     1.79   11.90
  28139.774     6.531     1.40   11.75
  28425.775     6.060    -1.65   11.69
  28711.769     5.958    -0.36   11.55
  28997.754     6.752     2.78   11.68
  29283.730     8.148     4.88   11.97
  29569.699     8.589     1.54   11.56
  29855.659     8.388    -0.70   11.15
  30141.611     8.081    -1.07   10.11
  30427.555     8.155     0.26    8.80
  30713.491     7.955    -0.70    6.98
  30999.419     8.045     0.32    6.53
  31285.338     7.897    -0.52    6.50
  31571.249     7.840    -0.20    6.48
  31857.152     8.145     1.07    6.01
  32143.047     9.979     6.41    7.43
  32428.934    12.261     7.98    9.90
  32714.812    14.726     8.62   11.50
  33000.683    16.758     7.11   12.06
  33286.545    18.438     5.88   11.71
  33572.399    20.438     7.00   10.70
  33858.244    22.247     6.33    9.24
  34144.082    22.784     1.88    8.21
  34429.911    23.066     0.99    7.34
  34715.733    24.245     4.13    6.68
  35001.546    25.198     3.34    6.77
  35287.350    26.481     4.49    6.31
  35573.147    26.869     1.36    6.52
  35858.936    26.213    -2.29    7.38
  36144.716    24.500    -6.00    7.94
  36430.488    23.344    -4.04    7.78
  36716.252    22.956    -1.36    7.13
  37002.008    22.887    -0.24    6.50
  37287.755    23.138     0.88    5.53
  37573.495    23.567     1.50    4.59
  37859.226    23.630     0.22    4.81
  38144.949    22.637    -3.48    6.55
  38430.664    20.626    -7.04    8.15
  38716.371    18.433    -7.68    9.23
  39002.070    17.705    -2.55   10.09
  39287.760    17.574    -0.46   10.95
  39573.442    16.563    -3.54   11.15
  39859.116    16.644     0.28   11.05
  40144.782    18.626     6.94   10.01
  40430.440    20.867     7.84    8.74
  40716.090    22.302     5.03    9.38
  41001.731    24.719     8.46   11.41
  41287.365    26.263     5.40   11.00
  41572.990    28.714     8.58    9.79
  41858.607    31.119     8.42    8.62
  42144.215    32.575     5.10    8.42
  42429.816    33.832     4.40    8.46
  42715.409    34.126     1.03    7.92
  43001.729    34.792     2.33    6.75
  43289.163    35.883     3.80    6.13
  43576.589    36.729     2.94    6.04
  43864.005    37.457     2.53    6.22
  44151.412    37.719     0.91    6.48
  44438.810    39.060     4.67    6.77
  44726.199    40.052     3.45    6.78
  45013.579    40.712     2.29    6.56
  45300.950    39.244    -5.11    8.23
  45588.312    36.495    -9.56   10.26
  45875.664    32.824   -12.78   10.75
  46163.008    29.763   -10.65    8.67
  46450.343    27.592    -7.55    6.79
  46737.668    27.889     1.03    6.88
  47024.985    29.751     6.48    7.56
  47312.293    34.052    14.97    9.15
  47599.591    37.616    12.40   10.00
  47886.881    40.429     9.79   10.36
  48174.161    43.996    12.42    9.47
  48461.432    47.609    12.58    7.55
  48748.695    50.244     9.17    5.15
  49035.948    51.376     3.94    4.40
  49323.192    52.494     3.89    4.07
  49610.427    53.263     2.67    4.04
  49897.653    54.228     3.36    4.55
  50184.871    55.972     6.07    6.37
  50472.079    58.445     8.61    7.76
  50759.278    61.407    10.31    8.57
  51046.468    65.751    15.13   10.49
  51333.649    71.264    19.20   12.63
  51620.821    77.619    22.13   14.85
  51907.984    85.897    28.83   16.63
  52195.138    94.024    28.30   16.37
  52482.282   102.331    28.93   15.22
  52769.418   108.870    22.77   14.37
  53056.545   114.865    20.88   12.47
  53343.663   120.010    17.92   11.78
  53630.772   125.045    17.54    9.79
  53917.871   128.383    11.63    8.61
  54204.962   131.489    10.82    7.46
  54492.044   133.885     8.35    6.60
  54779.116   134.903     3.55    5.65
  55066.180   135.637     2.55    5.69
  55353.235   137.001     4.75    5.20
  55640.280   136.657    -1.20    6.25
  55927.317   135.505    -4.01    7.12
  56214.345   134.205    -4.53    7.47
  56501.363   133.164    -3.63    8.03
  56788.373   133.538     1.30    8.79
  57075.373   134.817     4.46    9.52
  57362.365   136.208     4.85   10.60
  57649.348   139.722    12.24   10.61
  57936.321   143.505    13.18    9.24
  58223.286   145.925     8.43    8.12
  58510.241   148.149     7.75    7.37
  58797.188   149.520     4.78    7.24
  59084.125   151.434     6.67    6.86
  59371.054   153.987     8.90    7.16
  59657.973   156.815     9.86    7.29
  59944.884   158.369     5.42    7.59
  60231.785   158.549     0.63    8.55
  60518.678   157.095    -5.07   10.17
  60805.561   154.852    -7.82   12.48
  61092.436   151.060   -13.22   13.97
  61379.301   146.274   -16.68   15.46
  61666.158   140.145   -21.37   17.02
  61953.006   133.935   -21.65   17.54
  62239.844   127.254   -23.29   19.37
  62526.674   120.770   -22.61   21.20
  62813.494   115.139   -19.63   22.76
  63100.306   108.299   -23.85   24.25
  63387.108   101.958   -22.11   21.79
  63673.902    98.604   -11.70   19.46
  63960.687    91.414   -25.07   20.21
  64247.462    83.133   -28.88   19.66
  64534.229    78.673   -15.55   20.19
  64820.987    72.116   -22.87   19.55
  65107.735    64.942   -25.02   16.19
  65394.475    59.693   -18.30   13.14
  65681.206    55.343   -15.17   10.93
  65967.928    53.734    -5.61   11.37
  66254.641    54.806     3.74   12.06
  66541.344    56.517     5.97   12.61
  66828.039    56.942     1.48   12.72
  67114.725    57.988     3.65   13.34
  67401.402    58.237     0.87   13.86
  67688.070    58.761     1.83   13.66
  67974.729    60.910     7.50   13.62
  68261.379    62.088     4.11   13.68
  68548.020    62.956     3.03   13.78
  68834.652    63.320     1.27   12.95
  69121.275    63.879     1.95   12.16
  69407.889    63.270    -2.12   10.56
  69694.494    63.916     2.25    9.32
  69981.091    65.487     5.48    7.12
  70267.678    67.284     6.27    5.51
  70554.256    69.346     7.19    6.83
  70840.826    72.263    10.18    8.40
  71127.386    75.260    10.46    8.64
  71413.937    77.488     7.78    7.60
  71700.480    78.660     4.09    7.09
  71987.013    79.825     4.06    6.91
  72273.538    82.442     9.14    8.39
  72560.054    85.236     9.75   11.45
  72846.560    88.081     9.93   14.19
  73133.058    92.247    14.54   16.61
  73419.547    96.732    15.66   16.86
  73706.026   100.293    12.43   15.37
  73992.497   103.668    11.78   13.88
  74278.959   107.401    13.03   13.00
  74565.412   111.974    15.96   12.74
  74851.856   115.790    13.32   12.26
  75138.291   118.663    10.03   11.93
  75424.718   121.304     9.22   11.08
  75711.135   123.896     9.05    9.93
  75997.543   126.620     9.51    8.64
  76283.942   128.655     7.11    8.52
  76570.333   131.145     8.69    7.20
  76856.714   133.139     6.97    5.35
  77143.087   133.933     2.77    4.44
  77429.450   134.888     3.33    4.29
  77715.805   136.023     3.96    5.61
  78002.151   136.417     1.37    6.49
  78288.487   136.534     0.41    6.95
  78574.815   137.806     4.44    7.56
  78861.134   139.662     6.48    8.21
  79147.444   141.082     4.96    8.05
  79433.745   143.016     6.75    7.43
  79720.038   145.151     7.46    6.62
  80006.321   147.183     7.10    5.68
  80292.595   148.330     4.01    4.75
  80578.860   148.682     1.23    4.63
  80865.117   148.559    -0.43    4.54
  81151.365   148.625     0.23    4.65
