# NaN NaN NaN ;Mean Elev.(m), Avg Gradient(m/km), RMS Gradient(m/km) - SRTM1     
#  114.274  -1.881  33.511 ;Mean Elev.(m), Avg Gradient(m/km), RMS Gradient(m/km) - ASTER GDEM
#  100.268  -1.194  37.501 ;Mean Elev.(m), Avg Gradient(m/km), RMS Gradient(m/km) - GMTED2010 
   1 123.413035  60.586287   113.011   112.978  7 54667.29649229 41.076
   2 123.415027  60.586221   114.786   114.532  7 54677.21213691 31.449
   3 123.422798  60.585649     6.931     6.523  6 54687.12778086  2.904
   4 123.425796  60.586769   114.895   114.886  7 54697.04342243 39.580
   5 123.423773  60.587359    13.177    13.334  6 54706.95906313  4.043
   6 123.417535  60.585825   291.061   291.087  7 54716.87471489  1.873
   7 123.400589  60.587865    12.642    12.642  5 54726.79036268  1.210
   8 123.398924  60.586481   279.631   276.793  7 54736.70601051  4.258
  10 123.406177  60.586166   111.861   111.848  7 54756.53730510 48.286
  11 123.408505  60.585747   111.396   111.482  7 54766.45295033 52.093
  16 123.418018  60.585809   111.580   111.593  7 54816.03114623 17.440
  17 123.417180  60.586812   114.654   114.782  7 54825.94679361 13.783
  18 123.415720  60.585357   117.680   117.764  7 54835.86243317 11.620
  19 123.409823  60.585907   118.654   118.684  7 54845.77808227 10.793
  20 123.410271  60.585651   118.722   118.659  8 54855.69373127  9.832
  21 123.414292  60.585552   118.059   117.933  7 54865.60938045  9.721
  22 123.413913  60.586214   117.721   117.866  7 54875.52502867 10.103
  23 123.411900  60.586188   118.578   118.673  7 54885.44067401  8.347
  24 123.406191  60.585593   118.673   118.674  7 54895.35631565  8.530
  25 123.400473  60.585104   119.286   119.196  8 54905.27195470  8.066
  26 123.400312  60.584839   118.945   118.878  8 54915.18759317  8.804
  27 123.403900  60.585266   118.347   119.302  8 54925.10323160  9.300
  28 123.408686  60.585956   112.637   110.366  7 54935.01886941 10.743
  29 123.411837  60.586384   118.142   118.573  7 54944.93450515 17.836
  30 123.411226  60.586530   292.243   292.256  7 54954.85013817  8.552
  31 123.406785  60.585698   291.919   291.698  7 54964.76578443  4.273
  32 123.404362  60.585530   291.187   291.420  8 54974.68143233  6.553
  34 123.413285  60.585853   288.800   288.457  7 54994.51272825  2.589
  35 123.415631  60.586000   117.943   117.926  7 55004.42837462 45.127
  36 123.414038  60.586046   115.445   115.434  7 55014.34401857 30.295
  37 123.411231  60.586242   116.074   116.025  7 55024.25966103 52.716
  38 123.415086  60.585343   114.316   114.293  7 55034.17530373 46.111
  39 123.418006  60.585743   114.539   114.935  7 55044.09094551 25.817
  40 123.419502  60.586515   115.584   115.302  6 55054.00658549 21.300
  41 123.417766  60.586555   115.392   115.338  7 55063.92222302 52.370
  42 123.412992  60.585453   115.248   115.289  7 55073.83786878 53.527
  43 123.405483  60.585259   114.049   114.073  8 55083.75351618 37.982
  44 123.402486  60.585419   115.204   115.140  8 55093.66916229 54.867
  45 123.402973  60.585738   113.860   113.855  7 55103.58480850 47.222
  46 123.406703  60.585246   113.475   113.461  7 55113.50045486 51.889
  47 123.405717  60.585657   113.449   112.012  8 55123.41609822 29.959
  48 123.405205  60.585217   110.872   110.879  7 55133.33173889 47.486
  49 123.401561  60.585714   112.605   111.741  7 55143.24737712 25.481
  50 123.403197  60.585647   116.687   117.950  7 55153.16301543 18.289
  51 123.409017  60.585500   118.258   118.310  7 55163.07865454 14.029
  52 123.416134  60.585611   117.249   117.669  7 55172.99429346 12.971
  53 123.420475  60.586071   116.480   116.644  6 55182.90993089 12.735
  54 123.417853  60.585963   117.222   117.739  7 55192.82558203 10.925
  55 123.414391  60.586052   118.306   118.381  7 55202.74123176  9.330
  56 123.414095  60.585819   117.607   118.221  7 55212.65688108  9.807
  57 123.411974  60.586552   118.304   118.466  7 55222.57252963  9.002
  58 123.411137  60.585842   118.131   118.451  7 55232.48817709  8.865
  59 123.408080  60.585331   119.013   118.881  7 55242.40382115  7.189
  60 123.402101  60.585523   119.419   119.375  8 55252.31946152  7.789
  61 123.399382  60.585521   118.394   118.908  8 55262.23510009  7.902
  62 123.401960  60.585667   118.083   118.607  7 55272.15073827  7.492
  63 123.407040  60.585498   117.504   118.147  8 55282.06637659  6.902
  64 123.409574  60.585712   115.813   117.717  8 55291.98201347  6.827
  65 123.411096  60.585501   114.146   112.234  7 55301.89764844  7.232
  66 123.406724  60.585376   114.478   115.033  7 55311.81329596 26.451
  67 123.404470  60.585614   291.299   291.310  7 55321.72894119  8.112
  68 123.406281  60.585621   291.829   291.935  8 55331.64458555  9.583
  69 123.409696  60.585702   283.174   284.711  8 55341.56022998  6.767
  70 123.412368  60.585743   115.326   115.319  8 55351.47587413 44.364
  71 123.414990  60.585468   116.901   116.836  7 55361.39151614 29.457
  72 123.414671  60.586018   113.802   113.789  7 55371.30715572 52.339
  73 123.416127  60.586498   115.826   115.453  7 55381.22279409 28.447
  74 123.421669  60.585884   115.334   115.309  7 55391.13843231 24.506
  75 123.423533  60.586211   115.232   115.284  6 55401.05406888 22.532
  76 123.417881  60.586362   113.492   113.530  7 55410.96971758 48.980
  77 123.410847  60.585519   113.528   113.490  7 55420.88536709 41.052
  78 123.402927  60.585732   112.839   112.577  8 55430.80101335 52.188
  79 123.401476  60.585793   114.308   114.229  8 55440.71665779 45.935
  80 123.405715  60.585451   113.543   113.601  7 55450.63230121 47.235
  81 123.408693  60.585627   112.802   112.960  7 55460.54794384 53.746
  82 123.408729  60.585453   116.740   116.762  8 55470.46358511 26.758
  83 123.406867  60.585238   114.547   115.109  7 55480.37922319 29.633
  84 123.405812  60.585268   110.829   110.862  8 55490.29485879 48.359
  85 123.409557  60.585403   110.077   110.049  7 55500.21049277 47.582
  86 123.412902  60.585992   112.627   112.628  7 55510.12613479 38.332
  87 123.414704  60.586052   114.698   114.963  8 55520.04178488 21.982
  88 123.412955  60.586688   118.984   118.973  7 55529.95743362 17.865
  89 123.414744  60.585331   118.643   118.695  7 55539.87308120 13.421
  90 123.411162  60.586145   119.197   119.264  7 55549.78872576 11.387
  91 123.411804  60.586238   119.284   119.247  7 55559.70436906 10.543
  92 123.417645  60.585406   118.435   118.408  7 55569.62001205  9.020
  93 123.418302  60.585691   118.208   118.198  7 55579.53565342  8.805
  94 123.412730  60.586400   118.904   118.806  7 55589.45129153  8.745
  95 123.407724  60.586112   119.407   119.445  7 55599.36692677  8.179
  96 123.405656  60.585822   119.638   119.621  7 55609.28255994  7.613
  97 123.408385  60.586345   119.633   119.549  7 55619.19819193  7.872
  98 123.414257  60.585833   119.015   118.866  7 55629.11384156  6.678
  99 123.415999  60.585862   118.955   118.940  7 55639.02949295  7.028
 100 123.410486  60.586377   117.773   118.512  7 55648.94514139  3.804
 101 123.403750  60.585826   118.169   118.883  7 55658.86078667  6.778
 102 123.400623  60.585306   113.574   111.769  7 55668.77642838  6.463
 103 123.404353  60.585352   290.991   290.956  7 55678.69206819 12.193
 104 123.412166  60.586011   290.558   291.180  7 55688.60770627  6.405
 105 123.419466  60.586391   292.147   292.208  6 55698.52334292  4.942
 106 123.421808  60.586546   113.621   113.620  7 55708.43897967 50.143
 107 123.417531  60.586079   116.547   116.523  7 55718.35463012 39.604
 108 123.415209  60.585574   115.315   115.276  7 55728.27027824 29.195
 109 123.416046  60.585499   113.735   113.807  7 55738.18592515 37.132
 110 123.416681  60.586147   112.677   112.711  7 55748.10157076 46.641
 111 123.415851  60.586477   116.022   116.416  7 55758.01721408 20.126
 112 123.413515  60.585868   112.004   111.983  7 55767.93285465 45.441
 113 123.407166  60.585800   116.288   116.319  8 55777.84849168 44.331
 114 123.403725  60.585839   291.208   291.143  7 55787.76412631  1.845
 115 123.408009  60.585985   113.606   113.699  8 55797.67976009 50.442
 116 123.413118  60.586258   114.781   114.779  7 55807.59540384 35.345
 117 123.416967  60.586219   285.985   287.241  7 55817.51105302  5.199
 118 123.417265  60.585336   289.862   290.016  7 55827.42669832  5.555
 119 123.411351  60.585404   290.448   290.180  7 55837.34233861  2.063
 120 123.406208  60.585593   118.124   118.498  8 55847.25797587 26.388
 121 123.410428  60.585727   117.344   118.431  8 55857.17361174 21.836
 122 123.414743  60.586724   111.213   111.209  7 55867.08925661 47.520
 123 123.421799  60.585872   111.473   111.480  7 55877.00490966 45.405
 124 123.420186  60.586560   111.887   111.871  7 55886.92055547 20.520
 125 123.418707  60.586193   111.257   111.230  7 55896.83619566 20.100
 126 123.419742  60.585482   111.828   111.819  7 55906.75183094 18.219
 127 123.418405  60.585748   112.253   112.274  7 55916.66747591 15.606
 128 123.418410  60.585525   115.880   117.040  7 55926.58312932 12.097
 129 123.417190  60.585640   116.999   116.832  7 55936.49877919 10.834
 130 123.409678  60.586247   118.826   118.929  7 55946.41442353 10.385
 131 123.404750  60.585368   119.294   119.285  7 55956.33006381  9.064
 132 123.401886  60.585112   119.472   119.337  8 55966.24570172  9.461
 133 123.405093  60.585404   115.909   118.186  7 55976.16133917 12.562
 134 123.412455  60.585977   110.545   111.090  8 55986.07697623 13.358
 135 123.420698  60.585638   117.556   117.620  7 55995.99261340  8.424
 136 123.414438  60.586168   118.461   118.404  7 56005.90826470  8.425
 137 123.406711  60.585846   119.244   119.133  8 56015.82391193  8.127
 138 123.402794  60.585349   119.144   119.151  7 56025.73955648  8.278
 139 123.405227  60.585411   119.419   119.278  8 56035.65519965  8.211
 140 123.411469  60.586364   116.726   116.597  7 56045.57084097 16.070
 141 123.419499  60.586407   291.986   292.085  7 56055.48647973 17.635
 142 123.424268  60.586298   291.969   292.022  7 56065.40211424  7.198
 143 123.418538  60.586832   292.343   292.523  7 56075.31775910  6.223
 144 123.415345  60.586068   291.192   291.064  7 56085.23340828  4.621
 145 123.414120  60.585847   117.609   118.061  7 56095.14905528 28.668
 146 123.414556  60.586054   116.941   117.025  8 56105.06470029 32.812
 147 123.415657  60.585411   117.577   117.593  7 56114.98033100 51.530
 148 123.414302  60.585356   116.172   116.170  7 56124.89596920 50.291
 149 123.411365  60.585468   119.161   119.175  7 56134.81160320 56.389
 150 123.407684  60.585924   115.927   115.955  8 56144.72724366 53.787
 151 123.407752  60.585490   114.254   114.264  8 56154.64289370 47.569
 152 123.410819  60.585346   113.170   113.047  7 56164.55854281 53.776
 153 123.411437  60.586068   113.678   113.651  7 56174.47418943 47.860
 154 123.412574  60.585820   113.418   113.480  8 56184.38983111 41.169
 155 123.408825  60.586138   115.351   115.360  7 56194.30546852 29.922
 156 123.409191  60.585615   115.300   115.344  7 56204.22110365 30.802
 157 123.412720  60.586142   112.070   112.008  7 56214.13673749 52.868
 158 123.422105  60.586214   110.807   110.817  6 56224.05237363 44.790
 159 123.422523  60.586753   110.445   110.473  6 56233.96802967 39.803
 160 123.421069  60.586591   111.407   111.353  6 56243.88368165 27.566
 161 123.417292  60.586229   111.125   111.141  7 56253.79932859 20.641
 162 123.415179  60.586005   112.022   111.121  7 56263.71497127 19.845
 163 123.415702  60.585799   115.090   116.632  7 56273.63061228 16.319
 164 123.414716  60.586158   118.402   118.402  7 56283.54625564 13.409
 165 123.412018  60.585704   118.358   118.356  7 56293.46190681 11.980
 166 123.405441  60.585918   118.985   118.938  8 56303.37755317 11.267
 167 123.401952  60.585730   119.406   119.309  7 56313.29319583  9.955
 168 123.403744  60.585367   119.448   119.500  7 56323.20883698  9.074
 169 123.408488  60.585341   118.978   118.819  7 56333.12447785  7.602
 170 123.409953  60.586330   118.889   118.966  7 56343.04011782  7.075
 171 123.413872  60.585856   118.588   118.482  7 56352.95575590  6.596
 172 123.411956  60.585845   119.029   118.968  7 56362.87139782  5.075
 173 123.407409  60.585937   119.505   119.579  8 56372.78704662  5.031
 175 123.410755  60.585686   118.791   118.599  8 56392.61833757  5.009
 176 123.416457  60.585381   113.711   113.663  7 56402.53398065  5.521
 177 123.418364  60.586109   290.974   290.892  6 56412.44962042 12.008
 178 123.420741  60.586216   292.002   292.104  6 56422.36525535  6.147
 179 123.419682  60.586357   291.871   292.008  6 56432.28089662  6.033
 180 123.414709  60.586419   291.773   291.838  7 56442.19654878  6.303
 181 123.411929  60.586536   291.660   291.493  7 56452.11219864  9.737
 182 123.410598  60.586053   114.142   114.139  7 56462.02784629 42.413
 183 123.406596  60.586035   112.992   112.917  7 56471.94349035 52.396
 184 123.404661  60.585535   291.129   291.290  8 56481.85913114  7.044
 185 123.404505  60.585694   291.170   291.176  8 56491.77476821  7.864
 186 123.409449  60.585747   116.162   116.164  7 56501.69040315 40.016
 187 123.414766  60.586734   116.863   116.813  7 56511.60603640 53.938
 188 123.419244  60.585709   114.412   114.420  7 56521.52168259 51.233
 189 123.415124  60.585628   114.518   114.535  7 56531.43733499 41.073
 191 123.407669  60.585767   116.194   115.335  8 56551.26862818 30.169
 192 123.409503  60.586117   291.160   291.373  7 56561.18427104  1.375
 193 123.415521  60.586024   116.872   116.763  7 56571.09991331 22.490
 194 123.420063  60.586465   110.773   110.653  6 56581.01555386 52.369
 195 123.423323  60.586405   110.125   110.153  6 56590.93119023 49.944
 196 123.418614  60.586486   109.825   109.858  7 56600.84683779 44.045
 197 123.412982  60.586529   110.227   110.211  7 56610.76248739 31.852
 198 123.414234  60.586137   110.625   110.644  7 56620.67813293 26.943
 199 123.414642  60.586707   112.017   110.931  7 56630.59377516 18.343
 200 123.418781  60.585492   112.498   111.013  7 56640.50941426 17.128
 201 123.412874  60.585406   112.719   110.778  7 56650.42506041 17.214
 202 123.404787  60.585155   117.617   118.274  8 56660.34071025 14.136
 203 123.400592  60.585592   118.716   118.879  7 56670.25635694 12.823
 204 123.406605  60.585277   118.361   118.358  8 56680.17200260 11.516
 205 123.413440  60.585310   115.048   114.783  7 56690.08764661 10.928
 206 123.413515  60.586496   117.424   117.679  7 56700.00328673 11.061
 207 123.413735  60.585915   116.285   117.359  8 56709.91892239 10.054
 208 123.409539  60.585848   117.880   117.984  7 56719.83456352  9.897
 210 123.410534  60.585690   117.508   117.515  7 56739.66586415 10.115
 211 123.414817  60.586637   115.924   117.537  7 56749.58150861  9.477
 212 123.420491  60.586424   111.513   111.703  6 56759.49714854 36.624
 213 123.421551  60.586636   291.751   291.813  7 56769.41278167 14.708
 214 123.416077  60.586064   292.084   292.064  8 56779.32843095  9.784
 215 123.409339  60.586077   291.049   291.131  7 56789.24408587  6.488
 216 123.408496  60.585517   290.574   290.393  7 56799.15973812  5.592
 217 123.408591  60.586212   291.700   291.706  7 56809.07538414  6.510
 218 123.411067  60.585687   113.930   113.953  8 56818.99102508 43.078
 219 123.409757  60.585305   115.516   115.514  7 56828.90666192 34.470
 221 123.408700  60.585347   113.983   113.989  7 56848.73792705 48.435
 222 123.408084  60.585990   112.148   112.069  7 56858.65358138 53.969
 223 123.412406  60.586220   111.340   111.333  7 56868.56923513 52.624
 224 123.413097  60.586317   112.832   112.891  7 56878.48488646 53.070
 225 123.410893  60.585394   113.587   113.559  7 56888.40053434 38.823
 226 123.404417  60.585232   116.037   115.241  7 56898.31617907 26.600
 227 123.402379  60.585494   115.662   115.292  7 56908.23182172 27.660
 228 123.408843  60.585581   115.320   115.345  7 56918.14746327 28.913
 229 123.415961  60.586721   113.889   114.220  7 56928.06310278 35.518
 230 123.423752  60.586482   111.873   111.878  6 56937.97873847 52.854
 231 123.424498  60.586532   110.682   110.680  6 56947.89437128 50.943
 232 123.415602  60.586063   109.787   109.779  7 56957.81002409 43.221
 233 123.409527  60.585967   111.029   110.986  8 56967.72567170 27.441
 234 123.411807  60.585580   117.408   118.315  7 56977.64131602 15.935
 235 123.414135  60.586606   118.387   118.490  7 56987.55695562 14.527
 236 123.418697  60.586462   117.306   118.092  7 56997.47258954 13.450
 237 123.415898  60.585535   118.159   118.210  7 57007.38823640 12.507
 238 123.404912  60.586004   119.617   119.620  7 57017.30388891 11.115
 239 123.402704  60.585277   119.736   119.830  8 57027.21953898  9.322
 240 123.405329  60.585710   119.638   119.670  7 57037.13518762  9.083
 241 123.411620  60.585843   119.030   118.901  7 57047.05083411  8.587
 242 123.416959  60.585590   118.381   118.394  7 57056.96647695  8.057
 243 123.414306  60.586220   118.796   118.648  7 57066.88211351  7.514
 244 123.415107  60.585590   118.619   118.638  7 57076.79774612  7.789
 245 123.419155  60.585358   118.164   118.240  7 57086.71337668  7.154
 246 123.415873  60.586737   118.256   118.256  7 57096.62903503 10.136
 247 123.419949  60.586286   110.073   110.166  7 57106.54469140 18.921
 248 123.421076  60.586348   110.358   109.585  7 57116.46034265 15.033
 249 123.417422  60.586353   112.607   112.591  7 57126.37598725 16.172
 250 123.413530  60.585887   111.870   110.876  8 57136.29162657 32.165
 251 123.411796  60.586024   291.298   291.348  7 57146.20726194 14.346
 252 123.415535  60.586161   116.684   116.622  7 57156.12289546 54.819
 253 123.418500  60.586264   292.147   292.162  6 57166.03853798  5.996
 254 123.416330  60.585958   291.552   291.663  7 57175.95419453  9.317
 255 123.409010  60.586395   117.457   117.443  7 57185.86984665 54.257
 256 123.405677  60.585346   115.279   115.231  8 57195.78549517 47.695
 257 123.402089  60.585725   116.194   116.191  8 57205.70112973 55.037
 258 123.406275  60.585527   113.546   113.643  7 57215.61677522 43.569
 259 123.410656  60.586299   112.560   112.447  7 57225.53241926 51.623
 260 123.417782  60.585406   111.486   111.487  7 57235.44806177 51.037
 261 123.416248  60.586096   111.056   111.134  7 57245.36369989 51.777
 262 123.414833  60.586235   110.959   110.923  7 57255.27933557 53.127
 263 123.417370  60.586317   115.518   115.229  7 57265.19497042 22.486
 264 123.422655  60.586241   110.474   110.434  6 57275.11061288 52.139
 265 123.421973  60.586978   115.039   115.083  6 57285.02626995 23.313
 266 123.420694  60.586558   111.415   111.470  7 57294.94192426 47.233
 267 123.418526  60.585319   110.459   110.394  7 57304.85757493 52.101
 268 123.410651  60.585810   110.262   110.280  7 57314.77322094 49.402
 269 123.407425  60.585728   109.672   109.702  7 57324.68886414 43.003
 270 123.408798  60.585574   110.542   110.549  8 57334.60450577 33.047
 271 123.410427  60.586203   110.274   110.242  7 57344.52014534 26.986
 272 123.407466  60.585846   112.922   114.019  7 57354.43579897 22.863
 273 123.405031  60.586055   112.178   110.918  7 57364.35144245 17.896
 274 123.405851  60.585302   118.829   118.773  7 57374.26708301 13.392
 275 123.408171  60.585354   118.616   118.456  7 57384.18272191 12.064
 276 123.410789  60.586247   119.045   119.036  7 57394.09836039 10.118
 277 123.417742  60.586132   118.107   118.134  6 57404.01399853  9.442
 278 123.417740  60.586597   118.169   118.235  7 57413.92964485  8.932
 279 123.415778  60.586197   118.498   118.532  7 57423.84529636  7.814
 280 123.414240  60.585655   118.546   118.456  7 57433.76094499  8.097
 281 123.415075  60.585501   116.412   117.736  7 57443.67659190 10.009
 282 123.416297  60.586129   107.578   108.221  7 57453.59223800 13.184
 283 123.418832  60.586201   117.886   118.041  6 57463.50788253  8.526
 284 123.418180  60.586578   117.704   117.712  7 57473.42352310  8.774
 285 123.417196  60.586392   118.075   118.041  7 57483.33916002  7.128
 286 123.417440  60.585813   110.052   110.035  7 57493.25479417  6.759
 287 123.418062  60.586815   117.578   118.488  7 57503.17042625 24.416
 288 123.418330  60.586027   291.718   291.992  7 57513.08607885  8.475
 289 123.414562  60.586063   291.789   291.725  7 57523.00173353  6.388
 290 123.409448  60.586064   291.393   291.311  7 57532.91738575  8.780
 291 123.406736  60.585354   291.518   291.658  7 57542.83303506  4.578
 292 123.404547  60.585732   117.830   117.810  8 57552.74868142 38.675
 293 123.408450  60.585334   115.780   115.753  7 57562.66432683 54.617
 294 123.409708  60.586245   115.345   115.411  7 57572.57997133 30.723
 295 123.413054  60.585711   113.456   113.398  7 57582.49561606 51.848
 296 123.413583  60.585691   115.033   115.061  7 57592.41125862 30.687
 297 123.412213  60.586331   291.247   291.188  7 57602.32689842 11.887
