-180936.628   303.363     0.00    9.25
-180651.202   301.144    -7.77   10.44
-180365.794   296.305   -16.96   13.38
-180080.404   292.236   -14.26   14.48
-179795.033   289.875    -8.27   13.94
-179509.680   289.160    -2.51   13.31
-179224.346   290.936     6.22   13.17
-178939.030   294.599    12.84   15.15
-178653.732   299.665    17.76   15.60
-178368.453   304.639    17.44   13.86
-178083.192   309.140    15.78   10.27
-177797.950   312.008    10.05    8.69
-177512.726   313.077     3.75    8.67
-177227.520   312.457    -2.17    8.86
-176942.332   310.482    -6.93    8.97
-176657.163   308.482    -7.01    9.56
-176372.013   308.358    -0.44    9.06
-176086.881   307.781    -2.02    8.90
-175801.767   308.677     3.14    9.70
-175516.671   310.624     6.83   10.10
-175231.594   311.957     4.68    9.35
-174946.535   313.913     6.86    8.04
-174661.494   314.709     2.79    6.87
-174376.472   314.775     0.23    8.33
-174091.468   314.517    -0.91   10.03
-173806.482   314.358    -0.56   11.89
-173521.515   316.121     6.19   13.74
-173236.566   318.816     9.46   15.33
-172951.635   322.619    13.35   15.84
-172666.723   327.882    18.47   13.19
-172381.828   331.533    12.81    9.53
-172096.953   332.991     5.12    6.60
-171812.095   332.499    -1.73    6.15
-171527.256   330.599    -6.67    6.75
-171242.435   327.543   -10.73    7.34
-170957.632   324.539   -10.55    7.00
-170672.848   320.815   -13.08    7.34
-170388.081   317.103   -13.04    7.93
-170103.333   313.036   -14.29    7.83
-169818.604   310.766    -7.97    7.27
-169533.892   309.405    -4.78    6.64
-169247.754   308.440    -3.38    6.12
-168958.991   308.801     1.25    5.09
-168670.247   309.540     2.56    4.43
-168381.523   310.104     1.95    4.36
-168092.819   308.381    -5.97    6.23
-167804.134   306.360    -7.00    7.30
-167515.469   304.234    -7.37    7.65
-167226.824   302.043    -7.59    7.10
-166938.198   301.312    -2.53    6.55
-166649.591   301.369     0.20    6.16
-166361.004   301.675     1.06    5.87
-166072.437   302.474     2.77    5.82
-165783.889   303.359     3.07    5.41
-165495.361   303.779     1.46    5.15
-165206.852   304.857     3.74    4.37
-164918.363   305.381     1.82    3.62
-164629.893   304.907    -1.64    3.83
-164341.443   304.362    -1.89    4.10
-164053.012   303.507    -2.96    3.75
-163764.601   303.449    -0.20    3.56
-163476.209   303.644     0.68    3.40
-163187.837   303.922     0.96    3.16
-162899.484   304.650     2.53    2.57
-162611.151   305.357     2.45    2.36
-162322.837   305.961     2.10    2.43
-162034.543   306.757     2.76    2.71
-161746.268   306.857     0.35    2.81
-161458.013   306.524    -1.16    2.99
-161169.777   306.152    -1.29    2.96
-160881.561   305.517    -2.20    3.10
-160593.364   305.201    -1.10    3.15
-160305.186   304.832    -1.28    3.20
-160017.028   304.253    -2.01    3.31
-159728.889   303.195    -3.67    3.93
-159440.770   302.401    -2.76    4.26
-159152.670   301.575    -2.86    4.22
-158864.590   301.055    -1.81    3.97
-158576.529   301.361     1.06    4.15
-158288.488   301.924     1.95    4.53
-158000.466   302.743     2.84    4.72
-157712.463   304.118     4.78    4.54
-157424.480   304.920     2.79    4.48
-157136.516   304.414    -1.76    5.56
-156848.571   302.838    -5.47    6.93
-156560.646   301.590    -4.33    7.49
-156272.741   301.190    -1.39    8.41
-155984.854   301.364     0.60    9.17
-155696.987   302.660     4.50   10.34
-155409.140   303.711     3.65   10.97
-155121.312   304.274     1.95   11.03
-154833.503   303.224    -3.65   12.17
-154545.713   300.140   -10.71   14.23
-154257.943   296.327   -13.25   14.49
-153970.193   293.692    -9.16   13.98
-153682.461   291.781    -6.64   12.76
-153394.749   289.325    -8.54   11.11
-153107.056   287.431    -6.58    9.82
-152819.383   285.582    -6.43    8.99
-152531.729   283.734    -6.42    8.91
-152244.094   281.032    -9.40    9.08
-151956.479   278.344    -9.35    8.89
-151668.882   276.389    -6.80    7.62
-151381.306   274.680    -5.94    6.87
-151093.748   273.334    -4.68    6.99
-150806.210   273.112    -0.77    6.93
-150518.691   272.953    -0.55    7.43
-150231.191   272.449    -1.75    8.31
-149943.711   272.790     1.19    9.10
-149656.250   273.465     2.35    9.30
-149368.808   273.804     1.18   10.09
-149081.386   273.804     0.00   12.50
-148793.982   274.084     0.97   14.37
-148506.598   272.465    -5.63   16.92
-148219.234   270.606    -6.47   18.06
-147931.888   269.373    -4.29   18.54
-147644.562   267.804    -5.46   18.13
-147357.255   266.082    -5.99   17.15
-147069.967   262.713   -11.73   16.21
-146782.699   257.390   -18.53   15.39
-146495.449   250.609   -23.61   14.65
-146208.219   245.515   -17.74   13.85
-145921.009   240.664   -16.89   11.04
-145633.817   237.663   -10.45    8.40
-145346.645   237.851     0.65    9.90
-145059.491   240.433     8.99   13.69
-144772.357   246.135    19.86   17.60
-144485.243   253.636    26.13   20.81
-144198.147   263.432    34.12   22.69
-143911.071   273.609    35.45   22.91
-143624.013   281.982    29.17   21.56
-143336.975   286.525    15.83   19.76
-143049.957   288.608     7.26   19.34
-142762.957   288.491    -0.41   19.39
-142475.976   287.069    -4.96   17.64
-142189.015   288.581     5.27   18.98
-141902.073   292.879    14.98   22.85
-141615.150   301.689    30.71   29.59
-141328.246   312.937    39.21   33.76
-141041.361   327.669    51.36   33.39
-140754.496   342.550    51.88   25.99
-140467.649   354.696    42.35   15.77
-140180.822   360.222    19.27   10.99
-139894.014   363.199    10.38    9.92
-139607.225   365.013     6.33    9.61
-139320.455   365.287     0.96    9.87
-139033.704   362.615    -9.32   12.55
-138746.972   358.060   -15.89   15.47
-138460.260   347.779   -35.86   22.52
-138173.566   337.087   -37.30   28.31
-137886.892   325.065   -41.94   28.18
-137600.237   315.762   -32.46   23.59
-137313.600   311.709   -14.14   18.51
-137026.983   312.059     1.22   17.65
-136740.385   314.703     9.22   19.66
-136453.806   325.172    36.54   24.58
-136167.246   336.002    37.80   26.35
-135880.705   348.343    43.07   25.08
-135594.184   359.965    40.57   22.34
-135307.681   369.709    34.01   19.63
-135021.197   377.515    27.25   17.60
-134734.733   384.906    25.80   15.95
-134448.287   389.516    16.10   14.99
-134161.861   392.307     9.74   14.71
-133875.453   394.632     8.12   13.86
-133589.065   396.643     7.02   12.81
-133302.695   396.906     0.92   11.55
-133016.345   397.085     0.63   10.27
-132730.013   397.799     2.49    9.06
-132443.701   398.957     4.05    8.37
-132157.408   400.024     3.73    7.98
-131871.133   401.242     4.26    8.07
-131584.878   402.790     5.41    8.00
-131298.641   404.649     6.49    7.58
-131012.424   406.499     6.46    7.59
-130726.226   408.340     6.44    7.57
-130440.046   409.112     2.70    7.20
-130153.886   409.474     1.27    6.50
-129867.744   409.709     0.82    5.80
-129581.622   409.086    -2.18    5.77
-129295.518   406.974    -7.38    7.24
-129009.434   403.953   -10.56    9.79
-128723.368   399.575   -15.31   12.37
-128437.322   394.175   -18.88   14.97
-128151.294   387.062   -24.87   17.47
-127865.285   378.899   -28.54   19.00
-127579.295   368.982   -34.68   21.04
-127293.324   360.591   -29.34   21.28
-127007.372   353.060   -26.34   21.05
-126721.439   344.465   -30.06   21.62
-126435.525   337.779   -23.39   22.34
-126149.630   332.265   -19.29   21.89
-125863.754   328.036   -14.80   21.05
-125577.896   324.215   -13.37   19.27
-125292.058   322.974    -4.34   18.46
-125006.238   321.757    -4.26   17.79
-124720.438   324.106     8.22   19.47
-124434.656   328.000    13.62   24.04
-124148.893   336.393    29.37   29.25
-123863.149   345.783    32.86   32.24
-123577.424   356.913    38.96   31.79
-123291.718   369.112    42.70   29.54
-123006.030   378.597    33.20   27.27
-122720.362   387.610    31.56   25.69
-122434.712   392.724    17.90   24.66
-122149.081   396.617    13.63   23.08
-121863.469   398.575     6.86   21.48
-121577.876   398.944     1.29   19.23
-121292.302   397.431    -5.30   16.94
-121006.746   394.449   -10.45   15.56
-120721.210   389.362   -17.82   16.18
-120435.692   381.474   -27.63   19.75
-120150.193   371.180   -36.06   23.32
-119864.713   359.482   -40.98   26.57
-119579.252   346.274   -46.27   28.83
-119293.809   333.575   -44.49   28.43
-119008.386   320.777   -44.84   25.84
-118722.981   308.277   -43.80   22.52
-118437.595   299.115   -32.11   19.19
-118152.227   292.067   -24.70   16.01
-117866.879   286.746   -18.65   13.28
-117581.549   283.284   -12.14   10.85
-117296.238   278.903   -15.35    9.71
-117010.946   275.116   -13.28   10.03
-116725.673   272.722    -8.39   11.20
-116440.418   267.132   -19.60   13.96
-116155.182   260.862   -21.98   14.58
-115869.965   254.075   -23.80   13.98
-115584.767   247.672   -22.45   12.74
-115299.587   241.793   -20.62   12.04
-115014.426   236.717   -17.80   11.28
-114729.284   233.286   -12.04   11.06
-114444.161   230.750    -8.90   12.87
-114159.056   229.218    -5.37   15.23
-113873.971   228.075    -4.01   17.38
-113588.903   226.987    -3.82   18.18
-113303.855   228.124     3.99   19.37
-113018.825   232.007    13.63   23.00
-112733.814   238.679    23.41   29.40
-112448.822   246.219    26.46   33.20
-112163.848   255.941    34.12   34.11
-111878.893   264.516    30.10   32.30
-111593.957   274.243    34.14   26.80
-111309.040   283.039    30.88   23.74
-111024.141   289.900    24.08   20.60
-110739.261   295.870    20.96   20.28
-110454.399   302.296    22.56   18.96
-110169.557   307.614    18.67   17.58
-109884.733   312.474    17.06   15.61
-109599.927   314.525     7.20   14.78
-109315.140   312.351    -7.64   18.45
-109030.372   306.234   -21.48   24.79
-108745.623   296.327   -34.79   29.14
-108460.892   283.332   -45.64   33.73
-108176.180   268.624   -51.66   33.16
-107891.486   254.715   -48.86   28.91
-107606.811   243.844   -38.19   21.33
-107320.165   239.257   -16.00   20.16
-107031.353   233.779   -18.97   18.30
-106742.561   229.322   -15.43   17.86
-106453.789   225.550   -13.06   17.67
-106165.037   221.399   -14.38   15.99
-105876.305   217.389   -13.89   14.05
-105587.593   214.054   -11.55   11.33
-105298.901   213.677    -1.30   13.30
-105010.229   214.765     3.77   16.69
-104721.576   214.750    -0.05   18.76
-104432.944   213.638    -3.85   19.37
-104144.332   210.633   -10.41   20.02
-103855.739   204.325   -21.86   22.57
-103567.167   198.687   -19.54   22.97
-103278.614   191.969   -23.28   20.54
-102990.081   187.441   -15.70   17.03
-102701.568   183.949   -12.10   12.55
-102413.075   181.379    -8.91   10.81
-102124.602   181.149    -0.80   10.14
-101836.149   181.359     0.73    9.80
-101547.716   182.367     3.50    9.32
-101259.303   182.922     1.92    9.72
-100970.909   185.303     8.26   11.34
-100682.536   188.383    10.68   11.52
-100394.182   191.622    11.24   10.36
-100105.848   194.965    11.59    9.45
 -99817.534   198.649    12.78   11.15
 -99529.240   203.646    17.33   14.28
 -99240.966   211.152    26.04   19.77
 -98952.711   220.943    33.97   24.26
 -98664.477   233.339    43.01   29.76
 -98376.262   247.087    47.70   33.29
 -98088.067   260.622    46.97   34.58
 -97799.892   276.243    54.21   36.12
 -97511.737   290.813    50.56   38.27
 -97223.601   307.025    56.27   36.82
 -96935.486   320.896    48.15   31.73
 -96647.390   332.017    38.60   25.09
 -96359.314   336.944    17.11   20.52
 -96071.257   340.236    11.43   15.61
 -95783.221   339.816    -1.46   15.41
 -95495.204   334.665   -17.88   19.82
 -95207.207   327.982   -23.21   21.77
 -94919.230   321.025   -24.16   21.48
 -94631.273   313.077   -27.60   19.14
 -94343.336   307.380   -19.79   17.02
 -94055.418   304.024   -11.66   16.94
 -93767.520   302.431    -5.53   18.61
 -93479.642   304.079     5.72   20.02
 -93191.783   303.357    -2.51   19.01
 -92903.944   299.118   -14.73   19.46
 -92616.125   293.822   -18.40   20.79
 -92328.326   285.060   -30.45   26.00
 -92040.547   277.094   -27.68   26.47
 -91752.787   268.334   -30.44   23.79
 -91465.047   260.853   -26.00   19.77
 -91177.326   260.858     0.02   19.01
 -90889.626   264.515    12.71   28.57
 -90601.945   272.334    27.18   37.33
 -90314.284   283.258    37.98   43.16
 -90026.642   299.389    56.08   46.38
 -89739.020   314.549    52.71   44.29
 -89451.418   327.835    46.20   35.15
 -89163.836   336.638    30.61   23.65
 -88876.273   331.540   -17.73   31.75
 -88588.730   320.629   -37.95   45.30
 -88301.207   305.636   -52.15   53.20
 -88013.703   292.117   -47.02   52.94
 -87726.219   281.920   -35.47   50.04
 -87438.754   273.877   -27.98   46.64
 -87151.310   271.482    -8.33   43.31
 -86863.884   272.689     4.20   35.56
 -86576.479   267.869   -16.77   32.06
 -86289.093   260.415   -25.94   31.07
 -86001.727   248.961   -39.86   31.72
 -85714.380   236.525   -43.28   30.08
 -85427.053   224.890   -40.50   27.01
 -85139.746   216.525   -29.12   23.91
 -84852.458   208.978   -26.27   21.57
 -84565.190   202.067   -24.06   18.18
 -84277.942   201.165    -3.14   19.15
 -83990.713   205.935    16.60   26.66
 -83703.504   215.961    34.91   37.74
 -83416.314   233.585    61.37   47.17
 -83129.144   254.642    73.33   50.59
 -82841.994   273.275    64.89   45.30
 -82554.863   287.413    49.24   35.81
 -82267.751   298.016    36.93   29.96
 -81980.660   307.584    33.33   29.94
 -81693.587   315.762    28.49   33.96
 -81406.535   323.853    28.19   35.27
 -81119.502   334.224    36.13   35.50
 -80832.488   349.380    52.81   32.68
 -80545.494   365.343    55.62   27.24
 -80258.520   375.166    34.23   23.59
 -79971.565   381.961    23.68   21.46
 -79684.629   387.448    19.12   20.18
 -79397.713   389.222     6.18   23.45
 -79110.817   391.674     8.55   25.23
 -78823.940   395.240    12.43   25.25
 -78537.083   398.682    12.00   23.65
 -78250.245   399.439     2.64   21.38
 -77963.427   401.094     5.77   17.77
 -77676.628   401.615     1.82   14.75
 -77389.849   397.248   -15.23   22.43
 -77103.089   382.768   -50.50   39.43
 -76816.349   361.532   -74.06   52.56
 -76529.628   337.855   -82.58   56.93
 -76242.927   313.034   -86.58   51.96
 -75956.245   296.240   -58.58   41.26
 -75669.583   286.424   -34.24   29.01
 -75382.940   285.982    -1.54   26.70
 -75096.316   295.250    32.33   26.00
 -74809.712   299.581    15.11   22.71
 -74523.128   300.549     3.38   21.79
 -74236.563   297.663   -10.07   25.25
 -73950.017   290.995   -23.27   25.91
 -73663.491   285.247   -20.06   23.36
 -73376.984   280.107   -17.94   18.69
 -73090.497   278.379    -6.03   13.50
 -72804.029   277.062    -4.60   12.85
 -72517.580   273.348   -12.97   15.84
 -72231.151   266.275   -24.69   22.65
 -71944.741   248.146   -63.30   38.09
 -71658.351   219.222  -101.00   59.86
 -71371.980   191.072   -98.30   67.06
 -71085.629   168.327   -79.43   64.10
 -70799.296   146.884   -74.89   51.59
 -70512.984   140.588   -21.99   42.31
 -70226.690   139.726    -3.01   37.94
 -69940.416   149.000    32.40   40.62
 -69654.162   165.194    56.58   36.48
 -69367.927   178.474    46.40   27.22
 -69081.711   188.889    36.39   25.97
 -68795.514   197.361    29.60   26.21
 -68509.337   209.190    41.34   28.70
 -68223.179   220.060    37.99   30.82
 -67937.041   228.456    29.34   30.00
 -67650.922   238.508    35.13   27.35
 -67364.822   241.523    10.54   25.44
 -67078.742   240.190    -4.66   25.64
 -66792.681   237.491    -9.44   24.22
 -66506.639   236.043    -5.06   20.67
 -66220.616   238.290     7.86   19.73
 -65934.613   246.542    28.85   22.28
 -65648.629   257.561    38.53   23.85
 -65362.665   272.205    51.21   29.73
 -65076.720   289.715    61.24   33.37
 -64790.794   306.091    57.27   33.14
 -64504.887   320.778    51.37   28.19
 -64219.000   331.465    37.38   23.79
 -63933.132   341.624    35.54   19.93
 -63647.283   349.952    29.14   17.85
 -63361.453   355.982    21.10   17.58
 -63075.643   359.759    13.22   16.15
 -62789.852   362.781    10.57   15.49
 -62504.080   364.079     4.54   14.99
 -62218.328   363.389    -2.41   15.39
 -61932.595   360.028   -11.76   16.88
 -61646.881   354.603   -18.99   18.93
 -61361.186   346.178   -29.49   21.59
 -61075.511   336.182   -34.99   23.80
 -60789.854   324.940   -39.36   23.69
 -60504.217   313.900   -38.65   22.08
 -60218.599   301.388   -43.81   19.08
 -59933.001   292.423   -31.39   17.55
 -59647.422   285.183   -25.35   14.65
 -59361.861   281.202   -13.94   13.54
 -59076.320   280.978    -0.78   16.55
 -58790.799   283.944    10.39   19.86
 -58505.296   288.034    14.33   20.93
 -58219.813   294.816    23.76   20.08
 -57934.349   300.115    18.57   16.99
 -57648.904   304.099    13.96   11.32
 -57363.478   306.317     7.77    8.82
 -57078.071   306.198    -0.42   10.64
 -56792.684   305.642    -1.95   11.08
 -56507.315   306.371     2.56   12.59
 -56221.966   310.930    15.98   15.94
 -55936.636   321.559    37.25   25.86
 -55651.325   336.852    53.60   37.75
 -55366.034   355.681    66.00   46.46
 -55080.761   376.202    71.94   45.73
 -54795.508   395.582    67.94   38.89
 -54510.274   411.315    55.16   28.65
 -54225.058   421.282    34.95   18.94
 -53939.862   423.303     7.08   15.86
 -53654.685   416.894   -22.47   21.27
 -53369.528   407.203   -33.99   25.54
 -53084.389   398.544   -30.37   26.33
 -52799.270   389.549   -31.55   23.74
 -52514.169   382.865   -23.44   19.31
 -52229.088   378.169   -16.47   14.87
 -51944.025   373.070   -17.89   14.74
 -51658.982   369.827   -11.38   16.26
 -51373.958   366.869   -10.38   16.84
 -51088.953   363.947   -10.25   14.94
 -50803.967   360.160   -13.29   12.47
 -50519.000   358.328    -6.43   11.07
 -50234.053   358.474     0.51   10.21
 -49949.124   357.842    -2.22   10.57
 -49664.214   353.751   -14.36   16.04
 -49379.324   344.524   -32.39   24.50
 -49094.452   334.088   -36.64   28.47
 -48809.600   325.316   -30.80   27.41
 -48524.766   322.532    -9.78   26.00
 -48239.952   319.062   -12.18   23.73
 -47955.156   317.281    -6.25   23.62
 -47670.380   315.297    -6.97   24.11
 -47385.623   312.507    -9.80   23.88
 -47100.884   305.974   -22.95   25.23
 -46816.165   294.535   -40.18   22.58
 -46531.465   284.591   -34.93   17.93
 -46246.783   277.115   -26.26   14.67
 -45962.121   271.813   -18.63   13.14
 -45677.478   269.491    -8.16   11.79
 -45390.273   270.715     4.26   13.00
 -45101.416   275.869    17.84   16.88
 -44812.579   283.069    24.93   20.56
 -44523.762   291.900    30.58   22.14
 -44234.966   296.284    15.18   20.48
 -43946.189   298.255     6.83   19.19
 -43657.434   296.724    -5.30   20.32
 -43368.698   290.853   -20.33   21.77
 -43079.983   286.982   -13.41   21.18
 -42791.288   283.474   -12.15   17.48
 -42502.614   283.844     1.28   15.18
 -42213.959   287.551    12.84   19.72
 -41925.325   296.110    29.65   23.01
 -41636.712   305.373    32.09   24.32
 -41348.118   312.508    24.73   22.13
 -41059.545   315.888    11.71   19.89
 -40770.992   316.082     0.67   19.93
 -40482.460   311.132   -17.16   23.12
 -40193.948   301.256   -34.23   27.22
 -39905.456   286.248   -52.03   28.96
 -39616.984   275.899   -35.88   25.23
 -39328.532   268.782   -24.67   21.86
 -39040.101   264.281   -15.61   18.00
 -38751.690   263.044    -4.29   14.84
 -38463.299   262.615    -1.49   13.54
 -38174.929   264.196     5.48   12.13
 -37886.578   265.421     4.25   13.75
 -37598.248   266.100     2.35   16.21
 -37309.938   265.264    -2.90   17.83
 -37021.649   263.356    -6.62   18.87
 -36733.379   262.813    -1.88   19.42
 -36445.130   264.900     7.24   18.59
 -36156.901   265.457     1.93   17.90
 -35868.692   263.931    -5.29   17.73
 -35580.503   261.161    -9.61   20.24
 -35292.335   257.022   -14.36   21.67
 -35004.186   253.965   -10.61   22.26
 -34716.058   252.474    -5.18   22.37
 -34427.950   253.813     4.65   21.35
 -34139.862   259.327    19.14   16.73
 -33851.795   264.152    16.75   17.75
 -33563.747   270.948    23.60   20.37
 -33275.720   277.282    21.99   22.86
 -32987.712   284.879    26.38   22.83
 -32699.725   290.186    18.43   20.18
 -32411.758   291.222     3.60   17.81
 -32123.812   287.588   -12.62   22.58
 -31835.885   276.931   -37.01   28.85
 -31547.978   263.653   -46.12   30.22
 -31260.092   250.138   -46.95   26.90
 -30972.225   239.065   -38.46   22.33
 -30684.379   232.836   -21.64   20.37
 -30396.553   227.217   -19.52   18.50
 -30108.747   222.143   -17.63   18.09
 -29820.961   218.082   -14.11   17.88
 -29533.195   213.056   -17.47   18.95
 -29245.449   206.902   -21.39   21.91
 -28957.724   200.507   -22.23   24.18
 -28670.018   195.790   -16.40   23.62
 -28382.332   189.754   -20.98   23.02
 -28094.667   189.793     0.13   20.38
 -27807.021   189.774    -0.07   18.16
 -27519.396   186.158   -12.57   17.64
 -27231.791   180.105   -21.05   19.85
 -26944.205   175.279   -16.78   22.07
 -26656.640   170.692   -15.95   21.85
 -26369.095   166.161   -15.76   20.80
 -26081.569   163.317    -9.89   23.24
 -25794.064   165.406     7.27   29.13
 -25506.579   170.348    17.19   33.68
 -25219.114   177.309    24.21   37.33
 -24931.669   176.836    -1.64   39.09
 -24644.244   175.287    -5.39   39.41
 -24356.838   171.154   -14.38   34.55
 -24069.453   165.404   -20.01   24.77
 -23782.088   164.632    -2.69   18.75
 -23494.743   172.759    28.29   30.24
 -23207.418   184.600    41.21   41.13
 -22920.112   194.886    35.80   43.56
 -22632.827   210.956    55.94   45.64
 -22345.562   220.970    34.86   44.28
 -22058.316   229.711    30.43   41.33
 -21771.091   235.795    21.18   38.54
 -21483.886   243.605    27.19   38.02
 -21196.700   248.793    18.06   36.26
 -20909.535   255.923    24.83   35.66
 -20622.389   260.882    17.27   32.22
 -20335.263   260.900     0.06   28.75
 -20048.158   259.243    -5.77   28.03
 -19761.072   258.991    -0.88   28.85
 -19474.006   258.091    -3.13   28.23
 -19186.960   258.353     0.91   24.87
 -18899.934   261.183     9.86   22.86
 -18612.928   268.804    26.55   24.90
 -18325.941   276.039    25.21   23.52
 -18038.975   283.282    25.24   21.33
 -17752.028   289.838    22.85   18.99
 -17465.102   296.618    23.63   16.98
 -17178.195   300.326    12.92   14.73
 -16891.308   303.070     9.57   14.33
 -16604.441   301.381    -5.89   14.21
 -16317.594   298.174   -11.18   15.09
 -16030.767   293.743   -15.45   17.13
 -15743.959   285.219   -29.72   20.81
 -15457.172   275.583   -33.60   22.21
 -15170.404   267.852   -26.96   20.58
 -14883.656   261.013   -23.85   17.25
 -14596.928   257.491   -12.28   16.14
 -14310.220   257.190    -1.05   17.69
 -14023.531   255.995    -4.17   18.04
 -13736.863   254.577    -4.95   18.80
 -13450.214   253.195    -4.82   19.64
 -13163.585   250.037   -11.02   19.38
 -12876.976   246.262   -13.17   18.58
 -12590.387   240.544   -19.95   17.52
 -12303.817   235.377   -18.03   17.46
 -12017.267   228.818   -22.89   19.37
 -11730.737   219.633   -32.06   22.80
 -11444.227   211.737   -27.56   22.32
 -11157.737   207.750   -13.92   20.72
 -10871.266   205.785    -6.86   19.38
 -10584.816   207.577     6.26   22.93
 -10298.384   216.560    31.36   34.21
 -10011.973   226.439    34.49   42.97
  -9725.582   239.854    46.84   46.74
  -9439.210   251.636    41.14   43.88
  -9152.858   256.965    18.61   41.16
  -8866.525   259.551     9.03   37.88
  -8580.213   260.937     4.84   35.11
  -8293.920   263.830    10.11   34.20
  -8007.647   268.790    17.33   38.94
  -7721.394   282.132    46.61   43.80
  -7435.160   296.406    49.87   41.68
  -7148.946   307.870    40.06   33.03
  -6862.752   313.175    18.54   25.73
  -6576.577   310.643    -8.85   28.40
  -6290.422   306.406   -14.81   34.29
  -6004.287   304.735    -5.84   36.06
  -5718.172   298.974   -20.13   39.99
  -5432.076   288.236   -37.53   49.15
  -5146.000   274.953   -46.43   61.58
  -4859.944   258.822   -56.39   73.09
  -4573.907   224.649  -119.47   85.12
  -4287.890   193.991  -107.19   84.83
  -4001.892   166.163   -97.30   73.07
  -3715.915   142.939   -81.21   56.67
  -3429.956   131.711   -39.26   41.65
  -3144.018   133.541     6.40   37.24
  -2858.099   146.542    45.47   44.30
  -2572.200   166.952    71.39   46.21
  -2286.321   186.326    67.77   40.76
  -2000.461   195.355    31.59   30.30
  -1714.620   189.858   -19.23   39.14
  -1428.800   170.900   -66.33   60.83
  -1142.999   139.552  -109.68   75.19
   -857.217   103.779  -125.18   81.09
   -571.455    68.200  -124.50   71.50
   -285.713    38.991  -102.22   53.78
      0.009    16.763   -77.80   30.85
    285.712     9.482   -25.48   15.11
    571.396     9.635     0.53   12.24
    857.060    12.842    11.23   11.67
   1142.704    17.100    14.91   10.07
   1428.329    19.914     9.85    7.34
   1713.934    21.684     6.20    3.31
   1999.519    20.982    -2.46    2.48
   2285.085    20.422    -1.96    2.39
   2570.632    19.982    -1.54    3.41
   2856.159    23.813    13.42   15.72
   3141.666    40.482    58.39   42.94
   3427.154    63.397    80.27   61.98
   3712.622    85.397    77.07   66.87
   3998.071   103.422    63.14   64.18
   4283.500   123.211    69.33   57.05
   4568.910   135.004    41.32   48.30
   4854.300   143.830    30.93   43.43
   5139.670   146.281     8.59   44.36
   5425.022   146.421     0.49   44.67
   5710.353   158.593    42.66   41.79
   5995.665   175.330    58.66   34.92
   6280.958   188.943    47.72   30.35
   6566.231   199.456    36.85   30.47
   6851.485   213.194    48.16   31.90
   7136.719   228.490    53.63   32.97
   7421.934   242.553    49.30   32.91
   7707.129   262.018    68.25   35.49
   7992.305   277.653    54.83   36.04
   8277.461   293.440    55.36   32.57
   8562.598   306.801    46.86   25.20
   8847.715   313.691    24.16   18.35
   9132.813   313.157    -1.87   19.24
   9417.892   306.593   -23.03   28.70
   9702.951   294.702   -41.72   37.40
   9987.990   274.995   -69.14   45.50
  10273.011   254.457   -72.06   48.58
  10558.011   231.355   -81.06   49.30
  10842.993   206.342   -87.77   47.84
  11127.955   191.294   -52.81   43.32
  11412.897   180.407   -38.21   39.10
  11697.820   170.978   -33.09   35.08
  11982.724   168.326    -9.31   37.19
  12267.608   165.542    -9.77   42.41
  12552.473   160.186   -18.80   43.08
  12837.318   161.868     5.91   44.09
  13122.145   168.904    24.70   43.18
  13406.951   177.599    30.53   45.14
  13691.739   188.432    38.04   47.72
  13976.507   201.070    44.38   48.13
  14261.255   221.739    72.59   36.49
  14545.985   232.759    38.70   23.17
  14830.694   238.183    19.05   15.56
  15115.385   236.404    -6.25   16.62
  15400.056   228.623   -27.33   19.71
  15684.708   218.126   -36.87   21.84
  15969.341   207.974   -35.67   22.90
  16253.954   196.500   -40.31   24.63
  16541.756   188.175   -28.93   25.27
  16830.645   181.684   -22.47   24.24
  17119.513   178.773   -10.08   25.09
  17408.361   181.114     8.11   26.84
  17697.187   182.395     4.43   25.78
  17985.993   174.277   -28.11   33.22
  18274.779   157.914   -56.66   49.93
  18563.543   139.175   -64.89   57.64
  18852.287   115.333   -82.57   57.25
  19141.011    96.499   -65.23   47.22
  19429.714    83.569   -44.79   29.48
  19718.396    82.187    -4.79   21.63
  20007.057    91.447    32.08   27.01
  20295.698   105.801    49.73   31.88
  20584.318   123.431    61.08   35.79
  20872.918   143.756    70.42   40.70
  21161.497   167.632    82.73   45.58
  21450.055   198.597   107.31   54.14
  21738.593   226.347    96.17   59.56
  22027.110   257.135   106.71   57.75
  22315.607   281.682    85.09   46.72
  22604.083   297.169    53.68   35.61
  22892.538   301.243    14.12   29.03
  23180.973   297.864   -11.72   31.44
  23469.387   289.161   -30.17   30.74
  23757.781   279.509   -33.47   23.66
  24046.154   277.577    -6.70   17.96
  24334.506   283.269    19.74   20.47
  24622.838   294.618    39.36   26.73
  24911.150   308.886    49.49   31.26
  25199.441   330.014    73.28   36.27
  25487.711   350.911    72.49   43.30
  25775.961   375.577    85.57   49.53
  26064.190   400.781    87.44   54.71
  26352.399   434.279   116.23   57.30
  26640.587   456.507    77.13   53.36
  26928.755   471.152    50.82   43.04
  27216.902   477.588    22.34   38.81
  27505.029   468.272   -32.33   48.30
  27793.135   448.106   -69.99   58.97
  28081.221   420.821   -94.71   63.23
  28369.286   389.363  -109.20   55.64
  28657.331   364.000   -88.05   45.63
  28945.355   348.781   -52.84   34.61
  29233.359   351.677    10.05   38.67
  29521.342   363.160    39.87   51.50
  29809.305   379.895    58.11   60.04
  30097.248   408.342    98.79   63.24
  30385.169   433.313    86.73   60.91
  30673.071   458.155    86.29   57.09
  30960.952   472.316    49.19   49.55
  31248.813   477.737    18.83   44.00
  31536.653   479.380     5.71   44.30
  31824.473   479.813     1.50   48.20
  32112.272   472.202   -26.44   54.40
  32400.051   466.297   -20.52   54.56
  32687.809   463.910    -8.30   57.71
  32975.547   457.218   -23.26   64.82
  33263.265   458.328     3.86   69.32
  33550.962   465.614    25.32   75.26
  33838.639   492.732    94.26   73.77
  34126.296   517.762    87.01   61.20
  34413.932   524.897    24.81   56.44
  34701.548   527.868    10.33   52.58
  34989.143   521.849   -20.93   55.18
  35276.718   510.230   -40.40   65.72
  35564.272   493.870   -56.89   74.55
  35851.807   476.173   -61.55   73.01
  36139.321   454.430   -75.62   59.02
  36426.814   449.768   -16.22   48.71
  36714.287   448.931    -2.91   40.63
  37001.740   454.535    19.49   36.94
  37289.173   468.325    47.97   38.45
  37576.585   482.715    50.07   35.48
  37863.977   493.280    36.76   32.29
  38151.348   501.311    27.95   29.83
  38438.700   510.614    32.37   32.48
  38726.031   523.743    45.69   42.02
  39013.341   532.448    30.30   48.81
  39300.631   539.879    25.87   59.03
  39587.901   550.298    36.27   69.16
  39875.151   553.598    11.49   76.41
  40162.381   557.055    12.04   77.02
  40449.590   552.008   -17.57   74.57
  40736.779   539.376   -43.98   64.31
  41023.947   527.898   -39.97   54.05
  41311.096   526.542    -4.72   57.17
  41598.224   521.730   -16.76   65.88
  41885.332   516.202   -19.25   76.66
  42172.419   519.288    10.75   92.95
  42459.486   521.149     6.48   99.52
  42746.534   520.625    -1.83   99.93
  43033.560   512.368   -28.77   99.52
  43320.567   501.728   -37.07   99.12
  43607.553   483.870   -62.22   95.35
  43894.520   469.491   -50.11   92.02
  44181.465   460.752   -30.45   90.86
  44468.391   442.693   -62.94   88.87
  44755.297   419.307   -81.51   79.49
  45042.182   407.719   -40.39   74.53
  45329.047   393.758   -48.67   75.93
  45615.892   390.341   -11.91   84.47
  45902.717   391.909     5.46   93.56
  46189.521   396.533    16.12   97.55
  46476.306   400.072    12.34  100.75
  46763.070   405.058    17.39  108.46
  47049.814   424.991    69.51  120.55
  47336.538   444.362    67.56  135.41
  47623.242   468.691    84.86  142.64
  47909.925   491.377    79.13  140.08
  48196.589   509.149    61.99  132.43
  48483.232   508.804    -1.20  127.36
  48769.855   503.431   -18.75  116.87
  49056.458   490.907   -43.70  106.36
  49343.041   465.270   -89.46  100.33
  49629.604   433.106  -112.24   94.09
  49916.146   402.583  -106.52   88.23
  50202.669   378.656   -83.50   87.23
  50489.171   357.044   -75.43   89.26
  50775.653   317.905  -136.62   96.78
  51062.116   281.612  -126.69   92.73
  51348.558   247.439  -119.30   79.04
  51634.980   220.833   -92.89   63.33
  51921.382   202.143   -65.26   45.86
  52207.763   192.761   -32.76   32.40
  52494.125   185.046   -26.94   37.50
  52780.467   175.702   -32.63   43.44
  53066.788   168.204   -26.19   46.66
  53353.090   159.567   -30.17   43.94
  53639.371   151.935   -26.66   35.67
  53925.633   146.088   -20.43   25.57
  54211.874   147.217     3.95   17.97
  54498.096   156.491    32.40   19.66
  54784.297   167.542    38.61   22.31
  55070.478   179.536    41.91   27.52
  55356.639   198.570    66.51   37.28
  55642.781   216.267    61.84   46.43
  55928.902   235.200    66.17   52.94
  56215.003   251.851    58.20   52.21
  56501.084   270.686    65.84   51.03
  56787.145   284.610    48.67   54.71
  57073.187   294.135    33.30   56.80
  57359.208   300.447    22.07   58.11
  57645.209   305.893    19.04   57.73
  57931.190   305.901     0.03   53.79
  58217.151   307.194     4.52   49.24
  58503.093   311.291    14.33   44.44
  58789.014   315.737    15.55   42.08
  59074.915   326.413    37.34   50.41
  59360.797   347.516    73.81   65.45
  59646.658   373.536    91.02   76.48
  59932.499   405.061   110.29   83.60
  60218.321   426.448    74.82   94.96
  60504.123   441.364    52.19  100.41
  60789.904   453.756    43.36   97.80
  61075.666   475.402    75.75   92.64
  61361.408   493.256    62.48   88.05
  61647.129   520.272    94.55  110.11
  61932.831   559.646   137.81  131.33
  62218.513   596.465   128.88  134.89
  62504.175   637.323   143.03  126.63
  62789.818   655.784    64.63  111.24
  63075.440   655.735    -0.17  109.37
  63361.042   624.219  -110.34  128.15
  63646.625   564.412  -209.42  143.20
  63932.187   505.245  -207.19  144.96
  64217.730   464.739  -141.85  133.79
  64503.253   428.798  -125.87  117.42
  64788.756   411.640   -60.09  108.71
  65074.239   411.880     0.84  104.96
  65359.702   419.405    26.36  114.02
  65645.146   424.943    19.40  111.78
  65930.569   447.509    79.06  100.96
  66215.973   458.152    37.29   99.21
  66501.357   474.602    57.64  106.90
  66786.721   474.132    -1.65  107.99
  67072.065   469.447   -16.42  105.67
  67357.390   459.440   -35.07  103.82
  67642.694   432.143   -95.67  112.36
  67927.979   392.833  -137.79  128.15
  68213.244   339.715  -186.20  129.27
  68498.489   295.388  -155.39  103.81
  68783.714   278.330   -59.81   80.56
  69068.920   274.137   -14.70   74.09
  69354.105   303.754   103.85   96.09
  69639.271   350.126   162.61  130.91
  69924.417   424.448   260.63  158.01
  70209.544   491.061   233.62  167.68
  70494.650   551.737   212.81  161.29
  70779.737   589.293   131.73  149.04
  71064.804   606.339    59.80  138.71
  71349.851   606.833     1.73  140.02
  71634.879   603.772   -10.74  139.43
  71919.887   579.195   -86.23  131.37
  72204.875   556.743   -78.78  108.40
  72489.843   529.263   -96.43   90.25
  72774.792   511.759   -61.43   83.81
  73059.720   497.656   -49.49   85.13
  73344.629   481.378   -57.13   86.45
  73629.519   452.630  -100.90   83.04
  73914.388   418.614  -119.40   72.22
  74199.238   399.784   -66.10   66.14
  74484.069   380.665   -67.12   60.66
  74768.879   367.069   -47.74   51.93
  75053.670   356.912   -35.66   44.41
  75338.441   348.830   -28.38   37.70
  75623.192   350.813     6.96   43.84
  75907.924   365.172    50.43   59.95
  76192.636   386.224    73.94   71.58
  76477.328   419.978   118.56   84.74
  76762.001   458.867   136.60  100.51
  77046.654   503.698   157.49  111.68
  77331.288   551.005   166.20  109.46
  77615.901   591.158   141.07   96.89
  77900.495   618.219    95.08   82.07
  78185.070   636.046    62.64   60.25
  78473.474   640.429    15.20   47.98
  78762.406   621.067   -67.01   62.11
  79051.317   589.517  -109.20   77.78
  79340.206   550.051  -136.61   82.93
  79629.075   511.833  -132.30   73.84
  79917.923   481.211  -106.01   57.55
  80206.750   470.088   -38.51   48.13
  80495.555   470.736     2.25   53.29
  80784.340   485.192    50.05   74.11
  81073.104   502.890    61.29   77.28
  81361.847   531.688    99.73   86.22
  81650.569   561.431   103.01   89.44
  81939.270   585.535    83.49   86.82
  82227.950   615.629   104.24   89.29
  82516.609   648.341   113.32   96.31
  82805.247   696.350   166.32  105.29
  83093.864   745.730   171.08  108.68
  83382.460   798.982   184.51  100.35
  83671.036   847.474   168.03   77.87
  83959.590   878.697   108.20   64.75
  84248.123   903.378    85.54   59.68
  84536.636   923.952    71.31   57.88
  84825.128   936.448    43.31   56.36
  85113.598   945.819    32.48   53.06
  85402.048   943.679    -7.42   53.72
  85690.477   942.500    -4.09   50.13
  85978.885   937.516   -17.28   48.13
  86267.272   936.739    -2.70   42.65
  86555.639   936.313    -1.48   39.43
  86843.984   942.824    22.58   40.89
  87132.309   952.542    33.70   41.41
  87420.613   961.853    32.30   42.46
  87708.895   967.969    21.22   47.92
  87997.158   973.527    19.28   49.30
  88285.399   968.921   -15.98   54.91
  88573.619   951.474   -60.53   67.70
  88861.819   929.193   -77.31   80.48
  89149.997   898.377  -106.93   86.85
  89438.155   864.368  -118.02   87.23
  89726.292   832.636  -110.12   82.81
  90014.408   805.901   -92.79   83.84
  90302.504   782.695   -80.55   92.70
  90590.579   739.819  -148.83  112.22
  90878.632   705.388  -119.52  113.94
  91166.665   679.754   -88.99  102.14
  91454.678   668.199   -40.12   96.36
  91742.669   680.246    41.83  113.45
  92030.640   716.126   124.59  134.24
  92318.590   743.550    95.24  135.31
  92606.519   762.166    64.65  118.03
  92894.427   779.349    59.68  100.22
  93182.315   787.599    28.66   89.34
  93470.182   796.146    29.69   89.80
  93758.028   810.752    50.74   96.67
  94045.854   841.208   105.81  105.73
  94333.658   887.544   160.99  104.78
  94621.442   938.964   178.67   83.67
  94909.205   971.807   114.13   66.39
  95196.948   997.782    90.27   49.46
  95484.670  1019.375    75.04   37.37
