# NaN NaN NaN ;Mean Elev.(m), Avg Gradient(m/km), RMS Gradient(m/km) - SRTM1     
#  210.279  -6.898  44.918 ;Mean Elev.(m), Avg Gradient(m/km), RMS Gradient(m/km) - ASTER GDEM
#  159.526  -5.966  46.085 ;Mean Elev.(m), Avg Gradient(m/km), RMS Gradient(m/km) - GMTED2010 
   6   170.692 54714.92303535 46.16 113.666070  60.001220  1.861 -100.00 -100.00 -100.00
   6   170.808 54714.92303594 45.88 113.670243  59.999625   -100 -100.00 -100.00 -100.00
   6   170.675 54714.92303653 48.05 113.674415  59.998029  0.011 -100.00 -100.00 -100.00
  10   231.848 54754.58562706 11.64 113.660687  59.999263 10.318 -100.00 -100.00 -100.00
  10   228.561 54754.58562765 17.70 113.664859  59.997667 17.085 -100.00 -100.00 -100.00
  10   225.308 54754.58562824 25.95 113.669031  59.996072   -100 -100.00 -100.00 -100.00
  12   164.022 54774.41691623 52.43 113.665780  59.995622   -100  250.46  247.03  244.40
  12   164.024 54774.41691682 49.38 113.669952  59.994027   -100  250.46  247.03  244.40
  13   163.200 54784.33255544 36.97 113.657180  59.997194   -100 -100.00 -100.00 -100.00
  13   163.592 54784.33255603 38.75 113.661353  59.995598   -100 -100.00 -100.00 -100.00
  13   163.591 54784.33255662 40.97 113.665526  59.994003   -100 -100.00 -100.00 -100.00
  14   165.605 54794.24819412 25.64 113.659638  59.996907 30.753 -100.00 -100.00 -100.00
  14   165.438 54794.24819471 28.62 113.663811  59.995312   -100 -100.00 -100.00 -100.00
  14   165.409 54794.24819530 29.45 113.667984  59.993716   -100  254.57  251.80  248.29
  16   165.997 54814.07946932 16.92 113.667554  60.000593 25.058 -100.00 -100.00 -100.00
  16   166.105 54814.07946991 13.84 113.671726  59.998998 16.184 -100.00 -100.00 -100.00
  16   166.077 54814.07947050 14.67 113.675899  59.997402 16.806  248.81  244.45  237.47
  22   167.847 54873.57335006 10.75 113.664580  60.001008 11.335 -100.00 -100.00 -100.00
  22   168.594 54873.57335065 10.98 113.668752  59.999413 12.545 -100.00 -100.00 -100.00
  22   165.112 54873.57335124 10.96 113.672924  59.997817 13.871 -100.00 -100.00 -100.00
  24   164.496 54893.40463904 10.53 113.662007  59.997962 12.361 -100.00 -100.00 -100.00
  24   164.307 54893.40463963 11.82 113.666180  59.996367 15.787 -100.00 -100.00 -100.00
  24   164.296 54893.40464022 10.51 113.670351  59.994771 12.225 -100.00 -100.00 -100.00
  29   164.699 54942.98282943 26.50 113.666372  59.999334   -100 -100.00 -100.00 -100.00
  29   164.647 54942.98283002 26.04 113.670544  59.997739   -100 -100.00 -100.00 -100.00
  30   212.904 54952.89846296 10.01 113.665095  59.999367  6.218 -100.00 -100.00 -100.00
  30   211.719 54952.89846355 10.14 113.669267  59.997772  7.331 -100.00 -100.00 -100.00
  30   210.834 54952.89846414  8.66 113.673439  59.996177  6.931 -100.00 -100.00 -100.00
  31   228.716 54962.81410625 18.66 113.660098  59.998877  9.550 -100.00 -100.00 -100.00
  31   217.019 54962.81410684 19.86 113.664270  59.997282 10.928 -100.00 -100.00 -100.00
  31   216.776 54962.81410743 27.11 113.668442  59.995687 16.764 -100.00 -100.00 -100.00
  35   173.208 55002.47669596 32.55 113.663634  60.001326 15.649 -100.00 -100.00 -100.00
  35   172.998 55002.47669655 33.34 113.667807  59.999731 17.224 -100.00 -100.00 -100.00
  35   172.970 55002.47669714 33.55 113.671979  59.998135 18.177 -100.00 -100.00 -100.00
  36   169.870 55012.39234073 22.25 113.664282  60.000200 10.217 -100.00 -100.00 -100.00
  36   169.712 55012.39234132 24.70 113.668454  59.998604 14.436 -100.00 -100.00 -100.00
  36   176.293 55012.39234191 24.11 113.672626  59.997009 10.829 -100.00 -100.00 -100.00
  37   176.728 55022.30798397 14.60 113.663760  59.999345 12.538 -100.00 -100.00 -100.00
  37   175.888 55022.30798456 14.72 113.667933  59.997750 11.619 -100.00 -100.00 -100.00
  37   176.331 55022.30798515 20.28 113.672105  59.996154 21.511 -100.00 -100.00 -100.00
  38   169.392 55032.22362614 38.06 113.662808  60.000321 16.987 -100.00 -100.00 -100.00
  38   169.645 55032.22362673 41.10 113.666981  59.998726 18.442 -100.00 -100.00 -100.00
  38   169.216 55032.22362732 47.15 113.671153  59.997130 32.090 -100.00 -100.00 -100.00
  39   167.346 55042.13926826 32.37 113.667171  60.000466 19.104 -100.00 -100.00 -100.00
  39   166.523 55042.13926885 33.11 113.671343  59.998870   -100 -100.00 -100.00 -100.00
  39   166.785 55042.13926944 28.22 113.675515  59.997275 23.784 -100.00 -100.00 -100.00
  40   166.795 55052.05490813 13.53 113.666242  60.002757  4.943 -100.00 -100.00 -100.00
  40   167.466 55052.05490873 14.01 113.670414  60.001161  5.883 -100.00 -100.00 -100.00
  40   168.300 55052.05490932 13.76 113.674587  59.999565  4.532 -100.00 -100.00 -100.00
  42   170.454 55071.88618981 39.87 113.665324  59.999820 17.913 -100.00 -100.00 -100.00
  42   170.204 55071.88619040 45.19 113.669496  59.998225 24.368 -100.00 -100.00 -100.00
  42   169.600 55071.88619099 55.27 113.673668  59.996630  4.975 -100.00 -100.00 -100.00
  43   166.871 55081.80183831 33.60 113.660817  59.997783 30.670 -100.00 -100.00 -100.00
  43   167.242 55081.80183890 31.52 113.664989  59.996188 19.746 -100.00 -100.00 -100.00
  43   166.865 55081.80183949 37.59 113.669161  59.994593   -100 -100.00 -100.00 -100.00
  44   168.078 55091.71748509 39.02 113.658556  59.997205 19.095 -100.00 -100.00 -100.00
  44   168.991 55091.71748568 41.96 113.662728  59.995610 18.347 -100.00 -100.00 -100.00
  44   168.593 55091.71748627 49.44 113.666900  59.994015   -100 -100.00 -100.00 -100.00
  45   168.202 55101.63313151 41.13 113.659896  59.997628 20.693 -100.00 -100.00 -100.00
  45   168.820 55101.63313210 43.21 113.664068  59.996033 18.020  269.15  268.37  268.55
  45   168.354 55101.63313269 49.11 113.668240  59.994437   -100  269.15  268.37  268.55
  46   167.142 55111.54877751 38.13 113.662003  59.998546 17.889 -100.00 -100.00 -100.00
  46   167.916 55111.54877810 43.17 113.666176  59.996951 17.713 -100.00 -100.00 -100.00
  46   167.625 55111.54877869 53.16 113.670347  59.995355   -100  266.22  265.48  265.66
  47   165.914 55121.46442118 15.32 113.661292  59.999200  4.337 -100.00 -100.00 -100.00
  47   167.699 55121.46442177 15.68 113.665465  59.997604  5.083 -100.00 -100.00 -100.00
  47   166.261 55121.46442236 15.89 113.669637  59.996008  5.801 -100.00 -100.00 -100.00
  48   165.468 55131.38006237 40.00 113.661389  59.997768 21.139 -100.00 -100.00 -100.00
  48   165.203 55131.38006296 44.20 113.665562  59.996173 27.137 -100.00 -100.00 -100.00
  48   164.762 55131.38006355 45.26 113.669734  59.994577   -100 -100.00 -100.00 -100.00
  49   163.596 55141.29570155 38.08 113.660437  59.996275 29.646 -100.00 -100.00 -100.00
  49   163.787 55141.29570214 40.02 113.664609  59.994680 28.164 -100.00 -100.00 -100.00
  49   163.587 55141.29570273 43.16 113.668782  59.993084   -100 -100.00 -100.00 -100.00
  50   164.470 55151.21133973 22.12 113.658758  59.997182 29.705 -100.00 -100.00 -100.00
  50   164.704 55151.21134033 20.92 113.662931  59.995587 22.264 -100.00 -100.00 -100.00
  50   164.797 55151.21134092 20.81 113.667103  59.993991 22.775 -100.00 -100.00 -100.00
  51   165.515 55161.12697857 20.74 113.662744  59.998492 26.381 -100.00 -100.00 -100.00
  51   165.644 55161.12697916 20.31 113.666916  59.996897 27.276 -100.00 -100.00 -100.00
  51   165.598 55161.12697975 20.86 113.671089  59.995301 31.150 -100.00 -100.00 -100.00
  52   166.145 55171.04261707 17.55 113.667543  60.000102 18.355 -100.00 -100.00 -100.00
  52   165.846 55171.04261766 19.19 113.671716  59.998506 22.846 -100.00 -100.00 -100.00
  52   165.941 55171.04261825 18.54 113.675888  59.996910 23.267 -100.00 -100.00 -100.00
  53   165.594 55180.95825363 17.99 113.667820  60.002148 19.207 -100.00 -100.00 -100.00
  53   165.554 55180.95825422 20.96 113.671993  60.000553   -100 -100.00 -100.00 -100.00
  53   165.438 55180.95825481 19.93 113.676165  59.998957 30.215 -100.00 -100.00 -100.00
  54   165.035 55190.87390266 16.07 113.667964  60.000572 17.497 -100.00 -100.00 -100.00
  54   165.205 55190.87390325 15.74 113.672136  59.998977 16.049 -100.00 -100.00 -100.00
  54   165.065 55190.87390384 17.54 113.676308  59.997381 23.902 -100.00 -100.00 -100.00
  55   164.392 55200.78955304 18.00 113.666604  59.999334 23.997 -100.00 -100.00 -100.00
  55   164.657 55200.78955363 15.81 113.670776  59.997739 16.807 -100.00 -100.00 -100.00
  56   164.113 55210.70520221 15.45 113.663235  60.000079 18.697 -100.00 -100.00 -100.00
  56   164.083 55210.70520280 16.24 113.667407  59.998484 20.909 -100.00 -100.00 -100.00
  56   164.052 55210.70520339 15.58 113.671579  59.996888 16.660 -100.00 -100.00 -100.00
  59   163.664 55240.45214426 12.52 113.663774  59.998784 17.538 -100.00 -100.00 -100.00
  59   163.725 55240.45214485 12.51 113.667946  59.997189 18.763 -100.00 -100.00 -100.00
  59   163.692 55240.45214544 11.66 113.672118  59.995593 14.271 -100.00 -100.00 -100.00
  60   163.676 55250.36778552 12.33 113.661907  59.997165 15.388 -100.00 -100.00 -100.00
  60   163.699 55250.36778612 11.30 113.666079  59.995569 12.086 -100.00 -100.00 -100.00
  60   163.640 55250.36778671 12.31 113.670251  59.993973 16.301 -100.00 -100.00 -100.00
  67   164.645 55319.77726399 28.41 113.662288  59.997263   -100 -100.00 -100.00 -100.00
  67   175.342 55319.77726458 24.85 113.666459  59.995668 23.916  263.56  258.84  249.45
  67   164.651 55319.77726517 25.23 113.670631  59.994072 23.338  263.56  258.84  249.45
  70   170.078 55349.52419676 28.85 113.663491  60.000081 25.106 -100.00 -100.00 -100.00
  70   176.946 55349.52419735 20.99 113.667663  59.998486  6.080 -100.00 -100.00 -100.00
  70   176.425 55349.52419794 25.98 113.671835  59.996890 17.074 -100.00 -100.00 -100.00
  71   168.259 55359.43983902 39.26 113.666463  60.000323 21.164 -100.00 -100.00 -100.00
  71   169.120 55359.43983961 43.40 113.670635  59.998728 19.695 -100.00 -100.00 -100.00
  71   168.452 55359.43984020 51.51 113.674807  59.997132   -100 -100.00 -100.00 -100.00
  73   178.185 55379.27111709 13.38 113.664523  60.001266  8.730 -100.00 -100.00 -100.00
  73   176.107 55379.27111768 16.19 113.668696  59.999671 15.465 -100.00 -100.00 -100.00
  73   176.984 55379.27111827 17.07 113.672868  59.998075 14.326 -100.00 -100.00 -100.00
  74   175.788 55389.18675516 16.72 113.667039  60.001149  7.657 -100.00 -100.00 -100.00
  74   175.434 55389.18675575 16.55 113.671211  59.999553  6.519 -100.00 -100.00 -100.00
  74   176.109 55389.18675634 18.19 113.675383  59.997958  8.076 -100.00 -100.00 -100.00
  75   166.078 55399.10239182 15.73 113.666778  60.002529 12.051 -100.00 -100.00 -100.00
  75   167.300 55399.10239241 14.26 113.670951  60.000934  8.773 -100.00 -100.00 -100.00
  75   168.285 55399.10239300 14.36 113.675123  59.999339  8.777 -100.00 -100.00 -100.00
  76   167.078 55409.01803827 24.97 113.667917  60.001585 14.880 -100.00 -100.00 -100.00
  76   166.511 55409.01803886 19.73 113.672090  59.999989  5.928 -100.00 -100.00 -100.00
  76   166.463 55409.01803946 20.23 113.676262  59.998394  6.715 -100.00 -100.00 -100.00
  77   166.765 55418.93368871 29.80 113.663001  60.000742 14.153 -100.00 -100.00 -100.00
  77   166.797 55418.93368930 29.92 113.667174  59.999147 15.338 -100.00 -100.00 -100.00
  77   166.840 55418.93368989 29.24 113.671346  59.997552 13.487 -100.00 -100.00 -100.00
  78   169.037 55428.84933602 36.50 113.659922  59.998936  9.487 -100.00 -100.00 -100.00
  78   167.461 55428.84933661 41.18 113.664095  59.997341 17.670 -100.00 -100.00 -100.00
  78   166.489 55428.84933720 51.47 113.668267  59.995746   -100 -100.00 -100.00 -100.00
  79   168.177 55438.76498068 34.43 113.658737  59.997902 18.412 -100.00 -100.00 -100.00
  79   168.663 55438.76498127 40.00 113.662909  59.996306 16.656 -100.00 -100.00 -100.00
  79   167.615 55438.76498186 45.58 113.667081  59.994711   -100 -100.00 -100.00 -100.00
  80   167.812 55448.68062411 11.47 113.661097  59.997370  8.177 -100.00 -100.00 -100.00
  80   168.604 55448.68062470 11.41 113.665269  59.995774  8.728 -100.00 -100.00 -100.00
  80   169.339 55448.68062530 11.23 113.669440  59.994179  7.091 -100.00 -100.00 -100.00
  81   166.241 55458.59626671 25.40 113.660661  59.998566 19.209 -100.00 -100.00 -100.00
  81   166.458 55458.59626730 24.63 113.664833  59.996971 18.233 -100.00 -100.00 -100.00
  81   166.406 55458.59626789 24.33 113.669005  59.995375 16.708 -100.00 -100.00 -100.00
  82   167.623 55468.51190862 11.33 113.660398  59.999325  4.596 -100.00 -100.00 -100.00
  82   168.098 55468.51190921 11.96 113.664571  59.997730  5.502 -100.00 -100.00 -100.00
  82   169.051 55468.51190980 11.52 113.668743  59.996134  4.988 -100.00 -100.00 -100.00
  83   165.946 55478.42754738 38.48 113.660202  59.999341 27.566 -100.00 -100.00 -100.00
  83   166.121 55478.42754797 41.05 113.664375  59.997746 31.281 -100.00 -100.00 -100.00
  83   166.238 55478.42754856 41.24 113.668547  59.996150   -100 -100.00 -100.00 -100.00
  84   164.948 55488.34318371 43.41 113.663846  59.997910 23.623 -100.00 -100.00 -100.00
  84   165.072 55488.34318430 47.47 113.668019  59.996314 30.534 -100.00 -100.00 -100.00
  84   164.577 55488.34318489 45.16 113.672191  59.994719   -100 -100.00 -100.00 -100.00
  85   164.730 55498.25881688 39.30 113.661146  59.999477 23.028 -100.00 -100.00 -100.00
  85   164.590 55498.25881747 42.36 113.665319  59.997881 23.015 -100.00 -100.00 -100.00
  85   164.566 55498.25881806 45.52 113.669492  59.996286 30.132 -100.00 -100.00 -100.00
  86   164.273 55508.17445582 40.22 113.665290  59.999151 21.348 -100.00 -100.00 -100.00
  86   164.473 55508.17445641 44.40 113.669463  59.997555 24.342 -100.00 -100.00 -100.00
  86   163.908 55508.17445700 48.63 113.673635  59.995960   -100 -100.00 -100.00 -100.00
  87   163.493 55518.09010592 38.38 113.663777  60.000084 25.165 -100.00 -100.00 -100.00
  87   163.373 55518.09010652 41.36 113.667950  59.998489 29.729 -100.00 -100.00 -100.00
  87   163.513 55518.09010711 44.44 113.672122  59.996893   -100 -100.00 -100.00 -100.00
  88   163.044 55528.00575571 35.60 113.666611  59.999697 28.607 -100.00 -100.00 -100.00
  88   163.370 55528.00575630 37.28 113.670783  59.998101 25.498 -100.00 -100.00 -100.00
  88   163.144 55528.00575689 39.70 113.674956  59.996506   -100 -100.00 -100.00 -100.00
  89   164.906 55537.92140326 23.28 113.666713  59.999709 21.426 -100.00 -100.00 -100.00
  89   164.733 55537.92140385 23.99 113.670885  59.998113 24.485 -100.00 -100.00 -100.00
  89   164.723 55537.92140444 23.44 113.675057  59.996517 19.292 -100.00 -100.00 -100.00
  90   165.328 55547.83704844 19.03 113.665981  59.999708 14.641 -100.00 -100.00 -100.00
  90   165.123 55547.83704903 21.34 113.670154  59.998112 22.215 -100.00 -100.00 -100.00
  90   165.064 55547.83704962 20.74 113.674325  59.996516 17.326 -100.00 -100.00 -100.00
  91   164.290 55557.75269152 19.28 113.663587  60.000461 20.711 -100.00 -100.00 -100.00
  91   164.864 55557.75269212 18.53 113.667760  59.998865 14.556 -100.00 -100.00 -100.00
  91   164.919 55557.75269271 17.99 113.671932  59.997269 13.494 -100.00 -100.00 -100.00
  92   164.427 55567.66833430 16.66 113.666306  59.999942 15.192 -100.00 -100.00 -100.00
  92   164.296 55567.66833489 17.29 113.670478  59.998346 18.518 -100.00 -100.00 -100.00
  92   164.533 55567.66833548 16.77 113.674650  59.996750 12.487 -100.00 -100.00 -100.00
  93   163.971 55577.58397565 15.70 113.664555  60.000931 14.060 -100.00 -100.00 -100.00
  93   163.831 55577.58397624 17.40 113.668728  59.999335 19.070 -100.00 -100.00 -100.00
  93   164.033 55577.58397683 17.32 113.672900  59.997739 19.385 -100.00 -100.00 -100.00
  94   163.903 55587.49961502 15.51 113.662819  60.000762 13.995 -100.00 -100.00 -100.00
  94   163.966 55587.49961561 14.87 113.666991  59.999167 11.114 -100.00 -100.00 -100.00
  94   163.821 55587.49961620 15.47 113.671164  59.997571 13.871 -100.00 -100.00 -100.00
  95   163.830 55597.41525189 13.72 113.664607  59.998742 13.083 -100.00 -100.00 -100.00
  95   163.640 55597.41525248 17.28 113.668780  59.997147 23.313 -100.00 -100.00 -100.00
  95   163.572 55597.41525307 16.11 113.672952  59.995551 19.716 -100.00 -100.00 -100.00
  96   163.746 55607.33088531 14.97 113.662180  59.999029 14.594 -100.00 -100.00 -100.00
  96   163.903 55607.33088590 14.14 113.666353  59.997434 12.545 -100.00 -100.00 -100.00
  96   164.177 55607.33088649 13.52 113.670525  59.995838 12.518 -100.00 -100.00 -100.00
  97   163.539 55617.24651735 11.90 113.665002  59.998923 11.854 -100.00 -100.00 -100.00
  97   163.589 55617.24651794 11.50 113.669175  59.997327 11.913 -100.00 -100.00 -100.00
  97   163.576 55617.24651853 11.27 113.673347  59.995732 12.043 -100.00 -100.00 -100.00
  98   163.586 55627.16216156 11.25 113.663107  60.000838 12.016 -100.00 -100.00 -100.00
  98   163.775 55627.16216215 11.56 113.667280  59.999243  9.936 -100.00 -100.00 -100.00
  98   163.812 55627.16216274 12.26 113.671453  59.997648 13.528 -100.00 -100.00 -100.00
  99   167.845 55637.07781383 10.68 113.666679  59.999400 10.105 -100.00 -100.00 -100.00
  99   168.467 55637.07781442 10.61 113.670852  59.997805  8.616 -100.00 -100.00 -100.00
 103   164.853 55676.74039225 31.55 113.661565  59.997826   -100 -100.00 -100.00 -100.00
 103   164.960 55676.74039284 31.69 113.665737  59.996231 32.399 -100.00 -100.00 -100.00
 103   164.653 55676.74039343 32.01 113.669908  59.994635   -100 -100.00 -100.00 -100.00
 106   175.952 55706.48730195 28.24 113.671809  60.000539  8.420 -100.00 -100.00 -100.00
 106   176.618 55706.48730254 28.57 113.675982  59.998944  9.288 -100.00 -100.00 -100.00
 107   175.840 55716.40295129 27.42 113.667439  60.001136  9.162 -100.00 -100.00 -100.00
 107   169.609 55716.40295188 29.73 113.671611  59.999541 14.375 -100.00 -100.00 -100.00
 107   169.387 55716.40295247 30.79 113.675783  59.997946 15.841 -100.00 -100.00 -100.00
 108   169.488 55726.31859985 38.67 113.665882  60.000627 22.955 -100.00 -100.00 -100.00
 108   169.506 55726.31860044 36.89 113.670054  59.999031 16.805 -100.00 -100.00 -100.00
 108   169.284 55726.31860103 37.34 113.674227  59.997436 18.555 -100.00 -100.00 -100.00
 111   165.985 55756.06553655 40.51 113.667436  60.000277 22.121 -100.00 -100.00 -100.00
 111   165.773 55756.06553714 41.98 113.671608  59.998681   -100 -100.00 -100.00 -100.00
 111   165.233 55756.06553773 44.81 113.675780  59.997085   -100 -100.00 -100.00 -100.00
 112   176.334 55765.98117768 11.84 113.664071  60.000035  6.059 -100.00 -100.00 -100.00
 112   176.481 55765.98117827 12.94 113.668243  59.998440  6.761  275.50  274.61  272.37
 112   176.270 55765.98117886 17.76 113.672415  59.996844 14.277  275.50  274.61  272.37
 113   170.427 55775.89681618 38.34 113.662094  59.998660 18.077 -100.00 -100.00 -100.00
 113   169.966 55775.89681677 44.57 113.666266  59.997065 23.402 -100.00 -100.00 -100.00
 113   169.763 55775.89681736 48.58 113.670438  59.995470   -100 -100.00 -100.00 -100.00
 114   168.680 55785.81245177 39.56 113.661605  59.997829 18.024 -100.00 -100.00 -100.00
 114   168.452 55785.81245236 42.56 113.665777  59.996234 25.373 -100.00 -100.00 -100.00
 114   168.296 55785.81245295 46.03 113.669949  59.994639   -100 -100.00 -100.00 -100.00
 115   166.676 55795.72808507 35.71 113.662037  59.999494 21.587 -100.00 -100.00 -100.00
 115   167.034 55795.72808566 39.51 113.666210  59.997899 21.251 -100.00 -100.00 -100.00
 115   167.448 55795.72808625 50.71 113.670382  59.996304   -100 -100.00 -100.00 -100.00
 116   166.767 55805.64372485 35.33 113.665192  60.000743 25.557 -100.00 -100.00 -100.00
 116   167.083 55805.64372544 33.73 113.669364  59.999147 18.220 -100.00 -100.00 -100.00
 116   166.813 55805.64372603 36.13 113.673536  59.997552 24.399 -100.00 -100.00 -100.00
 117   167.726 55815.55937388 44.32 113.665739  60.001227 30.441 -100.00 -100.00 -100.00
 117   168.032 55815.55937447 44.29 113.669912  59.999632 25.604 -100.00 -100.00 -100.00
 117   167.590 55815.55937506 46.06 113.674084  59.998036   -100 -100.00 -100.00 -100.00
 118   167.461 55825.47502054 39.49 113.666802  59.999514 15.370 -100.00 -100.00 -100.00
 118   167.123 55825.47502113 44.65 113.670975  59.997919 22.740 -100.00 -100.00 -100.00
 119   165.374 55835.39066206 18.82 113.662702  59.999149  8.280 -100.00 -100.00 -100.00
 119   165.648 55835.39066265 17.16 113.666875  59.997554  6.175 -100.00 -100.00 -100.00
 119   168.236 55835.39066324 19.09 113.671048  59.995958 10.115 -100.00 -100.00 -100.00
 120   172.212 55845.30630023 11.33 113.660352  59.999100  6.123 -100.00 -100.00 -100.00
 120   169.058 55845.30630082 12.21 113.664525  59.997504  6.682 -100.00 -100.00 -100.00
 120   172.233 55845.30630141 12.08 113.668698  59.995909  6.652 -100.00 -100.00 -100.00
 121   165.890 55855.22193600 28.53 113.662648  60.000152 16.691 -100.00 -100.00 -100.00
 121   165.651 55855.22193659 31.49 113.666821  59.998557 22.913 -100.00 -100.00 -100.00
 121   166.309 55855.22193718 33.68 113.670994  59.996961 21.097 -100.00 -100.00 -100.00
 122   165.754 55865.13757687 39.68 113.668505  60.000557 20.505 -100.00 -100.00 -100.00
 122   165.437 55865.13757746 42.58 113.672678  59.998962 30.053 -100.00 -100.00 -100.00
 123   165.062 55875.05323003 41.60 113.669125  60.001035 22.494 -100.00 -100.00 -100.00
 123   164.843 55875.05323062 46.85 113.673297  59.999439   -100 -100.00 -100.00 -100.00
 124   162.915 55884.96887746 39.43 113.668389  60.001015   -100 -100.00 -100.00 -100.00
 124   162.936 55884.96887805 40.01 113.672562  59.999420   -100 -100.00 -100.00 -100.00
 124   163.065 55884.96887864 41.74 113.676734  59.997824   -100 -100.00 -100.00 -100.00
 125   164.912 55894.88451858 29.64 113.665049  60.001679   -100 -100.00 -100.00 -100.00
 125   165.311 55894.88451917 28.72 113.669222  60.000083   -100 -100.00 -100.00 -100.00
 125   165.009 55894.88451976 26.93 113.673394  59.998488   -100 -100.00 -100.00 -100.00
 126   165.587 55904.80015499 24.49 113.667175  60.001018   -100 -100.00 -100.00 -100.00
 126   165.620 55904.80015558 23.04 113.671348  59.999423 26.716 -100.00 -100.00 -100.00
 126   165.400 55904.80015617 26.52 113.675520  59.997827   -100 -100.00 -100.00 -100.00
 127   165.362 55914.71579595 19.21 113.668271  60.001259 29.156 -100.00 -100.00 -100.00
 127   165.426 55914.71579654 19.47 113.672444  59.999663 25.487 -100.00 -100.00 -100.00
 127   165.237 55914.71579713 16.12 113.676616  59.998068 16.159 -100.00 -100.00 -100.00
 128   164.867 55924.63144986 17.78 113.668735  60.000583 25.969 -100.00 -100.00 -100.00
 128   165.398 55924.63145045 15.19 113.672907  59.998988 14.287 -100.00 -100.00 -100.00
 129   164.559 55934.54710034 12.98 113.667434  60.000406 15.460 -100.00 -100.00 -100.00
 129   164.829 55934.54710093 13.22 113.671606  59.998811 15.173 -100.00 -100.00 -100.00
 129   164.488 55934.54710152 13.84 113.675778  59.997215 16.771 -100.00 -100.00 -100.00
 134   163.538 55984.12530023 10.61 113.664252  60.000130 10.896 -100.00 -100.00 -100.00
 134   168.698 55984.12530082  9.82 113.668424  59.998534  9.056 -100.00 -100.00 -100.00
 134   163.868 55984.12530141 10.50 113.672596  59.996939  9.997 -100.00 -100.00 -100.00
 138   168.203 56023.78787975 12.47 113.657917  59.997773  9.140 -100.00 -100.00 -100.00
 138   169.092 56023.78788034 12.03 113.662089  59.996178  8.685 -100.00 -100.00 -100.00
 138   170.201 56023.78788093 11.75 113.666260  59.994583  7.857 -100.00 -100.00 -100.00
 139   168.004 56033.70352292 10.37 113.658665  59.998717  7.130 -100.00 -100.00 -100.00
 139   169.077 56033.70352351 10.47 113.662837  59.997121  7.928 -100.00 -100.00 -100.00
 139   169.676 56033.70352410 10.39 113.667008  59.995526  7.145 -100.00 -100.00 -100.00
 142   353.571 56063.45043845  5.30 113.673291  60.000797  6.823 -100.00 -100.00 -100.00
 142   359.219 56063.45043904  3.90 113.677463  59.999201  6.149 -100.00 -100.00 -100.00
 145   171.102 56093.19737752 30.48 113.666806  59.999455 14.167 -100.00 -100.00 -100.00
 145   171.345 56093.19737811 29.37 113.670978  59.997859 12.695 -100.00 -100.00 -100.00
 147   170.283 56113.02865363 26.56 113.665170  60.001008  7.157 -100.00 -100.00 -100.00
 147   170.309 56113.02865422 28.46 113.669342  59.999412 11.297 -100.00 -100.00 -100.00
 147   170.173 56113.02865481 28.34 113.673514  59.997817  9.287 -100.00 -100.00 -100.00
 148   172.170 56122.94429234 37.68 113.662937  60.000786 15.106 -100.00 -100.00 -100.00
 148   170.769 56122.94429293 40.69 113.667109  59.999190   -100 -100.00 -100.00 -100.00
 148   171.034 56122.94429352 53.08 113.671281  59.997595   -100 -100.00 -100.00 -100.00
 149   170.948 56132.85992775 25.53 113.664592  59.998511 21.703 -100.00 -100.00 -100.00
 149   171.079 56132.85992834 20.74 113.668764  59.996916 11.593 -100.00 -100.00 -100.00
 149   170.747 56132.85992893 19.12 113.672936  59.995320  8.334 -100.00 -100.00 -100.00
 150   169.568 56142.77556528 40.68 113.663392  59.998069 26.569 -100.00 -100.00 -100.00
 150   169.507 56142.77556587 43.28 113.667564  59.996474   -100 -100.00 -100.00 -100.00
 150   169.463 56142.77556646 44.14 113.671736  59.994879   -100 -100.00 -100.00 -100.00
 151   167.903 56152.69121556 36.94 113.660888  59.998782 18.055 -100.00 -100.00 -100.00
 151   167.986 56152.69121615 38.57 113.665060  59.997187 22.812  271.46  270.15  269.65
 151   167.573 56152.69121674 44.44 113.669232  59.995592   -100  271.46  270.15  269.65
 152   167.224 56162.60686485 39.80 113.664397  59.999054 21.909 -100.00 -100.00 -100.00
 152   167.315 56162.60686544 41.03 113.668569  59.997459   -100 -100.00 -100.00 -100.00
 152   166.858 56162.60686603 38.74 113.672741  59.995863 29.986 -100.00 -100.00 -100.00
 153   167.073 56172.52251168 40.57 113.664368  60.000432 23.895 -100.00 -100.00 -100.00
 153   167.294 56172.52251227 41.71 113.668541  59.998837 23.756 -100.00 -100.00 -100.00
 153   167.298 56172.52251286 44.87 113.672713  59.997241 26.004 -100.00 -100.00 -100.00
 154   166.543 56182.43815389 38.70 113.664128  60.000220 17.831 -100.00 -100.00 -100.00
 154   166.790 56182.43815448 41.82 113.668301  59.998624 20.030 -100.00 -100.00 -100.00
 154   166.351 56182.43815507 47.04 113.672473  59.997029 29.707 -100.00 -100.00 -100.00
 156   212.854 56202.26942832  1.43 113.662473  59.998165  4.933 -100.00 -100.00 -100.00
 156   219.073 56202.26942891  0.52 113.666646  59.996570  3.677 -100.00 -100.00 -100.00
 156   209.017 56202.26942950  4.98 113.670818  59.994974  8.155 -100.00 -100.00 -100.00
 158   165.275 56222.10069439 37.07 113.667356  60.002732 22.851 -100.00 -100.00 -100.00
 158   165.172 56222.10069498 39.70 113.671530  60.001137 27.496 -100.00 -100.00 -100.00
 158   165.022 56222.10069557 43.83 113.675702  59.999541   -100 -100.00 -100.00 -100.00
 159   164.502 56232.01634954 42.83 113.671596  60.002355 22.475 -100.00 -100.00 -100.00
 159   164.162 56232.01635013 47.67 113.675768  60.000759   -100 -100.00 -100.00 -100.00
 159   163.967 56232.01635072 51.48 113.679941  59.999163   -100 -100.00 -100.00 -100.00
 160   163.516 56241.93200163 37.16 113.666816  60.003291 24.257 -100.00 -100.00 -100.00
 160   163.384 56241.93200222 39.75 113.670989  60.001695 28.164 -100.00 -100.00 -100.00
 160   163.560 56241.93200281 43.71 113.675161  60.000100 31.165 -100.00 -100.00 -100.00
 161   164.462 56251.84765027 30.08 113.666947  60.001019   -100 -100.00 -100.00 -100.00
 161   164.535 56251.84765086 29.66 113.671119  59.999423   -100 -100.00 -100.00 -100.00
 161   164.427 56251.84765145 29.86 113.675291  59.997828   -100 -100.00 -100.00 -100.00
 162   165.808 56261.76329365 18.10 113.663753  60.000595 17.611 -100.00 -100.00 -100.00
 162   165.715 56261.76329424 20.04 113.667926  59.999000 23.395 -100.00 -100.00 -100.00
 162   165.723 56261.76329483 20.68 113.672098  59.997404 26.406 -100.00 -100.00 -100.00
 163   165.376 56271.67893542 19.02 113.666303  59.999622 21.540 -100.00 -100.00 -100.00
 163   165.291 56271.67893601 19.19 113.670476  59.998026 25.817 -100.00 -100.00 -100.00
 163   165.520 56271.67893660 18.43 113.674647  59.996431 22.397 -100.00 -100.00 -100.00
 164   164.709 56281.59457607 16.33 113.664649  60.001104 20.257 -100.00 -100.00 -100.00
 164   164.884 56281.59457666 16.00 113.668822  59.999508 21.031 -100.00 -100.00 -100.00
 164   164.853 56281.59457725 15.14 113.672994  59.997913 19.203 -100.00 -100.00 -100.00
 165   164.496 56291.51022835 13.85 113.665606  59.999988 15.930 -100.00 -100.00 -100.00
 165   164.432 56291.51022894 15.30 113.669778  59.998392 22.832 -100.00 -100.00 -100.00
 165   164.722 56291.51022953 13.14 113.673950  59.996796 14.465 -100.00 -100.00 -100.00
 166   164.223 56301.42587573 12.53 113.662246  59.999246 14.441 -100.00 -100.00 -100.00
 166   164.303 56301.42587632 12.66 113.666418  59.997650 15.994 -100.00 -100.00 -100.00
 166   164.357 56301.42587691 12.58 113.670591  59.996054 13.166 -100.00 -100.00 -100.00
 168   163.687 56321.25716026 11.65 113.657627  59.997713 11.511 -100.00 -100.00 -100.00
 168   163.844 56321.25716085 10.19 113.661799  59.996118  8.846 -100.00 -100.00 -100.00
 168   163.677 56321.25716144 12.14 113.665972  59.994522 13.226 -100.00 -100.00 -100.00
 170   163.412 56341.08844144 10.43 113.661528  60.000046 10.055 -100.00 -100.00 -100.00
 170   163.512 56341.08844203 10.40 113.665701  59.998451 10.025 -100.00 -100.00 -100.00
 170   169.093 56341.08844262 11.12 113.669873  59.996855 11.636 -100.00 -100.00 -100.00
 175   163.378 56390.66666021 13.23 113.662013  59.998632 17.655 -100.00 -100.00 -100.00
 175   164.060 56390.66666080 11.00 113.666185  59.997036 11.789 -100.00 -100.00 -100.00
 175   169.083 56390.66666139 11.45 113.670357  59.995441 11.404 -100.00 -100.00 -100.00
 177   163.841 56410.49794346 32.45 113.665407  60.002249   -100 -100.00 -100.00 -100.00
 177   163.867 56410.49794405 34.06 113.669579  60.000653 32.362 -100.00 -100.00 -100.00
 177   163.898 56410.49794464 35.93 113.673751  59.999058   -100 -100.00 -100.00 -100.00
 181   168.424 56450.16052025 40.02 113.665540  59.999222 19.963 -100.00 -100.00 -100.00
 181   168.233 56450.16052084 44.35 113.669712  59.997627   -100 -100.00 -100.00 -100.00
 181   167.786 56450.16052143 44.44 113.673884  59.996031   -100 -100.00 -100.00 -100.00
 182   168.954 56460.07616883 39.11 113.665392  59.998815 32.000 -100.00 -100.00 -100.00
 182   169.056 56460.07616942 47.95 113.669564  59.997219 23.938 -100.00 -100.00 -100.00
 182   168.704 56460.07617001 48.70 113.673735  59.995623 32.420 -100.00 -100.00 -100.00
 184   171.846 56479.90745517 38.93 113.661567  59.998534 16.265 -100.00 -100.00 -100.00
 184   171.540 56479.90745576 44.07 113.665739  59.996939 23.165 -100.00 -100.00 -100.00
 184   170.963 56479.90745635 54.27 113.669911  59.995343   -100 -100.00 -100.00 -100.00
 185   176.928 56489.82309279 12.03 113.662725  59.997719  3.363 -100.00 -100.00 -100.00
 185   176.341 56489.82309338 19.76 113.666897  59.996124 13.430 -100.00 -100.00 -100.00
 185   176.851 56489.82309398 20.17 113.671068  59.994529 11.568 -100.00 -100.00 -100.00
 187   169.542 56509.65436089 37.18 113.664695  60.000088 14.827 -100.00 -100.00 -100.00
 187   169.253 56509.65436148 41.78 113.668867  59.998492 31.521 -100.00 -100.00 -100.00
 187   168.675 56509.65436207 37.10 113.673039  59.996897 30.134 -100.00 -100.00 -100.00
 188   167.887 56519.57000228 25.53 113.664484  60.001646 18.995 -100.00 -100.00 -100.00
 188   167.955 56519.57000287 24.54 113.668657  60.000051 16.243 -100.00 -100.00 -100.00
 188   167.722 56519.57000346 25.41 113.672829  59.998456 21.754 -100.00 -100.00 -100.00
 189   167.121 56529.48565581 40.68 113.663868  60.001203 31.256 -100.00 -100.00 -100.00
 189   167.551 56529.48565640 42.00 113.668041  59.999608 26.653 -100.00 -100.00 -100.00
 189   167.570 56529.48565699 43.57 113.672214  59.998012   -100 -100.00 -100.00 -100.00
 190   165.327 56539.40130569 37.14 113.665717  59.999525 17.825 -100.00 -100.00 -100.00
 190   166.137 56539.40130628 44.18 113.669890  59.997930 25.645 -100.00 -100.00 -100.00
 190   165.831 56539.40130687 53.19 113.674062  59.996334 11.386 -100.00 -100.00 -100.00
 191   164.592 56549.31695052 19.02 113.661325  59.999944 13.610 -100.00 -100.00 -100.00
 191   165.062 56549.31695111 25.48 113.665498  59.998348 26.963 -100.00 -100.00 -100.00
 191   165.347 56549.31695170 26.11 113.669671  59.996753 18.841 -100.00 -100.00 -100.00
 192   167.486 56559.23259380 11.65 113.663253  59.998929  4.257 -100.00 -100.00 -100.00
 192   168.328 56559.23259439 11.58 113.667426  59.997333  4.468 -100.00 -100.00 -100.00
 192   169.978 56559.23259498 11.71 113.671598  59.995738  4.346 -100.00 -100.00 -100.00
 193   164.937 56569.14823583 32.54 113.663720  59.999936   -100 -100.00 -100.00 -100.00
 193   165.231 56569.14823642 32.95 113.667893  59.998340 29.466 -100.00 -100.00 -100.00
 193   165.433 56569.14823701 35.27 113.672065  59.996744 27.036 -100.00 -100.00 -100.00
 195   164.387 56588.97951382 39.10 113.668486  60.002674 19.382 -100.00 -100.00 -100.00
 195   164.910 56588.97951441 40.96 113.672659  60.001079 16.731 -100.00 -100.00 -100.00
 195   164.238 56588.97951500 48.17 113.676832  59.999483 29.646 -100.00 -100.00 -100.00
 196   163.592 56598.89515797 39.84 113.667965  60.002645 28.891 -100.00 -100.00 -100.00
 196   163.944 56598.89515856 41.04 113.672138  60.001050 24.818 -100.00 -100.00 -100.00
 196   163.645 56598.89515915 45.06 113.676311  59.999454 30.948 -100.00 -100.00 -100.00
 197   162.694 56608.81080907 37.06 113.666384  60.000889 30.002 -100.00 -100.00 -100.00
 197   163.058 56608.81080966 38.97 113.670557  59.999293 28.189 -100.00 -100.00 -100.00
 197   163.000 56608.81081025 41.04 113.674729  59.997698 27.610 -100.00 -100.00 -100.00
 198   164.476 56618.72645481 26.42 113.663429  60.000991   -100 -100.00 -100.00 -100.00
 198   164.165 56618.72645540 32.12 113.667602  59.999395   -100 -100.00 -100.00 -100.00
 198   164.479 56618.72645599 30.06 113.671774  59.997800   -100 -100.00 -100.00 -100.00
 199   164.598 56628.64209748 23.01 113.663168  60.001097 27.021 -100.00 -100.00 -100.00
 199   164.528 56628.64209807 24.39 113.667340  59.999501 30.124 -100.00 -100.00 -100.00
 199   165.030 56628.64209866 22.08 113.671513  59.997906 20.180  261.45  259.87  257.85
 200   164.693 56638.55773729 19.41 113.664381  60.000964 20.523 -100.00 -100.00 -100.00
 200   164.676 56638.55773788 18.65 113.668554  59.999368 17.703 -100.00 -100.00 -100.00
 200   164.805 56638.55773847 19.06 113.672726  59.997773 19.197 -100.00 -100.00 -100.00
 201   164.442 56648.47338093 16.56 113.662868  60.000571 15.222 -100.00 -100.00 -100.00
 201   164.640 56648.47338152 17.04 113.667041  59.998976 18.548 -100.00 -100.00 -100.00
 201   164.708 56648.47338211 17.30 113.671214  59.997380 18.024 -100.00 -100.00 -100.00
 202   164.108 56658.38903245 14.27 113.660831  59.998708 15.977 -100.00 -100.00 -100.00
 202   164.416 56658.38903304 14.38 113.665004  59.997113 15.871 -100.00 -100.00 -100.00
 202   169.238 56658.38903363 14.00 113.669176  59.995517 16.635 -100.00 -100.00 -100.00
 203   164.022 56668.30468017 15.82 113.661926  59.996906 18.932 -100.00 -100.00 -100.00
 203   164.425 56668.30468076 14.63 113.666099  59.995310 15.910 -100.00 -100.00 -100.00
 203   164.203 56668.30468135 14.74 113.670271  59.993714 18.012 -100.00 -100.00 -100.00
 204   164.082 56678.22032470 14.04 113.659254  59.998796 16.204 -100.00 -100.00 -100.00
 204   164.623 56678.22032529 12.43 113.663426  59.997201 11.383 -100.00 -100.00 -100.00
 204   164.379 56678.22032588 13.72 113.667599  59.995605 14.476 -100.00 -100.00 -100.00
 205   163.929 56688.13596895 14.09 113.664513  59.998572 15.569 -100.00 -100.00 -100.00
 205   163.844 56688.13596954 13.66 113.668685  59.996976 14.305 -100.00 -100.00 -100.00
 205   163.896 56688.13597013 14.34 113.672857  59.995380 13.467 -100.00 -100.00 -100.00
 213   164.749 56767.46110598 33.43 113.666019  60.002729 22.148 -100.00 -100.00 -100.00
 213   176.853 56767.46110657 35.27 113.670192  60.001134   -100 -100.00 -100.00 -100.00
 213   164.585 56767.46110716 33.11 113.674364  59.999538   -100 -100.00 -100.00 -100.00
 214   354.938 56777.37675032  3.71 113.664836  60.001950  7.630 -100.00 -100.00 -100.00
 214   354.622 56777.37675091  2.75 113.669009  60.000355  5.674 -100.00 -100.00 -100.00
 214   353.055 56777.37675150  4.00 113.673181  59.998759  8.440 -100.00 -100.00 -100.00
 217   212.864 56807.12370713  5.36 113.664507  59.998363  5.136 -100.00 -100.00 -100.00
 217   227.110 56807.12370772  3.88 113.668679  59.996767  4.199 -100.00 -100.00 -100.00
 217   225.633 56807.12370831  3.90 113.672850  59.995172  5.080 -100.00 -100.00 -100.00
 218   218.879 56817.03934801  1.05 113.660711  59.999698  4.993 -100.00 -100.00 -100.00
 218   225.481 56817.03934860  0.11 113.664883  59.998102  5.160 -100.00 -100.00 -100.00
 218   211.503 56817.03934919  1.32 113.669055  59.996507  5.980 -100.00 -100.00 -100.00
 219   178.668 56826.95498595 12.79 113.660329  59.999104  6.671 -100.00 -100.00 -100.00
 219   177.982 56826.95498654 13.38 113.664501  59.997509  7.118 -100.00 -100.00 -100.00
 219   176.889 56826.95498713 16.99 113.668672  59.995913 13.760 -100.00 -100.00 -100.00
 221   167.799 56846.78625190 38.25 113.661134  59.999691 17.132 -100.00 -100.00 -100.00
 221   167.734 56846.78625249 40.20 113.665306  59.998096 21.025 -100.00 -100.00 -100.00
 221   167.556 56846.78625308 46.57 113.669478  59.996501 27.816 -100.00 -100.00 -100.00
 223   165.743 56866.61755564 38.30 113.665306  59.999655 18.203 -100.00 -100.00 -100.00
 223   165.579 56866.61755623 42.40 113.669478  59.998060 26.609 -100.00 -100.00 -100.00
 223   165.445 56866.61755682 45.69 113.673650  59.996464   -100 -100.00 -100.00 -100.00
 224   166.657 56876.53320730 42.93 113.663027  60.000132 26.424 -100.00 -100.00 -100.00
 224   167.006 56876.53320789 44.20 113.667200  59.998536 26.963 -100.00 -100.00 -100.00
 224   166.977 56876.53320848 42.73 113.671372  59.996941 30.583 -100.00 -100.00 -100.00
 225   168.107 56886.44885598 31.14 113.660712  59.999559 17.823 -100.00 -100.00 -100.00
 225   167.864 56886.44885657 31.71 113.664884  59.997964 22.297 -100.00 -100.00 -100.00
 225   168.188 56886.44885716 30.66 113.669056  59.996368 19.148 -100.00 -100.00 -100.00
 226   168.119 56896.36450221 37.47 113.660136  59.998010 17.410 -100.00 -100.00 -100.00
 226   168.970 56896.36450280 41.20 113.664308  59.996415 15.656 -100.00 -100.00 -100.00
 226   168.529 56896.36450339 50.57 113.668480  59.994819   -100 -100.00 -100.00 -100.00
 227   167.392 56906.28014528 35.19 113.659118  59.998311 17.654 -100.00 -100.00 -100.00
 227   167.676 56906.28014587 38.93 113.663291  59.996716 19.724 -100.00 -100.00 -100.00
 227   166.543 56906.28014646 51.38 113.667463  59.995120   -100 -100.00 -100.00 -100.00
 228   169.983 56916.19578685 41.22 113.664177  59.998286 18.516 -100.00 -100.00 -100.00
 228   169.671 56916.19578744 47.48 113.668349  59.996691 28.741 -100.00 -100.00 -100.00
 228   169.299 56916.19578803 48.55 113.672521  59.995095   -100 -100.00 -100.00 -100.00
 230   165.294 56936.02706168 37.30 113.666158  60.002900 22.008 -100.00 -100.00 -100.00
 230   165.642 56936.02706228 38.20 113.670331  60.001305 18.269 -100.00 -100.00 -100.00
 230   165.835 56936.02706287 40.98 113.674503  59.999709 24.969 -100.00 -100.00 -100.00
 231   169.206 56945.94269239 14.20 113.667208  60.003498  4.276 -100.00 -100.00 -100.00
 231   167.255 56945.94269298 14.31 113.671381  60.001903  4.523 -100.00 -100.00 -100.00
 231   170.426 56945.94269357 14.94 113.675554  60.000307  4.902 -100.00 -100.00 -100.00
 232   164.292 56955.85834526 40.13 113.667911  60.000178 19.829 -100.00 -100.00 -100.00
 232   163.607 56955.85834585 45.25 113.672083  59.998582   -100 -100.00 -100.00 -100.00
 233   163.431 56965.77399390 36.29 113.662068  60.000203 28.829 -100.00 -100.00 -100.00
 233   163.751 56965.77399450 39.01 113.666240  59.998608 30.954 -100.00 -100.00 -100.00
 233   164.159 56965.77399509 41.23 113.670412  59.997012 23.429 -100.00 -100.00 -100.00
 234   164.239 56975.68963866 31.67 113.662584  60.000295 26.366 -100.00 -100.00 -100.00
 234   164.357 56975.68963925 33.80 113.666756  59.998700 31.797 -100.00 -100.00 -100.00
 234   164.732 56975.68963984 36.39 113.670928  59.997104 23.634 -100.00 -100.00 -100.00
 235   164.997 56985.60527909 25.32 113.665797  60.000751   -100 -100.00 -100.00 -100.00
 235   164.954 56985.60527968 25.73 113.669969  59.999156   -100 -100.00 -100.00 -100.00
 235   164.813 56985.60528027 23.41 113.674141  59.997560   -100 -100.00 -100.00 -100.00
 238   165.193 57015.35221074 15.09 113.662107  59.997857 23.418 -100.00 -100.00 -100.00
 238   168.039 57015.35221133 13.84 113.666280  59.996262 17.487 -100.00 -100.00 -100.00
 238   164.887 57015.35221192 15.77 113.670452  59.994666 27.715 -100.00 -100.00 -100.00
 239   165.034 57025.26786141 15.93 113.660400  59.997125 27.086 -100.00 -100.00 -100.00
 239   164.743 57025.26786200 16.86 113.664573  59.995530 32.398 -100.00 -100.00 -100.00
 239   165.209 57025.26786260 15.46 113.668745  59.993934 21.778 -100.00 -100.00 -100.00
 240   164.941 57035.18351026 17.14 113.663499  59.997749 26.798 -100.00 -100.00 -100.00
 240   165.136 57035.18351085 16.82 113.667671  59.996154 24.804 -100.00 -100.00 -100.00
 240   164.665 57035.18351144 19.07 113.671843  59.994558   -100 -100.00 -100.00 -100.00
 241   164.818 57045.09915614 19.30 113.663886  60.000135   -100 -100.00 -100.00 -100.00
 241   164.599 57045.09915673 20.92 113.668058  59.998540   -100 -100.00 -100.00 -100.00
 241   164.426 57045.09915732 22.32 113.672230  59.996944   -100 -100.00 -100.00 -100.00
 249   167.207 57124.42430940 13.55 113.666802  60.000829 11.018 -100.00 -100.00 -100.00
 249   164.322 57124.42430999 14.12 113.670974  59.999233 11.822 -100.00 -100.00 -100.00
 249   164.295 57124.42431059 13.62 113.675146  59.997637 11.695 -100.00 -100.00 -100.00
 251   213.968 57144.25558617 13.40 113.661916  60.000345 30.723 -100.00 -100.00 -100.00
 251   213.987 57144.25558676 13.75 113.666089  59.998750 26.071 -100.00 -100.00 -100.00
 251   218.287 57144.25558735  2.16 113.670261  59.997154  4.823 -100.00 -100.00 -100.00
 252   355.493 57154.17122050  6.96 113.667144  60.000265  6.703 -100.00 -100.00 -100.00
 252   379.543 57154.17122109  5.49 113.671316  59.998669  6.007 -100.00 -100.00 -100.00
 252   381.696 57154.17122168  4.33 113.675488  59.997074  3.899 -100.00 -100.00 -100.00
 254   170.655 57174.00251419 44.84 113.666975  60.001052   -100 -100.00 -100.00 -100.00
 254   170.544 57174.00251478 46.50 113.671147  59.999457  0.471 -100.00 -100.00 -100.00
 254   170.370 57174.00251537 45.63 113.675319  59.997862   -100 -100.00 -100.00 -100.00
 255   172.184 57183.91816792 44.43 113.665367  59.998895 21.592 -100.00 -100.00 -100.00
 255   171.938 57183.91816852 48.67 113.669539  59.997300   -100 -100.00 -100.00 -100.00
 255   171.793 57183.91816911 49.49 113.673710  59.995704   -100 -100.00 -100.00 -100.00
 256   177.779 57193.83381706 32.06 113.659139  59.998328 14.089 -100.00 -100.00 -100.00
 256   169.345 57193.83381765 32.08 113.663311  59.996733 13.406 -100.00 -100.00 -100.00
 256   169.309 57193.83381824 33.01 113.667482  59.995138 17.007 -100.00 -100.00 -100.00
 257   169.218 57203.74946471 27.14 113.661177  59.996467  9.265 -100.00 -100.00 -100.00
 257   169.144 57203.74946530 28.45 113.665349  59.994872 11.992 -100.00 -100.00 -100.00
 257   176.310 57203.74946589 27.57 113.669520  59.993276  8.669 -100.00 -100.00 -100.00
 258   230.480 57213.66509842 18.12 113.661658  59.997975 10.479 -100.00 -100.00 -100.00
 258   215.819 57213.66509901 22.50 113.665830  59.996379 19.201 -100.00 -100.00 -100.00
 258   215.690 57213.66509960  2.84 113.670001  59.994784 18.286 -100.00 -100.00 -100.00
 259   166.760 57223.58074237 39.43 113.666352  59.999182 22.698 -100.00 -100.00 -100.00
 259   166.795 57223.58074296 42.45 113.670524  59.997586   -100 -100.00 -100.00 -100.00
 260   165.198 57233.49638398 28.62 113.665634  60.001178 15.478 -100.00 -100.00 -100.00
 260   165.305 57233.49638457 28.61 113.669807  59.999582 16.387 -100.00 -100.00 -100.00
 260   165.250 57233.49638516 27.28 113.673979  59.997987 13.012 -100.00 -100.00 -100.00
 261   166.071 57243.41202273 31.61 113.663798  60.001532 13.471 -100.00 -100.00 -100.00
 261   166.081 57243.41202332 31.99 113.667971  59.999937 14.113 -100.00 -100.00 -100.00
 261   165.714 57243.41202391 33.20 113.672143  59.998341 19.644 -100.00 -100.00 -100.00
 262   164.956 57253.32765948 23.53 113.664678  60.000161 23.299 -100.00 -100.00 -100.00
 262   164.972 57253.32766007 21.58 113.668851  59.998565 17.763 -100.00 -100.00 -100.00
 262   168.565 57253.32766066 18.73 113.673023  59.996970 10.643 -100.00 -100.00 -100.00
 263   164.461 57263.24329428 36.62 113.663756  60.001320 31.021 -100.00 -100.00 -100.00
 263   164.868 57263.24329487 35.51 113.667929  59.999725 27.326 -100.00 -100.00 -100.00
 263   164.358 57263.24329546 32.65 113.672102  59.998129 19.473 -100.00 -100.00 -100.00
 264   164.036 57273.15893161 41.85 113.666853  60.003002   -100 -100.00 -100.00 -100.00
 264   164.580 57273.15893220 42.36 113.671026  60.001407 26.337 -100.00 -100.00 -100.00
 264   164.566 57273.15893279 40.78 113.675199  59.999811   -100 -100.00 -100.00 -100.00
 265   174.433 57283.07458932 11.27 113.669513  60.003076  7.575 -100.00 -100.00 -100.00
 265   170.632 57283.07458991 11.71 113.673686  60.001480  8.079 -100.00 -100.00 -100.00
 265   172.396 57283.07459050 11.74 113.677859  59.999884  8.667 -100.00 -100.00 -100.00
 266   164.086 57292.99024399 34.76 113.667801  60.003242 27.634 -100.00 -100.00 -100.00
 266   164.412 57292.99024458 40.47 113.671974  60.001647 32.547 -100.00 -100.00 -100.00
 266   165.058 57292.99024517 50.71 113.676146  60.000051 31.201 -100.00 -100.00 -100.00
 267   164.195 57302.90589574 39.34 113.667906  60.000611 17.809 -100.00 -100.00 -100.00
 267   164.586 57302.90589633 45.49 113.672078  59.999015 29.240 -100.00 -100.00 -100.00
 267   164.371 57302.90589692 51.04 113.676250  59.997419   -100 -100.00 -100.00 -100.00
 268   163.862 57312.82154327 27.16 113.664968  59.998563 21.912 -100.00 -100.00 -100.00
 268   164.382 57312.82154386 29.30 113.669140  59.996967 20.166  259.36  257.14  257.05
 268   164.544 57312.82154445 32.71 113.673311  59.995372 17.683  259.36  257.14  257.05
 269   163.747 57322.73718730 40.47 113.662077  59.997876 24.162 -100.00 -100.00 -100.00
 269   163.919 57322.73718789 42.54 113.666249  59.996281 24.634 -100.00 -100.00 -100.00
 269   163.941 57322.73718848 45.70 113.670421  59.994685   -100 -100.00 -100.00 -100.00
 270   163.305 57332.65282904 36.64 113.660351  59.999165 31.828 -100.00 -100.00 -100.00
 270   163.640 57332.65282963 37.49 113.664523  59.997570 27.322 -100.00 -100.00 -100.00
 270   163.917 57332.65283022 40.40 113.668695  59.995974 29.091 -100.00 -100.00 -100.00
 271   163.762 57342.56846904 29.76 113.662093  60.000580   -100 -100.00 -100.00 -100.00
 271   163.932 57342.56846963 29.84 113.666266  59.998984 27.518 -100.00 -100.00 -100.00
 271   163.852 57342.56847022 32.98 113.670438  59.997388   -100 -100.00 -100.00 -100.00
 272   164.470 57352.48412141 24.51 113.663469  59.999295 19.042 -100.00 -100.00 -100.00
 272   164.731 57352.48412200 25.56 113.667642  59.997700 22.880 -100.00 -100.00 -100.00
 272   164.478 57352.48412259 29.12 113.671814  59.996104   -100 -100.00 -100.00 -100.00
 273   164.401 57362.39976581 20.28 113.664077  59.997861 14.641 -100.00 -100.00 -100.00
 273   164.311 57362.39976641 21.60 113.668249  59.996265 16.857 -100.00 -100.00 -100.00
 274   164.048 57372.31540657 20.41 113.661282  59.997340 18.541 -100.00 -100.00 -100.00
 274   164.160 57372.31540716 19.63 113.665454  59.995745 16.447 -100.00 -100.00 -100.00
 274   164.271 57372.31540775 19.29 113.669626  59.994149 13.644 -100.00 -100.00 -100.00
 275   164.060 57382.23104548 19.58 113.659745  59.998175 19.059 -100.00 -100.00 -100.00
 275   163.938 57382.23104607 18.69 113.663917  59.996579 15.241 -100.00 -100.00 -100.00
 275   164.044 57382.23104666 19.27 113.668090  59.994984 18.890 -100.00 -100.00 -100.00
 276   163.372 57392.14668429 13.37 113.662670  59.999475 12.248 -100.00 -100.00 -100.00
 276   163.358 57392.14668488 15.45 113.666843  59.997879 16.990 -100.00 -100.00 -100.00
 276   169.228 57392.14668547 13.62 113.671015  59.996284 11.887 -100.00 -100.00 -100.00
 277   163.307 57402.06232236 14.74 113.667675  60.000969 13.822 -100.00 -100.00 -100.00
 277   163.381 57402.06232295 13.63 113.671847  59.999373 10.538 -100.00 -100.00 -100.00
 277   163.414 57402.06232354 14.61 113.676020  59.997778 13.444 -100.00 -100.00 -100.00
 278   163.453 57411.97796502 10.57 113.668137  60.002243  8.513 -100.00 -100.00 -100.00
 278   163.268 57411.97796561 12.24 113.672310  60.000647 11.803 -100.00 -100.00 -100.00
 278   163.388 57411.97796620 11.61 113.676482  59.999052 10.550 -100.00 -100.00 -100.00
 279   163.170 57421.89361720 12.22 113.667862  60.000573 10.291 -100.00 -100.00 -100.00
 279   163.048 57421.89361779 12.38 113.672034  59.998977 10.806 -100.00 -100.00 -100.00
 279   163.144 57421.89361838 11.61 113.676206  59.997382 10.067 -100.00 -100.00 -100.00
 280   163.330 57431.80926609 11.45 113.663444  60.000239 11.910 -100.00 -100.00 -100.00
 280   163.329 57431.80926668 10.53 113.667617  59.998644  8.928 -100.00 -100.00 -100.00
 280   163.516 57431.80926727 10.30 113.671788  59.997048  7.708 -100.00 -100.00 -100.00
 281   163.334 57441.72491362 12.46 113.664699  59.999260 12.736 -100.00 -100.00 -100.00
 281   163.539 57441.72491421 10.39 113.668871  59.997665  8.645 -100.00 -100.00 -100.00
 281   163.415 57441.72491480 13.06 113.673042  59.996069 13.831 -100.00 -100.00 -100.00
 283   163.312 57461.55620505 13.56 113.668775  60.000741 14.629 -100.00 -100.00 -100.00
 283   163.343 57461.55620564 13.42 113.672947  59.999146 14.774 -100.00 -100.00 -100.00
 284   174.593 57471.47184600  8.77 113.666678  60.002406  6.330 -100.00 -100.00 -100.00
 284   176.469 57471.47184659  7.97 113.670851  60.000811  5.239 -100.00 -100.00 -100.00
 284   175.379 57471.47184719  9.83 113.675023  59.999215  8.527 -100.00 -100.00 -100.00
 288   211.675 57511.13439853  5.94 113.666751  60.000778  6.273 -100.00 -100.00 -100.00
 288   211.015 57511.13439912  5.56 113.670924  59.999183  6.204 -100.00 -100.00 -100.00
 288   209.533 57511.13439971  6.67 113.675096  59.997587  9.165 -100.00 -100.00 -100.00
 289   216.442 57521.05005392 23.79 113.664216  60.000924 19.980 -100.00 -100.00 -100.00
 289   214.462 57521.05005451 19.68 113.668388  59.999329   -100 -100.00 -100.00 -100.00
 289   215.181 57521.05005510 11.13 113.672560  59.997733 21.895 -100.00 -100.00 -100.00
 290   217.122 57530.96570695 24.52 113.662811  60.000570 21.552 -100.00 -100.00 -100.00
 290   219.677 57530.96570754 23.56 113.666983  59.998975 10.000 -100.00 -100.00 -100.00
 290   217.702 57530.96570814 29.18 113.671155  59.997379   -100 -100.00 -100.00 -100.00
 292   170.855 57550.79700387 26.14 113.661787  59.997972  9.383 -100.00 -100.00 -100.00
 292   170.746 57550.79700446 28.56 113.665959  59.996377 13.575 -100.00 -100.00 -100.00
 292   176.998 57550.79700505 26.51 113.670130  59.994781  9.092 -100.00 -100.00 -100.00
 293   169.574 57560.71264930 24.26 113.661861  59.997601 10.604 -100.00 -100.00 -100.00
 293   175.892 57560.71264989 25.70 113.666033  59.996005 13.049 -100.00 -100.00 -100.00
 293   176.727 57560.71265048 28.34 113.670204  59.994410 16.768 -100.00 -100.00 -100.00
 294   167.128 57570.62829429 22.09 113.664093  59.997916  8.564 -100.00 -100.00 -100.00
 294   167.091 57570.62829488 21.48 113.668265  59.996321  7.029 -100.00 -100.00 -100.00
 295   166.127 57580.54393845 34.74 113.662461  60.000255 20.088 -100.00 -100.00 -100.00
 295   166.892 57580.54393904 39.54 113.666634  59.998660 21.299 -100.00 -100.00 -100.00
 295   166.754 57580.54393963 50.41 113.670805  59.997064   -100 -100.00 -100.00 -100.00
 296   166.995 57590.45958134 41.31 113.663597  60.001116 23.175 -100.00 -100.00 -100.00
 296   167.356 57590.45958193 42.51 113.667770  59.999521 21.930 -100.00 -100.00 -100.00
 296   167.246 57590.45958252 46.63 113.671942  59.997925   -100 -100.00 -100.00 -100.00
 297   167.518 57600.37522161 40.59 113.664456  60.000984 21.390 -100.00 -100.00 -100.00
 297   168.140 57600.37522220 42.52 113.668628  59.999388 18.964 -100.00 -100.00 -100.00
 297   167.584 57600.37522279 48.63 113.672801  59.997793   -100 -100.00 -100.00 -100.00
