# NaN NaN NaN ;Mean Elev.(m), Avg Gradient(m/km), RMS Gradient(m/km) - SRTM1     
#   41.797  -0.030   2.554 ;Mean Elev.(m), Avg Gradient(m/km), RMS Gradient(m/km) - ASTER GDEM
#   26.897  -0.770   6.788 ;Mean Elev.(m), Avg Gradient(m/km), RMS Gradient(m/km) - GMTED2010 
   1 125.345980  64.845515    65.668    69.413  7 54668.23133350 21.645
   2 125.344570  64.846407    50.658    50.751  8 54678.14697762 25.473
   3 125.342265  64.848551    12.910    12.920  7 54688.06262036 16.550
   4 125.337340  64.850713    52.169    52.172  7 54697.97826095 46.195
   5 125.342729  64.849322    12.782    12.784  7 54707.89390381 10.619
   6 125.345184  64.846262    52.512    52.498  7 54717.80955606 29.868
   7 125.352630  64.842319    11.524    11.532  8 54727.72520626 13.639
   8 125.353522  64.841065    55.486    51.040  8 54737.64085402 26.530
   9 125.350282  64.842388    60.176    58.252  8 54747.55650091 21.888
  10 125.348403  64.843967    49.936    49.930  8 54757.47214751 43.872
  11 125.349377  64.844105    49.608    49.594  8 54767.38779244 49.574
  12 125.349191  64.842785    49.215    49.216  8 54777.30343410 47.045
  13 125.352469  64.840755    49.921    49.905  8 54787.21907375 24.241
  14 125.353720  64.840453    49.937    49.939  8 54797.13471206 25.888
  15 125.348529  64.843253    50.755    50.751  8 54807.05034937 19.872
  16 125.346011  64.845992    50.615    50.698  7 54816.96598634 17.514
  17 125.343951  64.847129    50.614    50.694  8 54826.88163506 16.188
  18 125.345039  64.846118    51.511    51.028  7 54836.79727443 15.283
  19 125.346674  64.845293    53.833    51.987  7 54846.71292414 15.010
  20 125.345565  64.845649    53.446    51.473  8 54856.62857286 14.492
  21 125.344549  64.846840    50.964    50.892  7 54866.54422152 14.038
  22 125.344101  64.847159    53.331    51.386  8 54876.45986972 13.521
  23 125.345535  64.846114    68.573    68.585  8 54886.37551526 13.211
  24 125.347424  64.843732    66.147    68.164  8 54896.29115751 12.712
  25 125.355651  64.840767    69.276    69.413  8 54906.20679776 11.810
  26 125.355198  64.840651    68.484    68.397  8 54916.12243590 11.755
  27 125.351904  64.842243    69.995    70.067  9 54926.03807348 10.996
  28 125.350759  64.843680    68.571    68.546  8 54935.95371061 10.751
  29 125.350002  64.844311    50.886    50.870  8 54945.86934593 21.485
  30 125.348629  64.843909    49.836    49.582  8 54955.78497867 37.347
  31 125.351134  64.842100    51.784    51.780  8 54965.70062699 40.382
  32 125.353203  64.841544    53.156    53.146  8 54975.61627507 36.194
  33 125.354196  64.842602    53.379    53.396  7 54985.53192276 56.262
  34 125.349311  64.844804    77.064    77.441  8 54995.44756984  9.329
  35 125.344711  64.846260    72.270    72.095  8 55005.36321548 16.726
  36 125.346259  64.846030    51.697    51.715  8 55015.27885963 27.175
  37 125.346116  64.845920    51.214    51.243  7 55025.19450223 54.729
  38 125.343878  64.846903    51.422    51.391  8 55035.11014409 37.508
  39 125.341916  64.847960    50.324    50.261  7 55045.02578524 54.858
  40 125.344450  64.847692    50.909    50.887  7 55054.94142517 50.289
  41 125.344877  64.846333    50.609    50.564  8 55064.85706271 54.485
  42 125.352018  64.843345    52.743    51.066  8 55074.77271097 22.306
  43 125.354433  64.841644    50.354    50.419  8 55084.68835922 37.596
  44 125.353902  64.841739    51.190    51.263  8 55094.60400543 54.200
  45 125.353493  64.842266    51.188    51.192  8 55104.51965146 54.334
  46 125.349455  64.843069    62.825    63.461  8 55114.43529692 21.338
  47 125.351080  64.842366    50.370    50.356  8 55124.35094054 46.329
  48 125.350998  64.841766    49.394    49.391  8 55134.26658124 46.995
  49 125.352904  64.841163    48.205    48.204  9 55144.18222002 46.172
  50 125.351965  64.842042    49.388    49.324  8 55154.09785786 34.542
  51 125.349433  64.843694    49.245    49.255  8 55164.01349587 30.557
  52 125.345391  64.845810    49.458    49.421  7 55173.92913349 28.087
  53 125.343746  64.846881    74.220    74.234  8 55183.84477182 15.525
  54 125.345850  64.846386    49.428    49.410  7 55193.76042328 25.955
  55 125.345355  64.846440    49.300    49.305  8 55203.67607317 25.562
  56 125.344155  64.847084    49.111    49.137  8 55213.59172224 25.745
  57 125.343807  64.847164    48.965    48.990  8 55223.50737096 25.167
  58 125.345572  64.845696    48.887    48.894  8 55233.42301841 24.449
  59 125.349147  64.843212    48.915    48.938  8 55243.33866290 24.454
  60 125.355931  64.840568    48.923    48.906  8 55253.25430453 24.098
  61 125.355938  64.840346    48.999    48.989  8 55263.16994332 22.586
  62 125.349620  64.842644    49.270    49.047  8 55273.08558046 21.459
  63 125.351275  64.843582    48.862    48.810  8 55283.00121811 21.811
  64 125.347394  64.844087    48.832    48.820  8 55292.91685402 21.167
  65 125.349752  64.842772    48.893    48.914  8 55302.83249037 20.375
  66 125.354176  64.840890    49.418    49.376  9 55312.74813862 19.445
  67 125.353889  64.841264    48.988    48.922  8 55322.66378398 43.108
  68 125.348050  64.843479    49.808    49.814  8 55332.57942741 39.492
  69 125.346021  64.845071    56.525    56.532  8 55342.49507118 34.486
  70 125.347902  64.845147    60.671    59.970  7 55352.41071512 20.610
  71 125.348025  64.845121    62.769    63.642  7 55362.32635675 20.822
  72 125.347349  64.845507    54.201    51.558  7 55372.24199631 25.857
  73 125.344506  64.846990    51.458    51.434  7 55382.15763423 38.976
  74 125.340713  64.848761    52.102    52.111  7 55392.07327134 37.394
  75 125.339940  64.849315    51.162    51.179  7 55401.98890740 22.427
  76 125.345045  64.846695    49.729    50.000  7 55411.90455866 28.028
  77 125.351601  64.842918    52.870    51.275  8 55421.82020912 21.540
  78 125.353035  64.840765    51.313    51.403  8 55431.73585618 22.067
  79 125.355506  64.840713    54.819    55.730  8 55441.65150102 19.781
  80 125.353041  64.842564    50.982    50.889  8 55451.56714372 53.647
  81 125.348612  64.844423    56.198    57.400  7 55461.48278550 20.142
  82 125.348227  64.843869    65.470    69.645  8 55471.39842639 21.903
  83 125.352473  64.841793    62.557    62.560  9 55481.31406490 25.102
  84 125.354449  64.840550    49.136    49.157  9 55491.22970081 49.579
  85 125.351329  64.842123    50.550    50.540  8 55501.14533415 30.052
  86 125.349797  64.844331    49.178    49.128  8 55511.06097726 30.019
  87 125.345773  64.846288    49.905    49.959  8 55520.97662648 17.880
  88 125.345486  64.846498    50.308    50.256  8 55530.89227507 16.436
  89 125.347267  64.845424    50.969    50.340  7 55540.80792228 15.894
  90 125.347332  64.844908    51.520    51.087  7 55550.72356712 14.810
  91 125.344955  64.845829    51.528    50.834  8 55560.63921004 14.278
  93 125.342953  64.847828    55.757    55.623  8 55580.47049338 13.125
  94 125.345175  64.845918    53.824    54.383  7 55590.38613212 12.785
  95 125.348833  64.842903    56.846    53.624  8 55600.30176795 12.395
  96 125.353798  64.840797    64.269    67.314  8 55610.21740160 12.458
  97 125.350995  64.842336    68.607    68.528  8 55620.13303304 11.438
  98 125.346537  64.844897    68.239    68.220  8 55630.04868358 11.144
  99 125.344754  64.846203    70.539    70.549  8 55639.96433434 10.675
 100 125.346969  64.844742    69.907    69.904  8 55649.87998320 10.604
 101 125.351955  64.841464    71.760    71.751  8 55659.79562904  9.839
 102 125.354476  64.839727    75.621    75.628  8 55669.71127093  9.341
 103 125.352514  64.841233    49.215    48.861  8 55679.62691010 33.462
 104 125.347995  64.844791    49.446    49.432  7 55689.54254693 36.896
 105 125.343029  64.847821    53.146    53.148  7 55699.45818226 40.760
 106 125.341364  64.848462    57.213    58.413  7 55709.37382016 28.393
 107 125.345560  64.846484    54.613    51.851  7 55719.28947113 22.464
 108 125.347282  64.845431    52.462    52.431  7 55729.20511947 40.089
 109 125.347110  64.845780    51.312    51.338  8 55739.12076617 26.787
 110 125.342713  64.847211    50.439    50.403  7 55749.03641120 33.094
 111 125.344279  64.847024    50.877    50.909  8 55758.95205456 51.395
 112 125.346609  64.845409    49.696    49.711  8 55768.86769529 53.123
 113 125.349503  64.842816    50.246    50.237  8 55778.78333292 37.329
 114 125.353738  64.840909    52.892    51.308  8 55788.69896804 24.500
 115 125.352758  64.841985    50.674    50.670  8 55798.61460116 53.971
 116 125.347632  64.844427    50.008    49.991  8 55808.53024565 41.182
 117 125.347125  64.845891    50.719    50.746  7 55818.44589438 24.339
 118 125.348398  64.845227    55.071    55.532  8 55828.36153933 20.649
 119 125.351822  64.842936    51.122    51.197  8 55838.27718024 21.683
 120 125.353728  64.841160    61.647    60.879  8 55848.19281793 25.832
 121 125.352212  64.842456    49.206    49.169  8 55858.10845299 46.875
 122 125.346985  64.845492    49.044    49.040  8 55868.02409888 45.950
 123 125.343598  64.847898    49.461    49.480  7 55877.93975027 24.511
 124 125.339676  64.848818    50.014    49.979  7 55887.85539523 18.472
 125 125.342963  64.847524    50.599    50.393  7 55897.77103524 16.880
 126 125.344945  64.846622    50.599    50.710  8 55907.68667005 16.493
 127 125.344327  64.846558    51.353    51.352  8 55917.60231714 15.215
 128 125.346009  64.846483    50.738    50.928  7 55927.51797049 15.749
 129 125.344696  64.846419    50.998    50.972  8 55937.43362012 14.987
 130 125.349322  64.844091    51.429    51.395  7 55947.34926551 14.465
 131 125.350434  64.841963    52.141    52.033  8 55957.26490604 14.332
 132 125.353416  64.840678    52.324    52.229  9 55967.18054422 13.375
 133 125.350432  64.842144    52.422    52.360  8 55977.09618082 13.318
 134 125.347638  64.844472    51.768    51.813  8 55987.01181672 13.521
 135 125.344667  64.846107    51.748    51.781  8 55996.92745451 12.583
 136 125.348640  64.844573    54.269    52.600  8 56006.84310654 12.018
 137 125.353836  64.842050    52.674    52.691  8 56016.75875460 11.674
 138 125.354739  64.841114    54.140    52.750  8 56026.67439920 11.406
 139 125.353231  64.842238    67.136    69.519  8 56036.59004172 11.728
 140 125.346969  64.845280    56.729    50.796  8 56046.50568168 10.223
 141 125.341269  64.847945    49.103    49.115  7 56056.42131890 45.894
 142 125.339913  64.849021    54.481    54.509  7 56066.33695242 29.538
 143 125.341981  64.847864    54.287    54.285  7 56076.25259994 56.252
 144 125.343757  64.846751    69.380    68.125  7 56086.16824931 17.033
 145 125.345186  64.846199    52.890    52.873  7 56096.08389623 52.225
 146 125.345673  64.846026    51.840    51.840  7 56105.99954094 50.119
 147 125.349116  64.844863    52.278    52.287  8 56115.91517154 47.458
 148 125.347658  64.844301    51.316    51.259  8 56125.83080948 55.171
 149 125.350249  64.843099    55.510    56.232  8 56135.74644385 20.263
 150 125.352024  64.842497    53.766    52.136  8 56145.66208652 26.476
 151 125.349131  64.843131    51.569    51.554  8 56155.57773591 21.656
 152 125.349579  64.843811    55.529    56.756  8 56165.49338460 19.779
 153 125.348818  64.844258    51.539    51.512  8 56175.40903097 54.505
 154 125.348565  64.844080    61.147    61.175  8 56185.32467235 20.637
 155 125.349475  64.843233    58.315    58.253  8 56195.24031011 21.327
 156 125.350869  64.843156    56.823    53.178  8 56205.15594496 22.336
 157 125.348882  64.844907    72.112    72.065  8 56215.07157795 25.905
 158 125.344573  64.847615    49.793    49.790  7 56224.98721499 50.293
 159 125.342108  64.848503    48.856    48.835  8 56234.90287038 46.835
 160 125.343973  64.847785    49.310    49.305  7 56244.81852235 29.772
 161 125.343609  64.846976    49.731    49.767  8 56254.73416910 29.332
 162 125.344088  64.846723    49.826    49.800  8 56264.64981174 25.396
 163 125.344596  64.846849    49.841    49.846  7 56274.56545256 24.815
 164 125.346415  64.846164    50.396    50.453  8 56284.48109745 21.212
 165 125.346941  64.844527    59.369    62.669  8 56294.39674857 20.735
 166 125.352395  64.841821    58.972    60.687  8 56304.31239594 19.919
 167 125.353654  64.840897    62.027    66.073  9 56314.22803898 18.657
 168 125.351426  64.842105    61.210    67.319  8 56324.14367958 18.314
 169 125.349976  64.843870    65.447    67.488  8 56334.05931956 17.412
 170 125.346762  64.844981    65.531    67.618  8 56343.97495875 16.196
 171 125.347106  64.844636    67.578    67.602  8 56353.89059605 15.770
 172 125.350299  64.843157    65.398    67.364  8 56363.80624001 15.523
 173 125.349734  64.842777    63.000    67.208  8 56373.72188901 15.255
 175 125.347086  64.845573    65.404    67.730  8 56393.55317874 14.028
 176 125.345113  64.846930    51.418    51.364  7 56403.46882071 27.457
 177 125.342623  64.847707    48.954    48.898  7 56413.38445976 47.693
 178 125.345050  64.847241    49.319    49.326  7 56423.30009441 41.074
 179 125.344732  64.846992    55.305    55.322  8 56433.21573795 28.992
 180 125.344264  64.846619    56.742    53.231  8 56443.13139033 20.027
 181 125.345295  64.846574    52.508    52.536  7 56453.04704030 49.279
 182 125.346312  64.845665    59.905    59.281  7 56462.96268773 18.104
 183 125.347353  64.843901    51.159    51.204  8 56472.87833188 51.625
 184 125.353901  64.841314    56.262    55.725  8 56482.79397316 25.080
 185 125.353909  64.841150    51.837    51.779  8 56492.70961010 26.911
 186 125.352052  64.842997    53.247    53.227  8 56502.62524426 54.272
 187 125.344727  64.846365    53.830    52.320  8 56512.54087620 21.620
 188 125.343892  64.846879    51.914    51.872  8 56522.45652376 30.581
 189 125.347790  64.844944    51.666    51.659  7 56532.37217662 27.372
 191 125.352777  64.842213    54.706    51.933  8 56552.20347075 20.856
 192 125.350683  64.844112    50.961    51.023  8 56562.11911314 25.189
 193 125.341964  64.847613    70.621    70.579  7 56572.03475368 21.668
 194 125.340364  64.849317    49.276    49.256  7 56581.95039319 43.941
 195 125.343818  64.848688    48.910    48.862  7 56591.86602901 49.364
 196 125.343641  64.846977    48.809    48.831  8 56601.78167882 25.946
 197 125.346902  64.845322    49.343    49.346  8 56611.69732891 22.421
 198 125.345067  64.846176    49.306    49.320  7 56621.61297382 17.403
 199 125.345329  64.847017    49.270    49.307  7 56631.52861592 17.775
 200 125.345242  64.846975    49.526    49.400  7 56641.44425399 17.051
 201 125.348769  64.844264    49.701    49.509  7 56651.35990268 16.916
 202 125.355097  64.840850    50.347    50.469  8 56661.27555358 15.756
 203 125.355279  64.840123    49.882    49.859  8 56671.19120062 16.217
 204 125.352417  64.842411    50.136    50.124  8 56681.10684528 14.359
 205 125.345467  64.845562    50.250    50.296  8 56691.02248763 14.650
 206 125.344118  64.846640    50.746    50.759  8 56700.93812708 12.655
 207 125.349120  64.844867    57.066    56.823  8 56710.85376250 13.096
 208 125.352685  64.842780    51.420    51.643  8 56720.76940636 13.442
 210 125.348422  64.844694    67.745    67.754  8 56740.60070581 11.342
 211 125.341543  64.848089    72.829    72.798  7 56750.51634880 10.660
 212 125.342192  64.849305    49.193    49.120  7 56760.43198767 17.790
 213 125.340543  64.849207    49.281    48.985  7 56770.34761990 38.360
 214 125.345275  64.846333    49.157    49.147  7 56780.26327283 31.291
 215 125.349081  64.844248    53.269    53.394  7 56790.17892850 30.419
 216 125.347662  64.844355    53.013    52.969  8 56800.09458036 35.726
 217 125.348547  64.845213    52.437    52.387  8 56810.01022578 33.360
 218 125.346049  64.845787    55.812    55.851  8 56819.92586584 27.970
 219 125.349321  64.844091    53.839    51.580  8 56829.84150268 26.546
 220 125.352815  64.841910   112.462   111.415  8 56839.75713634 23.174
 221 125.353738  64.841579    51.131    51.167  8 56849.67277010 55.089
 222 125.348118  64.843375    51.033    50.940  8 56859.58842393 28.517
 223 125.347804  64.845376    50.485    50.465  8 56869.50407732 54.551
 224 125.345584  64.846368    50.968    50.924  7 56879.41972818 26.246
 225 125.347188  64.844927    50.936    50.981  7 56889.33537607 30.314
 226 125.349351  64.842728    52.639    50.933  8 56899.25102134 22.018
 227 125.350847  64.842336    50.704    50.740  8 56909.16666416 51.385
 228 125.349869  64.844449    50.233    50.210  8 56919.08230482 46.798
 229 125.340644  64.848516    56.604    51.086  7 56928.99794254 23.387
 230 125.342585  64.849700    49.928    49.912  7 56938.91357705 42.254
 231 125.338337  64.849766    49.038    48.979  7 56948.82921162 51.494
 232 125.344053  64.846482    48.424    48.434  7 56958.74486524 45.509
 233 125.350661  64.844075    50.940    50.753  8 56968.66051365 18.642
 234 125.348288  64.844711    50.863    50.486  8 56978.57615707 17.605
 235 125.345639  64.846224    50.851    50.873  8 56988.49179593 16.337
 236 125.343955  64.847039    50.853    50.812  7 56998.40742873 15.723
 237 125.345940  64.845273    50.951    50.961  8 57008.32307863 15.762
 238 125.349485  64.842613    51.715    51.634  8 57018.23873216 14.583
 239 125.354777  64.841016    52.119    52.049  8 57028.15438259 14.563
 240 125.350501  64.842718    52.340    52.442  8 57038.07003026 13.665
 241 125.347393  64.844912    51.565    51.421  7 57047.98567554 13.170
 242 125.346608  64.846174    50.857    50.754  8 57057.90131729 13.004
 243 125.346460  64.845902    51.277    51.347  8 57067.81695361 12.795
 244 125.347588  64.845323    60.008    61.296  8 57077.73258573 12.430
 245 125.346079  64.845979    66.235    68.162  8 57087.64821833 11.915
 246 125.344300  64.847035    68.703    68.677  7 57097.56387671 11.285
 247 125.342548  64.848493    69.205    69.172  7 57107.47953214 11.012
 248 125.341582  64.849002    69.240    69.316  8 57117.39518275 10.641
 249 125.342541  64.847832    62.153    61.627  8 57127.31082746 12.607
 250 125.347415  64.845713    51.195    51.299  8 57137.22646717 25.697
 251 125.348419  64.845057    49.211    49.039  8 57147.14210246 38.365
 252 125.345278  64.846125    51.315    51.367  7 57157.05773485 41.784
 253 125.344239  64.846635    55.701    55.684  8 57166.97337949 36.277
 254 125.348240  64.845410    53.105    53.084  8 57176.88903644 55.413
 255 125.347543  64.844142    53.200    53.181  8 57186.80468896 55.959
 256 125.351193  64.842444    52.824    52.787  8 57196.72033774 56.126
 257 125.351933  64.842131    51.823    51.780  9 57206.63597246 44.379
 258 125.350493  64.843344    51.501    51.433  8 57216.55161715 55.361
 259 125.349318  64.844790    50.177    50.326  8 57226.46726068 30.916
 260 125.345685  64.846060    50.119    50.029  7 57236.38290195 31.930
 261 125.346528  64.845974    50.337    50.338  7 57246.29854025 53.456
 262 125.345200  64.846158    54.506    55.642  8 57256.21417578 22.125
 263 125.342165  64.847573    50.455    50.721  7 57266.12980988 23.361
 264 125.339761  64.849098    49.215    49.340  7 57276.04545368 27.197
 265 125.343044  64.849000    48.835    48.871  7 57285.96111093 34.634
 266 125.342616  64.848253    49.917    49.694  8 57295.87676500 24.855
 267 125.345256  64.846518    49.684    49.499  7 57305.79241574 25.115
 268 125.348436  64.844852    48.731    48.731  8 57315.70806266 47.745
 269 125.350570  64.844118    48.246    48.234  8 57325.62370614 45.582
 270 125.348450  64.844660    55.666    56.361  7 57335.53934711 21.446
 271 125.347552  64.844626    50.180    49.690  8 57345.45499344 21.936
 272 125.349991  64.843376    52.930    50.911  8 57355.37064124 20.836
 273 125.352412  64.842282    58.296    55.703  8 57365.28628518 18.941
 274 125.352486  64.842126    55.275    53.706  8 57375.20192549 18.043
 275 125.348345  64.843695    52.669    52.564  8 57385.11756350 18.158
 276 125.345906  64.845305    52.692    53.174  8 57395.03320123 17.091
 277 125.345899  64.846429    52.317    50.930  7 57404.94883829 16.777
 278 125.346451  64.846168    50.382    50.301  7 57414.86448634 16.520
 279 125.346885  64.845584    51.039    51.139  7 57424.78013788 16.118
 280 125.346695  64.845619    50.569    50.127  7 57434.69578632 16.552
 281 125.344440  64.846948    51.016    51.186  8 57444.61143268 14.957
 282 125.343772  64.848109    51.407    51.193  7 57454.52707845 14.387
 283 125.339990  64.848928    53.584    53.470  7 57464.44272210 13.806
 284 125.343650  64.847474    62.524    68.537  8 57474.35836287 13.398
 286 125.347972  64.845361    69.955    70.048  8 57494.18963413 11.883
 287 125.344075  64.847121    48.854    48.310  7 57504.10526573 14.857
 288 125.343846  64.847206    51.270    51.249  8 57514.02092035 26.993
 289 125.346631  64.845843    50.297    50.337  8 57523.93657529 32.917
 290 125.347505  64.843869    52.740    52.734  8 57533.85222778 37.234
 291 125.351232  64.841871    67.788    72.299  8 57543.76787744 17.271
 292 125.352103  64.841934    63.409    62.698  8 57553.68352410 16.330
 293 125.350043  64.843757    52.495    52.473  8 57563.59916879 43.105
 294 125.345386  64.845802    51.967    51.974  7 57573.51481268 26.299
 295 125.346064  64.845867    51.072    51.052  7 57583.43045693 29.893
 296 125.348553  64.844991    51.904    51.831  8 57593.34609950 54.412
 297 125.349020  64.844756    51.506    51.408  8 57603.26173953 27.174
