# NaN NaN NaN ;Mean Elev.(m), Avg Gradient(m/km), RMS Gradient(m/km) - SRTM1     
#   21.203  -3.268   9.629 ;Mean Elev.(m), Avg Gradient(m/km), RMS Gradient(m/km) - ASTER GDEM
#   25.163  -3.719   8.785 ;Mean Elev.(m), Avg Gradient(m/km), RMS Gradient(m/km) - GMTED2010 
   1 123.903136  66.131261    39.682    39.470  6 54659.25060048 25.854
   2 123.908436  66.130822   107.883   108.292  5 54669.16624711  0.962
   3 123.902052  66.131540    -5.504    -7.451  5 54679.08189070 27.818
   4 123.908056  66.133012    39.895    39.547  3 54688.99753425 23.685
   5 123.901531  66.133623    -4.011    -9.307  5 54698.91317458 23.920
   7 123.901208  66.130752    -2.762    -2.939  6 54718.74446966 10.813
   8 123.907280  66.128917    40.159    40.043  5 54728.66011916 30.230
   9 123.909035  66.128456    37.938    37.957  5 54738.57576671 55.440
  10 123.908284  66.129274    96.874    96.615  4 54748.49141394  2.944
  11 123.906057  66.130275    82.663    83.229  6 54758.40706074 23.757
  12 123.904885  66.130357    34.978    35.015  6 54768.32270541 35.340
  13 123.908349  66.129214    35.869    35.847  5 54778.23834714 34.204
  17 123.906765  66.130443    39.400    39.187  4 54817.90089919 15.207
  18 123.900545  66.131288    38.635    38.801  6 54827.81654908 14.759
  19 123.901520  66.131300    38.105    37.940  5 54837.73218814 14.182
  20 123.906512  66.131586    38.300    38.258  4 54847.64783791 13.616
  21 123.902913  66.132117    37.880    37.847  6 54857.56348635 12.951
  22 123.903867  66.133004    37.659    37.231  5 54867.47913528 12.933
  23 123.900868  66.132869    37.681    37.572  5 54877.39478317 12.444
  24 123.902947  66.131716    37.660    37.260  5 54887.31042850 12.279
  25 123.906382  66.129923    37.570    37.927  5 54897.22607056 12.168
  26 123.905967  66.128784    36.965    36.312  5 54907.14170964 11.890
  27 123.908718  66.128925    37.196    36.701  5 54917.05734781 11.216
  28 123.905734  66.129567    37.376    37.630  6 54926.97298532 11.372
  29 123.905711  66.129823    37.372    36.930  6 54936.88862247 11.052
  30 123.901512  66.129312    81.571    81.125  3 54946.80425740 12.295
  31 123.908556  66.128376    38.782    39.309  5 54956.71989152 34.408
  32 123.911609  66.127919    40.640    40.417  5 54966.63554040 31.730
  33 123.910127  66.128372    43.751    43.739  5 54976.55118792 39.999
  34 123.906645  66.129492    92.072    92.170  5 54986.46683527 22.599
  35 123.905234  66.130468    88.013    88.031  6 54996.38248290 25.727
  37 123.901949  66.131311    85.918    86.434  6 55016.21377264 20.922
  39 123.900202  66.132673    40.098    40.116  6 55036.04505704 27.349
  40 123.901432  66.133013    37.677    36.574  6 55045.96069835 33.381
  41 123.909762  66.132244    39.577    39.563  4 55055.87633848 26.531
  42 123.906695  66.130205    39.728    39.870  4 55065.79197525 26.280
  43 123.904863  66.128753    37.219    37.135  5 55075.70762385 55.070
  44 123.905849  66.128536    88.674    85.053  5 55085.62327176  9.612
  48 123.911043  66.128747    83.752    83.724  5 55125.28585347 24.965
  49 123.912621  66.127995    94.138   104.138  5 55135.20149429  9.737
  50 123.910140  66.127924    86.966    82.165  4 55145.11713263  8.242
  51 123.910202  66.128971    35.194    35.215  5 55155.03277050 27.471
  52 123.904319  66.129931    35.804    35.777  5 55164.94840811 24.326
  53 123.903916  66.130727    36.712    36.118  6 55174.86404599 22.253
  54 123.904889  66.130736    36.423    36.223  6 55184.77968609 20.639
  55 123.904396  66.130985    36.037    36.054  6 55194.69533718 20.648
  56 123.902826  66.131790    36.162    35.838  5 55204.61098689 19.808
  57 123.901594  66.132947    36.210    35.905  5 55214.52663598 18.978
  58 123.900435  66.133155    36.795    36.931  5 55224.44228458 17.544
  59 123.903578  66.131755    36.403    36.351  6 55234.35793176 17.385
  60 123.903974  66.129327    37.009    37.599  5 55244.27357543 15.969
  61 123.910227  66.127727    37.291    37.090  5 55254.18921664 15.536
  62 123.908145  66.128014    37.035    36.555  5 55264.10485523 14.485
  63 123.906111  66.129713    37.020    36.977  6 55274.02049290 14.054
  64 123.903364  66.130588    37.230    37.395  5 55283.93612999 13.648
  65 123.904986  66.129666    37.539    37.625  6 55293.85176601 13.185
  66 123.918528  66.127988    36.463    36.463  2 55303.76740443 12.811
  67 123.914863  66.126902    35.981    36.054  5 55313.68305158 22.144
  68 123.910365  66.127743    86.235    79.046  5 55323.59869661 15.185
  69 123.906412  66.129600    83.914    85.178  6 55333.51434040 17.164
  70 123.902297  66.130981    89.341    89.479  6 55343.42998405 26.868
  73 123.908682  66.130772    97.272    97.543  4 55373.17690922  2.986
  74 123.901139  66.131640   104.064   106.071  5 55383.09254683 22.369
  76 123.898037  66.132761    93.711    85.971  5 55402.92381998  4.522
  77 123.903447  66.131205    83.314    83.152  6 55412.83947246 27.179
  80 123.909095  66.127797    83.080    83.001  5 55442.58641322 25.174
  81 123.911509  66.129598    39.503    39.245  4 55452.50205659 26.835
  82 123.901998  66.130788    90.720    85.945  4 55462.41769807  8.894
  84 123.910658  66.128111    82.012    81.812  5 55482.24897710 20.315
  85 123.912553  66.126654    84.890    80.267  5 55492.16461275 11.086
  86 123.912251  66.127438    34.664    34.637  5 55502.08024651 25.949
  87 123.906287  66.129641    34.739    34.714  6 55511.99589104 21.528
  90 123.909145  66.131225    35.087    35.137  4 55541.74283586 16.337
  91 123.913587  66.130751    35.124    34.998  3 55551.65848084 15.643
  92 123.903152  66.131284    35.710    35.689  6 55561.57412304 14.109
  93 123.901942  66.132517    36.820    37.117  5 55571.48976535 12.936
  94 123.901117  66.132682    36.825    37.099  5 55581.40540654 12.407
  95 123.903411  66.130901    37.390    37.733  5 55591.32104488 12.109
  96 123.907762  66.128240    37.196    36.888  5 55601.23668018 11.516
  97 123.912578  66.126673    36.560    36.529  4 55611.15231335 11.424
  98 123.912161  66.127407    36.517    36.425  5 55621.06794541 11.130
  99 123.906308  66.129565    36.619    36.685  6 55630.98359775 10.707
 100 123.902957  66.130755    38.069    38.561  6 55640.89924827 10.169
 101 123.915127  66.130093    36.799    36.711  3 55650.81489753 10.405
 102 123.910989  66.127808    37.534    37.368  4 55660.73054164 10.268
 103 123.914733  66.126756    49.739    46.775  4 55670.64618311  6.287
 104 123.910699  66.127716    38.673    38.647  5 55680.56182214 26.952
 106 123.902285  66.131772    40.282    40.326  6 55700.39309491 53.748
 111 123.907629  66.131898    38.587    39.027  4 55749.97132507 29.531
 112 123.907894  66.131773    39.389    39.228  3 55759.88696809 25.871
 113 123.902486  66.130483    87.400    84.585  6 55769.80260773  8.623
 114 123.906913  66.128507    82.952    82.359  5 55779.71824494 27.960
 117 123.906699  66.129101    91.675    86.755  6 55809.46515918  6.508
 119 123.905870  66.130049    40.490    40.468  6 55829.29645255 23.397
 120 123.903405  66.128380    99.747   108.230  3 55839.21209237  6.654
 121 123.912077  66.127262    82.843    82.923  5 55849.12773016 25.403
 123 123.912387  66.130305    88.576    86.044  3 55868.95901373  3.557
 124 123.900687  66.132030    40.175    39.993  6 55878.87466409 14.455
 125 123.901529  66.132465    39.888    39.838  5 55888.79030896 13.667
 126 123.902270  66.131772    39.907    39.872  5 55898.70594802 13.482
 127 123.901888  66.131093    40.008    39.824  5 55908.62158204 12.952
 128 123.900349  66.131255    40.445    40.909  6 55918.53723107 13.178
 129 123.902101  66.131541    40.255    40.651  5 55928.45288421 12.235
 130 123.904578  66.131097    39.929    39.719  6 55938.36853387 11.829
 131 123.907066  66.129603    40.658    40.800  5 55948.28417862 11.232
 132 123.909928  66.128230    39.367    39.197  5 55958.19981889 10.844
 133 123.909662  66.127823    38.919    39.113  5 55968.11545644 10.737
 134 123.909759  66.128610    38.896    39.147  5 55978.03109317 10.870
 135 123.908492  66.129495    39.214    39.145  5 55987.94672912 10.357
 136 123.903586  66.129673    39.213    39.388  5 55997.86236860  9.905
 137 123.906400  66.129166    38.450    38.780  5 56007.77802007  9.672
 138 123.906637  66.128321    39.063    39.037  5 56017.69366712 10.059
 139 123.909973  66.128426    38.192    37.944  5 56027.60931155  9.505
 140 123.904505  66.129385    38.298    38.451  5 56037.52495353  8.941
 141 123.902835  66.130781    39.469    40.077  5 56047.44059393  8.850
 142 123.900954  66.131796    82.424    82.278  5 56057.35623151 18.757
 143 123.903411  66.131992    94.552    95.412  6 56067.27186515 14.410
 144 123.900516  66.131734    88.784    88.669  6 56077.18751400 22.413
 146 123.909585  66.131847    40.157    40.256  4 56097.01881012 28.934
 149 123.906196  66.128928    85.088    85.075  5 56126.76572161 28.251
 150 123.909025  66.128114    94.309    94.105  4 56136.68135574  4.155
 151 123.910435  66.128458    39.740    39.706  5 56146.59700002 29.306
 152 123.906195  66.129264    36.979    36.988  6 56156.51264910 53.236
 153 123.904210  66.129881    38.024    37.981  6 56166.42829746 53.626
 158 123.904303  66.130419    83.739    83.740  6 56216.00648983 23.631
 159 123.901048  66.131784    35.951    35.986  6 56225.92212943 33.307
 160 123.901506  66.132126    36.119    36.150  6 56235.83778472 32.006
 161 123.901137  66.131691    39.150    38.962  5 56245.75343604 21.398
 162 123.901908  66.131351    37.950    38.426  5 56255.66908238 20.511
 163 123.901791  66.131753    38.829    38.752  5 56265.58472476 19.661
 164 123.900769  66.132171    37.450    37.172  6 56275.50036537 18.844
 165 123.902791  66.131626    37.437    37.589  6 56285.41601138 16.111
 166 123.906211  66.129896    37.614    37.818  5 56295.33166218 15.591
 167 123.907286  66.127972    36.989    36.276  5 56305.24730861 14.593
 168 123.909626  66.127607    37.560    37.484  5 56315.16295163 13.815
 169 123.906486  66.128917    38.170    38.381  5 56325.07859224 12.959
 170 123.904798  66.130448    37.801    37.740  6 56334.99423217 12.613
 171 123.903630  66.130567    39.264    39.376  6 56344.90987118 11.653
 172 123.907089  66.129443    37.934    37.814  5 56354.82550827 11.018
 173 123.910037  66.128274    38.068    37.931  5 56364.74115352 10.744
 174 123.910860  66.128422    38.065    37.991  5 56374.65680246 10.539
 176 123.902614  66.131874    37.943    38.081  5 56394.48809155  9.848
 177 123.900997  66.132661    37.269    37.246  6 56404.40373337 23.512
 178 123.900375  66.132388    82.265    82.037  5 56414.31937223 20.466
 179 123.903321  66.131357    83.262    83.533  6 56424.23500653 14.222
 180 123.904656  66.131059    96.573    89.713  6 56434.15065234 15.732
 181 123.900081  66.131427    87.441    87.600  6 56444.06630410 24.891
 183 123.901412  66.131796    40.031    40.036  5 56463.89760075 53.846
 184 123.905576  66.130025    84.773    85.014  5 56473.81324454 25.106
 185 123.910395  66.127945    39.860    39.747  5 56483.72888498 28.850
 192 123.913274  66.128483    92.687    86.882  3 56553.13838392  2.799
 194 123.899312  66.132568    84.496    84.286  5 56572.96966690 13.809
 195 123.901927  66.133726    88.735    91.762  5 56582.88530648 10.868
 196 123.900406  66.132753    34.632    34.681  5 56592.80094119 26.676
 197 123.902639  66.131212    35.003    35.007  6 56602.71659279 18.740
 198 123.902230  66.130421    35.249    35.295  6 56612.63224195 20.877
 199 123.900461  66.131155    36.182    36.188  6 56622.54788672 14.906
 200 123.900801  66.132024    35.931    35.949  6 56632.46352877 15.439
 201 123.903421  66.131810    35.960    35.952  6 56642.37916664 14.665
 202 123.904645  66.129895    36.155    36.077  6 56652.29481647 13.116
 203 123.909451  66.127912    36.115    36.185  5 56662.21046654 13.133
 204 123.913231  66.127387    36.520    35.997  4 56672.12611360 12.842
 205 123.911805  66.129148    36.683    36.115  4 56682.04175854 12.558
 206 123.907827  66.130990    36.161    36.129  5 56691.95740121 11.804
 207 123.901883  66.131557    37.231    36.944  6 56701.87303977 11.026
 208 123.904137  66.130207    38.523    38.228  6 56711.78867412 10.745
 210 123.910416  66.128927    37.117    37.239  5 56731.61997147  9.877
 211 123.903966  66.130845    38.747    38.388  6 56741.53561873 10.041
 212 123.903062  66.133117    38.087    37.793  5 56751.45126220  9.525
 213 123.898465  66.133954    37.924    38.064  5 56761.36690023 12.406
 214 123.899624  66.132986    36.953    36.614  5 56771.28253205 27.404
 215 123.900971  66.131392    37.837    37.675  6 56781.19818706 27.215
 216 123.904447  66.130532    85.822    85.837  6 56791.11384212 18.273
 217 123.904122  66.130884    88.032    87.763  6 56801.02949379 24.719
 218 123.903734  66.131777    86.970    86.988  6 56810.94513844 24.305
 219 123.902686  66.131736    86.030    85.762  5 56820.86077839 20.749
 224 123.900829  66.130883    83.648    83.363  6 56870.43899078 23.357
 225 123.902110  66.131694    84.065    84.649  6 56880.35464191 27.132
 226 123.890246  66.130751    86.349    86.349  2 56890.27028819  4.804
 227 123.901105  66.129628   102.235   107.735  4 56900.18593371  2.420
 228 123.909651  66.129959    37.240    36.411  4 56910.10157691 32.005
 229 123.901634  66.131391    88.456    83.445  4 56920.01721694 10.096
 230 123.901276  66.133271    85.156    84.755  6 56929.93285556 26.630
 231 123.896918  66.133730    89.816    85.144  4 56939.84848904 10.576
 232 123.901575  66.132888    84.620    81.539  6 56949.76412668 10.181
 233 123.902098  66.131384    35.524    35.088  5 56959.67977896 24.273
 235 123.904064  66.130676    34.707    34.692  6 56979.51106954 24.553
 236 123.900966  66.131038    38.596    38.180  6 56989.42670808 17.923
 237 123.901978  66.130754    37.602    38.052  6 56999.34234072 17.026
 238 123.904923  66.129871    36.701    36.819  6 57009.25799326 16.322
 239 123.909644  66.128746    35.620    35.643  5 57019.17364624 15.263
 240 123.908139  66.128489    35.969    35.992  5 57029.08929558 14.178
 241 123.906956  66.129397    37.516    37.523  5 57039.00494327 13.086
 242 123.902814  66.130603    39.534    39.504  6 57048.92058835 12.574
 243 123.902123  66.131167    37.729    38.128  5 57058.83622982 12.269
 244 123.903481  66.130787    37.671    38.585  5 57068.75186578 11.939
 245 123.903910  66.130353    38.563    39.141  6 57078.66749736 10.784
 246 123.902915  66.130697    37.170    36.433  6 57088.58313267 11.364
 247 123.911847  66.132210    37.876    37.061  3 57098.49879187 10.450
 249 123.899753  66.133311    42.886    39.084  5 57118.33009646  9.030
 250 123.902686  66.132345    37.434    37.284  5 57128.24574088 10.670
 251 123.901456  66.131257    37.352    37.355  6 57138.16137943 11.219
 252 123.902650  66.130907    36.523    36.307  6 57148.07701435 31.108
 253 123.901900  66.130944    82.699    82.711  6 57157.99264654 23.094
 254 123.903553  66.130819   108.093   108.100  6 57167.90829391  7.956
 255 123.903190  66.130218    87.504    87.903  6 57177.82395010 29.051
 258 123.904449  66.129408    85.122    85.586  5 57207.57088485 27.976
 259 123.907652  66.130343    39.995    39.961  4 57217.48652984 26.604
 260 123.899192  66.130713    89.843    85.179  4 57227.40217272  6.530
 261 123.898082  66.130714    89.837    85.625  4 57237.31781417  5.003
 262 123.904273  66.130643    38.770    38.883  6 57247.23345286 30.221
 263 123.909566  66.130989   108.312   108.409  4 57257.14908891  1.735
 264 123.903743  66.131972    95.661    93.896  6 57267.06472274  2.999
 265 123.908030  66.133124    97.801   107.232  3 57276.98036935  6.009
 266 123.903745  66.133343    81.322    81.584  4 57286.89602557 11.849
 268 123.907696  66.131430    97.733   101.549  5 57306.72732970  5.227
 269 123.903085  66.130860   107.381   109.168  6 57316.64297556  6.800
 270 123.900589  66.131012   102.640   102.666  6 57326.55861837  1.371
 271 123.902734  66.131379    39.090    38.893  5 57336.47425953 19.118
 272 123.902711  66.130882    35.663    34.827  5 57346.38990671 30.498
 273 123.906949  66.129707    39.919    39.528  5 57356.30555426 17.837
 274 123.907366  66.128654    39.647    39.699  5 57366.22119782 15.999
 275 123.910194  66.128692    40.354    40.310  5 57376.13683830 14.976
 276 123.907257  66.129794    40.798    41.073  5 57386.05247640 14.473
 277 123.903059  66.130767    40.882    41.059  6 57395.96811382 13.126
 278 123.902701  66.131061    39.987    39.775  6 57405.88375054 13.211
 279 123.902734  66.130496    40.272    39.967  6 57415.79940009 12.972
 280 123.904108  66.130239    40.172    40.807  6 57425.71505145 12.680
 281 123.901081  66.130958    40.082    39.914  6 57435.63069946 12.193
 282 123.902416  66.132687    39.642    39.657  5 57445.54634618 11.942
 283 123.902796  66.133938    39.072    38.679  5 57455.46199201 11.403
 284 123.900862  66.133672    39.001    39.591  5 57465.37763559 11.728
 285 123.900221  66.131841    39.491    39.942  6 57475.29327547 11.097
 286 123.904384  66.130145    39.043    39.336  5 57485.20891233 10.192
 287 123.915621  66.129968    39.361    39.361  2 57495.12454719 10.486
 288 123.902903  66.130943    36.549    36.509  6 57505.04017850  7.987
 290 123.903593  66.131155    93.459    94.466  6 57524.87148916  7.286
 293 123.909739  66.128404    40.807    40.693  5 57554.61843693 29.519
 296 123.901381  66.131622    84.928    85.028  5 57584.36536974 27.158
