# NaN NaN NaN ;Mean Elev.(m), Avg Gradient(m/km), RMS Gradient(m/km) - SRTM1     
#   18.556  -0.953   4.136 ;Mean Elev.(m), Avg Gradient(m/km), RMS Gradient(m/km) - ASTER GDEM
#   26.213  -1.701  11.036 ;Mean Elev.(m), Avg Gradient(m/km), RMS Gradient(m/km) - GMTED2010 
   2 124.160981  66.001642    38.375    38.467  4 54670.18203347 29.422
   3 124.158699  66.002510    -7.238    -7.416  4 54680.09767724 23.142
   6 124.165917  66.002839    40.668    40.668  2 54709.84460649 24.090
   7 124.162443  66.001181    -3.443    -3.346  4 54719.76025759 13.435
   8 124.166402  65.999205    41.417    41.418  5 54729.67590675 56.591
   9 124.170158  65.998532    39.009    38.995  5 54739.59155426 55.312
  10 124.166320  65.999178    37.956    38.002  5 54749.50720102 34.159
  11 124.167571  65.999771    36.958    36.963  5 54759.42284803 45.439
  12 124.165457  65.999860    36.270    36.380  5 54769.33849242 38.920
  13 124.167403  65.998982    36.854    36.876  6 54779.25413384 29.061
  14 124.168185  65.997972    36.684    36.683  6 54789.16977267 22.097
  15 124.171188  65.997834    36.861    36.866  6 54799.08541065 18.674
  16 124.168451  65.999118    37.303    37.344  5 54809.00104816 17.252
  17 124.162550  66.000956    38.492    38.306  5 54818.91668494 15.324
  18 124.160611  66.001735    38.268    38.264  5 54828.83233691 14.810
  19 124.161522  66.001740    38.466    38.640  5 54838.74797587 14.068
  20 124.159917  66.001997    38.581    38.508  4 54848.66362489 14.107
  21 124.158279  66.002670    39.421    39.287  4 54858.57927337 12.897
  22 124.169073  66.002849    38.964    38.964  2 54868.49492311 12.535
  23 124.161923  66.002778    38.804    38.580  3 54878.41057038 13.051
  24 124.161568  66.001341    39.675    39.676  4 54888.32621521 12.278
  25 124.166805  65.999262    39.330    39.129  5 54898.24185727 11.864
  26 124.169393  65.998402    39.860    39.873  6 54908.15749656 11.552
  27 124.168836  65.998966    39.669    39.730  5 54918.07313428 11.791
  28 124.167658  65.999810    41.041    41.215  5 54927.98877180 11.162
  29 124.164268  65.999945    39.180    39.268  5 54937.90440845 10.875
  30 124.168920  65.999078    37.456    38.211  6 54947.82004412 33.319
  31 124.169924  65.998283    39.391    39.623  5 54957.73567950 29.595
  32 124.169614  65.998199    38.965    38.975  6 54967.65132799 35.894
  33 124.167716  65.999056    43.851    43.918  6 54977.56697528 42.191
  34 124.165303  66.000123    42.330    42.471  4 54987.48262254 24.361
  35 124.165436  66.000651    42.584    42.603  5 54997.39827020 31.951
  36 124.163795  66.000999    41.539    41.320  5 55007.31391596 23.560
  37 124.159979  66.001536    40.926    40.410  4 55017.22955944 24.893
  38 124.159922  66.002289    39.803    38.818  4 55027.14520184 28.363
  39 124.168428  66.002966    39.162    39.162  2 55037.06084458 55.185
  41 124.163485  66.002566    38.423    38.450  4 55056.89212425 29.085
  42 124.164181  66.000482    38.402    38.467  4 55066.80776110 28.259
  43 124.168780  65.998558    38.497    38.517  5 55076.72341185 29.196
  44 124.170762  65.998250    38.463    38.392  6 55086.63905982 31.244
  45 124.168343  65.999317    38.569    38.575  6 55096.55470571 30.934
  46 124.165120  66.000237    38.480    38.441  5 55106.47035117 43.050
  47 124.168970  65.999635    38.229    38.216  5 55116.38599689 56.005
  48 124.168135  65.998314    37.412    37.395  6 55126.30163987 49.219
  49 124.171452  65.997200    36.265    36.221  6 55136.21728079 41.752
  50 124.171364  65.997478    35.962    36.010  6 55146.13291934 36.146
  51 124.168428  65.999198    36.267    36.328  6 55156.04855688 27.365
  52 124.162370  66.000864    36.780    36.815  4 55165.96419428 24.669
  53 124.161987  66.001635    37.556    37.661  5 55175.87983196 22.940
  54 124.161127  66.001347    38.096    38.019  5 55185.79547349 20.708
  55 124.163959  66.001099    37.833    37.625  4 55195.71112483 20.533
  56 124.162846  66.001905    38.317    38.445  4 55205.62677452 19.226
  57 124.166468  66.003043    38.168    38.168  2 55215.54242398 18.592
  59 124.158733  66.002074    38.224    38.165  4 55235.37371839 17.011
  60 124.166954  65.999040    38.588    38.592  6 55245.28936238 16.075
  61 124.173269  65.996841    38.530    38.631  7 55255.20500337 15.016
  62 124.172808  65.997295    38.848    38.636  6 55265.12064215 14.316
  63 124.166540  65.999635    39.036    39.009  6 55275.03627951 14.382
  64 124.162635  66.001103    39.324    39.262  4 55284.95191638 13.671
  65 124.165505  66.000204    39.260    39.600  5 55294.86755217 14.016
  66 124.172979  65.997812    38.655    38.640  6 55304.78319142 13.327
  67 124.173339  65.996444    38.495    38.510  6 55314.69883877 26.184
  68 124.171236  65.997423    37.747    38.273  6 55324.61448404 39.395
  69 124.163524  65.999922    36.653    36.613  5 55334.53012747 43.658
  70 124.159712  66.001729    43.681    43.680  4 55344.44577099 46.769
  71 124.161063  66.001745    41.293    41.290  4 55354.36141432 53.047
  72 124.163916  66.001108    42.434    42.429  5 55364.27705573 21.917
  73 124.162610  66.001047    39.536    39.528  4 55374.19269508 29.598
  74 124.162388  66.002007    39.043    39.041  4 55384.10833332 44.083
  75 124.165132  66.003028    40.172    40.172  2 55394.02397101 23.065
  77 124.159214  66.002096    37.476    37.474  4 55413.85525987 51.699
  78 124.166851  65.999107    38.694    38.715  6 55423.77090941 30.760
  79 124.173201  65.996825    38.243    38.401  6 55433.68655620 32.864
  80 124.171491  65.997245    38.441    38.477  6 55443.60220053 29.114
  81 124.166783  65.999201    38.396    38.455  6 55453.51784321 53.773
  82 124.164194  66.000979    37.541    37.553  5 55463.43348527 55.454
  83 124.163850  66.000526    40.156    39.592  5 55473.34912536 24.463
  84 124.171148  65.998275    36.258    36.258  6 55483.26476336 47.205
  85 124.176592  65.996365    35.776    35.817  6 55493.18039905 39.240
  86 124.173966  65.997248    35.913    35.957  6 55503.09603255 29.013
  87 124.166080  65.999928    35.897    35.891  5 55513.01167872 20.687
  88 124.161917  66.002195    35.890    35.880  4 55522.92732787 17.570
  89 124.159024  66.002770    35.935    35.916  4 55532.84297567 16.660
  90 124.162401  66.001653    36.665    36.419  4 55542.75862236 15.203
  91 124.163042  66.000895    38.405    38.579  5 55552.67426678 13.692
  92 124.162508  66.001444    39.152    39.153  4 55562.58990978 12.766
  93 124.160369  66.002686    39.595    39.697  4 55572.50555194 11.800
  94 124.163836  66.002703    39.392    39.512  3 55582.42119338 11.314
  95 124.163702  66.001149    39.871    39.794  5 55592.33683122 11.019
  96 124.169625  65.998557    39.572    39.682  6 55602.25246634 10.489
  97 124.173166  65.997057    39.554    39.452  6 55612.16809912 10.323
  98 124.173020  65.997747    40.952    39.925  6 55622.08373333 10.311
  99 124.166027  65.999772    40.825    40.056  6 55631.99938557 10.054
 100 124.162441  66.000923    41.567    41.427  4 55641.91503594  9.317
 101 124.167182  66.000100    40.514    40.214  5 55651.83068432  9.599
 102 124.172067  65.997929    42.659    42.821  6 55661.74632876  9.269
 103 124.175283  65.996743    41.911    42.499  6 55671.66196986 12.720
 104 124.168945  65.997800    39.117    39.020  6 55681.57760846 27.236
 105 124.167829  66.000118    35.737    35.733  5 55691.49324580 35.627
 106 124.161007  66.002375    43.398    43.393  4 55701.40888101 37.561
 107 124.164900  66.002756    43.459    43.453  3 55711.32452264 25.783
 108 124.160834  66.002237    43.493    43.539  5 55721.24017206 21.646
 109 124.161973  66.001666    40.532    40.540  4 55731.15581987 38.040
 110 124.161398  66.001716    39.070    39.056  4 55741.07146625 36.405
 111 124.159904  66.002081    38.030    38.044  4 55750.98711129 55.066
 112 124.159320  66.001866    38.182    38.180  4 55760.90275409 54.003
 113 124.163945  66.000636    38.661    38.669  5 55770.81839452 29.017
 114 124.167662  65.998746    37.720    37.637  6 55780.73403145 54.831
 115 124.168478  65.997797    38.882    38.897  6 55790.64966548 30.387
 116 124.172492  65.998092    38.607    38.685  6 55800.56529858 32.650
 117 124.163739  65.999699    37.255    37.301  4 55810.48094642 54.199
 118 124.164583  66.000587    40.371    40.310  4 55820.39659527 25.942
 119 124.167018  66.000196    38.366    38.473  5 55830.31223965 28.014
 120 124.167599  65.998841    38.892    38.463  6 55840.22787935 28.736
 121 124.169957  65.997848    36.641    36.675  6 55850.14351615 49.843
 122 124.167382  65.998884    35.552    35.570  6 55860.05915048 28.618
 123 124.163836  66.000869    36.691    36.686  4 55869.97480081 34.351
 124 124.161469  66.002498    40.079    40.133  4 55879.89045152 12.358
 125 124.161978  66.002847    39.965    39.970  3 55889.80609583 11.998
 126 124.162212  66.002425    39.982    39.928  4 55899.72173428 11.703
 127 124.160267  66.002272    40.128    40.196  5 55909.63736770 11.404
 128 124.160305  66.002293    40.282    40.328  4 55919.55301905 11.504
 129 124.160885  66.002043    40.357    40.362  4 55929.46867173 10.483
 130 124.164041  66.000935    40.358    40.394  5 55939.38432097 10.408
 131 124.168489  65.999086    40.069    39.939  5 55949.29996556 10.003
 132 124.170934  65.997934    40.193    40.203  6 55959.21560561  9.705
 133 124.169484  65.998122    40.303    40.376  6 55969.13124289  9.599
 134 124.165854  65.999302    41.250    40.460  5 55979.04687904  9.787
 135 124.166538  65.999987    41.416    40.507  5 55988.96251488  9.386
 136 124.162796  66.000081    40.397    40.400  5 55998.87815639  8.916
 137 124.167354  65.999085    40.348    40.450  5 56008.79380784  8.449
 138 124.170713  65.998335    40.499    40.433  6 56018.70945498  8.955
 139 124.170514  65.998631    40.611    40.585  6 56028.62509883  8.757
 140 124.167609  65.999875    41.704    41.402  5 56038.54074065  9.328
 141 124.160491  66.001444    43.433    43.713  4 56048.45638012  8.114
 142 124.162466  66.002320    37.075    37.088  4 56058.37201770 37.584
 143 124.159990  66.002662    45.379    45.378  4 56068.28765050 33.546
 144 124.162552  66.002283    43.315    43.279  4 56078.20330189 55.198
 145 124.160651  66.002310    41.666    41.618  4 56088.11895033 52.881
 146 124.159604  66.002520    43.347    43.136  5 56098.03459637 21.781
 147 124.162788  66.001846    41.392    41.175  4 56107.95024056 28.534
 148 124.162899  66.000459    40.271    40.267  5 56117.86587011 24.024
 149 124.167865  65.998790    39.143    39.077  5 56127.78150800 54.481
 150 124.172542  65.997909    39.314    39.307  6 56137.69714217 55.289
 151 124.168388  65.998751    40.278    40.257  5 56147.61278783 21.195
 152 124.164684  66.000082    37.888    37.905  5 56157.52843665 55.217
 153 124.166079  66.000547    39.204    39.251  5 56167.44408498 56.437
 154 124.167152  65.999771    40.395    39.504  5 56177.35973069 29.476
 155 124.169881  65.998611    38.619    38.623  5 56187.27537186 33.033
 156 124.170142  65.998227    38.828    38.821  5 56197.19100916 30.771
 157 124.169071  65.999435    38.354    38.161  5 56207.10664335 31.663
 158 124.160565  66.001786    37.259    37.205  5 56217.02227530 47.822
 159 124.164794  66.002939    36.764    36.764  2 56226.93791801 40.240
 160 124.162397  66.002836    36.934    36.969  3 56236.85357260 30.542
 161 124.159508  66.002126    36.192    36.202  4 56246.76922329 31.863
 162 124.161755  66.001595    36.597    36.598  5 56256.68486937 30.286
 163 124.160779  66.002252    36.710    36.727  5 56266.60051150 29.423
 164 124.161030  66.002842    36.667    36.606  3 56276.51615207 26.996
 165 124.161145  66.002278    37.166    36.821  4 56286.43179908 20.642
 166 124.164945  66.000032    37.012    36.722  5 56296.34744937 19.624
 167 124.172547  65.997501    36.631    36.618  6 56306.26309597 18.374
 168 124.172008  65.996992    37.863    37.702  6 56316.17873863 16.240
 169 124.168406  65.998744    36.871    36.790  5 56326.09437924 16.392
 170 124.164039  66.000843    37.265    37.589  5 56336.01001884 15.450
 171 124.161286  66.001442    39.121    39.264  5 56345.92565735 13.722
 172 124.167846  65.999968    38.868    38.910  5 56355.84129435 12.836
 173 124.168220  65.998344    39.045    39.030  6 56365.75694101 12.611
 174 124.172494  65.997947    38.875    38.887  6 56375.67259015 12.272
 176 124.159602  66.002437    39.517    39.498  4 56395.50387831 11.132
 178 124.166082  66.002978    37.242    37.242  2 56415.33515885 44.232
 179 124.160892  66.002074    35.912    35.892  5 56425.25079195 40.290
 180 124.160121  66.001438    43.733    43.757  4 56435.16643983 38.209
 181 124.159704  66.001694    41.681    41.680  4 56445.08209176 56.340
 182 124.160240  66.002598    43.164    42.809  5 56454.99774133 21.388
 183 124.160125  66.002284    42.550    42.581  5 56464.91338791 21.080
 184 124.167110  66.000145    38.803    38.764  5 56474.82903156 54.121
 185 124.170201  65.997751    38.463    38.423  6 56484.74467140 55.540
 186 124.173995  65.996951    40.292    40.161  6 56494.66030819 22.562
 187 124.167948  65.998856    41.097    41.087  5 56504.57594205 23.057
 188 124.163438  66.001497    40.943    40.942  4 56514.49157445 57.037
 189 124.161513  66.002258    39.953    39.951  4 56524.40722615 30.554
 190 124.162997  66.000822    39.604    39.503  5 56534.32287765 28.796
 192 124.171862  65.998169    38.199    38.189  6 56554.15417063 55.222
 193 124.166728  66.000260    38.982    38.659  5 56564.06981289 29.340
 194 124.166719  66.002810    37.487    37.487  2 56573.98545431 40.125
 197 124.158848  66.002128    35.223    35.197  4 56603.73238014 19.770
 198 124.162970  66.000835    35.935    35.985  4 56613.64802922 29.883
 199 124.161171  66.001400    36.120    36.212  5 56623.56367366 16.911
 200 124.160976  66.002171    36.604    36.532  4 56633.47931539 15.513
 201 124.159808  66.002327    36.917    36.550  4 56643.39495236 15.043
 202 124.165959  66.000309    38.230    38.057  5 56653.31060440 13.552
 203 124.170498  65.998055    38.572    38.408  6 56663.22625400 13.077
 204 124.173811  65.997058    38.962    39.150  6 56673.14190071 12.624
 205 124.169327  65.998695    39.355    39.371  6 56683.05754526 12.469
 206 124.162958  66.000893    39.167    39.183  5 56692.97318754 11.803
 207 124.160260  66.002085    39.256    39.221  4 56702.88882600 10.946
 208 124.164085  66.001046    40.017    40.053  4 56712.80445995  9.831
 209 124.166276  65.999480    39.521    39.619  5 56722.72010760 10.765
 210 124.169548  65.998894    39.834    39.792  5 56732.63575896  9.490
 211 124.163965  66.000844    41.903    42.395  5 56742.55140589  9.991
 215 124.159677  66.002134    39.127    39.197  4 56782.21397520 26.979
 216 124.163097  66.000786    41.011    41.013  4 56792.12962982 45.289
 217 124.162609  66.000802    42.361    42.360  4 56802.04528118 56.527
 218 124.161223  66.001508    43.135    43.067  4 56811.96092496 23.754
 219 124.161044  66.001507    40.528    40.530  5 56821.87656480 55.987
 220 124.163826  66.000283    39.907    39.962  5 56831.79220075 25.578
 221 124.169535  65.998674    39.129    39.074  6 56841.70783361 31.896
 222 124.172061  65.998229    38.595    38.574  6 56851.62347181 40.735
 223 124.168679  65.999244    38.966    38.955  5 56861.53912579 29.715
 224 124.162435  66.000972    37.999    38.023  4 56871.45477885 55.244
 225 124.160259  66.001633    38.993    39.012  4 56881.37042938 26.141
 226 124.163422  66.000965    38.696    38.896  4 56891.28607674 26.562
 227 124.164201  65.999928    38.783    38.838  5 56901.20172095 27.234
 228 124.162427  66.000297    39.187    39.129  5 56911.11736292 25.845
 229 124.159852  66.001741    38.639    38.608  4 56921.03300321 29.540
 233 124.162337  66.001993    34.894    34.878  4 56960.69556665 29.446
 234 124.161672  66.001209    34.904    34.994  5 56970.61121325 21.248
 235 124.161413  66.001176    35.766    35.752  5 56980.52685589 25.544
 236 124.163493  66.001295    36.197    36.190  4 56990.44249432 17.996
 237 124.162872  66.001086    35.922    35.943  5 57000.35812618 21.667
 238 124.164671  66.000023    35.978    35.947  5 57010.27378152 16.839
 239 124.170228  65.998744    38.074    38.560  6 57020.18943415 14.002
 240 124.167189  65.998880    39.312    39.228  6 57030.10508300 13.031
 241 124.166219  65.999680    39.155    39.478  6 57040.02073030 12.749
 242 124.164718  66.000761    39.424    39.312  5 57049.93637535 11.692
 243 124.162694  66.001218    39.273    39.229  4 57059.85201634 11.224
 244 124.163833  66.001031    39.639    39.621  4 57069.76765195 11.032
 245 124.161274  66.001150    40.100    40.070  4 57079.68328289  9.738
 246 124.161251  66.001904    39.870    39.809  4 57089.59892113 10.158
 247 124.163980  66.002857    42.474    41.889  3 57099.51457939  9.647
 250 124.160094  66.002340    40.303    40.299  4 57129.26152736 11.307
 251 124.162087  66.001539    39.866    39.947  5 57139.17716578 11.919
 252 124.161402  66.001739    37.111    37.137  4 57149.09280028 32.603
 253 124.162639  66.002068    38.710    38.662  4 57159.00843219 38.169
 254 124.162480  66.001531    44.073    44.074  4 57168.92408210 40.317
 255 124.165031  66.000172    41.688    41.686  4 57178.83973830 56.493
 256 124.169105  65.998830    41.574    41.582  5 57188.75539056 26.239
 257 124.167817  65.998861    41.281    41.305  6 57198.67103837 33.601
 258 124.168826  65.999706    39.332    39.259  5 57208.58667268 32.904
 259 124.164305  66.000889    39.148    39.125  4 57218.50231660 55.862
 260 124.163809  66.001126    39.065    39.134  4 57228.41795992 28.993
 261 124.163327  66.000910    39.062    39.028  5 57238.33360108 25.563
 262 124.161986  66.000840    38.602    38.984  5 57248.24923893 27.279
 263 124.162132  66.001515    38.898    39.125  4 57258.16487441 25.881
 264 124.163723  66.002905    38.181    38.181  2 57268.08050878 27.424
 267 124.165248  66.002663    36.826    36.780  3 57297.82746709 53.073
 268 124.163584  66.001251    36.108    36.127  4 57307.74311673 48.483
 269 124.163634  66.000716    35.287    35.297  5 57317.65876280 36.007
 270 124.163415  66.001082    35.912    35.898  5 57327.57440560 36.949
 271 124.162813  66.001832    35.313    35.225  4 57337.49004620 23.518
 272 124.164112  66.001216    36.394    35.631  4 57347.40569423 23.289
 273 124.166650  65.999555    37.538    37.403  5 57357.32134117 19.419
 274 124.170444  65.997989    39.120    39.075  6 57367.23698480 16.784
 275 124.168725  65.998213    39.526    39.551  6 57377.15262478 15.211
 276 124.165377  66.000067    39.349    39.315  5 57387.06826277 14.781
 277 124.161304  66.001844    40.079    40.044  4 57396.98390001 13.020
 278 124.159586  66.002356    40.125    40.074  4 57406.89953626 12.923
 279 124.163169  66.001121    40.117    40.105  4 57416.81518789 12.361
 280 124.165985  66.000237    40.066    40.112  5 57426.73083920 12.148
 281 124.162767  66.001074    40.233    40.292  4 57436.64648702 11.309
 282 124.165943  66.002851    39.828    39.827  3 57446.56213382 11.054
 285 124.162561  66.002341    40.215    40.226  4 57476.30906191 10.946
 286 124.166593  66.000310    40.242    40.228  5 57486.22469845 10.507
 287 124.166668  66.000094    43.659    43.646  5 57496.14033217  9.437
 288 124.160601  66.001842    39.660    39.710  5 57506.05596675 10.682
 289 124.158753  66.002731    39.809    39.305  4 57515.97162293 29.085
 290 124.162199  66.001848    37.133    37.116  4 57525.88727704 37.234
 291 124.165383  65.999552    41.139    41.104  5 57535.80292873 41.992
 292 124.169480  65.997704    41.478    41.385  6 57545.71857767 24.770
 293 124.169415  65.997993    42.242    42.233  6 57555.63422424 54.709
 294 124.164304  66.000245    40.407    40.326  5 57565.54986887 32.060
 295 124.161017  66.002112    40.714    40.391  5 57575.46551296 22.665
 296 124.162539  66.002266    39.037    38.913  4 57585.38115678 27.771
 297 124.163556  66.001301    39.869    39.817  4 57595.29679846 55.731
