-107134.829   139.079     0.00    6.82
-106848.390   139.379     1.05    7.24
-106561.958   140.221     2.94    7.50
-106275.532   140.309     0.31    9.21
-105989.113   139.749    -1.96   11.19
-105702.702   138.568    -4.12   13.04
-105416.297   136.809    -6.14   14.71
-105129.898   136.072    -2.57   14.31
-104843.507   136.791     2.51   13.95
-104557.123   136.659    -0.46   14.70
-104270.745   136.286    -1.30   15.33
-103984.374   136.388     0.36   14.81
-103698.010   137.622     4.31   12.94
-103411.653   140.097     8.64   12.95
-103125.303   141.286     4.15   14.28
-102838.959   143.256     6.88   15.93
-102552.623   146.044     9.74   14.82
-102266.293   147.692     5.75   14.18
-101979.970   147.854     0.57   13.66
-101693.654   145.563    -8.00   14.62
-101407.344   142.664   -10.13   14.88
-101121.042   139.909    -9.62   14.42
-100834.746   136.364   -12.38   13.81
-100548.458   132.574   -13.24   12.65
-100262.176   129.228   -11.69   11.17
 -99975.900   128.463    -2.67   10.44
 -99689.632   129.619     4.04   11.02
 -99403.370   131.114     5.22   11.02
 -99117.116   132.467     4.73   10.42
 -98830.868   135.018     8.91    9.49
 -98544.627   136.693     5.85    7.69
 -98258.393   139.374     9.37    6.34
 -97972.165   141.518     7.49    6.37
 -97685.945   143.142     5.68    6.49
 -97399.731   143.846     2.46    7.04
 -97113.524   144.953     3.87    7.50
 -96827.324   146.055     3.85    7.35
 -96541.131   146.377     1.12    8.19
 -96254.944   147.063     2.40    7.66
 -95968.764   147.899     2.92    6.89
 -95682.592   149.938     7.12    6.52
 -95396.426   151.650     5.98    7.40
 -95110.266   153.248     5.59    8.17
 -94824.114   155.105     6.49    7.72
 -94537.968   157.358     7.88    7.03
 -94251.830   157.984     2.19    7.13
 -93965.698   158.829     2.95    6.23
 -93679.572   158.702    -0.44    6.08
 -93393.454   157.363    -4.68    6.22
 -93107.343   155.566    -6.28    6.53
 -92821.238   153.979    -5.54    7.86
 -92535.140   153.373    -2.12    9.11
 -92249.049   152.929    -1.55   10.13
 -91962.965   153.479     1.92   10.55
 -91676.887   155.373     6.62   10.35
 -91390.817   157.409     7.12    9.88
 -91104.753   158.948     5.38    8.57
 -90818.696   160.566     5.66    6.43
 -90532.645   161.590     3.58    4.90
 -90246.602   161.402    -0.66    5.13
 -89960.565   160.887    -1.80    5.45
 -89674.536   158.962    -6.73    8.25
 -89388.512   156.508    -8.58   10.68
 -89102.496   152.978   -12.34   12.63
 -88816.487   149.234   -13.09   13.27
 -88530.484   145.277   -13.84   12.43
 -88244.488   141.120   -14.54    8.51
 -87958.499   140.411    -2.48    7.79
 -87672.517   143.306    10.13   10.39
 -87386.542   147.096    13.25   12.11
 -87100.573   151.684    16.05   12.72
 -86814.611   155.939    14.88   11.26
 -86528.656   159.325    11.84    8.84
 -86242.708   161.235     6.68    5.65
 -85956.767   161.206    -0.10    4.54
 -85670.832   159.700    -5.27    5.77
 -85384.904   157.633    -7.23    6.74
 -85098.983   155.003    -9.20    7.57
 -84813.069   152.537    -8.63    7.61
 -84527.161   150.213    -8.13    7.31
 -84241.261   147.135   -10.77    8.66
 -83955.367   143.771   -11.77    9.57
 -83669.480   141.692    -7.27    8.76
 -83383.599   140.146    -5.41    8.86
 -83097.726   139.307    -2.93    8.73
 -82811.859   138.789    -1.81    8.94
 -82525.999   138.339    -1.57    8.77
 -82240.146   139.213     3.06    9.18
 -81954.300   140.271     3.70    9.22
 -81668.460   140.476     0.72    8.44
 -81382.627   140.601     0.44    8.18
 -81096.801   140.637     0.13    8.58
 -80810.982   140.699     0.22    8.70
 -80525.170   140.778     0.28    9.39
 -80239.364   141.703     3.24   10.35
 -79953.565   142.731     3.60   10.07
 -79667.773   142.597    -0.47   10.01
 -79381.988   142.028    -1.99    9.94
 -79096.209   142.206     0.62   10.21
 -78810.438   141.503    -2.46   10.39
 -78524.673   140.487    -3.56    9.57
 -78238.915   138.502    -6.94    9.57
 -77953.163   138.165    -1.18    9.88
 -77667.418   138.257     0.32    9.37
 -77381.681   138.025    -0.81    8.81
 -77095.592   137.213    -2.84    8.20
 -76808.311   135.100    -7.36    7.62
 -76521.039   132.823    -7.92    6.79
 -76233.774   131.530    -4.50    6.61
 -75946.516   130.439    -3.80    6.59
 -75659.267   129.836    -2.10    6.22
 -75372.024   129.083    -2.62    5.88
 -75084.790   129.634     1.92    6.08
 -74797.563   130.422     2.74    6.00
 -74510.344   130.573     0.53    5.46
 -74223.132   130.242    -1.15    5.00
 -73935.928   129.828    -1.44    4.65
 -73648.732   129.753    -0.26    4.77
 -73361.543   130.523     2.68    5.16
 -73074.362   131.130     2.11    5.19
 -72787.189   131.829     2.44    5.50
 -72500.023   132.989     4.04    5.59
 -72212.865   133.689     2.44    5.37
 -71925.714   134.080     1.36    4.75
 -71638.571   135.301     4.25    3.87
 -71351.436   135.685     1.34    4.01
 -71064.308   136.150     1.62    4.32
 -70777.188   135.790    -1.25    4.52
 -70490.075   134.997    -2.76    5.15
 -70202.970   133.929    -3.72    4.96
 -69915.873   131.938    -6.93    5.51
 -69628.783   130.025    -6.66    6.07
 -69341.701   127.394    -9.16    6.81
 -69054.627   124.995    -8.36    6.85
 -68767.560   125.199     0.71    7.24
 -68480.501   126.321     3.91    8.35
 -68193.449   128.563     7.81    9.88
 -67906.405   131.571    10.48   10.65
 -67619.369   134.793    11.23    9.95
 -67332.340   136.378     5.52    8.45
 -67045.319   137.563     4.13    7.82
 -66758.305   136.583    -3.42    9.31
 -66471.299   135.297    -4.48   10.10
 -66184.301   133.474    -6.35    9.97
 -65897.310   132.141    -4.65    8.63
 -65610.327   131.363    -2.71    7.55
 -65323.352   131.129    -0.82    6.82
 -65036.384   132.641     5.27    7.31
 -64749.423   135.322     9.34    6.47
 -64462.471   137.816     8.69    4.87
 -64175.525   139.297     5.16    5.26
 -63888.588   140.796     5.22    6.47
 -63601.658   141.845     3.65    6.45
 -63314.736   142.535     2.41    6.00
 -63027.821   143.162     2.19    5.65
 -62740.914   144.192     3.59    5.75
 -62454.014   145.568     4.80    5.66
 -62167.122   146.012     1.55    5.44
 -61880.238   145.989    -0.08    4.98
 -61593.361   145.094    -3.12    6.21
 -61306.492   143.157    -6.75    7.40
 -61019.630   140.877    -7.95    7.23
 -60732.776   139.778    -3.83    6.20
 -60445.930   138.921    -2.99    5.19
 -60159.091   138.615    -1.07    5.29
 -59872.260   137.981    -2.21    6.04
 -59585.436   137.731    -0.87    6.07
 -59298.620   137.356    -1.31    6.26
 -59011.811   137.039    -1.10    6.14
 -58725.011   136.668    -1.29    5.95
 -58438.217   136.745     0.27    6.03
 -58151.432   137.409     2.31    5.67
 -57864.653   138.958     5.40    4.52
 -57577.883   139.570     2.14    4.54
 -57291.120   139.960     1.36    4.75
 -57004.364   140.090     0.45    4.69
 -56717.617   140.561     1.64    4.76
 -56430.876   141.178     2.15    4.76
 -56144.144   142.684     5.25    4.68
 -55857.419   143.656     3.39    4.24
 -55570.701   144.206     1.92    4.27
 -55283.991   144.783     2.01    4.18
 -54997.289   146.003     4.26    3.40
 -54710.594   146.488     1.69    3.18
 -54423.907   146.286    -0.70    3.59
 -54137.227   146.387     0.35    4.04
 -53850.555   147.472     3.79    4.57
 -53563.890   148.199     2.54    4.93
 -53277.233   149.228     3.59    5.03
 -52990.584   150.350     3.92    5.09
 -52703.942   151.402     3.67    4.65
 -52417.308   152.480     3.76    4.05
 -52130.681   152.402    -0.27    4.28
 -51844.062   151.484    -3.20    5.53
 -51557.451   149.847    -5.71    7.61
 -51270.847   147.445    -8.38    8.68
 -50984.250   144.399   -10.63    9.57
 -50697.661   141.753    -9.23    9.77
 -50411.080   139.907    -6.44    8.88
 -50124.506   138.134    -6.19    7.36
 -49837.940   137.385    -2.61    7.61
 -49551.382   136.286    -3.84    8.27
 -49264.831   136.518     0.81    9.16
 -48978.287   136.766     0.87   10.10
 -48691.751   136.731    -0.12   11.55
 -48405.223   137.467     2.57   13.71
 -48118.702   137.480     0.04   15.92
 -47832.189   137.934     1.59   17.25
 -47545.683   136.684    -4.36   18.03
 -47259.185   133.554   -10.93   18.62
 -46972.694   129.304   -14.83   16.93
 -46686.211   124.920   -15.30   13.47
 -46399.736   120.677   -14.81    9.73
 -46113.268   118.792    -6.58    7.86
 -45826.807   116.882    -6.67    6.65
 -45540.355   116.126    -2.64    6.15
 -45253.909   117.374     4.36    6.68
 -44967.472   120.486    10.86    9.18
 -44681.041   122.767     7.97   10.63
 -44394.619   124.423     5.78   11.54
 -44108.204   126.766     8.18   12.19
 -43821.796   130.228    12.09   12.12
 -43535.396   133.907    12.85   10.31
 -43249.004   135.645     6.07    9.63
 -42962.619   137.495     6.46    8.38
 -42676.241   140.141     9.24    7.61
 -42389.871   143.083    10.27    7.31
 -42103.509   145.340     7.88    7.39
 -41817.154   146.402     3.71    7.24
 -41530.807   147.425     3.57    6.77
 -41244.467   148.999     5.50    5.60
 -40958.135   149.788     2.75    5.36
 -40671.810   150.235     1.56    5.34
 -40385.493   151.344     3.87    5.15
 -40099.184   152.316     3.40    4.43
 -39812.882   153.703     4.84    3.54
 -39526.587   154.724     3.57    3.79
 -39240.300   155.377     2.28    4.30
 -38954.021   156.476     3.84    4.43
 -38667.749   157.507     3.60    4.35
 -38381.485   158.597     3.81    4.32
 -38095.228   159.689     3.81    4.35
 -37808.978   160.659     3.39    4.31
 -37522.737   162.068     4.92    3.70
 -37236.502   162.016    -0.18    3.87
 -36950.276   161.228    -2.76    4.21
 -36664.056   159.856    -4.79    4.79
 -36377.845   158.313    -5.39    5.23
 -36091.641   157.137    -4.11    4.87
 -35805.444   156.713    -1.48    5.06
 -35519.255   157.068     1.24    5.51
 -35233.073   157.658     2.06    6.47
 -34946.899   159.713     7.18    6.74
 -34660.733   161.768     7.18    6.18
 -34374.574   163.163     4.88    4.84
 -34088.422   163.518     1.24    4.46
 -33802.278   163.336    -0.64    4.46
 -33516.142   162.826    -1.78    4.18
 -33230.013   161.317    -5.27    4.61
 -32943.891   160.171    -4.01    4.61
 -32657.777   159.515    -2.29    4.65
 -32371.671   158.554    -3.36    4.99
 -32085.572   157.002    -5.42    5.03
 -31799.481   154.761    -7.84    5.14
 -31513.397   152.256    -8.75    5.16
 -31227.320   150.317    -6.78    4.66
 -30941.251   148.721    -5.58    4.15
 -30655.190   147.235    -5.19    3.23
 -30369.136   146.049    -4.15    2.96
 -30083.090   144.992    -3.70    3.16
 -29797.051   143.943    -3.67    3.36
 -29511.020   143.023    -3.22    3.69
 -29224.996   141.894    -3.95    3.96
 -28938.980   140.329    -5.47    4.53
 -28652.971   139.162    -4.08    5.18
 -28366.969   137.566    -5.58    5.95
 -28080.976   135.846    -6.01    6.90
 -27794.989   133.753    -7.32    7.55
 -27509.010   131.469    -7.99    8.03
 -27223.039   128.847    -9.17    8.21
 -26937.075   125.757   -10.81    8.46
 -26651.119   122.645   -10.88    7.00
 -26365.170   120.934    -5.98    6.08
 -26079.229   119.644    -4.51    6.50
 -25793.295   119.665     0.07    7.09
 -25507.369   120.378     2.49    7.77
 -25221.450   122.809     8.50    7.72
 -24935.539   125.496     9.40    6.44
 -24649.635   127.445     6.82    5.66
 -24363.738   127.597     0.53    5.10
 -24077.850   126.315    -4.49    5.30
 -23791.968   124.882    -5.01    5.68
 -23506.094   123.306    -5.51    6.09
 -23220.228   121.632    -5.86    6.32
 -22934.369   119.242    -8.36    6.13
 -22648.518   117.738    -5.26    5.06
 -22362.674   116.808    -3.25    4.50
 -22076.837   115.880    -3.25    3.49
 -21791.008   115.460    -1.47    3.23
 -21505.187   115.439    -0.07    3.75
 -21219.373   114.978    -1.61    3.61
 -20933.566   114.448    -1.85    3.58
 -20647.767   113.756    -2.42    3.65
 -20361.976   113.643    -0.39    3.94
 -20076.192   114.155     1.79    4.37
 -19790.415   114.763     2.13    4.56
 -19504.646   114.533    -0.81    5.19
 -19218.884   113.585    -3.31    6.70
 -18933.130   113.126    -1.61    7.44
 -18647.384   113.064    -0.21    7.89
 -18361.644   113.073     0.03    8.20
 -18075.913   112.351    -2.53    8.09
 -17790.188   112.320    -0.11    7.98
 -17504.472   112.573     0.88    6.65
 -17218.762   112.029    -1.90    5.68
 -16933.061   110.243    -6.25    6.48
 -16647.366   106.398   -13.46    8.85
 -16361.679   100.894   -19.26   12.41
 -16076.000    95.344   -19.43   13.44
 -15790.328    89.015   -22.15   13.29
 -15504.664    84.185   -16.91   11.21
 -15218.474    79.578   -16.10    7.80
 -14931.115    76.749    -9.85    4.13
 -14643.766    75.228    -5.29    4.00
 -14356.424    72.632    -9.03    5.19
 -14069.091    70.692    -6.75    6.26
 -13781.766    68.467    -7.74    7.41
 -13494.450    66.829    -5.70    7.88
 -13207.142    66.300    -1.84    7.70
 -12919.842    65.813    -1.69    7.17
 -12632.550    64.980    -2.90    5.29
 -12345.267    66.994     7.01    7.43
 -12057.992    70.221    11.23    9.18
 -11770.726    74.076    13.42    9.60
 -11483.468    76.902     9.84    9.00
 -11196.218    79.918    10.50    9.56
 -10908.977    82.480     8.92   10.37
 -10621.744    84.416     6.74   11.07
 -10334.519    85.875     5.08   11.68
 -10047.303    87.178     4.53   11.60
  -9760.095    88.170     3.45   11.93
  -9472.895    88.269     0.34   13.22
  -9185.704    88.516     0.86   14.39
  -8898.521    87.206    -4.56   16.22
  -8611.346    84.699    -8.73   17.75
  -8324.179    81.412   -11.45   19.04
  -8037.021    77.926   -12.14   19.96
  -7749.872    73.495   -15.43   19.81
  -7462.730    68.242   -18.30   19.28
  -7175.597    60.467   -27.08   20.18
  -6888.472    51.608   -30.85   21.78
  -6601.356    41.328   -35.80   22.89
  -6314.248    30.045   -39.30   23.39
  -6027.148    19.249   -37.61   20.70
  -5740.057     9.936   -32.44   15.03
  -5452.974     3.887   -21.07    9.47
  -5165.899     0.854   -10.57    6.28
  -4878.832     1.706     2.97    7.33
  -4591.774     4.717    10.49   10.10
  -4304.724     6.987     7.91   11.49
  -4017.683     8.507     5.30   12.61
  -3730.649     7.834    -2.35   12.71
  -3443.625     7.228    -2.11   12.96
  -3156.608     4.703    -8.80   11.87
  -2869.600     0.465   -14.77    8.19
  -2582.600    -1.787    -7.85    4.31
  -2295.608    -0.528     4.39    5.62
  -2008.625     2.235     9.63    6.46
  -1721.650     3.865     5.68    6.42
  -1434.683     5.241     4.79    6.85
  -1147.724     5.885     2.24    7.13
   -860.774     6.044     0.55    7.27
   -573.832     4.639    -4.90    7.60
   -286.899     2.270    -8.26    6.71
      0.026     0.022    -7.84    4.64
    286.943    -1.489    -5.27    0.91
    573.852    -1.609    -0.42    0.38
    860.752    -1.561     0.17    0.45
   1147.644    -0.646     3.19    3.50
   1434.528     2.728    11.76    9.65
   1721.403     8.016    18.43   14.45
   2008.271    12.542    15.78   15.28
   2295.129    15.734    11.13   14.33
   2581.980    18.786    10.64   12.39
   2868.822    19.764     3.41   10.85
   3155.656    18.706    -3.69   11.12
   3442.482    14.425   -14.93   12.29
   3729.299     9.816   -16.07   11.01
   4016.108     5.193   -16.12    8.99
   4302.909     2.009   -11.10    6.16
   4589.702    -0.316    -8.11    2.61
   4876.486    -0.870    -1.93    0.72
   5163.262     0.068     3.27    3.27
   5450.029     1.206     3.97    4.63
   5736.789     1.774     1.98    4.75
   6023.540     2.059     0.99    4.80
   6310.283     3.083     3.57    5.29
   6597.017     3.633     1.92    5.26
   6883.743     4.032     1.39    5.62
   7170.461     3.345    -2.40    5.67
   7457.171     3.544     0.70    6.52
   7743.872     3.128    -1.45    6.47
   8030.565     2.097    -3.60    5.87
   8317.250     0.810    -4.49    5.16
   8603.927     1.878     3.72    6.75
   8890.595     2.858     3.42    7.65
   9177.255     2.972     0.40    8.58
   9463.907     2.706    -0.93    8.66
   9750.550     1.485    -4.26    7.01
  10037.186     1.235    -0.87    6.61
  10323.813     1.159    -0.27    6.00
  10610.431     2.221     3.70    6.55
  10897.042     3.666     5.04    7.04
  11183.644     5.157     5.20    7.75
  11470.238     6.176     3.56    8.29
  11756.823     6.846     2.33    8.21
  12043.401     7.808     3.36    8.43
  12329.970     6.350    -5.09    7.99
  12616.531     4.228    -7.41    6.16
  12903.083     2.463    -6.16    5.46
  13189.627     1.825    -2.23    4.81
  13476.163     2.007     0.64    4.79
  13762.691     1.611    -1.38    3.91
  14049.211     1.749     0.48    3.92
  14335.722     2.742     3.46    5.39
  14622.225     4.653     6.67    7.42
  14908.720     7.972    11.59    8.83
  15195.206    10.801     9.88    8.45
  15481.685    12.213     4.93    7.21
  15768.155    12.030    -0.64    6.36
  16054.616    11.249    -2.73    6.11
  16341.070     9.933    -4.60    5.43
  16627.515     7.568    -8.26    5.94
  16913.952     4.926    -9.22    5.73
  17200.381     3.916    -3.53    5.33
  17486.801     4.802     3.09    6.70
  17773.214     6.192     4.85    7.60
  18059.618     7.083     3.11    7.48
  18346.013     8.446     4.76    7.42
  18632.401     9.588     3.99    6.66
  18918.780    10.272     2.39    6.48
  19205.151    10.979     2.47    7.10
  19491.514    10.822    -0.55    7.42
  19777.869    11.336     1.80    7.93
  20064.215    13.047     5.97    7.51
  20350.553    15.071     7.07    6.23
  20636.883    16.860     6.25    4.69
  20923.204    17.906     3.65    4.17
  21209.518    17.880    -0.09    4.22
  21495.823    17.534    -1.21    4.18
  21782.120    17.036    -1.74    4.22
  22068.409    16.731    -1.07    4.22
  22354.689    16.331    -1.40    4.31
  22640.961    15.499    -2.91    4.19
  22927.225    14.710    -2.76    4.35
  23213.481    13.416    -4.52    4.70
  23499.729    11.980    -5.02    4.52
  23785.968    11.179    -2.80    3.90
  24072.199    10.601    -2.02    3.44
  24358.422    10.387    -0.75    3.33
  24644.636    10.299    -0.31    3.33
  24930.843    10.507     0.73    3.06
  25217.041    10.877     1.29    2.67
  25503.231    10.983     0.37    2.39
  25789.413    10.316    -2.33    2.24
  26075.586     9.698    -2.16    2.67
  26361.752     9.385    -1.10    3.10
  26647.909     8.967    -1.46    3.32
  26934.058     8.235    -2.56    3.49
  27220.198     7.372    -3.02    3.47
  27506.331     7.199    -0.61    3.29
  27792.455     6.978    -0.77    3.35
  28078.571     7.021     0.15    3.27
  28364.679     7.371     1.22    3.55
  28650.778     8.461     3.81    4.04
  28936.870     9.535     3.75    4.22
  29222.953    10.185     2.27    5.03
  29509.028    10.691     1.77    6.54
  29795.095    12.028     4.67    8.72
  30081.153    13.284     4.39   11.12
  30367.204    13.919     2.22   12.64
  30653.246    14.365     1.56   13.61
  30939.280    14.457     0.32   13.47
  31225.306    14.794     1.18   12.48
  31511.323    15.307     1.79   11.90
  31797.332    15.706     1.40   11.75
  32083.334    15.235    -1.65   11.69
  32369.326    15.133    -0.36   11.55
  32655.311    15.927     2.78   11.68
  32941.288    17.323     4.88   11.97
  33227.256    17.765     1.54   11.56
  33513.216    17.563    -0.70   11.15
  33799.168    17.256    -1.07   10.11
  34085.112    17.330     0.26    8.80
  34371.048    17.130    -0.70    6.98
  34656.975    17.221     0.32    6.53
  34942.894    17.072    -0.52    6.50
  35228.805    17.015    -0.20    6.48
  35514.708    17.321     1.07    6.01
  35800.603    19.154     6.41    7.43
  36086.489    21.436     7.98    9.90
  36372.367    23.901     8.62   11.50
  36658.237    25.934     7.11   12.06
  36944.099    27.613     5.88   11.71
  37229.953    29.613     7.00   10.70
  37515.799    31.422     6.33    9.24
  37801.636    31.960     1.88    8.21
  38087.465    32.241     0.99    7.34
  38373.286    33.421     4.13    6.68
  38659.099    34.374     3.34    6.77
  38944.903    35.656     4.49    6.31
  39230.700    36.044     1.36    6.52
  39516.488    35.388    -2.29    7.38
  39802.268    33.675    -6.00    7.94
  40088.040    32.520    -4.04    7.78
  40373.804    32.132    -1.36    7.13
  40659.559    32.062    -0.24    6.50
  40945.307    32.313     0.88    5.53
  41231.046    32.742     1.50    4.59
  41516.777    32.805     0.22    4.81
  41802.500    31.812    -3.48    6.55
  42088.215    29.801    -7.04    8.15
  42373.921    27.608    -7.68    9.23
  42659.620    26.880    -2.55   10.09
  42945.310    26.749    -0.46   10.95
  43230.992    25.738    -3.54   11.15
  43516.666    25.819     0.28   11.05
  43802.332    27.801     6.94   10.01
  44087.989    30.042     7.84    8.74
  44373.639    31.478     5.03    9.38
  44659.280    33.894     8.46   11.41
  44944.913    35.438     5.40   11.00
  45230.538    37.890     8.58    9.79
  45516.155    40.294     8.42    8.62
  45801.763    41.750     5.10    8.42
  46087.364    43.008     4.40    8.46
  46372.956    43.301     1.03    7.92
  46659.276    43.967     2.33    6.75
  46946.710    45.059     3.80    6.13
  47234.135    45.904     2.94    6.04
  47521.551    46.632     2.53    6.22
  47808.958    46.894     0.91    6.48
  48096.356    48.235     4.67    6.77
  48383.745    49.228     3.45    6.78
  48671.124    49.887     2.29    6.56
  48958.495    48.419    -5.11    8.23
  49245.857    45.671    -9.56   10.26
  49533.209    41.999   -12.78   10.75
  49820.553    38.938   -10.65    8.67
  50107.887    36.767    -7.55    6.79
  50395.212    37.064     1.03    6.88
  50682.529    38.926     6.48    7.56
  50969.836    43.228    14.97    9.15
  51257.134    46.791    12.40   10.00
  51544.424    49.605     9.79   10.36
  51831.704    53.172    12.42    9.47
  52118.975    56.785    12.58    7.55
  52406.237    59.419     9.17    5.15
  52693.490    60.551     3.94    4.40
  52980.734    61.670     3.89    4.07
  53267.969    62.438     2.67    4.04
  53555.195    63.404     3.36    4.55
  53842.412    65.147     6.07    6.37
  54129.620    67.621     8.61    7.76
  54416.818    70.582    10.31    8.57
  54704.008    74.926    15.13   10.49
  54991.189    80.439    19.20   12.63
  55278.361    86.794    22.13   14.85
  55565.523    95.072    28.83   16.63
  55852.677   103.199    28.30   16.37
  56139.822   111.506    28.93   15.22
  56426.957   118.045    22.77   14.37
  56714.084   124.041    20.88   12.47
  57001.201   129.185    17.92   11.78
  57288.310   134.221    17.54    9.79
  57575.409   137.559    11.63    8.61
  57862.500   140.664    10.82    7.46
  58149.581   143.060     8.35    6.60
  58436.654   144.079     3.55    5.65
  58723.717   144.812     2.55    5.69
  59010.772   146.176     4.75    5.20
  59297.817   145.832    -1.20    6.25
  59584.853   144.680    -4.01    7.12
  59871.881   143.380    -4.53    7.47
  60158.899   142.339    -3.63    8.03
  60445.909   142.713     1.30    8.79
  60732.909   143.993     4.46    9.52
  61019.900   145.384     4.85   10.60
  61306.883   148.897    12.24   10.61
  61593.856   152.680    13.18    9.24
  61880.820   155.101     8.43    8.12
  62167.775   157.324     7.75    7.37
  62454.722   158.695     4.78    7.24
  62741.659   160.609     6.67    6.86
  63028.587   163.163     8.90    7.16
  63315.507   165.990     9.86    7.29
  63602.417   167.544     5.42    7.59
  63889.318   167.724     0.63    8.55
  64176.210   166.270    -5.07   10.17
  64463.094   164.028    -7.82   12.48
  64749.968   160.235   -13.22   13.97
  65036.833   155.449   -16.68   15.46
  65323.690   149.320   -21.37   17.02
  65610.537   143.110   -21.65   17.54
  65897.375   136.429   -23.29   19.37
  66184.205   129.945   -22.61   21.20
  66471.025   124.315   -19.63   22.76
  66757.836   117.474   -23.85   24.25
  67044.639   111.134   -22.11   21.79
  67331.432   107.779   -11.70   19.46
  67618.217   100.589   -25.07   20.21
  67904.992    92.308   -28.88   19.66
  68191.758    87.848   -15.55   20.19
  68478.516    81.291   -22.87   19.55
  68765.264    74.117   -25.02   16.19
  69052.004    68.868   -18.30   13.14
  69338.734    64.518   -15.17   10.93
  69625.456    62.909    -5.61   11.37
  69912.168    63.981     3.74   12.06
  70198.872    65.692     5.97   12.61
  70485.567    66.118     1.48   12.72
  70772.252    67.164     3.65   13.34
  71058.929    67.412     0.87   13.86
  71345.597    67.936     1.83   13.66
  71632.255    70.086     7.50   13.62
  71918.905    71.263     4.11   13.68
  72205.546    72.132     3.03   13.78
  72492.178    72.495     1.27   12.95
  72778.801    73.054     1.95   12.16
  73065.415    72.445    -2.12   10.56
  73352.020    73.091     2.25    9.32
  73638.616    74.663     5.48    7.12
  73925.203    76.459     6.27    5.51
  74211.781    78.521     7.19    6.83
  74498.350    81.438    10.18    8.40
  74784.910    84.435    10.46    8.64
  75071.461    86.663     7.78    7.60
  75358.003    87.835     4.09    7.09
  75644.537    89.000     4.06    6.91
  75931.061    91.618     9.14    8.39
  76217.576    94.412     9.75   11.45
  76504.083    97.257     9.93   14.19
  76790.580   101.422    14.54   16.61
  77077.069   105.907    15.66   16.86
  77363.548   109.469    12.43   15.37
  77650.019   112.843    11.78   13.88
  77936.481   116.576    13.03   13.00
  78222.933   121.149    15.96   12.74
  78509.377   124.965    13.32   12.26
  78795.812   127.838    10.03   11.93
  79082.238   130.480     9.22   11.08
  79368.655   133.072     9.05    9.93
  79655.063   135.795     9.51    8.64
  79941.462   137.830     7.11    8.52
  80227.852   140.320     8.69    7.20
  80514.233   142.315     6.97    5.35
  80800.606   143.109     2.77    4.44
  81086.969   144.063     3.33    4.29
  81373.323   145.198     3.96    5.61
  81659.669   145.592     1.37    6.49
  81946.005   145.710     0.41    6.95
  82232.333   146.981     4.44    7.56
  82518.652   148.838     6.48    8.21
  82804.962   150.258     4.96    8.05
  83091.262   152.191     6.75    7.43
  83377.554   154.326     7.46    6.62
  83663.837   156.358     7.10    5.68
  83950.111   157.505     4.01    4.75
  84236.377   157.857     1.23    4.63
  84522.633   157.734    -0.43    4.54
  84808.880   157.800     0.23    4.65
