# NaN NaN NaN ;Mean Elev.(m), Avg Gradient(m/km), RMS Gradient(m/km) - SRTM1     
#   15.836  -4.499   6.649 ;Mean Elev.(m), Avg Gradient(m/km), RMS Gradient(m/km) - ASTER GDEM
#   22.417  -4.431   8.667 ;Mean Elev.(m), Avg Gradient(m/km), RMS Gradient(m/km) - GMTED2010 
   1 123.887833  66.014164    38.413    38.356  4 54660.26636257 53.609
   2 123.904468  66.013039    38.914    37.848 10 54670.18200985 27.703
   3 123.905386  66.013765   -11.821   -11.801 11 54680.09765392 14.942
   4 123.907537  66.014823    40.646    40.955 10 54690.01329696 22.732
   5 123.905057  66.015474    -8.867    -8.808 10 54699.92893739 10.962
   6 123.902993  66.014515    40.653    40.822 10 54709.84458229 27.738
   7 123.905957  66.012576    -2.580    -2.848 10 54719.76023398 14.242
   8 123.906734  66.010754    41.145    41.143 10 54729.67588284 52.206
   9 123.904082  66.010374    38.667    38.624 10 54739.59152976 53.534
  10 123.906641  66.010736    40.286    40.746 10 54749.50717711 29.128
  11 123.907876  66.011332    36.679    36.632 10 54759.42282412 46.498
  12 123.905749  66.011416    35.750    35.764 10 54769.33846851 39.670
  13 123.904487  66.010678    36.690    36.502 10 54779.25410963 23.470
  14 123.905274  66.009667    38.860    38.983 10 54789.16974846 20.304
  15 123.901866  66.009813    39.461    39.540 10 54799.08538586 19.561
  16 123.902327  66.010948    39.999    40.370 10 54809.00102366 18.582
  17 123.902827  66.012489    40.091    40.247 10 54818.91666103 17.600
  18 123.907304  66.012988    39.007    39.025 10 54828.83231359 17.280
  19 123.908224  66.013000    39.654    39.912 10 54838.74795255 16.438
  20 123.903412  66.013402    39.868    39.789 10 54848.66360127 15.822
  21 123.908180  66.013796    39.920    40.141 10 54858.57925034 15.533
  22 123.906141  66.014556    39.991    40.167 10 54868.49489890 15.363
  23 123.905397  66.014191    40.188    39.865 11 54878.41054676 14.923
  24 123.905049  66.012752    40.602    40.879 10 54888.32619159 14.785
  25 123.907098  66.010821    40.635    40.824 10 54898.24183336 14.262
  26 123.906490  66.010109    40.360    40.759 10 54908.15747235 14.097
  27 123.902726  66.010812    40.401    40.599 10 54918.07310978 13.985
  28 123.907962  66.011370    40.733    40.831 10 54927.98874789 13.607
  29 123.904578  66.011491    40.332    40.681 10 54937.90438454 12.698
  30 123.906043  66.010765    37.649    37.296 10 54947.82001991 29.739
  31 123.903855  66.010104    36.369    36.033 10 54957.73565500 32.337
  32 123.906757  66.009886    39.627    39.454 10 54967.65130379 31.995
  33 123.904847  66.010744    43.110    43.161 10 54977.56695107 31.180
  34 123.902416  66.011808    41.338    41.463 10 54987.48259833 28.754
  35 123.905742  66.012198    42.026    41.896 10 54997.39824629 27.358
  36 123.904089  66.012544    41.278    41.261 10 55007.31389205 51.210
  37 123.903469  66.012936    40.714    40.912 10 55017.22953582 24.383
  38 123.903403  66.013691    41.116    41.401 10 55027.14517823 22.718
  39 123.905494  66.014663    38.773    38.722 10 55037.06082037 52.999
  40 123.904137  66.015097    39.695    39.712 10 55046.97646124 28.261
  41 123.906978  66.013965    40.528    40.783 10 55056.89210063 21.660
  42 123.907702  66.011876    40.056    40.318 10 55066.80773748 22.812
  43 123.902706  66.010384    40.755    40.843 10 55076.72338735 25.006
  44 123.904693  66.010088    40.259    40.382  9 55086.63903532 23.881
  45 123.905464  66.011017    40.911    40.995 10 55096.55468150 22.023
  46 123.905426  66.011792    38.591    38.835 10 55106.47032726 28.136
  47 123.899650  66.011615    37.815    37.840  9 55116.38597209 54.899
  48 123.905233  66.010012    37.152    37.137 10 55126.30161566 43.700
  49 123.902140  66.009182    36.374    36.004 10 55136.21725599 40.266
  50 123.902047  66.009459    39.484    39.476 10 55146.13289454 28.179
  51 123.905511  66.010892    40.407    40.461 10 55156.04853268 25.052
  52 123.905855  66.012265    39.717    40.040 10 55165.96417067 23.572
  53 123.902263  66.013169    40.475    40.671 10 55175.87980805 22.860
  54 123.907829  66.012598    40.166    40.008 10 55185.79545017 21.704
  55 123.907463  66.012501    40.283    40.315 10 55195.71110122 21.625
  56 123.906344  66.013312    40.164    40.182 10 55205.62675090 20.570
  57 123.903537  66.014740    40.173    40.487 10 55215.54239977 20.139
  58 123.905926  66.014924    40.125    40.046 11 55225.45804859 19.087
  59 123.902211  66.013479    40.058    40.267 10 55235.37369477 18.657
  60 123.904045  66.010738    40.450    40.342 10 55245.28933817 18.151
  61 123.907176  66.008691    40.097    40.005 10 55255.20497887 17.888
  62 123.903507  66.009285    40.000    40.159 10 55265.12061735 17.471
  63 123.903634  66.011334    40.408    40.814 10 55275.03625530 16.703
  64 123.906138  66.012510    40.745    40.921 10 55284.95189276 16.283
  65 123.905819  66.011747    40.682    40.834 10 55294.86752826 15.891
  66 123.903709  66.009783    40.443    40.887 10 55304.78316662 15.007
  67 123.904093  66.008420    36.970    36.908 10 55314.69881397 21.275
  68 123.901980  66.009399    34.952    34.963 10 55324.61445924 40.820
  69 123.903854  66.011466    36.374    36.353 10 55334.53010356 46.107
  70 123.903222  66.013128    43.084    42.959 10 55344.44574738 38.152
  71 123.904565  66.013145    40.828    40.870 10 55354.36139071 48.257
  72 123.904211  66.012652    41.464    42.045 10 55364.27703182 24.233
  73 123.906109  66.012448    40.467    40.962 10 55374.19267147 26.688
  74 123.905879  66.013406    39.760    40.154 10 55384.10830971 24.682
  75 123.905408  66.014568    39.971    39.910 11 55394.02394710 52.361
  76 123.906899  66.014920    39.398    38.772 10 55403.93958485 27.625
  77 123.902718  66.013484    38.846    39.203 10 55413.85523625 30.534
  78 123.903982  66.010792    40.687    40.763 10 55423.77088521 22.502
  79 123.903948  66.008806    39.606    39.726 10 55433.68653141 26.862
  80 123.902230  66.009226    40.897    41.182 10 55443.60217574 26.945
  81 123.903905  66.010897    37.970    37.969 10 55453.51781900 43.954
  82 123.904491  66.012529    38.233    37.212 10 55463.43346136 41.859
  83 123.904139  66.012070    40.872    41.087 10 55473.34910145 27.569
  85 123.904083  66.008486    35.490    35.458  9 55493.18037396 42.698
  86 123.904653  66.009222    36.255    35.924 10 55503.09600776 27.717
  87 123.906364  66.011471    35.452    35.437 10 55513.01165481 22.503
  88 123.905392  66.013593    37.265    37.785 10 55522.92730426 19.292
  89 123.902500  66.014165    37.397    37.736 10 55532.84295206 17.957
  90 123.905897  66.013056    37.344    37.551 10 55542.75859875 16.821
  91 123.903341  66.012441    38.404    38.483 10 55552.67424287 16.289
  92 123.906007  66.012851    38.412    38.223 10 55562.58988617 15.130
  93 123.903849  66.014088    39.909    39.882 10 55572.50552832 14.221
  94 123.904100  66.014248    39.973    39.987 10 55582.42116947 13.795
  95 123.903974  66.012691    40.290    40.207 10 55592.33680731 13.570
  96 123.906713  66.010246    39.835    39.752 10 55602.25244214 13.410
  97 123.903854  66.009028    40.526    40.818 10 55612.16807432 13.076
  98 123.903707  66.009714    40.816    40.874 10 55622.08370854 12.935
  99 123.903116  66.011453    40.360    40.387 10 55631.99936136 12.660
 100 123.905943  66.012320    39.995    39.853 10 55641.91501233 11.902
 101 123.907498  66.011646    40.143    40.055 10 55651.83066041 11.571
 102 123.902796  66.009903    40.816    40.973 10 55661.74630397 11.440
 103 123.906031  66.008726    37.430    37.104 10 55671.66194506 13.019
 104 123.906091  66.009491    37.262    37.434 10 55681.57758425 26.633
 105 123.904942  66.011804    35.461    35.445  9 55691.49322160 35.360
 106 123.904499  66.013764    43.100    43.131 10 55701.40885739 48.519
 107 123.905175  66.014289    41.492    42.242 10 55711.32449873 25.212
 108 123.907524  66.013490    41.767    41.817 10 55721.24014874 21.969
 109 123.905462  66.013067    40.374    40.097 10 55731.15579625 38.070
 110 123.904889  66.013118    40.270    40.376 10 55741.07144263 26.182
 111 123.903396  66.013480    37.762    37.769 10 55750.98708768 53.965
 112 123.902822  66.013260    37.884    37.868 10 55760.90273047 48.048
 113 123.904259  66.012176    39.671    39.481 10 55770.81837061 28.095
 114 123.904795  66.010431    37.366    37.302 10 55780.73400725 51.970
 115 123.905621  66.009481    40.691    41.038 10 55790.64964128 23.483
 116 123.919248  66.009360    38.222    38.027  5 55800.56527526 24.238
 117 123.907257  66.011094    36.921    36.909 10 55810.48092281 52.212
 118 123.908082  66.011984    40.519    40.686 10 55820.39657166 21.828
 119 123.907304  66.011737    40.567    40.617 10 55830.31221574 24.758
 120 123.904682  66.010521    40.725    40.868 10 55840.22785514 31.383
 121 123.907048  66.009534    36.379    36.351 10 55850.14349195 52.112
 122 123.904464  66.010563    35.960    35.933 10 55860.05912627 44.554
 123 123.907319  66.012267    37.280    36.712 10 55869.97477719 30.987
 124 123.904942  66.013892    39.424    38.806 10 55879.89042790 20.541
 125 123.905455  66.014241    38.726    38.377 11 55889.80607222 18.920
 126 123.905697  66.013819    39.814    40.022 10 55899.72171067 17.407
 127 123.906961  66.013519    40.249    40.363 10 55909.63734438 16.929
 128 123.903788  66.013687    40.456    40.776 10 55919.55299543 17.818
 129 123.904366  66.013443    41.120    41.175 10 55929.46864811 17.265
 130 123.904319  66.012480    40.484    40.534 10 55939.38429706 17.121
 131 123.902367  66.010919    40.949    41.076 10 55949.29994106 16.580
 132 123.904822  66.009773    40.614    40.708  9 55959.21558111 15.062
 133 123.906579  66.009819    40.669    40.752 10 55969.13121869 14.725
 134 123.906150  66.010848    40.679    40.760 10 55979.04685513 15.081
 135 123.906836  66.011528    40.780    40.887 10 55988.96249097 14.638
 136 123.903102  66.011611    41.033    41.197 10 55998.87813248 13.896
 137 123.907684  66.010626    40.650    40.750 10 56008.79378393 13.664
 138 123.904647  66.010166    41.105    41.165  9 56018.70943048 13.975
 139 123.907654  66.010327    40.779    40.835 10 56028.62507462 12.935
 140 123.907938  66.011429    40.812    40.928 10 56038.54071674 12.361
 141 123.904001  66.012842    41.226    41.258 10 56048.45635650  9.576
 142 123.905959  66.013717    35.338    35.379 10 56058.37199409 42.683
 143 123.903471  66.014044    45.492    45.518 10 56068.28762689 42.024
 144 123.906035  66.013678    43.083    43.003 10 56078.20327828 55.642
 145 123.904136  66.013707    41.302    41.288 10 56088.11892672 54.770
 146 123.906300  66.013778    41.608    41.626 10 56098.03457305 24.504
 147 123.906292  66.013248    41.097    41.312 10 56107.95021695 23.007
 148 123.903216  66.011997    40.764    41.210 10 56117.86584620 33.711
 149 123.901792  66.010611    38.819    38.767 10 56127.78148350 53.880
 150 123.903277  66.009875    38.986    39.001 10 56137.69711738 53.611
 151 123.902317  66.010575    40.575    40.476 10 56147.61276333 25.503
 152 123.905005  66.011625    37.640    37.702 10 56157.52841274 51.853
 153 123.906385  66.012093    38.662    38.676 10 56167.44406107 36.402
 154 123.907456  66.011319    40.723    40.893 10 56177.35970678 23.397
 155 123.903773  66.010441    40.935    41.254 10 56187.27534736 21.171
 156 123.904031  66.010057    40.459    41.058 10 56197.19098466 23.275
 157 123.902945  66.011262    41.067    41.139 10 56207.10661885 30.243
 158 123.907247  66.013035    37.099    37.057 10 56217.02225198 47.117
 159 123.908263  66.014333    36.451    36.402 10 56226.93789439 43.462
 160 123.902667  66.014368    38.294    38.929 10 56236.85354869 30.596
 161 123.902998  66.013517    38.866    39.652 10 56246.76919968 25.140
 162 123.902047  66.013132    39.312    40.191 10 56256.68484546 24.309
 163 123.907478  66.013510    38.775    39.220 10 56266.60048818 22.818
 164 123.907717  66.014101    38.934    39.184 10 56276.51612875 21.923
 165 123.904622  66.013678    39.239    39.036 10 56286.43177547 19.997
 166 123.905231  66.011580    39.097    39.495 10 56296.34742546 18.801
 167 123.903234  66.009484    38.322    38.490 10 56306.26307118 18.304
 168 123.902699  66.008976    38.531    38.290 10 56316.17871383 17.385
 169 123.902289  66.010582    39.793    40.048 10 56326.09435474 16.770
 170 123.904322  66.012391    39.621    39.916 10 56336.00999493 15.946
 171 123.907985  66.012699    39.599    39.526 10 56345.92563403 14.915
 172 123.904951  66.011649    39.710    39.296  9 56355.84127015 14.545
 173 123.905352  66.010029    40.276    40.689 10 56365.75691680 14.643
 174 123.903224  66.009925    40.202    40.348 10 56375.67256535 14.195
 176 123.903103  66.013838    40.317    40.935 10 56395.50385470 12.964
 177 123.908240  66.014691    38.225    38.260 10 56405.41949675 14.179
 178 123.903149  66.014663    35.254    35.215 10 56415.33513464 47.686
 179 123.907582  66.013324    35.854    35.874 10 56425.25076863 47.636
 180 123.903609  66.012830    43.990    43.999 10 56435.16641622 44.749
 181 123.903194  66.013093    41.454    41.476 10 56445.08206815 55.836
 182 123.906936  66.013861    40.689    40.148 10 56454.99771801 26.883
 183 123.906833  66.013548    41.086    41.107 10 56464.91336459 23.722
 184 123.907435  66.011699    38.472    38.436 10 56474.82900765 45.609
 185 123.907351  66.009447    38.125    38.105 10 56484.74464720 53.488
 186 123.904740  66.008930    40.661    40.677 10 56494.66028340 22.820
 187 123.901870  66.010680    40.849    41.163 10 56504.57591755 25.961
 188 123.906942  66.012887    40.570    40.563 10 56514.49155084 53.334
 189 123.904998  66.013647    41.072    41.160 10 56524.40720254 25.027
 190 123.903280  66.012357    41.093    41.357 10 56534.32285374 21.971
 192 123.902544  66.010149    37.946    37.934 10 56554.15414583 55.547
 193 123.907011  66.011812    39.145    39.489 10 56564.06978898 31.838
 194 123.903772  66.014500    36.747    36.538 10 56573.98543010 37.852
 195 123.904719  66.015821    36.215    36.214 10 56583.90106908 45.288
 196 123.907770  66.015064    35.646    35.622 10 56593.81670367 37.955
 197 123.902338  66.013517    35.052    35.067 10 56603.73235652 27.212
 198 123.906476  66.012237    35.942    35.949 10 56613.64800561 25.549
 199 123.907875  66.012661    35.840    35.829 10 56623.56365034 21.248
 200 123.904457  66.013570    37.115    37.593 10 56633.47929178 20.807
 201 123.903276  66.013720    37.234    37.672 10 56643.39492875 19.870
 202 123.906235  66.011856    37.563    37.752 10 56653.31058049 16.300
 203 123.907588  66.009754    37.560    37.790 10 56663.22622980 17.099
 204 123.904499  66.009046    38.245    38.212 10 56673.14187592 17.015
 205 123.906418  66.010396    38.670    38.840 10 56683.05752106 15.140
 206 123.903240  66.012439    38.316    38.389 10 56692.97316363 15.957
 207 123.903746  66.013481    38.943    39.097 10 56702.88880238 14.262
 208 123.907592  66.012440    40.025    39.764 10 56712.80443634 13.509
 209 123.906601  66.011024    39.361    39.250 10 56722.72008369 14.270
 210 123.903471  66.010731    40.310    40.009 10 56732.63573445 12.922
 211 123.904277  66.012395    40.230    40.332 10 56742.55138198 12.482
 212 123.906306  66.014572    39.687    39.461 10 56752.46702526 11.887
 213 123.906627  66.015738    38.105    38.097 10 56762.38266315 19.915
 214 123.906516  66.015164    37.345    37.669 10 56772.29829415 30.569
 215 123.903157  66.013532    35.715    35.723 10 56782.21395158 30.775
 216 123.906596  66.012197    40.667    40.622 10 56792.12960621 36.876
 217 123.906115  66.012218    42.242    42.233 10 56802.04525757 54.790
 218 123.904729  66.012919    41.656    41.617 10 56811.96090135 24.555
 219 123.907765  66.012774    40.028    39.998 10 56821.87654148 53.722
 220 123.904152  66.011828    41.290    41.687 10 56831.79217684 24.612
 221 123.906676  66.010362    40.862    41.524 10 56841.70780941 21.621
 222 123.902792  66.010199    38.169    38.174 10 56851.62344701 44.240
 223 123.902600  66.011074    41.038    41.265 10 56861.53910129 22.053
 224 123.905948  66.012377    37.794    37.815 10 56871.45475524 55.116
 225 123.903755  66.013036    41.078    41.030 10 56881.37040577 20.807
 226 123.906919  66.012375    40.701    40.829 10 56891.28605313 22.937
 227 123.904496  66.011482    40.304    40.299 10 56901.20169704 23.750
 228 123.902716  66.011852    40.819    40.929 10 56911.11733901 25.125
 229 123.903337  66.013150    38.838    39.198 10 56921.03297959 26.964
 230 123.904261  66.014833    41.021    41.085 10 56930.94861803 30.578
 231 123.906836  66.015366    39.843    40.015 10 56940.86425162 31.514
 232 123.905369  66.014822    36.000    36.049 11 56950.77989130 39.890
 233 123.905839  66.013392    34.304    34.279 10 56960.69554303 41.025
 234 123.901974  66.012753    34.721    34.781 10 56970.61118934 30.171
 235 123.908123  66.012440    35.497    35.476 10 56980.52683257 27.095
 236 123.906986  66.012697    35.754    35.757 10 56990.44247071 22.906
 237 123.903147  66.012617    36.247    35.885 10 57000.35810227 22.365
 238 123.904951  66.011563    35.769    35.783 10 57010.27375761 22.190
 239 123.907315  66.010441    36.201    35.929 10 57020.18940994 18.441
 240 123.904277  66.010575    36.686    36.811 10 57030.10505880 18.114
 241 123.903305  66.011375    37.545    37.297 10 57040.02070609 16.679
 242 123.905010  66.012310    37.664    37.598 10 57049.93635144 16.490
 243 123.906198  66.012619    37.364    37.359 10 57059.85199272 15.433
 244 123.907347  66.012428    37.889    37.611 10 57069.76762834 15.126
 245 123.904789  66.012540    39.627    39.903 10 57079.68325927 14.038
 246 123.904757  66.013294    38.293    38.362 10 57089.59889752 14.408
 247 123.904267  66.014400    39.047    39.262 10 57099.51455548 12.887
 248 123.902908  66.015241    39.441    39.495 10 57109.43021035 12.819
 249 123.906392  66.014723    39.428    39.473 10 57119.34586031 12.896
 250 123.903574  66.013739    38.761    39.100 10 57129.26150374 12.852
 251 123.902366  66.013080    38.815    38.561 10 57139.17714187 11.278
 252 123.904890  66.013138    35.385    35.398 10 57149.09277666 32.850
 253 123.906130  66.013461    38.443    38.422 10 57159.00840858 38.845
 254 123.905985  66.012925    43.807    43.727 10 57168.92405849 54.015
 255 123.902146  66.011854    41.730    41.699 10 57178.83971410 29.941
 256 123.903037  66.010663    41.275    41.655 10 57188.75536606 27.395
 257 123.904958  66.010554    41.202    41.249 10 57198.67101416 26.087
 258 123.902750  66.011543    41.479    41.525 10 57208.58664818 22.231
 259 123.907826  66.012299    38.915    38.868 10 57218.50229299 54.248
 260 123.907318  66.012531    40.403    41.371 10 57228.41793630 24.296
 261 123.903620  66.012452    40.465    41.462 10 57238.33357717 24.130
 262 123.902270  66.012376    40.909    41.318 10 57248.24921502 22.938
 263 123.905613  66.012909    41.144    41.339 10 57258.16485079 22.194
 264 123.907189  66.014300    39.764    40.032 10 57268.08048517 26.110
 265 123.908031  66.015390    39.370    39.556 10 57277.99613374 28.196
 266 123.907393  66.015330    38.706    38.796 10 57287.91178993 26.693
 267 123.905530  66.014208    37.435    36.657 10 57297.82744318 39.534
 268 123.907093  66.012657    35.890    35.922 10 57307.74309312 53.507
 269 123.903943  66.012265    35.242    35.157 10 57317.65873889 50.866
 270 123.903716  66.012634    37.363    37.308 10 57327.57438169 34.201
 271 123.906305  66.013242    37.393    37.729 10 57337.49002259 26.657
 272 123.907602  66.012629    37.068    37.097 10 57347.40567062 24.910
 273 123.906940  66.011112    38.568    38.656 10 57357.32131726 22.221
 274 123.907537  66.009691    39.498    39.886 10 57367.23696059 20.124
 275 123.905812  66.009910    39.732    40.287 10 57377.15260057 19.640
 276 123.905655  66.011614    39.823    40.190 10 57387.06823886 19.081
 277 123.904778  66.013239    40.588    40.386 10 57396.98387640 17.803
 278 123.903061  66.013742    40.271    40.529 10 57406.89951264 17.825
 279 123.906669  66.012516    40.259    40.708 10 57416.81516428 17.600
 280 123.906295  66.011781    40.175    39.807 10 57426.73081529 17.441
 281 123.906278  66.012479    40.486    40.693 10 57436.64646341 16.580
 282 123.906228  66.014404    40.657    40.916 10 57446.56210991 16.505
 283 123.905126  66.015927    40.834    41.028 10 57456.47775540 15.743
 284 123.908325  66.015533    40.554    40.688 10 57466.39339903 15.855
 285 123.906036  66.013740    40.899    41.048 10 57476.30903829 15.166
 286 123.906878  66.011851    40.730    40.805 10 57486.22467454 14.721
 287 123.906956  66.011632    40.801    40.815 10 57496.14030826 12.151
 288 123.907289  66.013088    35.131    34.860 10 57506.05594343 15.887
 289 123.905440  66.013980    37.014    35.574 11 57515.97159961 27.099
 290 123.905700  66.013247    38.270    37.175 10 57525.88725343 30.484
 291 123.905712  66.011097    41.748    41.880 10 57535.80290482 25.695
 292 123.906630  66.009398    41.393    41.411 10 57545.71855346 25.281
 293 123.919391  66.009132    41.561    41.550  6 57555.63420121 33.145
 294 123.904627  66.011793    40.967    41.247 10 57565.54984496 26.366
 295 123.907726  66.013374    41.001    40.982 10 57575.46548964 22.429
 296 123.906031  66.013670    40.876    41.250 10 57585.38113316 20.973
 297 123.907049  66.012705    39.718    39.724 10 57595.29677484 48.308
