# NaN NaN NaN ;Mean Elev.(m), Avg Gradient(m/km), RMS Gradient(m/km) - SRTM1     
#   29.693  -8.014  12.954 ;Mean Elev.(m), Avg Gradient(m/km), RMS Gradient(m/km) - ASTER GDEM
#   25.779  -6.418  13.440 ;Mean Elev.(m), Avg Gradient(m/km), RMS Gradient(m/km) - GMTED2010 
   3 124.245187  65.342907   -43.097   -43.090  3 54681.11347371  5.051
   5 124.246739  65.344114   -38.599   -38.573  3 54700.94475688 12.066
   7 124.244128  65.341247   -16.694   -16.693  3 54720.77605454  9.127
   8 124.242065  65.339743    93.965    94.473  3 54730.69170303 26.823
   9 124.244058  65.339119    90.978    91.174  3 54740.60735019 23.713
  10 124.243916  65.339445    47.363    47.395  3 54750.52299708 24.082
  11 124.244508  65.339714    43.054    43.075  3 54760.43864385 46.261
  12 124.240167  65.339892    42.664    42.581  3 54770.35428780 40.065
  13 124.239592  65.339357    42.991    43.140  3 54780.26992887 27.301
  14 124.237944  65.339001    43.911    43.802  3 54790.18556730 19.273
  15 124.243882  65.338850    45.072    45.697  3 54800.10120535 19.075
  16 124.239148  65.340579    44.856    43.896  3 54810.01684244 17.902
  17 124.244861  65.341398    45.585    46.171  3 54819.93248179 17.517
  18 124.245992  65.341523    45.073    45.847  3 54829.84813421 17.102
  19 124.244196  65.341672    43.232    43.102  3 54839.76377285 16.520
  20 124.244904  65.341823    45.324    45.677  3 54849.67942196 15.969
  21 124.243255  65.342750    44.306    43.372  3 54859.59507032 15.190
  22 124.245749  65.343058    44.437    43.499  3 54869.51071921 15.444
  23 124.243320  65.342612    44.259    44.269  3 54879.42636662 14.652
  24 124.243366  65.340799    45.596    45.680  3 54889.34201119 14.102
  25 124.240507  65.339148    45.057    44.326  3 54899.25765232 13.957
  26 124.242721  65.338500    44.997    43.964  3 54909.17329156 13.851
  27 124.241552  65.339650    43.999    43.939  3 54919.08892915 13.750
  28 124.240460  65.340812    45.066    44.426  3 54929.00456651 13.294
  31 124.240242  65.339087    89.787    84.703  3 54958.75147535  5.185
  32 124.238843  65.339439    94.430    95.294  3 54968.66712374  5.702
  33 124.241672  65.340232    95.038    95.348  3 54978.58277135 28.625
  34 124.243868  65.340927    47.591    47.536  3 54988.49841884 29.619
  36 124.240768  65.341413    94.839    95.014  3 55008.32971167 26.135
  37 124.244452  65.341264    94.277    94.973  3 55018.24535579 25.378
  47 124.239200  65.340701   103.840   103.840  2 55117.40179192  5.568
  48 124.241401  65.338761    44.135    44.146  3 55127.31743489 46.256
  49 124.243374  65.337221    89.676    88.170  5 55137.23307557 22.152
  50 124.244322  65.337572    42.685    43.314  5 55147.14871423 36.483
  51 124.243144  65.339858    43.604    42.642  3 55157.06435195 31.301
  52 124.241663  65.341923    42.542    42.548  3 55166.97998962 27.276
  53 124.245432  65.342303    42.662    42.641  3 55176.89562746 23.658
  54 124.243299  65.341840    42.892    42.799  3 55186.81127040 21.951
  55 124.240913  65.341537    42.962    42.990  3 55196.72692118 21.710
  56 124.243735  65.341865    43.037    42.691  3 55206.64257120 20.682
  57 124.244232  65.343197    43.908    44.299  3 55216.55822033 19.850
  58 124.242663  65.343686    42.933    43.047  3 55226.47386871 18.749
  59 124.241756  65.342111    42.444    42.405  3 55236.38951477 18.387
  60 124.241251  65.339367    43.400    43.212  3 55246.30515754 17.351
  61 124.247330  65.336628    45.433    45.872  4 55256.22079828 17.009
  62 124.248899  65.336865    43.963    43.874  4 55266.13643728 16.414
  63 124.243383  65.339697    43.682    43.653  3 55276.05207479 16.042
  64 124.244245  65.341226    43.716    43.792  3 55285.96771201 15.716
  65 124.240991  65.341217    43.634    43.359  3 55295.88334689 15.258
  66 124.241400  65.339073    43.648    43.658  3 55305.79898682 15.049
  67 124.248426  65.336613    92.219    92.399  4 55315.71463462  8.484
  68 124.243764  65.337773    43.910    44.765  5 55325.63027963 34.907
  69 124.239986  65.340442    98.523    93.192  3 55335.54592343  9.974
  70 124.241221  65.342207   106.625   108.833  3 55345.46156732  8.229
  71 124.246425  65.341923    94.519    94.529  3 55355.37721066 28.133
  72 124.244739  65.341589   105.868   110.585  3 55365.29285136  9.247
  73 124.245856  65.341160    97.984   101.297  3 55375.20849079  7.636
  77 124.243298  65.342527   109.669   109.637  3 55414.87105705  1.689
  79 124.246204  65.337214    90.559    89.984  4 55434.70235179 26.052
  80 124.244789  65.337383   105.791   105.791  2 55444.61799594  8.781
  81 124.242280  65.339334    91.893    90.422  3 55454.53363877 25.166
  82 124.243472  65.341039    90.333    90.263  3 55464.44928117 26.317
  84 124.243771  65.339181    42.512    42.827  3 55484.28055791 47.363
  85 124.244252  65.337446    42.089    42.195  5 55494.19619281 45.139
  86 124.238164  65.338862    42.580    42.667  3 55504.11182586 23.314
  87 124.242195  65.340563    42.262    42.278  3 55514.02747498 21.117
  89 124.246870  65.342656    42.490    42.440  3 55533.85877283 19.135
  90 124.244126  65.341983    42.314    42.328  3 55543.77441867 17.665
  91 124.242277  65.341382    43.020    42.887  3 55553.69006262 16.172
  92 124.245153  65.341429    42.554    42.433  3 55563.60570584 15.489
  93 124.241981  65.342740    43.791    43.502  3 55573.52134780 14.667
  94 124.245375  65.342415    43.542    43.298  3 55583.43698906 14.387
  95 124.243043  65.341356    43.966    43.895  3 55593.35262644 13.354
  96 124.243773  65.339419    44.273    44.056  3 55603.26826081 12.902
  97 124.241117  65.338788    44.541    44.193  3 55613.18389275 12.581
  98 124.241084  65.339399    44.492    44.656  3 55623.09952904 12.548
  99 124.242577  65.340333    44.104    44.102  3 55633.01518200 12.481
 103 124.239606  65.338393    84.939    84.627  3 55672.67776414  0.740
 104 124.237830  65.339191    47.410    47.367  3 55682.59340285 22.590
 105 124.242150  65.340823   102.778   106.940  3 55692.50904054  3.153
 106 124.242271  65.342884    95.795    95.504  3 55702.42467624 28.799
 107 124.247053  65.343082    98.052   104.857  3 55712.34031965  4.867
 109 124.244183  65.342158   105.751   111.111  3 55732.17161638  8.602
 111 124.246243  65.341827    91.714    91.628  3 55752.00290779 25.059
 114 124.239485  65.339650    91.050    90.571  3 55781.74982609 27.367
 115 124.242934  65.338913    91.817    91.591  3 55791.66546012 27.164
 116 124.241801  65.339878    89.857    89.998  3 55801.58109264 23.382
 121 124.241235  65.339386    90.708    91.265  4 55851.15931051 20.491
 122 124.242447  65.340499    90.197    90.866  3 55861.07494476 21.520
 123 124.244240  65.341597    42.974    42.922  3 55870.99059764 33.370
 124 124.245544  65.342517    42.612    42.545  3 55880.90624813 22.992
 125 124.243528  65.342978    42.837    42.612  3 55890.82189169 22.788
 126 124.247163  65.342487    44.631    44.885  3 55900.73752996 19.318
 127 124.242969  65.343204    45.924    45.865  3 55910.65316273 17.308
 128 124.243776  65.342935    46.120    46.199  3 55920.56881637 16.946
 129 124.245805  65.342098    45.731    45.683  3 55930.48446881 16.175
 130 124.243689  65.340895    46.109    46.081  3 55940.40011702 15.544
 131 124.242400  65.339180    46.533    46.502  3 55950.31576071 14.814
 132 124.241499  65.338453    46.450    46.275  3 55960.23140033 14.131
 133 124.241740  65.339023    46.786    46.896  3 55970.14703768 13.850
 135 124.243337  65.341046    45.365    44.992  3 55989.97830947 13.514
 136 124.242370  65.340708    46.425    46.599  3 55999.89395314 12.785
 137 124.244204  65.339249    46.331    46.212  3 56009.80960415 12.744
 138 124.239702  65.339202    46.878    46.865  3 56019.72525041 12.653
 139 124.239003  65.339807    46.414    46.551  3 56029.64089399 12.340
 140 124.245393  65.340525    44.747    44.740  3 56039.55653630  7.935
 142 124.246838  65.342537    95.511    95.102  3 56059.38781310 15.184
 143 124.247121  65.342620    96.992    96.925  3 56069.30344787 26.157
 144 124.245360  65.342328   114.775   115.506  3 56079.21909881  9.010
 145 124.246685  65.342139    94.418    94.894  3 56089.13474733 27.333
 147 124.245747  65.342158    88.316    81.498  3 56108.96603671  1.096
 148 124.240380  65.341182    94.759    94.373  3 56118.88166536 18.670
 149 124.241511  65.339357    90.926    91.279  3 56128.79730255 26.693
 150 124.241829  65.338729    93.410    93.427  3 56138.71293617 27.677
 151 124.241454  65.339601    92.698    91.935  3 56148.62858411 16.451
 152 124.243171  65.340927    90.295    89.620  3 56158.54423324 22.568
 153 124.238259  65.342032    95.989    95.989  2 56168.45988062  1.219
 154 124.239504  65.340802    92.731    92.571  3 56178.37552572 25.336
 155 124.240590  65.339255    91.692    89.910  3 56188.29116637 20.936
 156 124.241950  65.338779    88.507    83.422  3 56198.20680359  8.585
 157 124.239975  65.340675   105.137   104.333  3 56208.12243756 15.363
 158 124.243795  65.342792    90.200    90.583  3 56218.03807042 14.913
 159 124.245918  65.343897    90.374    90.272  3 56227.95371532 22.170
 160 124.245702  65.343276    43.090    43.172  3 56237.86936966 37.289
 161 124.241346  65.342533    42.166    42.036  3 56247.78501977 32.159
 162 124.242737  65.341748    42.809    42.686  3 56257.70066539 28.518
 163 124.241551  65.342579    43.105    43.044  3 56267.61630736 25.292
 164 124.245350  65.342888    42.936    42.880  3 56277.53194812 24.146
 165 124.244400  65.342528    43.301    43.054  3 56287.44759623 20.880
 166 124.239944  65.340803    43.601    43.202  3 56297.36324520 19.485
 167 124.237905  65.338638    43.389    43.359  3 56307.27889047 18.528
 168 124.244292  65.337137    43.754    43.821  5 56317.19453366 17.106
 169 124.243792  65.338836    43.594    43.402  3 56327.11017460 16.921
 170 124.244114  65.341045    43.799    43.469  3 56337.02581459 16.314
 171 124.244035  65.342045    43.874    43.691  3 56346.94145302 15.072
 172 124.242248  65.341237    44.276    44.379  3 56356.85708885 14.096
 173 124.241062  65.339274    44.342    44.341  4 56366.77273696 14.185
 176 124.246749  65.342162    43.721    43.409  3 56396.51967502 13.303
 177 124.245667  65.343742    42.613    42.590  3 56406.43531613 16.727
 178 124.245763  65.343577    87.370    87.532  3 56416.35095391 20.708
 179 124.246366  65.342397   105.438   109.922  3 56426.26658706 12.484
 180 124.243529  65.341560   102.120   102.847  3 56436.18223698  5.707
 181 124.241977  65.341719    94.622    94.577  3 56446.09788861 28.463
 182 124.243610  65.342432    88.814    82.189  3 56456.01353817  0.838
 183 124.243466  65.342235    94.561    94.515  3 56465.92918453 16.938
 185 124.242884  65.338420    95.442   100.173  3 56485.76046616  8.778
 186 124.244398  65.337643    86.212    83.738  4 56495.67610242  2.790
 187 124.235974  65.340275    94.635    94.635  2 56505.59173591  0.871
 188 124.244640  65.342088   100.617    95.520  3 56515.50736951 12.564
 189 124.250217  65.342095   104.910   104.910  2 56525.42302412  0.799
 192 124.238325  65.339447    92.495    92.540  3 56555.16996515 25.559
 194 124.245786  65.342928    43.595    43.536  3 56575.00124990 47.647
 195 124.247429  65.344415    42.983    42.856  3 56584.91688851 45.942
 196 124.245188  65.344420    42.719    42.652  3 56594.83252436 42.323
 197 124.240891  65.342923    90.459    90.459  2 56604.74817700 14.653
 198 124.242701  65.341340    90.906    90.906  2 56614.66382537  8.914
 201 124.243281  65.342466    42.576    42.565  3 56644.41074801 19.170
 204 124.243980  65.337818    42.907    43.077  5 56674.15769587 15.777
 205 124.243651  65.338958    47.406    47.279  3 56684.07334062  4.914
 207 124.244948  65.342022    63.858    71.404  3 56703.90462177  3.677
 209 124.244176  65.340171    47.045    47.283  3 56723.73590445  8.203
 213 124.243799  65.344539    90.945    90.958  3 56763.39848186  7.709
 215 124.244654  65.342264   103.834   111.402  3 56783.22977292  7.981
 216 124.245724  65.340807    96.365    95.765  3 56793.14542694 29.077
 217 124.241133  65.340987    94.762    94.326  3 56803.06107756 25.907
 218 124.243754  65.341047    93.976    93.206  3 56812.97672092 29.578
 219 124.237213  65.341620    83.014    83.014  2 56822.89235990  0.934
 220 124.240444  65.340544    46.868    47.548  3 56832.80799568 27.426
 222 124.242173  65.339780    90.757    90.891  3 56852.63926812 24.548
 225 124.243627  65.341126    91.545    91.479  3 56882.38622623 24.159
 228 124.240489  65.340933    44.542    44.659  3 56912.13315846 48.456
 229 124.247771  65.341375   109.517   109.517  2 56922.04879939  1.360
 232 124.245316  65.343482    42.647    42.637  4 56951.79571237 42.699
 233 124.245020  65.342130    41.919    42.102  3 56961.71136355 44.909
 234 124.241182  65.341842    41.761    41.933  3 56971.62700939 34.282
 235 124.245352  65.341397    42.185    42.215  3 56981.54265185 27.850
 236 124.243460  65.341738    42.548    42.479  3 56991.45828924 22.556
 237 124.244720  65.341335    42.470    42.436  3 57001.37392112 21.333
 238 124.244425  65.339968    42.374    42.344  3 57011.28957870 21.192
 239 124.242217  65.339301    42.551    42.584  3 57021.20523024 18.230
 240 124.242017  65.339721    42.650    42.548  3 57031.12087907 17.652
 241 124.242232  65.340555    76.936    76.936  2 57041.03652605  2.006
 242 124.245615  65.340959    42.622    42.659  3 57050.95217125 15.898
 247 124.244591  65.343637    83.147    83.030  3 57100.53037668  1.557
 248 124.244388  65.343984    83.568    83.634  3 57110.44603119  2.499
 249 124.244479  65.343173    83.352    83.368  3 57120.36168018  1.349
 250 124.245001  65.341814    83.454    83.297  3 57130.27732344  0.514
 251 124.245048  65.341412    95.891    96.051  3 57140.19296132  3.863
 252 124.243844  65.342260    96.959    90.840  3 57150.10859554  7.063
 253 124.247511  65.342689    99.377    93.961  3 57160.02422726 26.018
 254 124.242783  65.342285    88.510    83.402  3 57169.93987942  3.641
 255 124.244218  65.340277    94.811    94.750  3 57179.85553520 28.439
 256 124.239642  65.339266    94.631    94.658  3 57189.77118635 25.426
 257 124.241088  65.339214    91.413    91.413  2 57199.68683435  9.684
 258 124.243919  65.340204    92.901    92.898  3 57209.60246869 24.581
 259 124.241266  65.341761    92.297    91.805  3 57219.51811243 24.802
 260 124.242338  65.341773    91.228    91.038  3 57229.43375554 20.966
 261 124.243528  65.341201    90.711    90.532  3 57239.34939646 24.816
 262 124.242849  65.341017    90.143    90.500  3 57249.26503420 25.185
 264 124.247734  65.343293    91.034    91.315  3 57269.09630419 11.566
 266 124.245306  65.344482    98.046    98.046  2 57288.92761064 14.210
 267 124.246458  65.342773   110.973   111.069  3 57298.84326387  2.828
 268 124.241543  65.341377    42.713    42.640  3 57308.75891290 46.720
 269 124.241234  65.340670    41.898    41.858  3 57318.67455870 43.462
 270 124.241548  65.341157    42.271    42.195  3 57328.59020136 31.454
 271 124.241191  65.342383    42.017    41.999  3 57338.50584173 25.309
 272 124.244685  65.341500    42.312    42.410  3 57348.42149072 25.617
 273 124.243674  65.339817    44.995    45.985  3 57358.33713685 22.117
 274 124.238354  65.338629    46.847    47.002  3 57368.25277929 18.907
 275 124.242087  65.338380    46.502    46.651  3 57378.16841968 18.117
 276 124.243632  65.340411    45.487    45.977  3 57388.08405813 17.872
 277 124.242045  65.342817    46.431    46.577  3 57397.99969547 16.540
 278 124.246454  65.343044    45.935    45.705  3 57407.91533194 16.363
 279 124.244068  65.341716    46.265    46.274  3 57417.83098473 15.772
 280 124.241146  65.340783    45.729    45.724  3 57427.74663524 15.598
 281 124.241236  65.341307    45.388    45.543  3 57437.66228324 14.684
 282 124.244253  65.343041    44.718    44.236  3 57447.57792999 14.397
 283 124.247517  65.344356    44.204    44.184  3 57457.49357571 15.034
 284 124.247216  65.344255    44.358    44.520  3 57467.40921856 15.223
 285 124.243236  65.342868    45.684    45.480  3 57477.32485719 14.348
 286 124.241287  65.341226    45.702    45.875  3 57487.24049283 13.812
 289 124.244749  65.342779   107.055   110.611  4 57516.98742080  2.941
 290 124.245061  65.342133   101.303    99.090  3 57526.90307435  5.049
 291 124.243253  65.340153   107.370   112.292  3 57536.81872518  8.705
 292 124.239589  65.338698    94.890    94.568  3 57546.73437309 27.625
 293 124.240349  65.338554    95.508    95.538  4 57556.65001967 28.585
 294 124.242067  65.340346   113.126   112.413  3 57566.56566494  6.328
