#  135.556 -72.800  70.273 ;Mean Elev.(m), Avg Gradient(m/km), RMS Gradient(m/km) - SRTM1     
#  138.448 -71.979  70.248 ;Mean Elev.(m), Avg Gradient(m/km), RMS Gradient(m/km) - ASTER GDEM
#  131.613  -1.588  51.922 ;Mean Elev.(m), Avg Gradient(m/km), RMS Gradient(m/km) - GMTED2010 
   1 118.076359  59.721444   144.931   147.322  3 54662.13542820 28.266
   2 118.073388  59.721747   139.699   139.812  3 54672.05107316 41.633
  10 118.074139  59.722893   140.938   138.032  3 54751.37624042 28.804
  11 118.073219  59.722426   140.803   137.909  3 54761.29188706 28.495
  12 118.075195  59.721667   137.349   137.355  3 54771.20753153 42.397
  13 118.076759  59.720761   135.980   135.963  3 54781.12317275 40.408
  15 118.076244  59.720062   146.783   146.830  3 54800.95444849 17.874
  16 118.076574  59.720614   143.771   146.355  3 54810.87008590 17.110
  17 118.074609  59.719999   146.931   147.035  3 54820.78572567 11.796
  18 118.075506  59.721046   146.972   146.972  2 54830.70137800 12.028
  19 118.075675  59.722518   147.137   147.032  3 54840.61701687 10.140
  20 118.073266  59.724105   146.873   146.903  3 54850.53266583 10.121
  21 118.071324  59.725909   146.578   146.540  3 54860.44831452  9.455
  22 118.069995  59.726587   146.424   146.251  3 54870.36396326  9.427
  23 118.070847  59.725354   146.556   146.544  3 54880.27961067  8.884
  24 118.071671  59.722332   146.693   146.699  3 54890.19525461  9.429
  25 118.075303  59.721453   151.679   147.570  3 54900.11089598  7.666
  26 118.073484  59.721263   146.956   146.956  3 54910.02653474  8.106
  27 118.072235  59.722448   161.798   161.477  3 54919.94217242  3.775
  29 118.075555  59.721187   146.941   147.045  3 54939.77344590 18.521
  31 118.080396  59.717414   142.650   142.653  3 54959.60471874 47.537
  33 118.078075  59.720921   537.758   538.481  3 54979.43601501  2.957
  35 118.076077  59.722525   145.194   145.233  3 54999.26730982 49.304
  36 118.075848  59.722550   147.367   147.262  3 55009.18295541 27.720
  37 118.073656  59.721940   141.094   141.147  3 55019.09859894 42.953
  38 118.074319  59.723735   140.086   139.965  3 55029.01424165 49.205
  39 118.069686  59.723536   139.298   139.547  3 55038.92988300 42.540
  40 118.073063  59.724748   139.205   139.229  3 55048.84552397 37.910
  41 118.075609  59.722852   140.419   140.334  3 55058.76116238 49.475
  42 118.075966  59.719185   141.766   141.771  3 55068.67680086 40.167
  43 118.078788  59.719044   147.455   147.455  2 55078.59245093 20.294
  44 118.075691  59.719433   141.305   141.598  3 55088.50809841 48.714
  45 118.074754  59.722138   141.833   139.017  3 55098.42374502 31.332
  46 118.071478  59.722796   139.408   139.436  3 55108.33939069 44.038
  47 118.073636  59.722594   138.832   138.832  2 55118.25503578 36.149
  48 118.076508  59.720759   137.872   137.866  3 55128.17067835 45.185
  49 118.078194  59.719274   136.791   136.757  3 55138.08631866 39.106
  50 118.078107  59.719603   147.093   146.900  3 55148.00195734 23.288
  51 118.075721  59.720707   137.985   138.107  3 55157.91759524 27.541
  52 118.073551  59.721221   138.275   138.247  3 55167.83323288 26.767
  53 118.074474  59.721154   139.965   138.606  3 55177.74887008 22.103
  54 118.077444  59.721328   141.202   138.136  3 55187.66451455 21.571
  55 118.074958  59.721349   137.897   137.849  3 55197.58016511 22.493
  56 118.074086  59.723474   140.527   137.211  3 55207.49581512 21.581
  57 118.070493  59.724570   142.772   145.302  3 55217.41146424 17.585
  58 118.070499  59.725313   146.784   146.680  3 55227.32711300 11.346
  59 118.071718  59.723892   146.714   146.714  2 55237.24275882 12.107
  60 118.075680  59.722018   147.112   147.210  3 55247.15840133 11.791
  61 118.076579  59.720290   147.041   147.000  3 55257.07404097 10.657
  62 118.075334  59.720423   147.101   146.983  3 55266.98967961  9.632
  63 118.074088  59.721996   147.046   147.024  3 55276.90531778  9.429
  64 118.073658  59.722150   146.852   146.762  3 55286.82095471 11.102
  65 118.076181  59.720636   147.254   147.254  2 55296.73658944  8.276
  67 118.078652  59.717780   136.281   136.283  3 55316.56787655 31.593
  68 118.078600  59.719338   538.862   538.716  3 55326.48352221  2.051
  69 118.074631  59.720581   144.104   144.142  3 55336.39916650 48.683
  70 118.073386  59.722205   141.008   140.809  3 55346.31481065 50.149
  71 118.073601  59.722628   141.783   141.783  2 55356.23045349 48.862
  72 118.072184  59.721509   147.410   147.402  3 55366.14609392 22.499
  73 118.074766  59.721859   139.040   139.040  2 55376.06173338 31.608
  74 118.073067  59.721199   142.384   142.389  3 55385.97737127 35.651
  75 118.074252  59.721776   138.164   138.164  2 55395.89300865 46.801
  76 118.076180  59.722011   137.971   138.007  3 55405.80864954 49.779
  77 118.075035  59.721020   141.210   141.210  2 55415.72430054 43.449
  78 118.077094  59.720158   140.821   137.931  3 55425.63994862 29.076
  79 118.078118  59.719459   140.984   140.984  2 55435.55559404 46.321
  80 118.075795  59.719469   139.463   139.482  3 55445.47123799 43.370
  81 118.074981  59.721237   139.093   139.093  2 55455.38688156 46.779
  82 118.073939  59.722177   144.293   146.616  3 55465.30252428 26.411
  83 118.073458  59.720663   147.093   147.014  3 55475.21816384 23.183
  84 118.077094  59.719090   137.640   137.691  3 55485.13380068 47.701
  85 118.080379  59.718010   137.061   137.061  2 55495.04943537 43.081
  86 118.080791  59.718270   136.828   136.777  3 55504.96506900 39.272
  87 118.077362  59.720386   136.173   136.234  3 55514.88071925 42.712
  88 118.073585  59.721643   135.808   135.738  3 55524.79636859 32.509
  89 118.073860  59.722926   143.403   146.700  3 55534.71201641 20.080
  90 118.073879  59.722937   140.359   137.585  3 55544.62766211 20.515
  91 118.073602  59.723079   140.404   137.737  3 55554.54330597 20.064
  92 118.072987  59.723643   137.357   137.389  3 55564.45894895 19.810
  93 118.071597  59.723048   146.447   146.602  3 55574.37459114 14.807
  94 118.074950  59.722804   142.886   145.267  3 55584.29023232 14.655
  95 118.076289  59.720653   146.770   146.770  2 55594.20586966 14.256
  96 118.078516  59.718954   141.475   141.475  2 55604.12150377 14.576
  97 118.079180  59.717766   145.468   146.515  3 55614.03713563 14.925
  98 118.078360  59.717752   135.446   135.402  3 55623.95277343 12.949
  99 118.076037  59.719096   146.755   146.941  3 55633.86842590 11.826
 100 118.076942  59.720399   147.063   147.063  2 55643.78407639 10.541
 101 118.076666  59.720039   148.240   148.240  2 55653.69972371  5.415
 102 118.076337  59.718855   139.933   136.420  3 55663.61536653  7.905
 103 118.078602  59.719620   147.894   147.846  3 55673.53100695 22.336
 104 118.074004  59.718628   527.447   527.447  2 55683.44664509  0.945
 105 118.075585  59.720208   140.545   140.610  3 55693.36228283 37.661
 106 118.074475  59.719960   139.811   139.858  3 55703.27791859 47.233
 107 118.077299  59.721509   140.412   140.404  3 55713.19356365 46.390
 108 118.073563  59.721158   142.110   142.128  3 55723.10921260 42.759
 109 118.074651  59.722818   140.486   140.369  3 55733.02486022 36.429
 110 118.071660  59.722434   139.376   139.472  3 55742.94050586 47.279
 111 118.074080  59.723152   137.793   137.929  3 55752.85615076 31.746
 112 118.075866  59.721911   138.864   138.655  3 55762.77179303 51.035
 113 118.076115  59.719636   140.280   140.285  3 55772.68743224 38.447
 114 118.077751  59.718426   141.680   141.742  3 55782.60306826 31.682
 115 118.078597  59.718369   140.037   140.018  3 55792.51870190 31.608
 116 118.077877  59.718216   138.633   138.571  3 55802.43433603 32.068
 117 118.075883  59.719017   139.412   139.461  3 55812.34998610 43.243
 118 118.079000  59.720254   147.547   147.596  3 55822.26563506 23.328
 119 118.078297  59.718797   138.416   138.423  3 55832.18127849 43.053
 120 118.079004  59.717986   137.327   137.332  3 55842.09691764 41.407
 121 118.078510  59.717932   138.047   137.976  3 55852.01255362 47.271
 122 118.078484  59.719069   137.467   137.531  3 55861.92818757 48.068
 123 118.075306  59.720920   137.375   137.375  2 55871.84384184 41.565
 124 118.076116  59.722178   136.334   136.336  3 55881.75949181 31.702
 125 118.075511  59.721613   146.810   147.085  3 55891.67513484 18.049
 126 118.075578  59.721019   146.907   146.907  2 55901.59077222 16.361
 127 118.076834  59.721352   147.208   147.190  3 55911.50640625 14.216
 128 118.072629  59.722294   146.762   146.714  3 55921.42206062 13.536
 129 118.072842  59.722675   146.947   147.134  3 55931.33771272 12.331
 130 118.076261  59.721959   147.228   147.079  3 55941.25336094 10.501
 131 118.076840  59.719689   147.337   147.380  3 55951.16900418  9.420
 132 118.076705  59.718932   147.265   147.387  3 55961.08464369 10.151
 133 118.077719  59.720433   147.303   147.414  3 55971.00028125  9.825
 134 118.076556  59.720973   147.032   147.041  3 55980.91591723 10.506
 135 118.078063  59.720299   147.169   147.023  3 55990.83155212 12.073
 136 118.079447  59.719537   147.882   147.910  3 56000.74719717  8.491
 137 118.078704  59.718536   147.490   147.493  3 56010.66284724  8.461
 138 118.078033  59.718910   147.380   147.470  3 56020.57849363  8.430
 139 118.076553  59.720490   147.445   147.445  2 56030.49413724  9.221
 144 118.075224  59.720909   143.669   143.669  2 56080.07234254 44.630
 145 118.075083  59.722735   144.508   144.536  3 56089.98799091 48.159
 146 118.072010  59.723069   143.383   143.496  3 56099.90363630 44.727
 147 118.074474  59.723349   142.983   142.994  3 56109.81926810 33.596
 148 118.077189  59.721271   140.344   140.575  3 56119.73490814 47.294
 149 118.078736  59.718050   142.852   143.078  3 56129.65054428 48.859
 150 118.081056  59.717095   143.789   143.789  2 56139.56617768 44.424
 151 118.076877  59.718588   139.907   139.978  3 56149.48182731 39.847
 152 118.075570  59.721315   147.443   147.443  2 56159.39747676 23.683
 153 118.074543  59.721820   147.691   147.691  2 56169.31312463 22.181
 154 118.076353  59.720677   147.466   147.466  2 56179.22876918 23.592
 155 118.077989  59.718962   138.637   138.517  3 56189.14440937 38.519
 156 118.078138  59.718289   137.862   137.922  3 56199.06004631 37.807
 157 118.077535  59.719415   138.638   138.722  3 56208.97568063 38.963
 158 118.075935  59.720461   137.496   137.669  3 56218.89131303 38.673
 159 118.076110  59.722418   136.779   136.806  3 56228.80695997 44.009
 160 118.075658  59.722519   136.115   136.141  3 56238.72261370 38.156
 161 118.074742  59.721726   147.028   147.012  3 56248.63826343 16.855
 162 118.076358  59.722025   147.291   147.151  3 56258.55390869 15.396
 163 118.074050  59.722083   146.995   147.105  3 56268.46955061 14.934
 164 118.073422  59.722521   147.187   147.278  3 56278.38519107 11.732
 165 118.071819  59.722350   147.175   147.131  3 56288.30084036 10.181
 166 118.075816  59.721987   147.551   147.481  3 56298.21648969 12.457
 167 118.077089  59.720049   148.132   148.132  2 56308.13213460  8.778
 168 118.078497  59.719749   147.395   147.444  3 56318.04777705 13.771
 169 118.075270  59.720321   147.160   147.096  3 56327.96341781 13.583
 170 118.073075  59.721256   146.974   146.854  3 56337.87905766 13.604
 171 118.075368  59.721829   147.682   147.631  3 56347.79469602 10.082
 177 118.070799  59.723778   146.928   146.977  3 56407.28855901 17.706
 178 118.071794  59.722507   537.030   537.392  3 56417.20419635  1.097
 179 118.074267  59.720186   144.844   144.937  3 56427.11982893 48.707
 181 118.075139  59.722833   140.508   140.430  3 56446.95113282 49.621
 182 118.070455  59.722685   141.266   141.229  3 56456.86678155 41.936
 183 118.071231  59.722860   138.955   138.979  3 56466.78242761 33.817
 184 118.074445  59.721923   140.980   141.099  3 56476.69806978 44.815
 185 118.075841  59.719330   139.879   139.822  3 56486.61370795 40.584
 186 118.078523  59.718842   143.050   142.850  3 56496.52934390 49.559
 187 118.079873  59.719630   141.654   141.500  3 56506.44497859 37.190
 188 118.078461  59.719830   140.563   140.574  3 56516.36061314 49.684
 189 118.075978  59.720697   147.502   147.502  2 56526.27626774 23.176
 190 118.076485  59.720676   147.484   147.511  3 56536.19191836 24.759
 192 118.077442  59.721015   140.510   137.992  3 56556.02320919 48.266
 193 118.074059  59.721599   138.184   138.113  3 56565.93885164 44.250
 194 118.074221  59.723660   136.877   136.872  3 56575.85449322 49.841
 195 118.072679  59.723118   141.962   141.962  2 56585.77013108 30.381
 196 118.073534  59.721677   135.959   135.941  3 56595.68576856 42.428
 197 118.075300  59.722320   140.618   137.777  3 56605.60142124 28.577
 198 118.072728  59.721265   146.885   147.053  3 56615.51706851 19.069
 199 118.073114  59.721627   146.892   146.813  3 56625.43271268 16.842
 200 118.075521  59.722500   147.300   147.451  3 56635.34835438 14.140
 201 118.075127  59.721072   147.018   147.018  2 56645.26399282 14.663
 202 118.077006  59.721602   147.323   147.349  3 56655.17964581 12.870
 203 118.076177  59.720392   147.435   147.435  2 56665.09529399 10.912
 204 118.076535  59.720467   147.291   147.204  3 56675.01093967 12.427
 205 118.076137  59.721457   147.251   147.329  3 56684.92658422 12.078
 206 118.075850  59.722319   147.274   147.277  3 56694.84222669 11.830
 207 118.076173  59.721796   147.163   146.993  3 56704.75786457 10.994
 208 118.076080  59.719497   147.295   147.338  3 56714.67349676  9.875
 210 118.074439  59.721646   147.369   147.381  3 56734.50479821  9.611
 213 118.070734  59.722631   136.718   136.692  3 56764.25172434 31.687
 215 118.073107  59.722615   139.999   139.896  3 56784.08301748 48.150
 216 118.073841  59.724358   140.385   140.694  3 56793.99867122 50.024
 217 118.071976  59.724715   140.326   139.778  3 56803.91432121 49.440
 218 118.071259  59.723469   141.220   141.226  3 56813.82996359 46.796
 219 118.073843  59.722379   142.507   142.507  2 56823.74560280 47.215
 221 118.076951  59.719105   138.656   138.556  3 56843.57686943 46.822
 222 118.075840  59.719122   138.211   138.241  3 56853.49251162 28.055
 223 118.074098  59.720536   137.169   137.355  3 56863.40816570 46.082
 224 118.072693  59.721400   138.151   138.097  3 56873.32381920 42.854
 225 118.075138  59.722784   147.775   147.603  3 56883.23946995 23.947
 226 118.073207  59.722108   138.780   138.835  3 56893.15511660 41.807
 227 118.072007  59.722306   139.661   139.535  3 56903.07076021 47.004
 228 118.073465  59.724656   138.138   138.130  3 56912.98640232 45.042
 229 118.072479  59.725221   139.103   139.000  3 56922.90204223 38.522
 230 118.070800  59.723969   139.872   138.118  3 56932.81767945 47.040
 231 118.074763  59.722951   136.911   136.901  3 56942.73331193 40.343
 232 118.076366  59.722207   136.374   136.439  3 56952.64895645 44.808
 233 118.074290  59.721975   136.092   136.058  3 56962.56460691 37.940
 234 118.074065  59.723005   134.796   134.769  3 56972.48025292 39.274
 235 118.074350  59.723305   136.651   136.662  3 56982.39589474 28.667
 236 118.075337  59.721863   136.187   136.164  3 56992.31153186 26.970
 237 118.078371  59.719514   136.667   136.637  3 57002.22716600 25.508
 238 118.078442  59.719757   136.384   136.387  3 57012.14282334 23.454
 239 118.076107  59.719798   136.156   136.195  3 57022.05847465 24.062
 240 118.074808  59.721483   136.045   136.045  2 57031.97412339 26.271
 241 118.072242  59.721942   136.085   136.022  3 57041.88976972 22.884
 242 118.072056  59.721846   135.973   136.040  3 57051.80541406 22.972
 243 118.073809  59.720656   135.745   135.596  3 57061.72105415 17.518
 244 118.075997  59.719742   135.820   135.859  3 57071.63668893 18.684
 245 118.077122  59.719768   135.495   135.462  3 57081.55231962 17.906
 246 118.076096  59.721971   143.048   146.844  3 57091.46796361 16.427
 248 118.070489  59.724578   135.541   135.562  3 57111.29927524 33.439
 249 118.072961  59.723729   135.558   135.647  3 57121.21492383 28.771
 250 118.074793  59.722393   135.657   135.659  3 57131.13056657 23.783
 251 118.076379  59.722313   148.045   148.117  3 57141.04620426 28.815
 255 118.076694  59.720582   142.969   142.969  2 57180.70877864 47.226
 256 118.075797  59.719302   142.896   142.953  3 57190.62442939 35.389
 257 118.076493  59.720659   140.673   140.673  2 57200.54007742 31.218
 258 118.074187  59.721964   140.598   140.598  2 57210.45571159 42.688
 259 118.073559  59.723099   138.880   138.749  3 57220.37135575 45.846
 260 118.073651  59.722505   138.336   138.401  3 57230.28699861 39.826
 261 118.073905  59.721024   137.415   137.272  3 57240.20263904 46.387
 262 118.074745  59.719791   137.326   137.363  3 57250.11827672 44.352
 263 118.076143  59.720510   144.345   144.345  2 57260.03391243 44.564
 264 118.074633  59.721212   137.949   136.996  3 57269.94954651 45.277
 265 118.072708  59.723439   137.272   137.136  3 57279.86519935 44.995
 266 118.072169  59.724103   137.098   137.138  3 57289.78085485 29.857
 267 118.070951  59.722469   136.804   136.674  3 57299.69650707 47.249
 268 118.075829  59.722472   136.274   136.193  3 57309.61215647 49.126
 269 118.072715  59.721231   135.966   136.008  3 57319.52780157 42.983
 270 118.071162  59.722197   136.174   136.227  3 57329.44344426 41.271
 271 118.069968  59.722992   139.651   136.416  3 57339.35908483 21.901
 272 118.071668  59.723566   136.480   136.523  3 57349.27473460 20.474
 273 118.074382  59.721976   139.173   137.140  3 57359.19038052 18.986
 274 118.076604  59.720019   143.640   144.206  3 57369.10602311 15.507
 275 118.076923  59.719789   142.962   142.925  3 57379.02166303 15.281
 276 118.074871  59.720621   142.557   142.500  3 57388.93730135 15.663
 277 118.074840  59.721677   143.020   143.020  2 57398.85293894 13.634
 278 118.075512  59.720944   142.559   142.559  2 57408.76857575 13.249
 279 118.077125  59.721226   146.869   147.000  3 57418.68422878 11.804
 280 118.075686  59.720867   145.921   145.921  2 57428.59987890 11.864
 281 118.074966  59.722637   146.246   146.783  3 57438.51552698 10.793
 282 118.071076  59.723943   143.155   146.830  3 57448.43117351 11.268
 283 118.071198  59.725642   146.038   146.175  3 57458.34681927 12.092
 284 118.072180  59.724883   147.249   147.190  3 57468.26246194  9.860
 285 118.075791  59.722818   153.528   148.987  3 57478.17810064  7.857
 286 118.077924  59.720530   164.301   163.692  3 57488.09373599  4.341
 288 118.077203  59.719859   148.058   148.058  2 57507.92500910 24.325
 289 118.074145  59.721365   137.970   137.883  3 57517.84066501 32.653
 291 118.076012  59.720995   142.587   142.587  2 57537.67196854 44.483
 292 118.077756  59.720297   144.181   144.365  3 57547.58761634 47.358
 293 118.077223  59.720436   142.003   142.026  3 57557.50326267 45.044
 294 118.074692  59.721580   147.284   147.473  3 57567.41890796 26.332
 295 118.071401  59.722081   138.992   138.991  3 57577.33455242 38.598
 296 118.072880  59.722980   140.177   140.177  2 57587.25019613 42.475
 297 118.075191  59.722897   139.187   139.028  3 57597.16583738 49.398
