# NaN NaN NaN ;Mean Elev.(m), Avg Gradient(m/km), RMS Gradient(m/km) - SRTM1     
#   80.173  -5.004  14.795 ;Mean Elev.(m), Avg Gradient(m/km), RMS Gradient(m/km) - ASTER GDEM
#   70.000  -7.717  15.500 ;Mean Elev.(m), Avg Gradient(m/km), RMS Gradient(m/km) - GMTED2010 
   1 129.200904  61.492918    96.311    93.660  7 54666.28114632 26.230
   2 129.199668  61.494080   120.010   121.650  7 54676.19679062 18.040
   3 129.204711  61.494466    -2.794    -2.784  7 54686.11243425  5.040
   5 129.204798  61.496292     1.264     1.282  7 54705.94371520  7.802
   6 129.200987  61.493914   105.507   107.835  7 54715.85936760 32.808
   7 129.195423  61.491977    10.095    10.196  7 54725.77501730  4.624
  11 129.200029  61.491239   153.579   148.147  5 54765.43760475 14.467
  12 129.194691  61.491087   142.852   142.814  6 54775.35324659 22.273
  13 129.192255  61.489996   125.374   123.363  7 54785.26888637 17.902
  14 129.193135  61.490135   135.499   135.957  6 54795.18452484 12.881
  15 129.198151  61.491745   134.938   135.989  7 54805.10016292 13.316
  16 129.199618  61.494518   142.652   143.511  7 54815.01580006  9.773
  17 129.200611  61.494752   134.395   137.512  7 54824.93144619 10.645
  18 129.199218  61.493168   141.784   139.667  6 54834.84708605  6.836
  19 129.196753  61.492555   138.988   143.162  7 54844.76273577  9.105
  20 129.197523  61.492548   139.827   140.339  7 54854.67838482  6.191
  21 129.199653  61.493436   139.677   139.610  7 54864.59403367  5.394
  22 129.201703  61.493421   139.442   139.765  7 54874.50968229  4.492
  23 129.199168  61.493303   135.901   137.661  7 54884.42532787  8.374
  24 129.195558  61.491674   138.624   140.570  6 54894.34097014  6.143
  25 129.193773  61.489625    94.429    91.473  7 54904.25661000 17.647
  26 129.193337  61.489466   142.838   142.545  7 54914.17224868  4.089
  27 129.194933  61.490762   141.911   141.786  7 54924.08788687  3.575
  28 129.197314  61.492442   134.822   135.429  6 54934.00352432  7.916
  29 129.198897  61.493234    92.997    92.465  6 54943.91915988 22.050
  30 129.197812  61.493100   151.975   148.600  7 54953.83479313 11.452
  33 129.197753  61.491445   146.321   146.566  7 54983.58173435 15.059
  34 129.198507  61.493540   117.559   116.281  7 54993.49738155 29.756
  35 129.199807  61.493971    95.863    95.887  7 55003.41302791 31.619
  36 129.200340  61.493111    95.550    95.602  7 55013.32867239 35.200
  37 129.196760  61.493271   102.916   103.310  7 55023.24431502 22.469
  38 129.199853  61.492785    94.029    94.170  7 55033.15995768 32.401
  39 129.199968  61.494335   140.491   140.419  7 55043.07559917  7.642
  40 129.203946  61.494609    93.486    93.501  7 55052.99123962 29.798
  41 129.200433  61.495246    93.574    93.552  7 55062.90687712 29.628
  42 129.200449  61.492425    95.143    95.170  7 55072.82252204 48.089
  43 129.196556  61.490520    93.964    93.933  7 55082.73817024 31.352
  44 129.192861  61.490623    94.594    94.562  7 55092.65381654 30.392
  45 129.195816  61.490450   145.415   142.906  7 55102.56946317 27.719
  46 129.195986  61.491694    93.835    93.841  7 55112.48510906 39.305
  47 129.197429  61.491465    93.057    93.080  7 55122.40075290 50.355
  48 129.195797  61.490957   152.863   153.106  7 55132.31639361 13.343
  49 129.193882  61.490189   145.834   146.481  6 55142.23203235  8.769
  50 129.193838  61.490477   144.617   146.023  6 55152.14767062 10.018
  51 129.196028  61.492006   137.058   136.928  7 55162.06330929 11.370
  52 129.199819  61.493683   143.001   140.068  7 55171.97894772  6.567
  53 129.200773  61.495378   137.571   135.777  7 55181.89458433  9.212
  54 129.200157  61.494467   136.452   139.149  7 55191.81023456  8.831
  55 129.199074  61.493572   139.241   139.747  7 55201.72588475  5.816
  56 129.198145  61.493476    91.804    91.727  7 55211.64153414 21.845
  57 129.199786  61.493233   141.099   139.966  7 55221.55718328  4.736
  58 129.200496  61.492314   143.945   143.286  7 55231.47283122  3.677
  59 129.198374  61.491653   142.224   143.586  7 55241.38847567  4.149
  60 129.194722  61.490819    91.459    91.478  6 55251.30411652 17.984
  61 129.194089  61.489699    91.420    91.404  7 55261.21975549 17.008
  62 129.192693  61.490684    91.609    91.524  7 55271.13539334 16.326
  63 129.195723  61.491223    91.569    91.470  6 55281.05103161 16.357
  64 129.194091  61.493138   145.473   146.912  6 55290.96666812  1.759
  65 129.198783  61.492435    93.522    91.605  7 55300.88230320 15.628
  66 129.196515  61.491689   162.851   163.234  6 55310.79794980 15.875
  67 129.194599  61.491170   108.511   107.563  6 55320.71359528 25.093
  68 129.199840  61.489630    93.115    93.118  5 55330.62924035 39.767
  69 129.202745  61.490062    97.244    97.245  4 55340.54488483 54.892
  70 129.200316  61.492327    98.794    96.584  7 55350.46052837 27.719
  71 129.198246  61.493984    94.432    94.472  7 55360.37616991 36.175
  72 129.199091  61.494015   136.756   146.073  7 55370.29180977 10.502
  73 129.199623  61.494362   143.018   147.360  7 55380.20744814 11.487
  74 129.200785  61.494996    95.552    95.570  7 55390.12308589 33.606
  75 129.203996  61.494918    93.141    93.094  7 55400.03872285 29.963
  76 129.203086  61.494010   131.915   131.825  7 55409.95437056 11.051
  77 129.196476  61.493217    93.861    93.910  7 55419.87002049 31.976
  78 129.194971  61.491184   150.661   154.827  7 55429.78566778 11.826
  79 129.194254  61.490664   144.629   144.228  7 55439.70131236 23.000
  80 129.196397  61.490825   158.162   157.593  7 55449.61695559 24.106
  81 129.196668  61.491698    93.256    93.237  6 55459.53259811 45.990
  82 129.196946  61.491673    92.706    92.790  7 55469.44823986 32.169
  83 129.197036  61.491074    92.000    91.889  7 55479.36387848 40.325
  84 129.196938  61.490953   135.180   134.216  7 55489.27951427 20.542
  85 129.198112  61.491568   154.849   158.404  7 55499.19514792 17.397
  86 129.198436  61.492934   148.455   147.790  6 55509.11078784 10.693
  87 129.200970  61.492643   106.391   106.213  7 55519.02643825 24.288
  88 129.199152  61.493541   140.103   142.714  7 55528.94208722 10.293
  89 129.201323  61.492612   142.181   141.148  7 55538.85773494  8.310
  90 129.200523  61.492648   131.232   134.916  7 55548.77337998 15.224
  91 129.199469  61.493174   144.618   143.063  7 55558.68902314  7.754
  92 129.199684  61.493969   134.221   134.620  7 55568.60466546 11.267
  93 129.202282  61.493430   139.506   138.553  7 55578.52030725  6.578
  94 129.200424  61.492834   131.494   133.342  7 55588.43594629 10.774
  95 129.196763  61.492176   135.626   135.183  7 55598.35158213  9.444
  96 129.195910  61.491588   133.588   138.111  6 55608.26721568  9.859
  97 129.198666  61.491889   138.576   140.151  7 55618.18284766  5.273
  98 129.201146  61.492613   136.957   138.965  7 55628.09849450  7.804
  99 129.199130  61.493590   140.268   140.153  7 55638.01414565  4.164
 100 129.199692  61.492154   126.254   122.521  7 55647.92979524 10.474
 101 129.196042  61.490828    91.420    91.384  6 55657.84544148 16.834
 102 129.193774  61.490266    91.556    91.784  7 55667.76108359 16.123
 103 129.193920  61.491349   145.816   147.796  7 55677.67672297 11.199
 104 129.197500  61.493056    94.500    94.258  7 55687.59236059 33.535
 105 129.200134  61.494762   112.573   106.011  7 55697.50799684 18.567
 106 129.203536  61.494881    93.649    93.623  7 55707.42363210 38.214
 107 129.201675  61.493908    95.190    95.205  7 55717.33928324 28.355
 108 129.201822  61.492819   135.576   139.924  7 55727.25493185 10.986
 109 129.198400  61.494184   147.283   147.382  7 55737.17057826  7.508
 110 129.203197  61.493492    92.905    92.940  7 55747.08622445 32.341
 111 129.199574  61.494493    93.154    93.138  7 55757.00186764 24.965
 112 129.198419  61.493253   144.520   146.030  7 55766.91750872  6.825
 113 129.196972  61.491389    94.176    94.140  7 55776.83314686 42.994
 114 129.195625  61.490688    94.824    94.784  6 55786.74878210 30.026
 115 129.196011  61.492280   154.232   153.908  7 55796.66441543 19.792
 116 129.198282  61.493840    93.198    93.098  7 55806.58005688 28.411
 117 129.198719  61.494741    93.544    93.628  7 55816.49570573 29.951
 118 129.198287  61.493750    92.934    93.042  7 55826.41135158 36.832
 119 129.197401  61.492024    93.060    93.096  7 55836.32699308 33.318
 120 129.196860  61.490905   144.780   145.670  7 55846.24263129  9.379
 121 129.196428  61.492815   158.605   159.047  7 55856.15826667 22.805
 122 129.201485  61.493810   143.839   143.531  7 55866.07390941 19.128
 123 129.203042  61.494618   158.917   159.432  7 55875.98956217  2.912
 124 129.202007  61.494812   146.814   146.860  7 55885.90520880  4.261
 125 129.202733  61.493786   141.084   142.343  7 55895.82084990  4.963
 126 129.198759  61.494805   141.883   140.028  7 55905.73648507  4.351
 127 129.201430  61.494252   139.892   139.397  7 55915.65212831  5.043
 128 129.199729  61.494666   140.860   139.852  7 55925.56778170  4.206
 129 129.199851  61.494288   141.105   141.956  7 55935.48343207  3.292
 130 129.196362  61.493237   143.331   141.409  7 55945.39907739  3.154
 131 129.194454  61.491025   141.629   141.705  6 55955.31471860  3.639
 132 129.192140  61.490342   141.534   142.358  7 55965.23035699  3.844
 133 129.194345  61.491079   139.820   142.499  6 55975.14599441  3.445
 134 129.197697  61.493346   140.088   140.654  7 55985.06163086  3.120
 135 129.202774  61.494534   140.096   140.005  7 55994.97726544  2.771
 136 129.199456  61.493746   139.772   140.267  7 56004.89291756  2.428
 137 129.196038  61.491518   141.610   141.943  7 56014.80856593  2.580
 138 129.195064  61.489871    91.646    91.633  7 56024.72421131 17.164
 139 129.194429  61.491242    91.686    91.781  7 56034.63985422 17.396
 140 129.198980  61.493130   156.784   155.354  7 56044.55549541  6.020
 141 129.201748  61.495077    93.227    93.337  7 56054.47113365 34.410
 142 129.207985  61.494250    98.321    98.338  6 56064.38676888 50.522
 143 129.200059  61.495269   146.824   146.100  7 56074.30241164 11.471
 144 129.197949  61.494092    96.454    96.428  7 56084.21806126 35.099
 145 129.199154  61.493329    96.935    96.975  7 56094.13370883 36.330
 146 129.200142  61.493729   147.284   148.091  6 56104.04935413  7.822
 147 129.199115  61.493904    96.429    96.464  7 56113.96498480 35.152
 148 129.198811  61.493175    94.179    94.209  6 56123.88062344 38.515
 149 129.197541  61.492193    96.069    96.087  6 56133.79625802 42.201
 150 129.197831  61.491182   139.286   139.217  7 56143.71189731 10.326
 151 129.196016  61.491498   148.580   150.252  6 56153.62754745  6.400
 152 129.199388  61.491759    93.624    93.603  7 56163.54319669 42.520
 153 129.197181  61.493659    93.189    93.240  7 56173.45884316 38.670
 154 129.200546  61.492564    93.505    93.609  7 56183.37448545 33.402
 155 129.196064  61.492590   147.818   148.917  7 56193.29012317  7.069
 156 129.196012  61.491800    93.158    92.908  7 56203.20575870 27.295
 157 129.197938  61.492916    95.220    92.455  7 56213.12139261 27.723
 158 129.204451  61.494620    91.903    91.880  7 56223.03702565 45.994
 159 129.205055  61.495475   150.136   150.114  7 56232.95268200  4.289
 160 129.201944  61.495873   153.822   153.086  7 56242.86833402  3.979
 161 129.199164  61.494900   141.953   141.253  7 56252.78398167  5.591
 162 129.199053  61.493633   153.979   155.523  7 56262.69962502  2.837
 163 129.198957  61.493570    91.917    91.902  7 56272.61526619 26.262
 164 129.198833  61.494019   151.213   154.122  7 56282.53090836  2.798
 165 129.199626  61.492858   147.426   145.234  7 56292.44656035  2.102
 166 129.195271  61.492332   149.064   146.059  6 56302.36220734  2.299
 167 129.193655  61.491024   143.331   142.606  7 56312.27785050  1.945
 168 129.191552  61.491313   147.313   146.545  6 56322.19349136  0.928
 169 129.191097  61.492804   145.541   145.419  4 56332.10913175  1.343
 170 129.193243  61.493963   145.102   145.482  4 56342.02477200  0.540
 172 129.196643  61.493968   150.750   148.324  5 56361.85605060  1.121
 173 129.194497  61.492739   149.149   148.516  5 56371.77170000  0.853
 174 129.196057  61.491435    91.247    91.167  7 56381.68734702 17.055
 175 129.197587  61.492055    91.298    91.246  6 56391.60299158 17.592
 177 129.200431  61.494850   120.826   111.416  7 56411.43427444 19.633
 178 129.200982  61.495584    92.815    92.795  7 56421.34990956 36.821
 179 129.202390  61.494918   145.354   148.438  8 56431.26554884 10.169
 180 129.199970  61.493893   151.539   150.559  7 56441.18120161  8.777
 181 129.199048  61.493151   139.164   139.420  7 56451.09685204 11.805
 182 129.197854  61.492782   164.815   157.837  7 56461.01250012  7.264
 183 129.197916  61.491566   153.432   158.461  7 56470.92814512  8.689
 184 129.196538  61.491086    93.596    93.480  7 56480.84378624 36.422
 185 129.195761  61.491243    94.229    94.265  7 56490.75942340 47.005
 186 129.197423  61.491978   150.293   150.348  7 56500.67505810 19.593
 187 129.199232  61.493572    96.341    96.353  7 56510.59069122 50.799
 188 129.200036  61.494146    94.639    94.641  7 56520.50633481 38.713
 189 129.197851  61.493865    94.804    94.728  7 56530.42198786 35.068
 191 129.195769  61.492570   135.352   138.639  7 56550.25328222 10.883
 192 129.199585  61.491793   145.629   147.140  7 56560.16892549  7.028
 193 129.198079  61.493765    92.820    92.730  7 56570.08456701 30.126
 194 129.200160  61.495121    92.070    92.304  7 56580.00020759 44.250
 195 129.203209  61.495556   140.367   145.659  7 56589.91584440 15.310
 196 129.200338  61.495607   137.011   136.680  7 56599.83149017 14.462
 197 129.202080  61.493165   145.829   146.565  7 56609.74714120  5.634
 198 129.198166  61.494061   146.993   148.114  7 56619.66278642  5.974
 199 129.200105  61.493823   148.254   146.625  7 56629.57842910  5.346
 200 129.201209  61.493592   144.125   146.195  7 56639.49406840  6.808
 201 129.197684  61.493044    91.588    91.553  7 56649.40971331 24.344
 202 129.194610  61.491271   143.046   144.085  7 56659.32536430  6.699
 203 129.192994  61.490784   145.236   148.178  7 56669.24101148  6.898
 204 129.194451  61.491781    91.303    91.315  7 56679.15665650 21.280
 205 129.197452  61.492914    91.241    91.170  7 56689.07230016 21.138
 206 129.199511  61.493194    91.060    91.061  6 56698.98794119 20.241
 207 129.200159  61.492669   142.344   143.613  7 56708.90357753  3.076
 208 129.198801  61.492116   142.016   140.413  7 56718.81921680  2.583
 209 129.197260  61.491599   139.475   140.875  7 56728.73486926  4.663
 210 129.191701  61.494502   146.804   147.336  4 56738.65051691  0.679
 212 129.203887  61.494227    90.717    90.685  7 56758.48180271 30.200
 213 129.202787  61.495111   134.526   132.297  7 56768.39743641 13.417
 214 129.200535  61.494038   147.779   147.843  7 56778.31308326  8.142
 215 129.202372  61.491506    95.447    95.452  6 56788.22873961 34.367
 216 129.205728  61.489682    95.847    95.847  4 56798.14439260 28.885
 217 129.198852  61.492190    93.713    93.736  7 56808.06003850 34.101
 218 129.197761  61.492509   164.310   164.774  6 56817.97567935  3.234
 219 129.197125  61.491741   147.368   147.412  6 56827.89131678  7.024
 220 129.195719  61.491137   136.926   141.705  6 56837.80695088 12.455
 221 129.195191  61.492299    93.191    93.241  7 56847.72258193 34.777
 222 129.196189  61.492661   124.446   126.227  7 56857.63823445 15.648
 223 129.200762  61.492723    92.142    92.142  7 56867.55388817 40.863
 224 129.197797  61.493662    92.180    92.222  7 56877.46953939 38.563
 225 129.197378  61.492235    93.081    93.030  7 56887.38518795 39.541
 226 129.195649  61.490701    92.884    92.956  7 56897.30083373 43.402
 227 129.195464  61.490563    93.460    93.446  6 56907.21647681 25.260
 228 129.198293  61.491861    93.373    93.443  7 56917.13211794 26.973
 229 129.198805  61.494940   149.571   148.953  7 56927.04775675  4.889
 230 129.202508  61.495955   158.416   155.038  7 56936.96339243 12.340
 231 129.203509  61.496083   138.615   144.338  7 56946.87902283 20.045
 232 129.201275  61.493434   151.047   150.923  7 56956.79467722 12.712
 233 129.197617  61.492535   125.018   128.665  6 56966.71032568 14.082
 234 129.198291  61.492824    91.516    91.522  6 56976.62597015 27.367
 235 129.195607  61.495425   151.811   152.000  5 56986.54160948  2.055
 236 129.200792  61.494896    94.566    91.804  7 56996.45724412 24.399
 237 129.200451  61.493138    91.740    91.612  7 57006.37288866 23.661
 238 129.195793  61.491113   143.531   143.875  7 57016.28854275  5.640
 239 129.194458  61.490242   148.849   148.674  6 57026.20419323  1.764
 240 129.195666  61.491570    91.261    91.133  6 57036.11984177 21.533
 241 129.200662  61.492448    91.653    91.651  7 57046.03548815 21.593
 242 129.202469  61.493129   145.038   145.965  7 57055.95113092  2.281
 243 129.197746  61.493805   146.778   148.157  7 57065.86676792  1.505
 244 129.197566  61.493306   146.839   147.842  7 57075.78240090  1.542
 245 129.201224  61.493497   153.813   157.952  7 57085.69803099  1.191
 246 129.196378  61.495938   151.913   151.298  4 57095.61368675  0.986
 249 129.214261  61.490232   120.252   120.252  2 57125.36064248  7.852
 250 129.197975  61.493371   124.758   126.684  7 57135.27628084 14.524
 251 129.196632  61.493268   124.308   128.976  7 57145.19191671 19.880
 252 129.202046  61.493085   163.321   167.445  7 57155.10755079 16.408
 253 129.202719  61.494428   105.588   110.132  7 57165.02319013 29.200
 254 129.201330  61.493943   165.035   165.724  7 57174.93884688  9.157
 255 129.196414  61.493204   145.322   147.276  7 57184.85449971  6.143
 256 129.193989  61.491425    95.775    95.789  7 57194.77014884 50.211
 257 129.193601  61.490525    95.272    95.322  6 57204.68578424 46.123
 258 129.194424  61.491730    93.831    93.868  7 57214.60142948 35.692
 259 129.197982  61.493253    92.708    92.693  7 57224.51707336 39.146
 260 129.202233  61.493580   142.209   140.640  7 57234.43271558  6.340
 261 129.201003  61.493759   145.310   147.776  7 57244.34835410  5.024
 262 129.197592  61.493984   153.547   157.800  7 57254.26398992  6.595
 263 129.200348  61.493825    92.900    92.820  7 57264.17962504 24.936
 264 129.201832  61.495603   133.973   132.461  7 57274.09526451 11.014
 265 129.204197  61.495836    91.935    91.609  8 57284.01092207 40.175
 266 129.205148  61.495033   147.187   145.874  7 57293.92657688 15.525
 267 129.199221  61.494738    92.018    91.797  7 57303.84222740 33.190
 268 129.198317  61.492401    91.230    91.223  7 57313.75787474 47.721
 269 129.195829  61.491747   137.272   136.082  6 57323.67351842 13.400
 270 129.197690  61.491592   147.528   147.540  7 57333.58916044  9.039
 271 129.197044  61.493316    91.654    91.805  7 57343.50480002 24.074
 272 129.198257  61.492010   139.553   139.797  7 57353.42045324  9.848
 273 129.195410  61.492033   142.119   141.441  7 57363.33609690  7.738
 274 129.195986  61.490790   152.630   152.165  6 57373.25173774  2.284
 275 129.196109  61.491166    91.361    91.308  6 57383.16737662 22.118
 276 129.197637  61.492556    91.182    91.175  6 57393.08301517 21.490
 277 129.198929  61.494793   149.157   148.291  7 57402.99865270  4.221
 278 129.203251  61.494419   141.399   139.113  7 57412.91429762  3.160
 279 129.199883  61.494300   148.069   147.485  7 57422.82994911  1.933
 280 129.199250  61.493153   148.320   144.866  6 57432.74559814  1.791
 281 129.197635  61.493505   149.865   147.365  7 57442.66124500  1.472
 282 129.198356  61.494409   145.994   145.100  7 57452.57689124  1.233
 283 129.193898  61.496999   148.331   148.380  3 57462.49253513  1.147
 284 129.201013  61.495204    91.198    91.245  7 57472.40817705 17.682
 285 129.203277  61.493968    91.417    91.499  7 57482.32381463 18.316
 286 129.202696  61.493283   138.892   140.051  7 57492.23944890  5.760
 287 129.200784  61.494458   126.598   129.989  7 57502.15508086 14.181
 288 129.200324  61.494142    91.451    91.228  7 57512.07073097 36.151
 289 129.198765  61.493739   153.160   153.520  7 57521.98638623  3.315
 290 129.197119  61.493073    95.189    94.954  7 57531.90203911 47.634
 291 129.196077  61.492006    95.015    95.012  7 57541.81768877 41.405
 292 129.195427  61.491368    97.495    97.502  7 57551.73333549 44.673
 293 129.195584  61.491612    95.411    95.408  6 57561.64898063 39.128
 294 129.198478  61.491851    94.489    94.507  7 57571.56462553 36.892
 295 129.199467  61.492621    93.948    93.823  7 57581.48027009 27.342
 296 129.199609  61.493259    94.055    94.160  7 57591.39591280 27.114
 297 129.201354  61.492910    96.811    96.806  7 57601.31155310 36.954
