-151944.481   712.673     0.00   79.64
-151656.426   741.922   101.53   79.80
-151368.349   765.040    80.24   70.69
-151080.251   781.661    57.69   58.51
-150792.131   789.585    27.50   45.81
-150503.990   782.013   -26.28   47.79
-150215.828   767.137   -51.62   59.70
-149927.645   743.520   -81.94   70.47
-149639.440   714.651  -100.16   74.27
-149351.214   680.262  -119.30   66.91
-149062.966   652.764   -95.39   55.59
-148774.698   625.883   -93.24   50.95
-148486.407   602.839   -79.92   52.65
-148198.096   585.605   -59.77   56.39
-147909.763   565.110   -71.07   61.05
-147621.409   548.369   -58.05   60.53
-147333.033   535.782   -43.64   56.52
-147044.636   527.661   -28.16   55.70
-146756.218   521.253   -22.21   59.47
-146467.778   521.244    -0.03   69.33
-146179.317   515.951   -18.35   77.27
-145890.835   501.554   -49.90   83.09
-145602.331   483.284   -63.32   86.10
-145313.806   454.971   -98.12   84.81
-145025.259   426.261   -99.49   71.37
-144736.691   405.332   -72.52   56.36
-144448.101   388.954   -56.75   40.02
-144159.490   382.344   -22.90   33.16
-143870.858   382.229    -0.40   37.07
-143582.204   386.561    15.01   48.92
-143293.529   396.744    35.27   64.28
-143004.832   406.387    33.40   74.40
-142716.114   421.780    53.31   90.38
-142427.375   438.600    58.25  104.14
-142138.614   454.901    56.45  108.40
-141849.831   463.914    31.21  105.28
-141561.027   470.642    23.29   96.38
-141272.202   476.229    19.34   83.18
-140983.355   479.071     9.84   70.41
-140694.486   481.558     8.61   58.05
-140405.596   482.162     2.09   50.68
-140116.685   479.161   -10.39   44.99
-139827.752   475.077   -14.13   42.50
-139538.797   466.892   -28.32   43.54
-139249.821   457.514   -32.45   48.11
-138962.568   439.369   -63.16   58.38
-138678.062   419.865   -68.55   62.07
-138393.535   400.133   -69.35   59.05
-138108.988   380.650   -68.46   51.00
-137824.422   365.066   -54.76   40.52
-137539.835   353.633   -40.17   26.02
-137255.228   356.019     8.38   29.62
-136970.600   357.542     5.35   33.02
-136685.953   358.090     1.92   35.87
-136401.285   359.739     5.79   35.53
-136116.597   360.598     3.02   33.77
-135831.889   358.325    -7.98   29.08
-135547.161   353.414   -17.25   24.45
-135262.412   349.558   -13.54   21.55
-134977.644   349.075    -1.70   20.18
-134692.855   351.861     9.78   24.50
-134408.046   358.510    23.34   37.88
-134123.216   361.769    11.44   42.76
-133838.367   375.343    47.65   61.20
-133553.497   393.352    63.22   83.08
-133268.607   407.209    48.64   97.70
-132983.696   415.535    29.22  105.26
-132698.766   419.777    14.89  109.36
-132413.815   420.066     1.02  106.73
-132128.844   408.124   -41.90   98.26
-131843.853   390.720   -61.06   78.98
-131558.841   378.530   -42.77   57.86
-131273.809   368.451   -35.36   36.95
-130988.757   368.729     0.97   26.90
-130703.684   376.124    25.94   30.26
-130418.592   389.887    48.27   36.25
-130133.479   413.137    81.54   47.82
-129848.345   433.610    71.80   56.90
-129563.192   460.849    95.51   68.71
-129278.018   491.801   108.53   77.39
-128992.823   526.099   120.25   80.94
-128707.609   574.539   169.82   80.64
-128422.374   615.104   142.21   73.91
-128137.119   650.074   122.58   64.10
-127851.843   674.865    86.90   49.27
-127566.547   690.598    55.14   37.50
-127281.231   686.739   -13.53   49.70
-126995.894   671.080   -54.87   65.59
-126710.537   642.139  -101.41   78.80
-126425.160   606.558  -124.67   85.01
-126139.762   562.112  -155.72   82.40
-125854.344   520.542  -145.63   80.95
-125568.906   486.005  -120.99   74.88
-125283.447   456.843  -102.15   60.97
-124997.968   446.869   -34.93   51.43
-124712.468   446.496    -1.31   59.45
-124426.948   461.965    54.17   78.07
-124141.408   483.866    76.69   89.24
-123855.847   512.051    98.69   92.01
-123570.266   543.326   109.51   87.72
-123284.664   579.807   127.72   79.61
-122999.042   600.777    73.41   78.39
-122713.399   625.326    85.94   75.17
-122427.737   654.468   102.01   81.22
-122142.053   688.567   119.35   84.83
-121856.349   725.827   130.40   87.34
-121570.625   758.650   114.87   79.67
-121284.881   787.278   100.18   61.15
-120999.116   802.762    54.18   49.64
-120713.330   793.617   -32.00   63.98
-120427.524   765.550   -98.20   87.47
-120141.697   727.154  -134.32  106.37
-119855.850   680.316  -163.85  115.06
-119569.983   629.941  -176.21  111.49
-119284.095   604.238   -89.90   95.54
-118998.187   591.526   -44.46   81.91
-118712.258   596.787    18.40   86.67
-118426.308   627.048   105.82  107.43
-118140.338   685.289   203.65  120.14
-117854.348   746.124   212.70  120.39
-117568.337   807.551   214.76  123.12
-117282.306   869.204   215.53  129.53
-116996.254   925.057   195.24  122.31
-116710.181   972.310   165.17  107.36
-116424.088  1008.243   125.59   81.89
-116137.975  1032.756    85.67   48.88
-115851.840  1039.288    22.83   30.30
-115565.686  1026.351   -45.21   44.89
-115279.511  1002.106   -84.71   59.69
-114993.315   970.654  -109.89   71.52
-114707.098   936.500  -119.32   75.61
-114420.861   908.415   -98.11   71.10
-114134.604   895.090   -46.55   67.69
-113848.326   891.422   -12.81   68.92
-113562.027   899.785    29.21   77.07
-113275.708   922.566    79.56   82.97
-112989.368   959.144   127.74   77.94
-112703.008   993.309   119.30   69.44
-112416.627  1021.178    97.31   57.38
-112130.225  1045.396    84.55   41.91
-111843.803  1057.932    43.76   28.70
-111557.360  1057.696    -0.82   29.65
-111270.896  1044.161   -47.25   46.27
-110984.412  1016.558   -96.34   70.73
-110697.908   973.071  -151.77   96.61
-110411.382   918.192  -191.52  119.69
-110124.836   851.582  -232.45  132.84
-109838.269   787.441  -223.81  135.27
-109551.682   718.343  -241.09  136.88
-109265.074   654.991  -221.03  130.70
-108978.445   601.539  -186.47  105.36
-108691.796   577.729   -83.06   88.46
-108405.126   576.482    -4.35   94.08
-108118.435   602.115    89.41  118.36
-107831.724   640.860   135.13  135.43
-107544.992   690.018   171.43  128.14
-107258.239   735.060   157.07   96.97
-106971.466   755.669    71.86   73.88
-106684.671   757.900     7.78   62.52
-106397.857   735.940   -76.56   66.79
-106111.021   701.511  -120.02   85.14
-105824.165   660.566  -142.73   98.39
-105537.288   604.440  -195.63  107.88
-105250.390   548.090  -196.40  112.07
-104963.471   484.075  -223.10  110.42
-104676.532   428.100  -195.06  110.47
-104389.572   379.430  -169.59   95.98
-104102.591   343.931  -123.69   74.69
-103815.590   321.896   -76.77   61.22
-103528.568   317.243   -16.21   61.42
-103241.525   323.542    21.94   66.01
-102954.461   329.738    21.58   69.49
-102667.376   332.661    10.18   68.29
-102380.271   331.150    -5.26   71.05
-102093.145   327.387   -13.11   72.11
-101805.998   325.148    -7.80   70.02
-101518.830   328.387    11.28   66.89
-101231.641   338.691    35.88   64.45
-100944.432   355.744    59.37   60.13
-100657.202   374.535    65.42   66.90
-100369.951   394.292    68.78   75.15
-100082.679   427.077   114.12   84.18
 -99795.387   457.485   105.84   90.84
 -99508.073   493.441   125.14   90.52
 -99220.739   527.827   119.66   92.46
 -98933.384   561.661   117.74   92.29
 -98646.008   595.010   116.04   86.79
 -98358.611   629.530   120.11   83.47
 -98071.193   667.976   133.76   82.49
 -97783.755   703.045   122.00   75.23
 -97496.295   736.133   115.10   69.11
 -97208.815   759.039    79.67   64.66
 -96921.314   780.594    74.97   51.50
 -96633.792   786.652    21.07   39.43
 -96346.249   783.091   -12.39   34.69
 -96058.685   771.561   -40.09   35.35
 -95771.100   755.387   -56.24   36.43
 -95483.494   731.530   -82.95   38.33
 -95195.868   711.878   -68.32   38.97
 -94908.220   690.930   -72.82   37.25
 -94620.552   675.163   -54.81   31.42
 -94332.863   663.222   -41.50   24.70
 -94045.152   657.807   -18.82   24.46
 -93757.421   657.106    -2.43   28.93
 -93469.669   660.430    11.55   36.93
 -93181.896   674.983    50.57   51.74
 -92894.102   688.352    46.45   64.75
 -92606.287   684.327   -13.98   68.80
 -92318.451   672.370   -41.54   72.82
 -92030.594   658.439   -48.39   76.44
 -91742.716   639.459   -65.93   73.88
 -91454.817   616.155   -80.94   67.36
 -91166.897   594.203   -76.24   51.97
 -90878.957   574.813   -67.34   27.65
 -90590.995   565.944   -30.80   17.60
 -90303.012   563.117    -9.82   14.38
 -90015.008   565.664     8.84   17.21
 -89726.983   573.654    27.74   22.23
 -89438.937   585.431    40.88   25.28
 -89150.871   599.610    49.22   25.67
 -88862.783   615.057    53.61   26.20
 -88574.674   631.308    56.40   28.27
 -88286.544   649.594    63.46   34.06
 -87998.393   674.900    87.82   49.74
 -87710.221   703.226    98.29   61.22
 -87422.028   730.335    94.06   61.04
 -87133.814   753.715    81.12   52.34
 -86845.578   769.086    53.33   40.02
 -86557.322   775.756    23.14   30.81
 -86269.045   772.807   -10.23   31.30
 -85980.746   759.973   -44.51   33.54
 -85692.427   744.738   -52.84   31.99
 -85404.086   730.413   -49.68   30.26
 -85115.725   716.563   -48.03   27.10
 -84827.342   704.789   -40.82   24.58
 -84538.938   692.307   -43.28   21.60
 -84250.513   683.045   -32.11   19.80
 -83962.067   672.302   -37.24   23.41
 -83673.600   660.404   -41.24   27.77
 -83385.111   647.333   -45.31   30.86
 -83096.602   631.119   -56.20   31.70
 -82808.071   617.370   -47.65   29.04
 -82519.519   602.856   -50.30   23.00
 -82230.947   591.834   -38.20   18.97
 -81942.353   582.387   -32.73   17.27
 -81653.737   575.244   -24.75   14.18
 -81365.101   572.131   -10.79   10.95
 -81076.443   572.934     2.78   12.65
 -80787.765   579.575    23.00   22.97
 -80499.065   595.291    54.43   40.89
 -80210.344   614.307    65.86   51.79
 -79921.602   631.874    60.84   53.52
 -79632.838   653.715    75.63   55.13
 -79344.054   678.834    86.98   57.60
 -79055.248   703.533    85.52   56.66
 -78766.421   722.973    67.31   55.70
 -78477.572   729.051    21.04   53.93
 -78188.703   723.984   -17.54   59.58
 -77899.812   706.994   -58.81   67.77
 -77610.900   676.128  -106.83   69.85
 -77321.967   650.474   -88.79   66.25
 -77035.245   621.633  -100.58   52.66
 -76750.709   599.319   -78.42   35.38
 -76466.154   584.878   -50.75   24.73
 -76181.580   575.124   -34.27   21.23
 -75896.985   566.587   -30.00   21.47
 -75612.370   558.168   -29.58   23.73
 -75327.736   546.798   -39.94   27.17
 -75043.081   535.635   -39.21   27.52
 -74758.407   524.045   -40.71   24.48
 -74473.713   515.652   -29.48   19.96
 -74188.999   511.423   -14.85   16.13
 -73904.265   512.298     3.07   18.51
 -73619.511   515.074     9.75   23.64
 -73334.737   522.098    24.66   34.90
 -73049.943   534.251    42.67   53.52
 -72765.129   548.580    50.31   74.90
 -72480.295   556.909    29.24   86.48
 -72195.442   561.732    16.93   91.07
 -71910.568   560.823    -3.19   92.20
 -71625.675   549.466   -39.86   85.53
 -71340.761   534.185   -53.63   75.92
 -71055.828   519.178   -52.67   61.81
 -70770.874   501.396   -62.40   40.65
 -70485.901   488.817   -44.14   21.68
 -70200.907   481.998   -23.93    7.60
 -69915.894   480.815    -4.15    5.98
 -69630.860   481.438     2.19    7.21
 -69345.807   484.476    10.66   10.89
 -69060.734   491.316    23.99   15.12
 -68775.640   499.273    27.91   17.68
 -68490.527   509.010    34.15   18.50
 -68205.393   518.124    31.96   17.33
 -67920.240   528.177    35.25   16.63
 -67635.066   535.692    26.35   19.12
 -67349.873   540.870    18.16   21.62
 -67064.659   542.635     6.19   23.96
 -66779.426   539.905    -9.57   23.98
 -66494.172   533.501   -22.45   23.40
 -66208.898   525.431   -28.29   21.22
 -65923.605   518.220   -25.27   16.38
 -65638.291   517.685    -1.88   22.68
 -65352.957   524.361    23.39   35.69
 -65067.603   534.584    35.82   44.69
 -64782.229   546.353    41.24   48.57
 -64496.835   559.057    44.51   45.93
 -64211.421   570.128    38.79   40.80
 -63925.987   572.292     7.58   39.39
 -63640.532   566.510   -20.26   40.34
 -63355.058   554.051   -43.64   42.06
 -63069.563   537.203   -59.01   44.33
 -62784.049   522.196   -52.56   44.10
 -62498.514   506.219   -55.95   39.22
 -62212.959   495.189   -38.63   31.59
 -61927.384   485.423   -34.20   16.44
 -61641.789   483.423    -7.00   10.65
 -61356.174   484.810     4.86   11.02
 -61070.538   488.413    12.62   10.89
 -60784.883   492.807    15.38    8.33
 -60499.207   496.557    13.13    5.08
 -60213.511   498.241     5.89    3.65
 -59927.795   499.191     3.32    2.84
 -59642.059   499.015    -0.61    3.98
 -59356.303   498.051    -3.38    5.85
 -59070.527   496.065    -6.95    8.17
 -58784.730   493.431    -9.22   10.31
 -58498.913   490.247   -11.14   12.24
 -58213.076   487.098   -11.02   14.89
 -57927.219   484.431    -9.33   18.01
 -57641.342   483.226    -4.21   19.74
 -57355.444   485.054     6.39   25.02
 -57069.526   489.003    13.81   31.19
 -56783.588   492.723    13.01   33.92
 -56497.630   495.729    10.51   34.68
 -56211.652   496.326     2.09   34.86
 -55925.653   494.196    -7.45   35.01
 -55639.634   486.519   -26.84   37.47
 -55353.595   473.142   -46.77   35.50
 -55067.536   458.904   -49.77   29.48
 -54781.456   447.712   -39.12   23.96
 -54495.356   439.114   -30.05   20.31
 -54209.236   433.971   -17.98   17.90
 -53923.096   431.801    -7.58   16.59
 -53636.935   434.918    10.89   19.63
 -53350.754   441.994    24.73   26.90
 -53064.553   458.994    59.40   45.93
 -52778.332   482.913    83.56   62.74
 -52492.090   509.209    91.87   66.70
 -52205.828   532.688    82.02   61.00
 -51919.546   548.700    55.93   50.80
 -51633.243   565.718    59.44   38.61
 -51346.920   574.196    29.61   32.57
 -51060.577   566.177   -28.00   43.16
 -50774.214   549.914   -56.79   58.50
 -50487.830   526.325   -82.37   68.90
 -50201.426   501.465   -86.80   71.42
 -49915.001   470.948  -106.54   64.57
 -49628.556   439.869  -108.49   44.37
 -49342.091   419.212   -72.11   35.47
 -49055.606   401.960   -60.22   28.54
 -48769.100   388.629   -46.53   21.31
 -48482.574   379.051   -33.43   15.52
 -48196.027   372.164   -24.03   10.44
 -47909.460   367.729   -15.47    6.48
 -47622.873   365.118    -9.11    3.82
 -47336.266   364.622    -1.73    5.95
 -47049.638   370.780    21.48   20.33
 -46762.989   380.659    34.46   30.99
 -46476.320   398.789    63.24   46.42
 -46189.631   418.960    70.36   52.02
 -45902.922   438.378    67.73   50.61
 -45616.192   458.887    71.52   43.05
 -45329.441   478.071    66.90   31.60
 -45042.671   492.292    49.59   23.96
 -44755.879   503.247    38.20   17.42
 -44469.068   511.966    30.40   18.67
 -44182.236   521.265    32.42   19.12
 -43895.383   531.065    34.16   18.95
 -43608.510   539.319    28.77   17.25
 -43321.617   546.334    24.45   13.63
 -43034.703   552.369    21.04   10.09
 -42747.769   556.239    13.49    7.87
 -42460.814   559.456    11.21    7.55
 -42173.839   561.539     7.26    7.57
 -41886.844   563.554     7.02    7.34
 -41599.828   564.770     4.24    6.85
 -41312.791   565.034     0.92    6.47
 -41025.734   564.541    -1.72    6.96
 -40738.656   562.709    -6.38    7.73
 -40451.558   558.918   -13.20    8.64
 -40164.440   555.126   -13.21    9.03
 -39877.301   551.500   -12.63    9.46
 -39590.141   547.450   -14.11    9.94
 -39302.961   541.063   -22.24   11.40
 -39015.761   535.071   -20.86   14.06
 -38728.540   526.811   -28.76   17.73
 -38441.298   517.465   -32.53   19.60
 -38154.036   507.295   -35.41   19.00
 -37866.753   498.172   -31.76   17.65
 -37579.450   491.616   -22.82   15.28
 -37292.127   487.584   -14.03   14.10
 -37004.782   488.299     2.49   16.73
 -36717.417   489.039     2.57   18.97
 -36430.032   491.987    10.26   18.87
 -36142.626   493.249     4.39   17.28
 -35855.200   493.582     1.16   15.27
 -35567.752   491.450    -7.42   13.88
 -35280.285   488.293   -10.98   13.13
 -34992.796   485.572    -9.46   10.91
 -34705.288   484.761    -2.82    9.64
 -34417.758   486.957     7.64   11.72
 -34130.208   494.484    26.17   16.95
 -33842.637   504.723    35.61   21.65
 -33555.046   517.154    43.22   26.66
 -33267.434   531.203    48.84   30.36
 -32979.802   548.361    59.65   30.49
 -32692.149   561.474    45.59   27.30
 -32404.475   573.320    41.18   22.20
 -32116.780   581.968    30.06   15.36
 -31829.065   584.753     9.68   12.40
 -31541.330   581.219   -12.28   16.01
 -31253.573   574.144   -24.59   21.92
 -30965.796   563.031   -38.62   26.66
 -30677.999   549.932   -45.51   28.17
 -30390.180   534.150   -54.83   26.64
 -30102.341   521.028   -45.59   22.54
 -29814.482   510.735   -35.76   17.97
 -29526.601   501.792   -31.06   14.13
 -29238.700   494.187   -26.42   14.73
 -28950.779   486.839   -25.52   19.32
 -28662.836   477.972   -30.80   25.15
 -28374.873   466.802   -38.79   31.05
 -28086.889   453.989   -44.49   35.70
 -27798.885   436.945   -59.18   36.25
 -27510.859   420.909   -55.67   33.08
 -27222.813   408.031   -44.71   26.83
 -26934.747   399.440   -29.82   21.92
 -26646.659   391.080   -29.02   18.59
 -26358.551   385.080   -20.83   16.29
 -26070.422   385.074    -0.02   16.35
 -25782.272   388.413    11.59   18.88
 -25494.102   392.369    13.73   22.08
 -25205.911   399.661    25.30   24.88
 -24917.699   411.726    41.86   25.96
 -24629.466   427.465    54.61   29.07
 -24341.213   445.808    63.63   37.25
 -24052.938   465.519    68.37   42.15
 -23764.643   483.764    63.29   41.99
 -23476.327   499.845    55.77   37.02
 -23187.991   510.260    36.12   26.62
 -22899.633   512.098     6.37   21.37
 -22611.255   504.528   -26.25   27.31
 -22322.856   491.293   -45.89   35.14
 -22034.436   473.870   -60.41   38.10
 -21745.996   455.247   -64.56   36.31
 -21457.534   435.835   -67.30   33.50
 -21169.052   416.168   -68.17   32.10
 -20880.548   399.991   -56.07   32.32
 -20592.024   383.370   -57.60   31.57
 -20303.480   371.458   -41.28   29.37
 -20014.914   359.670   -40.85   29.89
 -19726.327   350.292   -32.50   34.38
 -19437.720   344.043   -21.65   38.53
 -19149.092   339.302   -16.43   42.23
 -18860.443   332.343   -24.11   46.12
 -18571.772   323.896   -29.26   50.14
 -18283.082   314.111   -33.89   54.00
 -17994.370   294.744   -67.08   59.51
 -17705.637   271.164   -81.67   66.15
 -17416.883   241.370  -103.18   67.18
 -17128.109   220.887   -70.93   63.23
 -16839.314   199.379   -74.48   54.58
 -16550.497   189.016   -35.88   50.36
 -16261.660   184.182   -16.74   47.81
 -15972.802   179.413   -16.51   50.82
 -15683.923   173.040   -22.06   50.53
 -15395.023   170.506    -8.77   47.35
 -15108.807   169.247    -4.40   40.59
 -14824.246   179.290    35.29   47.83
 -14539.666   194.499    53.44   60.49
 -14255.066   212.491    63.22   70.24
 -13970.447   236.194    83.28   73.29
 -13685.808   267.343   109.43   68.03
 -13401.150   281.951    51.32   66.31
 -13116.471   299.226    60.68   58.54
 -12831.774   314.449    53.47   51.76
 -12547.056   325.756    39.71   44.05
 -12262.319   332.302    22.99   42.22
 -11977.563   338.480    21.70   35.99
 -11692.787   344.273    20.34   27.97
 -11407.991   346.325     7.21   28.09
 -11123.175   341.524   -16.86   34.82
 -10838.340   334.999   -22.91   39.01
 -10553.485   322.440   -44.09   45.18
 -10268.611   311.706   -37.68   46.23
  -9983.717   303.669   -28.21   46.41
  -9698.803   299.082   -16.10   46.95
  -9413.870   296.063   -10.60   44.90
  -9128.917   298.528     8.65   42.10
  -8843.944   299.079     1.94   41.63
  -8558.952   303.608    15.89   36.82
  -8273.940   306.617    10.56   33.10
  -7988.908   313.325    23.53   33.90
  -7703.857   322.311    31.52   37.13
  -7418.786   331.258    31.38   38.35
  -7133.695   340.989    34.13   37.45
  -6848.584   352.738    41.21   33.79
  -6563.454   363.718    38.51   27.63
  -6278.304   373.720    35.08   23.97
  -5993.134   380.617    24.18   22.35
  -5707.945   384.033    11.98   19.56
  -5422.736   384.045     0.04   19.72
  -5137.507   380.883   -11.09   24.55
  -4852.259   371.510   -32.86   34.41
  -4566.990   356.019   -54.30   41.14
  -4281.702   336.260   -69.26   44.77
  -3996.395   313.233   -80.71   45.56
  -3711.067   292.182   -73.78   43.76
  -3425.720   266.520   -89.93   46.87
  -3140.353   245.499   -73.66   49.71
  -2854.966   225.447   -70.26   51.66
  -2569.559   206.316   -67.03   48.52
  -2284.133   183.794   -78.91   46.11
  -1998.687   167.362   -57.57   47.48
  -1713.221   149.252   -63.44   45.76
  -1427.735   125.264   -84.02   53.99
  -1142.230    99.192   -91.32   62.13
   -856.704    72.097   -94.90   65.76
   -571.159    49.828   -77.99   61.70
   -285.594    29.538   -71.05   48.88
     -0.009    14.642   -52.16   29.87
    285.595     8.139   -22.77   10.36
    571.220    10.560     8.47    9.71
    856.864    13.509    10.33    8.35
   1142.528    15.949     8.54    5.83
   1428.212    17.223     4.46    3.02
   1713.916    16.656    -1.99    2.79
   1999.639    16.154    -1.76    2.43
   2285.383    16.493     1.19    2.82
   2571.146    17.173     2.38    3.48
   2856.929    18.211     3.63    4.66
   3142.732    19.464     4.39    5.76
   3428.555    21.492     7.10    7.10
   3714.398    24.835    11.69    9.25
   4000.260    28.552    13.01   11.10
   4286.143    33.215    16.31   12.05
   4572.045    38.756    19.38   12.26
   4857.968    44.440    19.88   11.46
   5143.910    49.542    17.84   10.08
   5429.872    54.560    17.55    8.17
   5715.854    58.519    13.84    6.96
   6001.856    62.057    12.37    6.77
   6287.878    65.959    13.64    7.40
   6573.920    69.792    13.40    8.08
   6859.981    74.201    15.41    8.45
   7146.063    78.247    14.14    9.41
   7432.165    82.026    13.21    9.71
   7718.286    86.158    14.44    9.51
   8004.428    90.589    15.48    9.00
   8290.589    97.012    22.45   10.54
   8576.771   101.972    17.33   12.45
   8862.972   106.603    16.18   13.05
   9149.193   111.308    16.44   12.81
   9435.435   118.001    23.38   12.82
   9721.696   122.574    15.97   11.63
  10007.977   127.218    16.22   10.08
  10294.278   130.544    11.62    8.15
  10580.600   133.291     9.59    7.25
  10866.941   136.079     9.74    6.33
  11153.302   138.209     7.44    5.46
  11439.683   139.369     4.05    5.24
  11726.085   140.237     3.03    5.00
  12012.506   139.718    -1.81    4.88
  12298.947   138.806    -3.18    5.07
  12585.408   137.706    -3.84    5.90
  12871.890   136.045    -5.80    6.62
  13158.391   133.223    -9.85    8.23
  13444.913   130.034   -11.13   10.52
  13731.454   128.045    -6.94   11.91
  14018.016   125.299    -9.58   14.09
  14304.597   123.077    -7.76   15.21
  14591.199   121.110    -6.86   16.00
  14877.820   117.473   -12.69   15.71
  15164.462   113.835   -12.69   14.46
  15451.124   110.951   -10.06   13.33
  15737.806   108.959    -6.95   12.10
  16024.508   107.129    -6.38   11.58
  16311.230   106.054    -3.75   11.70
  16597.972   105.852    -0.70   12.27
  16884.734   107.266     4.93   13.38
  17171.517   108.447     4.12   14.23
  17458.319   109.256     2.82   15.52
  17745.142   111.670     8.42   18.16
  18031.984   114.669    10.45   20.33
  18318.847   117.370     9.42   21.62
  18605.730   119.555     7.62   20.81
  18892.633   120.431     3.05   22.35
  19179.556   118.819    -5.62   21.48
  19466.500   119.481     2.31   19.88
  19753.463   120.247     2.67   18.50
  20040.447   122.352     7.34   21.19
  20327.451   126.167    13.29   24.09
  20614.475   131.235    17.66   25.70
  20901.519   135.874    16.16   23.40
  21188.583   141.124    18.29   27.22
  21475.667   144.726    12.55   31.39
  21762.772   143.789    -3.26   32.85
  22049.897   141.405    -8.30   34.82
  22337.042   128.001   -46.68   47.03
  22624.207   113.738   -49.67   53.51
  22911.393    98.652   -52.53   55.47
  23198.598    83.787   -51.76   52.26
  23485.824    66.633   -59.73   44.85
  23773.070    55.508   -38.73   35.04
  24060.336    48.305   -25.08   23.58
  24347.623    44.703   -12.54   16.53
  24634.929    47.570     9.98   20.05
  24922.256    53.752    21.52   24.29
  25209.604    62.791    31.45   30.61
  25496.971    71.968    31.94   31.01
  25784.359    80.650    30.21   30.39
  26071.767    91.281    36.99   26.00
  26359.195    96.989    19.86   28.79
  26646.643   101.150    14.48   28.17
  26934.112   105.992    16.85   26.13
  27221.601   110.650    16.20   22.30
  27509.110   110.506    -0.50   20.69
  27796.640   113.609    10.79   22.21
  28084.190   116.966    11.67   21.69
  28371.760   122.905    20.65   20.00
  28659.350   126.574    12.76   19.78
  28946.961   130.557    13.85   18.91
  29234.592   134.961    15.31   17.76
  29522.243   140.203    18.22   18.32
  29809.915   146.413    21.59   19.19
  30097.607   153.895    26.01   20.13
  30385.319   162.199    28.86   20.62
  30673.052   168.238    20.99   20.48
  30960.805   177.116    30.85   17.35
  31248.578   183.624    22.62   11.42
  31536.372   186.499     9.99    9.54
  31824.186   186.510     0.04   10.98
  32112.020   183.927    -8.97   14.08
  32399.875   178.302   -19.54   17.74
  32687.750   169.284   -31.33   23.72
  32975.645   158.545   -37.30   29.14
  33263.561   141.263   -60.02   35.99
  33551.497   121.799   -67.60   43.03
  33839.454   101.530   -70.39   48.74
  34127.431    80.720   -72.26   50.15
  34415.428    60.133   -71.49   48.64
  34703.446    48.438   -40.61   42.76
  34991.484    42.209   -21.63   32.77
  35279.543    52.054    34.18   49.79
  35567.622    76.542    85.01   63.99
  35855.721   101.327    86.03   63.67
  36143.841   112.954    40.35   55.44
  36431.982   120.980    27.86   45.85
  36720.142   127.220    21.66   41.45
  37008.324   129.982     9.58   43.45
  37296.525   136.582    22.90   48.61
  37584.747   151.370    51.31   56.72
  37872.990   174.878    81.56   54.79
  38161.253   202.213    94.83   39.80
  38449.536   216.512    49.60   29.97
  38737.840   227.698    38.80   20.52
  39026.165   233.808    21.19   13.21
  39314.509   236.077     7.87   11.70
  39602.875   233.185   -10.03   13.66
  39891.261   227.201   -20.75   19.11
  40179.667   214.954   -42.47   29.79
  40468.094   192.335   -78.42   46.22
  40756.541   166.225   -90.52   59.30
  41045.009   143.648   -78.27   59.03
  41333.497   129.987   -47.35   52.14
  41622.006   128.629    -4.71   49.95
  41910.536   139.233    36.76   54.41
  42199.086   153.280    48.68   57.64
  42487.656   167.568    49.52   51.50
  42776.247   175.773    28.43   45.49
  43064.859   175.484    -1.00   44.97
  43353.491   174.463    -3.54   43.20
  43642.144   170.845   -12.53   42.11
  43930.817   170.563    -0.98   40.24
  44219.511   177.440    23.82   41.13
  44508.225   186.874    32.68   43.63
  44796.960   198.606    40.63   45.03
  45085.716   210.501    41.20   43.41
  45374.492   222.896    42.92   40.84
  45663.288   235.641    44.13   37.27
  45952.106   249.244    47.10   30.77
  46240.944   259.396    35.15   23.47
  46529.802   264.457    17.52   17.63
  46815.560   264.592     0.47   15.59
  47100.157   258.807   -20.33   24.71
  47384.773   250.534   -29.07   32.10
  47669.408   236.083   -50.77   39.77
  47954.063   218.541   -61.63   48.17
  48238.737   198.192   -71.48   51.92
  48523.430   179.396   -66.02   49.14
  48808.142   165.883   -47.46   42.64
  49092.874   160.006   -20.64   39.56
  49377.625   156.845   -11.10   37.31
  49662.395   158.624     6.25   41.44
  49947.185   169.887    39.55   51.61
  50231.994   187.143    60.59   55.00
  50516.822   201.108    49.03   49.01
  50801.669   211.580    36.77   37.36
  51086.536   212.057     1.67   34.01
  51371.422   205.091   -24.45   36.43
  51656.328   190.891   -49.84   38.82
  51941.253   175.249   -54.90   35.24
  52226.197   162.110   -46.11   24.43
  52511.160   155.463   -23.32   19.15
  52796.143   155.580     0.41   21.56
  53081.145   159.922    15.24   27.16
  53366.167   164.294    15.34   33.20
  53651.208   169.093    16.84   37.72
  53936.268   170.484     4.88   39.66
  54221.347   170.326    -0.55   41.48
  54506.446   166.430   -13.67   39.79
  54791.565   164.515    -6.71   36.45
  55076.702   169.439    17.27   37.71
  55361.860   178.177    30.64   42.97
  55647.036   193.471    53.63   48.64
  55932.232   212.815    67.83   49.08
  56217.447   230.045    60.42   43.63
  56502.682   245.930    55.69   32.85
  56787.936   256.561    37.27   21.31
  57073.210   261.387    16.92   13.72
  57358.502   263.028     5.75   12.60
  57643.815   260.943    -7.31   15.77
  57929.147   257.091   -13.50   17.48
  58214.498   252.222   -17.06   18.24
  58499.868   247.756   -15.65   19.58
  58785.258   244.074   -12.90   20.28
  59070.668   239.580   -15.74   21.47
  59356.097   233.905   -19.89   22.16
  59641.545   227.457   -22.59   21.92
  59927.013   223.249   -14.74   22.13
  60212.501   218.832   -15.47   23.19
  60498.007   212.665   -21.60   23.88
  60783.534   208.483   -14.65   25.85
  61069.079   205.370   -10.90   25.37
  61354.645   201.108   -14.93   25.03
  61640.229   195.913   -18.19   24.37
  61925.833   197.031     3.91   28.01
  62211.457   199.303     7.96   33.86
  62497.100   202.131     9.90   36.82
  62782.763   202.817     2.40   37.16
  63068.445   203.769     3.33   39.27
  63354.147   198.313   -19.10   39.94
  63639.868   189.729   -30.04   39.07
  63925.609   179.823   -34.67   34.52
  64211.369   173.020   -23.81   28.59
  64497.149   173.227     0.73   30.68
  64782.948   180.005    23.71   39.40
  65068.767   194.265    49.90   44.78
  65354.606   212.548    63.96   45.24
  65640.464   227.472    52.21   37.34
  65926.341   234.752    25.47   29.61
  66212.238   233.213    -5.38   30.49
  66498.155   222.001   -39.22   32.63
  66784.091   210.438   -40.44   32.37
  67070.047   199.808   -37.17   29.78
  67356.022   189.615   -35.64   25.00
  67642.017   179.824   -34.24   19.04
  67928.032   173.574   -21.85   13.90
  68214.066   169.659   -13.69   10.73
  68500.119   167.613    -7.15    8.83
  68786.193   165.891    -6.02    7.84
  69072.286   164.658    -4.31    7.76
  69358.398   162.758    -6.64    8.26
  69644.530   160.667    -7.31    8.21
  69930.682   159.370    -4.53    7.41
  70216.854   159.496     0.44    7.17
  70503.045   161.534     7.12    9.83
  70789.255   166.438    17.14   13.58
  71075.485   173.762    25.59   17.25
  71361.735   182.605    30.89   19.13
  71648.005   194.019    39.87   20.00
  71934.294   205.362    39.62   21.50
  72220.603   218.421    45.61   24.48
  72506.932   232.161    47.99   25.43
  72793.280   247.256    52.72   25.89
  73079.648   258.732    40.08   25.57
  73366.035   269.040    35.99   23.02
  73652.442   273.396    15.21   20.13
  73938.869   267.939   -19.05   29.92
  74225.316   259.259   -30.30   36.48
  74511.782   252.862   -22.33   39.63
  74798.268   245.352   -26.21   40.82
  75084.774   243.309    -7.13   44.47
  75371.299   243.550     0.84   45.49
  75657.844   247.994    15.51   45.41
  75944.409   248.535     1.89   42.78
  76230.994   239.292   -32.26   46.22
  76517.598   228.141   -38.91   45.34
  76804.222   224.294   -13.42   45.77
  77090.866   221.930    -8.25   44.96
  77377.529   222.170     0.84   46.57
  77664.213   223.127     3.34   48.49
  77950.916   228.218    17.76   47.41
  78237.638   231.098    10.05   47.69
  78524.381   226.430   -16.28   50.78
  78811.143   214.152   -42.82   52.07
  79097.925   201.703   -43.41   53.86
  79384.727   194.650   -24.59   54.09
  79671.548   187.801   -23.88   57.21
  79958.390   181.618   -21.56   62.12
  80245.251   177.507   -14.33   68.58
  80532.132   172.756   -16.56   75.76
  80819.033   167.034   -19.94   85.34
  81105.953   157.629   -32.78   92.51
  81392.893   146.045   -40.37   93.81
  81679.854   134.284   -40.99   92.86
  81966.834   115.715   -64.71   89.30
  82253.833   101.675   -48.92   81.96
  82540.853    87.972   -47.75   74.43
  82827.892    76.956   -38.38   67.08
  83114.952    68.656   -28.92   61.43
  83402.031    60.463   -28.54   56.44
  83689.130    53.596   -23.92   53.83
  83976.249    50.758    -9.88   50.61
  84263.387    46.463   -14.96   44.92
  84550.546    40.833   -19.61   35.50
  84837.724    35.970   -16.93   28.42
  85124.922    35.843    -0.44   25.39
  85412.140    35.404    -1.53   22.44
  85699.378    34.962    -1.54   20.03
  85986.636    34.738    -0.78   16.48
  86273.914    37.144     8.37    9.99
  86561.212    37.570     1.49    5.12
  86848.529    36.962    -2.12    4.32
  87135.867    35.247    -5.97    4.85
  87423.224    33.949    -4.52    4.57
  87710.601    32.749    -4.18    6.02
  87997.999    30.812    -6.74    9.06
  88285.416    28.659    -7.49   10.64
  88572.853    26.732    -6.70   12.26
  88860.310    24.684    -7.13   14.54
  89147.787    22.723    -6.82   16.54
  89435.283    19.999    -9.48   18.04
  89722.800    18.483    -5.27   19.48
  90010.337    17.345    -3.96   21.33
  90297.894    16.523    -2.86   22.35
  90585.470    14.904    -5.63   23.45
  90873.067    13.865    -3.61   23.16
  91160.683    13.362    -1.75   24.84
  91448.320    11.550    -6.30   23.54
  91735.976    10.891    -2.29   25.47
  92023.653     8.970    -6.68   22.54
  92311.349     8.698    -0.94   24.28
  92599.066     7.122    -5.48   23.77
  92886.802     8.042     3.20   28.29
  93174.559     8.413     1.29   29.29
  93462.335    10.765     8.17   34.80
  93750.132    10.686    -0.27   36.11
  94037.948    12.994     8.02   41.36
  94325.785    12.970    -0.08   39.05
  94613.641    12.654    -1.10   35.75
  94901.518    12.644    -0.04   32.92
  95189.415    14.819     7.56   32.57
  95477.331    22.062    25.16   42.68
  95765.268    32.569    36.49   57.96
  96053.225    43.421    37.69   69.23
  96341.202    57.755    49.78   80.88
  96629.199    73.201    53.64   91.67
  96917.215    85.114    41.37   97.14
  97205.252    91.472    22.07   95.37
  97493.310   100.874    32.64   94.42
  97781.387   109.040    28.35   94.17
  98069.484   116.825    27.03   94.50
  98357.601   126.294    32.87   93.24
  98645.739   139.905    47.24   92.99
  98933.896   151.777    41.20   95.87
  99222.074   164.428    43.90   94.87
  99510.272   179.277    51.52   88.51
  99798.489   196.536    59.89   77.71
 100086.727   207.065    36.53   71.13
 100374.985   215.147    28.04   63.23
 100663.264   225.379    35.49   51.51
 100951.562   235.554    35.30   38.37
 101239.880   239.989    15.38   33.84
 101528.219   243.870    13.46   28.74
 101816.578   248.175    14.93   17.86
 102104.957   248.852     2.35   13.61
 102393.356   240.057   -30.50   23.81
 102681.775   226.664   -46.44   34.86
 102970.214   205.658   -72.83   47.69
 103258.674   182.080   -81.74   52.34
 103547.154   151.917  -104.56   52.60
 103835.654   123.841   -97.32   50.10
 104124.174    96.832   -93.62   46.09
 104412.714    73.992   -79.16   39.90
 104701.275    52.071   -75.97   31.96
 104989.855    36.017   -55.63   25.69
 105278.456    23.926   -41.90   18.50
 105567.077    15.940   -27.67   12.64
 105855.719    10.832   -17.70    6.91
 106144.380     8.811    -7.00    4.04
 106433.062     9.252     1.53    5.89
 106721.764    14.887    19.52   16.67
 107010.486    27.678    44.30   29.83
 107299.229    44.558    58.47   41.30
 107587.991    64.726    69.85   49.82
 107876.774    84.492    68.45   52.21
 108165.577   106.105    74.84   52.86
 108454.401   124.097    62.30   55.00
 108739.700   134.789    37.48   55.08
 109024.325   144.642    34.62   58.40
 109308.968   147.765    10.97   60.70
 109593.631   149.720     6.87   59.70
 109878.312   150.535     2.86   56.29
 110163.013   156.163    19.77   52.92
 110447.732   153.370    -9.81   47.82
 110732.470   151.242    -7.48   43.37
 111017.227   148.282   -10.40   38.40
 111302.004   149.513     4.32   34.47
 111586.799   154.879    18.84   35.87
 111871.613   156.534     5.81   34.28
 112156.445   162.904    22.37   34.64
 112441.297   172.362    33.20   34.61
 112726.168   182.412    35.28   35.54
 113011.058   192.615    35.82   37.25
 113295.967   208.531    55.87   40.56
 113580.895   224.337    55.48   40.91
 113865.842   243.206    66.22   35.63
 114150.807   259.457    57.03   28.62
 114435.792   270.954    40.35   23.70
 114720.796   279.137    28.71   18.37
 115005.819   284.139    17.55   17.12
 115290.860   287.370    11.33   16.42
 115575.921   288.992     5.69   16.12
 115861.001   289.735     2.60   16.30
 116146.100   287.756    -6.94   16.65
 116431.218   284.701   -10.72   17.85
 116716.354   279.701   -17.54   19.06
 117001.510   272.206   -26.28   21.33
 117286.685   260.939   -39.51   25.62
 117571.879   246.480   -50.70   32.62
 117857.092   227.158   -67.75   43.29
 118142.324   205.088   -77.38   50.10
 118427.575   181.446   -82.88   52.10
 118712.846   160.189   -74.52   46.19
 118998.135   145.896   -50.10   32.87
 119283.443   142.154   -13.11   28.28
 119568.770   154.396    42.91   46.91
 119854.117   174.785    71.46   59.84
 120139.482   200.720    90.89   67.60
 120424.867   229.005    99.11   65.60
 120710.271   256.629    96.80   56.36
 120995.693   281.558    87.35   41.68
 121281.135   296.639    52.84   35.21
 121566.596   311.815    53.16   26.21
 121852.076   320.883    31.77   17.07
 122137.576   323.844    10.37   13.62
 122423.094   323.482    -1.27   14.63
 122708.631   322.244    -4.33   14.94
 122994.188   320.900    -4.71   14.61
 123279.764   318.114    -9.76   14.32
 123565.359   315.611    -8.76   14.44
 123850.972   313.222    -8.37   15.38
 124136.606   311.099    -7.43   20.40
 124422.258   309.557    -5.40   25.64
 124707.929   308.531    -3.59   28.67
 124993.620   303.218   -18.60   31.96
 125279.330   293.025   -35.68   39.55
 125565.058   284.865   -28.56   38.55
 125850.807   275.870   -31.48   38.33
 126136.574   262.735   -45.97   38.55
 126422.360   246.550   -56.64   36.92
 126708.166   228.497   -63.17   32.46
 126993.991   215.279   -46.25   30.36
 127279.835   205.137   -35.48   28.53
 127565.698   197.250   -27.59   22.24
 127851.580   195.787    -5.12   16.58
 128137.482   198.720    10.26   18.97
 128423.402   206.900    28.61   26.63
 128709.342   219.508    44.10   32.45
 128995.302   233.862    50.20   33.43
 129281.280   248.633    51.65   33.70
 129567.278   265.668    59.57   34.12
 129853.295   281.522    55.43   33.73
 130139.331   296.584    52.66   30.40
 130425.386   308.560    41.87   25.09
 130711.461   317.978    32.93   17.60
 130997.555   321.850    13.53   11.13
 131283.668   322.104     0.89   10.86
 131569.800   318.585   -12.30   12.75
 131855.952   312.844   -20.07   11.96
 132142.123   309.254   -12.55   10.35
 132428.313   305.850   -11.89    6.96
 132714.522   303.680    -7.58    5.12
 133000.751   302.829    -2.97    5.49
 133286.999   302.106    -2.52    6.33
 133573.267   300.781    -4.63    6.73
 133859.553   298.948    -6.40    7.11
 134145.859   296.828    -7.40    6.43
