# NaN NaN NaN ;Mean Elev.(m), Avg Gradient(m/km), RMS Gradient(m/km) - SRTM1     
#   18.807     NaN     NaN ;Mean Elev.(m), Avg Gradient(m/km), RMS Gradient(m/km) - ASTER GDEM
#   24.000  -1.766   4.513 ;Mean Elev.(m), Avg Gradient(m/km), RMS Gradient(m/km) - GMTED2010 
   1 124.170928  65.764238    41.779    41.779  2 54668.15049975 27.030
   2 124.182125  65.766014    41.109    40.012  3 54678.06614517 30.328
   3 124.175143  65.767108   -47.592   -50.103  5 54687.98178764  6.273
   4 124.180810  65.768353    41.928    41.904  3 54697.89742935 48.640
   5 124.175150  65.766908   -35.052   -37.914  5 54707.81307086  6.648
   6 124.180273  65.765232    42.421    42.145  4 54717.72872304 39.225
   7 124.169970  65.762391   -14.630   -14.645  3 54727.64437124 12.090
   8 124.168787  65.761936    40.951    40.917  3 54737.56001877 48.309
   9 124.168682  65.763244    40.057    39.908  3 54747.47566617 36.570
  10 124.179809  65.765505    39.074    39.026  4 54757.39131426 40.944
  11 124.182655  65.765741    38.028    38.206  3 54767.30695951 40.864
  12 124.171643  65.763204    37.851    37.818  3 54777.22260013 39.192
  13 124.172216  65.761451    38.265    38.131  3 54787.13823942 33.227
  14 124.170514  65.761040    38.100    38.106  3 54797.05387743 30.485
  15 124.173095  65.762798    37.991    37.935  3 54806.96951565 27.656
  16 124.172796  65.764381    38.494    38.538  3 54816.88515298 26.318
  17 124.181852  65.766013    38.549    38.726  3 54826.80080263 23.711
  18 124.177315  65.765535    38.373    38.528  5 54836.71644135 21.142
  19 124.175855  65.765706    38.217    38.319  5 54846.63209070 20.322
  20 124.180051  65.766747    38.783    38.565  4 54856.54773999 19.043
  21 124.177205  65.767728    38.566    39.027  5 54866.46338866 18.639
  22 124.181419  65.768235    37.966    37.624  3 54876.37903741 18.899
  23 124.174835  65.766703    38.116    37.650  5 54886.29468218 18.175
  24 124.168427  65.764229    40.546    40.513  3 54896.21032349 15.491
  25 124.172687  65.763014    40.948    40.862  3 54906.12596315 14.540
  26 124.173729  65.762875    41.591    41.396  3 54916.04160137 14.616
  27 124.168969  65.763267    41.943    41.847  3 54925.95723886 13.526
  28 124.169954  65.763913    41.519    41.484  3 54935.87287620 13.033
  29 124.170828  65.763607    40.049    40.033  3 54945.78851159 27.652
  30 124.169917  65.762021    37.903    38.102  3 54955.70414420 36.341
  31 124.169437  65.761039    40.049    39.930  3 54965.61979191 37.049
  32 124.168560  65.761286    45.278    45.371  3 54975.53543974 33.036
  33 124.173668  65.763170    43.625    43.583  3 54985.45108802 52.391
  34 124.180044  65.765116    44.986    45.034  4 54995.36673642 25.818
  35 124.176542  65.765667    43.847    43.951  5 55005.28238238 26.181
  36 124.176992  65.765911    42.153    42.133  5 55015.19802649 50.604
  37 124.179624  65.766256    40.803    40.707  4 55025.11366939 46.604
  38 124.174816  65.766691    41.473    41.105  5 55035.02931109 29.236
  39 124.181358  65.767599    39.755    39.882  3 55044.94495308 46.372
  40 124.175375  65.766459    39.861    39.837  5 55054.86059211 44.949
  41 124.169784  65.764126    40.174    40.204  3 55064.77622887 31.676
  42 124.169560  65.762718    41.925    42.475  3 55074.69187603 28.231
  43 124.170327  65.762352    40.119    39.849  3 55084.60752401 47.908
  44 124.168300  65.762858    40.165    39.958  3 55094.52317019 47.010
  45 124.169437  65.763564    40.760    40.698  3 55104.43881654 47.295
  46 124.173027  65.763961    40.482    40.686  3 55114.35446289 48.534
  47 124.169129  65.762963    39.544    39.537  3 55124.27010605 43.828
  48 124.170971  65.762268    38.367    38.411  3 55134.18574695 42.648
  49 124.170324  65.761761    38.724    37.725  3 55144.10138549 34.682
  50 124.173288  65.762584    40.248    40.718  3 55154.01702375 27.821
  51 124.171313  65.763374    41.296    40.964  3 55163.93266190 25.587
  52 124.169441  65.764152    41.442    41.439  3 55173.84829980 23.533
  53 124.170935  65.764476    18.534    18.534  2 55183.76393830 16.355
  54 124.175712  65.765331    40.295    41.005  5 55193.67958995 21.883
  55 124.175243  65.766183    40.235    40.792  5 55203.59523986 21.647
  56 124.175772  65.767277    40.696    41.302  5 55213.51088922 20.333
  57 124.174615  65.767404    40.582    41.128  5 55223.42653795 19.372
  58 124.175764  65.766258    40.453    40.897  5 55233.34218531 18.506
  59 124.171042  65.763764    41.213    41.213  2 55243.25782887 17.220
  60 124.171031  65.762260    41.589    41.491  4 55253.17346969 16.600
  61 124.173410  65.762515    41.345    41.358  3 55263.08910867 15.911
  62 124.170986  65.763622    41.560    41.611  3 55273.00474628 15.713
  63 124.170968  65.764190    41.797    41.797  2 55282.92038377 15.195
  64 124.171097  65.763300    41.724    41.980  3 55292.83601995 14.674
  65 124.168504  65.761455    41.959    41.881  3 55302.75165548 13.925
  66 124.173709  65.761066    40.531    40.470  3 55312.66730357 20.620
  67 124.172189  65.761677    37.221    36.861  3 55322.58294885 41.492
  68 124.170978  65.763190    37.960    37.960  2 55332.49859297 43.380
  69 124.182402  65.765397    46.163    46.235  3 55342.41423824 54.003
  70 124.178799  65.765339    44.344    44.334  4 55352.32988179 29.079
  71 124.179870  65.765192    44.215    44.233  4 55362.24552358 26.320
  72 124.178197  65.765247    41.994    41.402  4 55372.16116313 36.630
  73 124.176952  65.766063    41.629    41.900  5 55382.07680133 51.156
  74 124.177129  65.767021    42.155    42.114  5 55391.99243892 48.950
  75 124.174657  65.766630    42.575    42.495  5 55401.90807481 27.567
  76 124.178655  65.765297    39.452    39.445  4 55411.82372554 41.586
  77 124.172921  65.762538    41.107    41.130  3 55421.73937448 25.627
  78 124.171082  65.761061    42.885    42.853  3 55431.65502102 23.721
  79 124.170457  65.761949    42.772    42.643  3 55441.57066564 25.507
  80 124.170623  65.763704    40.570    40.570  2 55451.48630886 44.887
  81 124.178940  65.765277    40.781    39.989  4 55461.40195211 31.581
  82 124.170906  65.763581    42.773    42.526  3 55471.31759236 26.302
  83 124.173245  65.761840    40.185    41.131  3 55481.23323063 29.433
  84 124.170510  65.760382    37.723    37.720  4 55491.14886606 42.778
  85 124.171383  65.761173    37.630    37.634  3 55501.06449991 32.717
  86 124.172331  65.763369    37.609    37.600  3 55510.98014329 29.241
  87 124.177767  65.765552    37.540    37.777  5 55520.89579354 22.713
  88 124.181541  65.766281    37.879    38.017  3 55530.81144247 21.546
  89 124.182434  65.765781    37.876    38.042  3 55540.72708946 21.919
  90 124.179779  65.765313    39.180    39.591  4 55550.64273397 17.803
  91 124.179719  65.766156    40.192    40.808  4 55560.55837722 16.143
  92 124.180956  65.767516    40.727    41.753  3 55570.47401980 14.502
  93 124.182361  65.767671    41.167    41.741  3 55580.38966132 13.733
  94 124.180955  65.765520    41.055    41.500  4 55590.30529964 13.098
  95 124.171842  65.761824    41.876    41.753  3 55600.22093405 12.539
  96 124.172973  65.760126    41.935    42.090  3 55610.13656719 12.580
  97 124.171427  65.760740    42.122    42.047  4 55620.05219882 12.061
  98 124.170502  65.763270    41.826    41.852  3 55629.96784968 11.923
  99 124.178851  65.765232    41.567    42.091  4 55639.88350142 11.071
 100 124.169935  65.763541    42.013    41.834  3 55649.79914901 10.774
 101 124.169191  65.761170    42.492    42.404  3 55659.71479396 10.404
 102 124.169009  65.760081    43.526    43.687  3 55669.63043542 10.447
 103 124.173576  65.761657    37.665    37.007  3 55679.54607536 32.505
 104 124.169773  65.763792    42.074    44.051  3 55689.46171264 29.236
 105 124.175552  65.765841    42.794    42.577  5 55699.37734932 43.169
 106 124.175976  65.765787    43.881    44.480  5 55709.29298741 29.486
 107 124.179577  65.765307    42.697    42.657  4 55719.20863826 32.536
 108 124.179489  65.765135    42.853    42.875  4 55729.12428639 47.270
 109 124.180127  65.765848    41.630    41.466  4 55739.03993320 48.974
 110 124.181566  65.766864    42.391    43.364  3 55748.95557885 26.548
 111 124.179833  65.766632    40.213    40.248  4 55758.87122183 41.365
 112 124.180900  65.765170    38.853    38.593  4 55768.78686222 48.864
 113 124.169884  65.761949    39.155    39.227  3 55778.70249825 45.796
 114 124.171328  65.760470    40.770    40.773  3 55788.61813295 44.453
 115 124.170799  65.760902    40.094    40.092  4 55798.53376627 50.668
 116 124.173277  65.762935    39.007    38.948  3 55808.44941166 38.882
 117 124.173170  65.764435    39.968    40.055  3 55818.36506070 50.243
 118 124.172691  65.763779    42.528    42.783  3 55828.28070558 22.401
 119 124.171762  65.761859    42.463    42.301  3 55838.19634599 24.392
 120 124.173187  65.760550    38.562    38.587  3 55848.11198355 33.426
 121 124.172206  65.761337    37.954    38.032  3 55858.02761878 42.848
 122 124.168393  65.763559    38.083    38.175  3 55867.94326487 37.555
 123 124.179716  65.766587    41.530    41.781  4 55877.85891783 16.437
 124 124.186811  65.767485    41.598    41.803  4 55887.77456386 14.624
 125 124.177656  65.765893    42.075    42.312  5 55897.69020258 14.317
 126 124.171906  65.764473    42.680    42.708  3 55907.60583659 14.573
 127 124.179524  65.765377    41.901    42.425  4 55917.52148432 14.425
 128 124.181872  65.766323    41.962    42.030  3 55927.43713785 13.730
 129 124.177020  65.765919    41.683    41.933  5 55937.35278725 13.457
 130 124.171832  65.764011    42.173    42.125  3 55947.26843163 13.087
 131 124.168219  65.761853    42.497    42.497  3 55957.18407157 12.963
 132 124.171276  65.761174    42.442    42.300  4 55967.09970966 12.545
 133 124.168686  65.761719    42.279    42.354  3 55977.01534636 13.185
 134 124.169652  65.763031    42.268    42.332  3 55986.93098270 12.801
 135 124.168485  65.763437    42.426    42.508  3 55996.84662051 11.912
 136 124.170559  65.763074    42.404    42.350  3 56006.76227216 11.808
 137 124.171673  65.761951    42.442    42.407  3 56016.67791957 11.815
 138 124.172040  65.761815    42.372    42.318  3 56026.59356404 11.315
 139 124.169909  65.762852    42.360    42.430  3 56036.50920669 11.092
 140 124.172214  65.764759    42.607    42.572  3 56046.42484779  8.947
 141 124.181574  65.766596    37.006    37.021  3 56056.34048673 45.103
 142 124.181428  65.766552    44.885    44.927  3 56066.25612053 42.241
 143 124.180327  65.766083    45.504    45.473  4 56076.17176756 55.153
 144 124.182217  65.766205    44.419    44.432  3 56086.08741688 28.996
 145 124.179687  65.766043    43.070    42.852  4 56096.00306338 30.098
 146 124.174632  65.765458    41.966    41.918  5 56105.91870751 51.229
 147 124.173122  65.764369    42.292    42.185  3 56115.83433747 52.143
 148 124.170166  65.762973    42.422    42.522  3 56125.74997513 27.655
 149 124.171484  65.761861    43.076    43.215  3 56135.66560923 23.837
 150 124.172179  65.761822    42.520    42.456  3 56145.58125164 28.193
 151 124.168594  65.762304    41.930    41.329  3 56155.49690113 28.152
 152 124.171023  65.763417    42.832    42.832  2 56165.41255022 24.849
 153 124.173537  65.763871    43.068    43.603  3 56175.32819707 24.403
 154 124.170735  65.763184    43.587    43.776  3 56185.24383830 24.487
 155 124.173436  65.762543    42.902    43.235  3 56195.15947625 23.492
 156 124.170545  65.762336    43.161    43.184  3 56205.07511074 26.841
 157 124.169256  65.763274    39.252    39.102  3 56214.99074393 45.464
 158 124.182777  65.765783    38.785    38.564  3 56224.90638262 46.226
 159 124.175157  65.766171    39.771    40.757  5 56234.82203757 27.625
 160 124.177248  65.766298    40.882    41.497  5 56244.73768948 22.616
 161 124.175822  65.765815    40.911    41.512  5 56254.65333605 22.158
 162 124.175000  65.765858    40.885    41.489  5 56264.56897859 21.072
 163 124.176123  65.766167    40.703    41.256  5 56274.48461956 20.787
 164 124.175575  65.765644    40.678    41.211  5 56284.40026416 18.187
 165 124.170670  65.763938    41.464    41.464  2 56294.31591474 17.863
 166 124.168926  65.762155    41.984    42.293  3 56304.23156131 16.280
 167 124.173687  65.762032    41.706    41.588  3 56314.14720464 15.272
 168 124.169047  65.762639    41.809    41.989  3 56324.06284509 15.025
 169 124.173189  65.764187    41.854    41.741  3 56333.97848568 14.574
 170 124.168260  65.763874    42.188    42.274  3 56343.89412469 13.290
 171 124.168474  65.762884    42.181    42.193  3 56353.80976184 12.678
 172 124.171548  65.762143    42.006    42.032  3 56363.72540542 12.791
 173 124.172031  65.762450    42.025    42.029  3 56373.64105445 12.394
 175 124.175077  65.765944    41.195    41.739  5 56393.47234512 11.557
 176 124.176051  65.766736    41.353    40.798  5 56403.38798758 28.167
 177 124.182468  65.767002    36.945    37.059  3 56413.30362762 43.536
 178 124.176877  65.765605    38.120    37.599  5 56423.21926155 41.674
 179 124.174947  65.765302    46.366    46.385  5 56433.13490476 46.224
 180 124.182067  65.766436    44.557    44.515  3 56443.05055784 27.078
 181 124.186962  65.767506    43.202    43.185  4 56452.96620816 30.374
 182 124.182439  65.766506    44.145    44.194  3 56462.88185492 22.874
 183 124.173341  65.764067    40.974    40.916  3 56472.79749789 51.073
 184 124.169665  65.761873    41.523    40.976  3 56482.71313794 28.144
 185 124.170094  65.761492    43.120    43.592  3 56492.62877489 24.288
 186 124.170031  65.762551    42.799    42.736  3 56502.54440943 28.347
 187 124.169561  65.763869    42.651    42.892  3 56512.46004238 26.863
 188 124.169271  65.764221    42.956    42.742  3 56522.37568998 27.153
 189 124.171788  65.763531    42.379    42.455  3 56532.29134271 24.071
 191 124.171875  65.762509    42.327    42.666  3 56552.12263636 25.606
 192 124.168735  65.764121    39.882    39.954  3 56562.03827885 45.360
 193 124.177847  65.766926    41.496    42.130  5 56571.95392131 27.165
 194 124.174625  65.767632    38.281    38.281  5 56581.86956078 40.488
 195 124.179648  65.766886    37.962    37.946  4 56591.78519664 42.218
 196 124.180615  65.765587    37.047    37.126  4 56601.70084619 20.369
 197 124.171789  65.764459    37.505    37.514  3 56611.61649504 18.535
 198 124.175407  65.765670    37.885    37.610  5 56621.53214061 18.218
 199 124.176770  65.766667    37.527    37.500  5 56631.44778299 17.840
 200 124.181271  65.766390    39.119    40.301  3 56641.36342161 16.704
 201 124.171419  65.763538    40.513    40.335  3 56651.27906875 15.773
 202 124.170376  65.761463    41.077    41.048  3 56661.19471878 14.645
 203 124.170738  65.761245    41.366    41.364  4 56671.11036579 14.677
 204 124.173617  65.763492    41.679    41.551  3 56681.02601116 13.080
 205 124.176153  65.765538    39.865    40.429  5 56690.94165458 14.761
 206 124.177511  65.765844    40.477    41.170  5 56700.85729428 13.415
 207 124.173711  65.763773    41.442    41.275  3 56710.77292864 12.338
 208 124.168465  65.762108    42.273    42.219  3 56720.68857124 11.910
 209 124.169172  65.762624    42.312    42.334  3 56730.60422323 11.811
 210 124.180867  65.765819    41.198    41.486  4 56740.51987252 10.509
 211 124.177672  65.767863    41.286    41.713  5 56750.43551625 10.702
 212 124.177309  65.768410    40.752    40.918  5 56760.35115525 13.069
 213 124.182166  65.767388    39.229    39.413  3 56770.26678815 31.441
 214 124.182386  65.765928    39.999    40.198  3 56780.18244025 25.740
 215 124.182424  65.765427    41.795    41.813  3 56790.09809544 40.884
 216 124.181540  65.766105    44.818    44.955  3 56800.01374734 50.810
 217 124.177906  65.766906    42.375    42.327  5 56809.92939241 40.690
 218 124.174546  65.766434    42.397    42.182  5 56819.84503234 52.682
 219 124.168325  65.764058    42.608    41.784  3 56829.76066806 30.339
 220 124.169724  65.761695    42.331    42.433  3 56839.67630126 48.007
 221 124.171255  65.760987    40.602    40.640  4 56849.59193486 52.695
 222 124.171857  65.762816    42.332    42.791  3 56859.50758951 26.036
 223 124.176786  65.765528    39.609    39.641  5 56869.42324371 47.880
 224 124.181317  65.766729    40.374    40.403  3 56879.33889542 27.468
 225 124.175311  65.765348    41.194    42.236  5 56889.25454260 30.302
 226 124.168006  65.763361    42.912    42.902  3 56899.17018688 23.835
 227 124.173622  65.763985    41.213    40.868  3 56909.08583012 24.354
 228 124.180352  65.766308    41.566    41.411  4 56919.00147169 30.878
 229 124.177256  65.768088    41.475    42.603  5 56928.91711026 31.816
 230 124.180492  65.768708    41.704    42.632  3 56938.83274496 26.853
 231 124.179931  65.767269    38.030    38.019  4 56948.74837955 47.157
 232 124.175142  65.765303    36.909    36.877  5 56958.66403194 39.097
 233 124.169357  65.764092    41.306    41.020  3 56968.57967905 19.193
 234 124.180759  65.765335    39.759    40.701  4 56978.49532392 19.561
 235 124.176473  65.765696    39.808    40.712  5 56988.41096287 18.537
 236 124.181760  65.765632    40.035    41.237  3 56998.32659650 17.635
 237 124.173557  65.763819    41.160    41.076  3 57008.24224516 16.800
 238 124.169587  65.762125    40.900    40.986  3 57018.15789786 15.677
 239 124.173449  65.762151    41.263    40.976  3 57028.07354806 14.947
 240 124.168796  65.763126    41.463    41.165  3 57037.98919580 13.588
 241 124.178006  65.765344    40.857    41.466  4 57047.90484234 13.804
 242 124.181293  65.766193    40.411    40.938  3 57057.82048450 13.198
 243 124.178526  65.765155    41.011    41.494  4 57067.73612046 12.687
 244 124.168271  65.763575    41.581    41.504  3 57077.65175142 12.144
 245 124.170904  65.763792    41.619    41.535  3 57087.56738423 12.058
 246 124.176845  65.766083    41.065    41.548  5 57097.48304354 11.938
 247 124.181653  65.768159    41.634    42.207  3 57107.39869985 10.776
 248 124.180941  65.768461    41.366    41.918  3 57117.31435064 10.925
 249 124.177150  65.767124    41.496    41.673  5 57127.22999487 11.571
 250 124.180246  65.765937    41.924    41.957  4 57137.14563430 14.148
 251 124.172668  65.764541    41.064    40.709  3 57147.06126872 21.410
 252 124.168859  65.764119    38.652    38.638  3 57156.97690106 33.949
 253 124.171933  65.764547    46.007    46.002  3 57166.89254583 54.496
 254 124.172194  65.764573    43.269    43.289  3 57176.80820228 51.024
 255 124.170674  65.763641    43.567    43.573  3 57186.72385454 51.402
 256 124.171761  65.762938    43.381    43.363  3 57196.63950292 47.798
 257 124.168837  65.762758    42.487    42.228  3 57206.55513734 28.353
 258 124.170189  65.763831    41.260    41.160  3 57216.47078251 50.743
 259 124.179528  65.765432    41.158    40.434  4 57226.38642727 30.698
 260 124.174788  65.765360    41.540    42.253  5 57236.30206864 31.060
 261 124.179129  65.765327    39.475    39.454  4 57246.21770735 48.600
 262 124.179152  65.765081    42.556    43.032  4 57256.13334307 26.615
 263 124.181622  65.765945    41.464    40.492  3 57266.04897782 26.563
 264 124.181471  65.767074    38.331    38.239  3 57275.96462174 48.428
 265 124.175281  65.767423    42.229    42.584  5 57285.88027810 26.626
 266 124.186749  65.767837    41.781    41.807  4 57295.79593316 27.579
 267 124.181502  65.766494    42.251    42.957  3 57305.71158299 19.509
 268 124.177356  65.765539    37.137    37.062  5 57315.62722909 45.052
 269 124.177017  65.765528    37.677    37.650  5 57325.54287235 29.517
 270 124.177270  65.765652    40.682    41.170  5 57335.45851370 20.882
 271 124.181588  65.765696    41.041    41.429  3 57345.37416054 20.873
 272 124.169164  65.763865    41.886    42.234  3 57355.28980697 19.298
 273 124.168199  65.762919    42.929    43.010  3 57365.20545058 18.768
 274 124.172106  65.762873    42.009    42.220  3 57375.12109127 17.805
 275 124.170774  65.763387    41.935    41.958  3 57385.03672964 17.347
 276 124.173122  65.764221    41.945    41.673  3 57394.95236789 16.272
 277 124.179608  65.765004    41.650    42.291  4 57404.86800556 16.118
 278 124.169365  65.764118    42.088    41.923  3 57414.78365235 16.115
 279 124.172056  65.764412    42.018    42.087  3 57424.69930399 15.734
 280 124.175400  65.765437    41.283    41.654  5 57434.61495277 14.497
 281 124.176361  65.766982    41.345    41.770  5 57444.53059961 14.246
 282 124.175798  65.767999    41.404    41.928  5 57454.44624558 13.894
 283 124.180871  65.768260    41.560    42.192  3 57464.36189021 13.900
 284 124.180251  65.766568    41.766    42.143  4 57474.27753053 13.557
 286 124.171803  65.763691    42.322    42.359  3 57494.10880045 12.520
 287 124.172974  65.764455    42.737    42.703  3 57504.02443260  7.580
 288 124.177354  65.765630    37.425    37.228  5 57513.94008741 30.189
 289 124.180172  65.765368    38.408    38.406  4 57523.85574218 39.092
 290 124.172020  65.763245    43.788    43.836  3 57533.77139357 52.567
 291 124.169737  65.761982    43.706    44.010  3 57543.68704244 25.756
 292 124.172894  65.762683    43.611    43.762  3 57553.60268931 25.283
 293 124.172179  65.764211    42.610    42.606  3 57563.51833435 49.359
 294 124.181416  65.766147    42.576    41.974  3 57573.43397982 28.716
 295 124.177758  65.765841    40.347    40.169  5 57583.34962379 49.039
 296 124.178971  65.765177    41.596    41.590  4 57593.26526627 45.847
 297 124.171061  65.764281    42.910    42.910  2 57603.18090556 25.155
