# NaN NaN NaN ;Mean Elev.(m), Avg Gradient(m/km), RMS Gradient(m/km) - SRTM1     
#  172.648     NaN     NaN ;Mean Elev.(m), Avg Gradient(m/km), RMS Gradient(m/km) - ASTER GDEM
#   92.314  -4.528  22.570 ;Mean Elev.(m), Avg Gradient(m/km), RMS Gradient(m/km) - GMTED2010 
   1 128.022178  61.254480    97.821    97.745  5 54668.06978563 49.560
   2 128.017185  61.254255   226.550   226.598  4 54677.98542948  5.418
   3 128.012588  61.254441    13.120    13.118  5 54687.90107211  0.487
   4 128.010152  61.253934   226.947   227.084  5 54697.81671292  5.101
   5 128.020147  61.255501    12.849    12.850  3 54707.73235592  1.516
   6 128.022096  61.254419   225.145   225.029  4 54717.64800772  6.301
   7 128.027510  61.254588    13.414    13.423  5 54727.56365748  5.712
   8 128.025770  61.254437   227.241   225.142  5 54737.47930503  5.067
   9 128.018468  61.254149   224.114   223.493  4 54747.39495178  7.999
  10 128.013756  61.254483    96.513    96.510  4 54757.31059848 21.954
  11 128.014316  61.254438    96.689    96.596  4 54767.22624364 45.091
  12 128.021471  61.254336    95.753    95.753  4 54777.14188612 44.260
  13 128.028227  61.254176    95.851    95.869  5 54787.05752611 35.339
  14 128.030359  61.254357    95.862    95.897  5 54796.97316453 32.302
  15 128.028177  61.254941   220.594   220.815  5 54806.88880226  9.007
  16 128.023510  61.254456    96.799    96.801  4 54816.80443900 25.138
  17 128.019570  61.254417    96.756    96.798  4 54826.72008720 23.822
  18 128.017202  61.254252    96.609    96.599  5 54836.63572608 22.745
  19 128.012067  61.253858    96.559    96.594  5 54846.55137503 20.156
  20 128.010673  61.254851    96.478    96.493  5 54856.46702393 18.841
  21 128.006010  61.254911    96.283    96.278  5 54866.38267246 16.273
  22 128.004430  61.254586    96.302    96.330  5 54876.29832073 15.880
  23 128.008214  61.254381    96.167    96.215  5 54886.21396656 15.927
  24 128.016474  61.254836    96.075    96.096  5 54896.12960943 16.574
  25 128.019539  61.254303    96.028    96.024  5 54906.04524898 16.577
  26 128.020006  61.254148    95.984    95.953  5 54915.96088710 15.189
  27 128.018008  61.253958    95.978    96.021  5 54925.87652470 13.512
  28 128.019978  61.254496    95.974    95.979  4 54935.79216208 14.974
  29 128.023987  61.254361    96.050    96.046  5 54945.70779763 43.164
  30 128.033645  61.254680    98.639    98.599  5 54955.62343123 46.338
  31 128.033569  61.254064   223.882   224.101  5 54965.53907877  9.943
  32 128.031439  61.254375   100.535   100.618  5 54975.45472655 29.437
  33 128.024242  61.254152   101.903   101.921  5 54985.37037367 38.721
  34 128.019772  61.254411   213.313   213.324  5 54995.28602110  6.727
  35 128.016223  61.254234   101.661   101.655  4 55005.20166709 53.437
  36 128.013804  61.253954    99.829    99.863  5 55015.11731095 43.933
  37 128.013235  61.254255    99.431    99.459  4 55025.03295360 47.885
  38 128.012185  61.254973    98.355    98.356  5 55034.94859568 43.121
  39 128.010440  61.254515    97.278    97.273  5 55044.86423677 54.610
  40 128.014776  61.254229    98.414    98.409  5 55054.77987670 52.828
  41 128.025446  61.254743    99.203    99.202  5 55064.69551505 51.787
  42 128.028836  61.254814    99.379    99.378  5 55074.61116243 54.080
  43 128.026167  61.254468    97.992    97.988  5 55084.52681008 53.760
  44 128.021541  61.254445    99.302    99.303  5 55094.44245608 25.068
  45 128.017053  61.253917    97.944    97.809  5 55104.35810194 29.784
  46 128.018688  61.254528    98.275    98.208  5 55114.27374830 53.172
  47 128.022534  61.254702    97.492    97.126  5 55124.18939235 20.805
  48 128.025586  61.254484    96.576    96.557  5 55134.10503345 44.063
  49 128.027799  61.254528    96.418    96.405  4 55144.02067232 35.434
  50 128.026944  61.254810    96.250    96.237  5 55153.93631021 31.520
  51 128.023541  61.254410    96.502    96.519  5 55163.85194810 28.810
  52 128.022091  61.254319    96.801    96.773  5 55173.76758594 23.106
  53 128.024446  61.254617   213.715   214.001  4 55183.68322434  8.243
  54 128.019455  61.254350    96.976    96.989  4 55193.59887500 20.891
  55 128.013825  61.254559    96.676    96.668  5 55203.51452444 20.059
  56 128.007787  61.254492    96.570    96.555  4 55213.43017321 19.261
  57 128.006810  61.254630    96.336    96.327  5 55223.34582204 18.809
  58 128.009326  61.254001    96.188    96.252  5 55233.26146961 16.955
  59 128.018887  61.254408    96.163    96.189  5 55243.17711471 16.372
  60 128.023786  61.254431    96.099    96.124  4 55253.09275610 14.997
  61 128.023114  61.254627    96.098    96.051  5 55263.00839478 14.460
  62 128.017999  61.254345    96.045    96.008  5 55272.92403198 14.339
  63 128.018037  61.254350    96.070    96.080  4 55282.83966937 13.759
  64 128.024833  61.254558    96.124    96.121  5 55292.75530613 12.635
  65 128.031473  61.253992    96.937    96.973  5 55302.67094228 14.999
  66 128.032857  61.254028    98.636    98.368  5 55312.58658999 23.716
  67 128.028520  61.253898   225.176   225.207  5 55322.50223495 11.341
  68 128.024232  61.254650   223.296   223.299  4 55332.41787887 11.928
  69 128.019224  61.254707   224.156   223.825  5 55342.33352263  9.612
  70 128.016680  61.253982    99.308    99.282  5 55352.24916628 39.671
  71 128.019620  61.254431    98.968    98.952  5 55362.16480837 55.707
  72 128.019016  61.254332    99.636    99.706  4 55372.08044804 24.928
  73 128.016096  61.254275    98.282    98.279  5 55381.99608603 49.955
  74 128.013475  61.254220    99.324    99.284  5 55391.91172328 41.461
  75 128.017378  61.254519    96.733    96.659  4 55401.82735973 31.066
  76 128.022159  61.254399    97.547    97.475  4 55411.74301038 23.244
  77 128.027913  61.254058    98.068    98.042  5 55421.65866040 31.036
  78 128.030627  61.254032    96.895    96.814  5 55431.57430740 26.181
  79 128.025356  61.254125    98.400    98.337  5 55441.48995160 25.301
  80 128.019203  61.254464    98.081    98.128  5 55451.40559430 44.428
  81 128.015839  61.254225    97.266    97.246  4 55461.32123652 25.409
  82 128.020679  61.253986    96.825    96.813  5 55471.23687812 53.110
  83 128.029345  61.254081    96.354    96.346  5 55481.15251718 55.152
  84 128.037839  61.255042    96.604    96.615  5 55491.06815389 42.607
  85 128.034914  61.254510    95.965    95.968  6 55500.98378730 42.941
  86 128.027522  61.254745    96.327    96.296  5 55510.89942969 38.838
  87 128.019998  61.254835    96.706    96.654  5 55520.81507863 35.575
  88 128.015586  61.254225    96.184    96.184  4 55530.73072667 28.307
  89 128.016444  61.254098    95.680    95.660  5 55540.64637362 24.228
  90 128.017182  61.254269    95.762    95.800  4 55550.56201848 21.306
  91 128.014479  61.254694    96.164    96.179  5 55560.47766154 17.947
  92 128.007750  61.253956    96.121    96.105  5 55570.39330332 17.195
  93 128.011496  61.254893    95.978    95.983  5 55580.30894526 14.027
  94 128.019310  61.254534    95.950    95.981  5 55590.22458457 14.185
  95 128.033458  61.254993    96.150    96.234  5 55600.14022140 12.897
  96 128.040514  61.254772    96.039    96.123  6 55610.05585516 13.052
  97 128.038895  61.254658    96.112    96.087  6 55619.97148670 13.362
  98 128.026434  61.254371    95.889    95.808  5 55629.88713610 12.637
  99 128.020467  61.254321    96.015    95.941  4 55639.80278635 11.360
 100 128.024679  61.254579    96.273    96.310  4 55649.71843516 10.588
 101 128.033016  61.254823    96.197    96.199  5 55659.63408102 10.802
 102 128.035582  61.254706    96.404    96.433  5 55669.54972273 16.814
 103 128.030976  61.254682   222.289   222.321  5 55679.46536178 16.411
 104 128.021928  61.254066   224.117   223.979  4 55689.38099849  9.196
 105 128.018239  61.254031    99.454    99.484  5 55699.29663429 51.779
 106 128.021218  61.254348    97.971    98.070  5 55709.21227260 43.434
 107 128.021548  61.254268   100.185   100.196  5 55719.12792323 29.798
 108 128.019734  61.254185    99.751    99.747  5 55729.04357123 52.911
 109 128.017660  61.254670    98.946    98.906  5 55738.95921780 26.072
 110 128.012291  61.254116    97.856    97.774  5 55748.87486266 29.136
 111 128.014962  61.254702    96.557    96.557  5 55758.79050605 53.925
 112 128.019128  61.253941    96.833    96.866  5 55768.70614662 52.951
 113 128.030896  61.254660    99.668    99.661  5 55778.62178491 43.146
 114 128.038269  61.254877    99.251    99.238  6 55788.53742026 42.976
 115 128.038686  61.255080    97.975    98.023  5 55798.45305374 27.162
 116 128.029716  61.254499    97.236    97.187  5 55808.36869789 23.012
 117 128.022250  61.253997    97.832    97.830  5 55818.28434625 54.529
 118 128.025187  61.254089    97.134    97.147  5 55828.19999161 25.799
 119 128.034336  61.254845    96.962    96.927  5 55838.11563323 24.944
 120 128.039604  61.254995    96.588    96.518  5 55848.03127130 46.966
 121 128.036355  61.254706    96.882    96.890  6 55857.94690626 35.171
 122 128.026304  61.254596    96.815    96.811  4 55867.86255146 44.109
 123 128.016770  61.254379    97.249    97.286  5 55877.77820234 32.696
 124 128.014942  61.254237    96.845    96.841  4 55887.69384748 28.147
 125 128.019106  61.254410    96.587    96.568  5 55897.60948751 24.626
 126 128.024842  61.254682    96.510    96.530  5 55907.52512270 21.045
 127 128.021190  61.254412    97.012    97.009  5 55917.44076921 20.044
 128 128.016583  61.254522    96.970    96.917  5 55927.35642218 19.675
 129 128.015729  61.254450    96.840    96.842  5 55937.27207207 19.028
 130 128.021167  61.254596    96.726    96.670  5 55947.18771761 16.480
 131 128.026950  61.254336    96.586    96.622  4 55957.10335855 14.621
 132 128.030442  61.254348    96.480    96.464  5 55967.01899672 15.317
 133 128.029967  61.254726    96.379    96.404  5 55976.93463358 14.810
 134 128.027434  61.254602    96.318    96.305  4 55986.85026944 14.236
 135 128.027939  61.254517    96.360    96.362  4 55996.76590711 15.254
 136 128.027874  61.254362    96.445    96.515  5 56006.68155848 13.691
 137 128.031872  61.254860    96.219    96.216  5 56016.59720621 13.435
 138 128.029754  61.254683    96.304    96.446  5 56026.51285044 13.000
 139 128.024408  61.254673    95.802    95.711  4 56036.42849281 27.272
 140 128.017848  61.254148    97.965    97.635  5 56046.34413304 24.408
 141 128.016459  61.254287   224.414   224.072  4 56056.25977103 14.478
 142 128.019185  61.254151   224.480   224.159  4 56066.17540516  9.498
 143 128.018683  61.254028   100.369   100.325  5 56076.09105212 31.373
 144 128.017160  61.254431   102.087   102.087  4 56086.00670119 54.753
 145 128.016897  61.254773   101.164   101.094  5 56095.92234791 39.873
 146 128.017769  61.254682    99.896    99.857  5 56105.83799253 55.571
 147 128.020792  61.254173   101.619   101.613  4 56115.75362282 42.526
 148 128.027281  61.254446   100.174   100.213  5 56125.66926137 18.763
 149 128.034817  61.255042   101.593   101.592  5 56135.58489612 41.975
 150 128.034432  61.255066    99.978    99.966  5 56145.50053831 54.888
 151 128.026476  61.253962   100.291   100.361  5 56155.41618735 22.241
 152 128.023395  61.254292    97.805    97.799  4 56165.33183605 28.813
 153 128.023238  61.254501    98.305    98.214  5 56175.24748280 25.851
 154 128.024956  61.254219    97.417    97.450  5 56185.16312455 33.457
 155 128.029164  61.254472    96.686    96.686  5 56195.07876277 26.599
 156 128.031207  61.255031    97.610    97.664  5 56204.99439783 45.490
 157 128.027546  61.254579    97.252    97.269  5 56214.91003070 50.481
 158 128.024589  61.254712    96.852    96.752  5 56224.82566754 45.987
 159 128.019038  61.254478    95.818    95.861  5 56234.74132260 37.724
 160 128.015958  61.253905    96.161    96.136  5 56244.65697394 27.411
 161 128.016748  61.254252    96.075    96.076  4 56254.57262079 27.027
 162 128.017034  61.254789    95.980    95.990  5 56264.48826353 23.423
 163 128.016160  61.254812    96.375    96.362  5 56274.40390440 23.710
 164 128.015952  61.254116    96.412    96.384  5 56284.31954897 20.614
 165 128.021847  61.254713    96.225    96.219  5 56294.23520080 19.510
 166 128.025001  61.254112    96.129    96.114  5 56304.15084793 18.163
 167 128.026998  61.254502    95.986    95.984  5 56314.06649111 17.394
 168 128.023356  61.254496    95.900    95.905  4 56323.98213160 16.918
 169 128.019980  61.254503    95.891    95.884  5 56333.89777136 16.537
 170 128.020539  61.254081    95.933    95.913  5 56343.81341076 15.880
 171 128.027814  61.254462    95.856    95.866  4 56353.72904857 15.379
 172 128.032299  61.254791    95.859    95.888  5 56363.64469213 13.903
 173 128.027416  61.254322    95.881    95.864  4 56373.56034056 14.684
 175 128.011725  61.254036    96.977    96.281  5 56393.39162945 13.546
 176 128.010164  61.253995    97.139    96.996  5 56403.30727174 26.998
 177 128.014294  61.254409   226.812   226.736  4 56413.22291171 14.525
 178 128.020215  61.254242   225.109   225.206  4 56423.13854680  8.268
 179 128.020429  61.254248   100.747   100.719  4 56433.05419005 42.957
 180 128.015019  61.254355   100.073   100.070  5 56442.96984194 28.859
 181 128.009547  61.254069   225.174   224.703  5 56452.88549118 12.054
 182 128.011399  61.253975    98.910    98.924  5 56462.80113850 45.284
 183 128.018825  61.254132    97.945    98.016  5 56472.71678303 51.166
 184 128.028943  61.254855   100.285   100.244  5 56482.63242447 18.725
 185 128.032071  61.255113    98.181    98.199  5 56492.54806170 34.792
 186 128.027802  61.254422   100.421   100.466  4 56502.46369578 20.022
 187 128.027331  61.254817   100.647   100.731  5 56512.37932881 30.392
 188 128.023993  61.254143    98.727    98.781  5 56522.29497597 35.561
 189 128.025449  61.254154    99.157    99.145  5 56532.21062878 45.208
 191 128.027163  61.254598    96.714    96.743  5 56552.04192284 25.098
 192 128.019308  61.254498    97.091    96.663  5 56561.95756481 22.615
 193 128.011758  61.254423    97.246    97.134  5 56571.87320560 34.291
 194 128.008901  61.254020    96.275    96.263  5 56581.78884499 42.533
 195 128.017165  61.254299    95.919    95.891  4 56591.70448119 43.582
 196 128.020802  61.254224    95.806    95.825  4 56601.62013084 25.746
 197 128.021105  61.254552    95.760    95.771  5 56611.53578064 22.891
 198 128.017033  61.254752    95.971    95.977  5 56621.45142556 21.013
 199 128.011930  61.254192    96.084    96.071  5 56631.36706734 19.442
 200 128.016570  61.254394    96.080    96.077  4 56641.28270615 17.328
 201 128.023343  61.254171    96.137    96.083  5 56651.19835486 17.566
 202 128.029226  61.254304    96.108    96.052  5 56661.11400574 16.736
 203 128.028759  61.254375    96.019    96.076  5 56671.02965272 15.973
 204 128.020065  61.254110    95.954    95.960  4 56680.94529685 15.384
 205 128.015155  61.254363    95.922    95.919  5 56690.86093947 15.006
 206 128.016612  61.254322    95.859    95.866  5 56700.77657910 13.943
 207 128.027316  61.254874    95.904    95.918  5 56710.69221488 13.144
 208 128.030120  61.254561    95.878    95.911  4 56720.60785801 13.654
 209 128.025184  61.254593   219.810   219.690  5 56730.52350947  5.751
 210 128.014831  61.254528    96.002    96.025  4 56740.43915667 13.838
 211 128.006231  61.254303    95.900    95.872  4 56750.35479989 13.898
 212 128.005950  61.254102    96.641    95.606  5 56760.27043896 28.662
 213 128.015826  61.254542   226.434   226.468  5 56770.18607254 16.883
 214 128.018100  61.254294   225.915   225.915  5 56780.10172466 11.218
 215 128.017333  61.254589   100.666   100.663  4 56790.01737984 53.836
 216 128.012637  61.254859    98.310    98.220  5 56799.93303136 51.569
 217 128.007297  61.254488    98.236    98.222  4 56809.84867617 41.971
 218 128.009357  61.254395    98.450    98.451  5 56819.76431652 55.064
 219 128.019226  61.254575    99.909    99.913  5 56829.67995376 53.600
 220 128.031908  61.254918   221.477   221.682  5 56839.59558809  8.646
 221 128.034527  61.254095    98.479    98.473  5 56849.51122154 37.751
 222 128.026532  61.254478    96.587    96.630  4 56859.42687544 26.634
 223 128.016870  61.254550    96.817    96.462  5 56869.34252829 31.550
 224 128.012613  61.254419    97.127    97.169  5 56879.25817925 29.395
 225 128.014907  61.254379    98.407    98.351  5 56889.17382734 23.620
 226 128.018719  61.254406    97.420    97.414  5 56899.08947281 53.213
 227 128.016207  61.254257    97.770    97.621  4 56909.00511530 22.754
 228 128.012311  61.254985    98.920    98.949  5 56918.92075587 26.950
 229 128.005955  61.254479    99.339    99.110  4 56928.83639397 23.487
 230 128.008178  61.254466    97.022    96.984  5 56938.75202851 43.130
 231 128.016510  61.254543    96.203    96.220  5 56948.66766374 44.773
 232 128.018761  61.254302    95.972    95.952  5 56958.58331684 28.626
 233 128.019607  61.254403    95.989    95.965  5 56968.49896468 31.667
 234 128.017678  61.254390    96.119    96.126  4 56978.41460838 21.204
 235 128.015958  61.254164    95.886    95.915  5 56988.33024765 19.840
 236 128.021474  61.254320    95.945    95.912  5 56998.24588148 17.268
 237 128.024410  61.254129    95.967    95.969  5 57008.16153107 17.369
 238 128.028142  61.254527    95.911    95.921  4 57018.07718469 16.029
 239 128.025345  61.253955    95.871    95.892  5 57027.99283424 14.467
 240 128.020188  61.254080    95.917    95.889  5 57037.90848186 13.978
 241 128.017145  61.254653    95.869    95.834  5 57047.82412720 13.538
 242 128.015936  61.254366    95.902    95.914  5 57057.73976881 13.086
 243 128.020842  61.254378    95.889    95.872  5 57067.65540546 12.523
 244 128.025727  61.254544    95.731    95.746  4 57077.57103788 12.096
 245 128.027512  61.254650    95.924    95.960  5 57087.48667040 12.544
 246 128.015593  61.254118    95.920    95.956  5 57097.40232800 12.251
 247 128.008092  61.254294    95.918    95.919  4 57107.31798322  8.327
 248 128.007092  61.254394    96.115    96.142  4 57117.23363409  7.899
 249 128.010539  61.254256    96.566    96.604  4 57127.14927911  8.880
 250 128.017100  61.254728    97.185    96.270  5 57137.06491901 16.950
 251 128.020770  61.254571   224.481   224.466  4 57146.98055448 11.740
 252 128.022022  61.253976   101.985   102.004  5 57156.89618718 43.113
 253 128.023610  61.254508   223.554   223.071  4 57166.81183155  9.923
 254 128.019788  61.253993   223.428   223.411  5 57176.72748748 11.276
 255 128.021482  61.254166   101.057   101.075  5 57186.64314004 47.832
 256 128.023218  61.254230    99.668    99.688  4 57196.55878849 48.394
 257 128.022011  61.254153   100.323   100.316  4 57206.47442310 35.185
 258 128.019467  61.254452    98.264    98.261  4 57216.39006801 46.600
 259 128.015820  61.253954    97.407    97.162  5 57226.30571156 29.782
 260 128.018025  61.254489    96.906    96.919  5 57236.22135373 53.645
 261 128.019393  61.254110    96.243    96.251  5 57246.13699221 40.561
 262 128.021303  61.254185    96.470    96.489  5 57256.05262818 29.809
 263 128.020073  61.254260    96.209    96.199  5 57265.96826257 40.557
 264 128.016687  61.254417    96.169    96.185  4 57275.88390594 49.058
 265 128.013482  61.254798    97.306    96.894  5 57285.79956256 34.293
 266 128.011175  61.253940    96.854    96.896  5 57295.71521620 46.806
 267 128.014575  61.254366    95.871    95.885  4 57305.63086690 34.391
 268 128.015708  61.254586    96.107    96.097  4 57315.54651356 44.348
 269 128.013065  61.254240    95.275    95.232  4 57325.46215664 36.453
 270 128.014731  61.254776    95.692    95.671  5 57335.37779829 26.329
 271 128.015889  61.254720    95.750    95.744  5 57345.29344489 24.032
 272 128.018597  61.254540    95.846    95.846  4 57355.20909288 21.093
 273 128.020826  61.254114    96.018    96.028  4 57365.12473687 18.120
 274 128.022847  61.254172    96.158    96.146  4 57375.04037745 17.776
 275 128.022328  61.254327    95.989    96.003  5 57384.95601587 17.218
 276 128.022830  61.254599    95.927    95.948  4 57394.87165390 17.114
 277 128.023150  61.254148    95.811    95.830  4 57404.78729086 14.759
 278 128.023424  61.254098    95.791    95.762  4 57414.70293841 14.963
 279 128.022597  61.254606    95.720    95.657  5 57424.61858972 14.594
 280 128.015695  61.254126    95.613    95.622  5 57434.53423747 14.698
 281 128.009540  61.254386    95.629    95.613  5 57444.44988368 14.055
 282 128.005131  61.254201    95.661    95.714  5 57454.36552932 14.921
 283 128.005580  61.253798    95.745    95.867  5 57464.28117356 15.061
 284 128.015110  61.254182    95.704    95.671  5 57474.19681501 12.833
 286 128.026546  61.254426    95.916    95.942  5 57494.02808694 11.601
 287 128.024833  61.254082    95.900    95.917  5 57503.94371870 28.177
 288 128.020624  61.254541    97.369    97.231  5 57513.85937246 44.947
 289 128.020615  61.254519    98.669    98.650  5 57523.77502690 53.572
 290 128.025430  61.254642    99.597    99.590  4 57533.69067951 55.881
 291 128.028392  61.254712   100.100   100.093  5 57543.60632885 54.794
 292 128.023430  61.253951   101.465   101.433  5 57553.52197484 39.711
 293 128.018281  61.254208    99.898    99.820  5 57563.43761949 43.082
 294 128.013681  61.254072    99.107    99.168  5 57573.35326368 29.655
 295 128.014938  61.254232    98.481    98.501  5 57583.26890823 29.225
 296 128.017822  61.254031    98.814    98.812  5 57593.18455097 25.505
 297 128.021215  61.254615   100.158   100.173  4 57603.10019146 24.822
