# NaN NaN NaN ;Mean Elev.(m), Avg Gradient(m/km), RMS Gradient(m/km) - SRTM1     
#  106.421     NaN     NaN ;Mean Elev.(m), Avg Gradient(m/km), RMS Gradient(m/km) - ASTER GDEM
#   84.000  -6.545  21.037 ;Mean Elev.(m), Avg Gradient(m/km), RMS Gradient(m/km) - GMTED2010 
   1 127.809894  61.185317    99.327    99.016  7 54668.06975788 27.766
   2 127.791397  61.180658   282.396   282.396  2 54677.98539996  0.291
   6 127.812091  61.185997   277.645   276.757  7 54717.64798026  5.420
   7 127.819737  61.186920    12.419    12.448  5 54727.56363033  6.127
   8 127.815737  61.186033   274.713   275.216  6 54737.47927757  1.281
  10 127.794716  61.183107   101.067   100.781 11 54757.31056984 21.665
  11 127.797521  61.183796    98.196    97.839 10 54767.22621530 34.602
  12 127.809161  61.185177    97.361    97.353  8 54777.14185837 44.031
  13 127.822660  61.187238    97.166    97.174  6 54787.05749925 36.379
  14 127.822533  61.186684    97.210    97.267  5 54796.97313738 31.088
  16 127.813470  61.186026    98.014    97.979  7 54816.80441155 23.789
  17 127.807291  61.185244    97.972    97.958  8 54826.72005945 21.103
  18 127.800419  61.183607    97.956    97.946  9 54836.63569774 19.099
  19 127.795292  61.183212    97.911    97.909 11 54846.55134669 17.963
  20 127.789379  61.182730    97.817    97.837 11 54856.46699500 16.584
  21 127.780216  61.181303    97.799    97.783 11 54866.38264294 16.834
  22 127.778635  61.180973    97.727    97.741 11 54876.29829121 16.237
  23 127.786913  61.182248    97.696    97.733 11 54886.21393763 15.745
  24 127.797396  61.183456    97.795    97.699 10 54896.12958079 14.164
  25 127.804960  61.184407    98.132    98.129  8 54906.04522093 13.165
  26 127.807685  61.184991    97.667    97.582  7 54915.96085935 12.948
  27 127.803453  61.184060    98.529    98.297  8 54925.87649666 11.730
  28 127.807685  61.185336    98.827    98.512  8 54935.79213433 11.815
  29 127.813958  61.185941    98.206    98.232  6 54945.70777018 31.541
  30 127.825860  61.187009    99.714    99.710  5 54955.62340407 39.512
  31 127.828042  61.187135   289.264   288.971  6 54965.53905190  1.913
  32 127.823653  61.186710   101.753   101.664  5 54975.45469939 24.643
  33 127.814214  61.185737   102.867   102.870  6 54985.37034622 54.367
  34 127.809748  61.185987   216.625   216.469  4 54995.28599365  0.327
  35 127.801697  61.184326   102.106   102.089  9 55005.20163905 32.858
  36 127.797028  61.183306   101.535   101.660  9 55015.11728261 26.353
  37 127.794201  61.182869   100.452   100.576 11 55025.03292497 26.022
  38 127.790899  61.182850    99.381    99.401 11 55034.94856675 38.398
  39 127.789172  61.182387    98.467    98.475 11 55044.86420785 39.837
  40 127.798020  61.183580    99.326    99.301  9 55054.77984836 37.728
  41 127.815431  61.186323   100.088   100.013  6 55064.69548759 42.485
  42 127.821063  61.187143   100.136   100.107  5 55074.61113527 35.918
  43 127.816140  61.186062    98.971    98.979  6 55084.52678263 29.812
  44 127.809259  61.185298   100.115   100.050  7 55094.44242833 28.979
  45 127.804776  61.184761    99.185    99.156  9 55104.35807420 33.460
  46 127.804142  61.184634   101.060   101.146  8 55114.27372025 24.706
  47 127.810225  61.185547   100.410   101.053  7 55124.18936460 25.358
  48 127.815520  61.186068    97.626    97.607  6 55134.10500600 42.106
  49 127.819978  61.186853    97.846    97.865  6 55144.02064516 34.880
  50 127.816873  61.186394    97.650    97.656  6 55153.93628276 29.088
  51 127.813490  61.185988    97.905    97.915  6 55163.85192065 24.945
  52 127.809803  61.185152    98.366    98.122  7 55173.76755820 20.892
  53 127.814417  61.186189   198.749   198.281  7 55183.68319689  2.713
  54 127.807181  61.185181    98.264    98.268  8 55193.59884725 18.772
  55 127.794794  61.183174    98.094    98.094 10 55203.51449581 18.896
  56 127.784255  61.181623    97.935    97.964 11 55213.43014399 18.985
  57 127.785524  61.182497    97.845    97.840 11 55223.34579312 17.254
  58 127.790283  61.182609    97.721    97.746 10 55233.26144097 17.911
  59 127.804321  61.184506    97.618    97.602  8 55243.17708667 16.088
  60 127.813711  61.186013    97.645    97.587  7 55253.09272864 15.824
  61 127.810784  61.185474    97.661    97.661  7 55263.00836704 16.356
  62 127.803437  61.184446    97.626    97.610  8 55272.92400394 15.879
  63 127.803490  61.184450    97.561    97.549  9 55282.83964132 15.898
  64 127.814794  61.186140    97.795    97.745  6 55292.75527868 10.709
  65 127.825945  61.187057    98.722    98.698  6 55302.67091542 22.838
  66 127.827327  61.187102   101.081   101.106  6 55312.58656313 22.755
  67 127.822997  61.186968   284.118   284.297  6 55322.50220809  8.939
  68 127.814202  61.186239   280.342   280.062  7 55332.41785142  6.147
  69 127.802441  61.184073   278.716   278.157  9 55342.33349429  3.923
  70 127.802158  61.184078   100.403   100.276  8 55352.24913823 31.814
  71 127.805086  61.184529   100.825   100.771  8 55362.16478033 28.650
  72 127.806737  61.185165   101.040   101.106  8 55372.08042029 26.028
  73 127.799323  61.183627    99.481    99.465  9 55381.99605769 50.465
  74 127.794464  61.182829   100.150   100.139 10 55391.91169464 35.800
  75 127.802874  61.184607   100.516   100.492  9 55401.82733169 26.671
  76 127.812153  61.185976   100.229    99.734  7 55411.74298293 24.170
  77 127.822403  61.187125    99.340    99.148  6 55421.65863354 26.736
  78 127.825107  61.187109    99.440    99.561  6 55431.57428054 25.558
  79 127.817584  61.186460   100.231   100.059  5 55441.48992445 24.088
  80 127.804676  61.184575    98.830    98.839  8 55451.40556626 35.059
  81 127.801314  61.184325   101.553   101.675  9 55461.32120847 22.619
  82 127.810648  61.185564    97.997    97.971  8 55471.23685067 37.464
  83 127.823796  61.187143    97.571    97.455  6 55481.15249032 54.545
  84 127.827754  61.186639    97.546    97.560  6 55491.06812643 44.923
  85 127.827097  61.186837    97.436    97.471  6 55500.98376015 46.210
  86 127.819722  61.187060    97.537    97.518  5 55510.89940253 35.195
  87 127.803203  61.184191    97.670    97.710  9 55520.81505029 31.521
  88 127.798809  61.183577    97.393    97.429 10 55530.73069833 28.106
  89 127.799667  61.183455    97.071    96.977  9 55540.64634528 26.006
  90 127.802654  61.184367    97.099    97.092  9 55550.56199044 22.617
  91 127.795442  61.183312    97.441    97.454 10 55560.47763291 21.026
  92 127.788730  61.182561    98.433    98.555 10 55570.39327469 18.077
  93 127.790203  61.182761    97.689    97.392 11 55580.30891633 17.327
  94 127.804756  61.184624    97.334    97.375  8 55590.22455652 17.322
  95 127.823375  61.186577    98.553    98.507  6 55600.14019395 15.531
  96 127.832672  61.187103    97.980    97.800  6 55610.05582800 15.241
  97 127.831066  61.186984    98.678    98.636  6 55619.97145954 14.353
  98 127.818636  61.186684    99.485    99.763  5 55629.88710894 13.142
  99 127.808183  61.185152    99.552   100.004  8 55639.80275861 12.051
 100 127.814643  61.186160   100.591   100.601  7 55649.71840770 10.659
 101 127.825217  61.187159   100.222   100.243  5 55659.63405386 10.762
 102 127.827778  61.187050    97.041    96.762  5 55669.54969558 19.219
 103 127.823182  61.187018   284.657   288.510  5 55679.46533463  9.566
 104 127.811907  61.185643   290.868   291.680  7 55689.38097104  1.932
 105 127.805977  61.184858   100.106   100.097  7 55699.29660654 51.436
 106 127.808946  61.185174    99.081    99.009  7 55709.21224485 36.143
 107 127.809267  61.185099   101.410   101.503  7 55719.12789549 24.568
 108 127.807451  61.185018   100.353   100.335  7 55729.04354349 36.376
 109 127.800873  61.184027   101.228   101.342  9 55738.95918946 24.474
 110 127.793273  61.182729   101.011   101.209 10 55748.87483403 23.204
 111 127.795943  61.183319    98.319    98.491 10 55758.79047741 46.400
 112 127.809123  61.185517    98.798    98.688  8 55768.70611917 26.616
 113 127.823119  61.186995   100.498   100.507  5 55778.62175775 55.777
 114 127.832731  61.187959   100.567   100.402  5 55788.53739340 54.367
 115 127.828640  61.186683    99.873    99.788  6 55798.45302629 24.900
 116 127.821939  61.186823    99.912   100.219  5 55808.36867073 23.646
 117 127.814485  61.186306    98.922    98.912  7 55818.28431909 53.775
 118 127.817405  61.186401   100.747   100.838  5 55828.19996446 22.373
 119 127.824269  61.186432    99.635    99.555  6 55838.11560578 25.166
 120 127.829519  61.186591    98.980    98.851  6 55848.03124385 26.432
 121 127.828538  61.187032    99.848   100.158  6 55857.94687911 23.578
 122 127.818513  61.186908    97.932    97.931  6 55867.86252430 47.817
 123 127.799993  61.183727    98.575    98.297  9 55877.77817400 23.807
 124 127.798175  61.183583    98.675    98.657 10 55887.69381914 21.879
 125 127.804584  61.184501    97.861    97.890  8 55897.60945947 20.142
 126 127.814814  61.186256    97.903    97.900  6 55907.52509524 17.809
 127 127.808910  61.185244    98.160    98.176  7 55917.44074146 17.184
 128 127.799794  61.183873    98.279    98.299  9 55927.35639384 16.332
 129 127.798933  61.183799    98.054    98.015  9 55937.27204373 15.051
 130 127.806602  61.184691    98.083    98.068  8 55947.18768957 13.849
 131 127.819127  61.186654    98.475    98.244  6 55957.10333139 12.556
 132 127.822612  61.186673    99.336    99.253  5 55967.01896956 13.073
 133 127.822144  61.187049    99.123    99.523  5 55976.93460642 12.926
 134 127.819634  61.186917    99.592    99.661  6 55986.85024229 11.745
 135 127.820156  61.186830   100.202   100.100  6 55996.76587996 11.958
 136 127.820094  61.186680   100.289   100.331  5 56006.68153132 10.723
 137 127.824079  61.187192   100.225   100.259  5 56016.59717905 10.636
 138 127.821962  61.187018    98.985    99.170  5 56026.51282329 10.842
 139 127.814370  61.186263   104.130   104.199  7 56036.42846535 15.873
 140 127.803323  61.184245   104.619   104.535  8 56046.34410500 17.129
 141 127.801940  61.184374   283.732   283.408  9 56056.25974298 12.459
 142 127.806919  61.184973   286.423   287.723  8 56066.17537741  3.539
 143 127.804159  61.184115   102.316   102.352  8 56076.09102408 25.907
 144 127.802630  61.184522   102.749   102.730  9 56086.00667315 52.700
 145 127.797860  61.183392   101.968   101.933 10 56095.92231928 50.942
 146 127.800992  61.184042   100.653   100.674  9 56105.83796419 33.738
 147 127.810781  61.185752   101.831   101.812  7 56115.75359537 33.271
 148 127.819516  61.186771    99.976   100.071  5 56125.66923421 26.065
 149 127.824786  61.186642   102.665   102.663  6 56135.58486867 48.249
 150 127.824397  61.186667   100.923   100.884  6 56145.50051085 52.557
 151 127.820963  61.187026   100.674   100.498  6 56155.41616049 25.181
 152 127.813370  61.185876   100.830   101.350  7 56165.33180860 25.568
 153 127.810953  61.185343   101.454   101.409  7 56175.24745505 20.598
 154 127.817170  61.186535   100.679   100.675  5 56185.16309739 21.920
 155 127.821363  61.186793   100.348   100.777  5 56195.07873561 22.519
 156 127.821143  61.186616    98.335    98.331  6 56204.99437038 29.903
 157 127.819755  61.186894    98.828    98.571  5 56214.91000354 32.172
 158 127.812310  61.185543    97.890    97.883  7 56224.82563979 49.164
 159 127.804523  61.184565    97.130    97.106  8 56234.74129456 44.926
 160 127.803706  61.184730    97.104    97.081  9 56244.65694619 43.039
 161 127.802234  61.184344    97.167    97.206  9 56254.57259275 38.344
 162 127.798004  61.183408    97.057    97.084 10 56264.48823490 33.478
 163 127.797125  61.183428    97.408    97.402 10 56274.40387577 29.460
 164 127.799168  61.183466    97.443    97.450  9 56284.31952063 26.004
 165 127.807287  61.184811    97.324    97.321  8 56294.23517276 23.524
 166 127.817188  61.186429    97.279    97.331  5 56304.15082077 22.701
 167 127.819171  61.186824    97.160    97.145  5 56314.06646395 21.537
 168 127.813286  61.186077    97.138    97.134  7 56323.98210414 20.154
 169 127.805421  61.184601    97.087    97.094  8 56333.89774332 19.530
 170 127.808250  61.184915    97.144    97.150  7 56343.81338302 17.896
 171 127.820027  61.186780    97.356    97.354  6 56353.72902141 16.073
 172 127.824506  61.187119    97.427    97.423  5 56363.64466498 15.012
 173 127.819633  61.186649    97.369    97.259  6 56373.56031341 14.843
 175 127.792702  61.182652   101.518   101.451 10 56393.39160082 14.505
 176 127.791145  61.182604   106.191   106.780 10 56403.30724310 14.556
 177 127.797516  61.183756   284.798   286.060 10 56413.22288338  6.109
 178 127.807936  61.185068   284.539   284.818  8 56423.13851905  0.992
 179 127.808149  61.185075   102.243   102.164  8 56433.05416231 26.291
 180 127.795984  61.182969   100.811   100.770 10 56442.96981330 33.641
 181 127.790527  61.182680   277.483   277.223 10 56452.88546255  6.905
 182 127.792382  61.182592    99.452   100.698 10 56462.80110986 25.945
 183 127.804303  61.184239    98.800    98.821  8 56472.71675499 31.866
 184 127.817899  61.186125   277.211   281.327  5 56482.63239688  3.356
 188 127.813977  61.185716   100.464   100.546  6 56522.29494852 24.702
 191 127.820001  61.187131   280.369   285.702  5 56552.04189577  2.476
 193 127.792729  61.183033   101.788   101.801 10 56571.87317696 27.629
 194 127.789893  61.182621    97.522    97.539 10 56581.78881636 38.548
 195 127.802656  61.184384    97.390    97.353  9 56591.70445315 50.761
 196 127.808537  61.185056    97.064    97.088  8 56601.62010309 44.078
 197 127.806575  61.184653    96.990    97.007  8 56611.53575259 31.051
 198 127.800250  61.184109    97.216    97.181  9 56621.45139722 29.959
 199 127.792903  61.182801    97.333    97.316 10 56631.36703871 24.933
 200 127.802033  61.184480    97.406    97.398  9 56641.28267811 23.767
 201 127.813289  61.185743    97.468    97.454  6 56651.19832741 21.700
 202 127.821400  61.186626    97.754    97.562  5 56661.11397858 18.624
 203 127.820927  61.186700    97.700    97.573  5 56671.02962556 17.731
 204 127.807751  61.184947    97.359    97.311  8 56680.94526911 17.083
 205 127.798355  61.183715    97.332    97.294  9 56690.86091113 16.450
 206 127.799825  61.183674    97.455    97.372  9 56700.77655077 14.307
 207 127.817273  61.186453    97.990    97.954  6 56710.69218743 13.406
 208 127.822329  61.186887    99.136    99.177  6 56720.60783085 12.938
 210 127.798047  61.183888    98.632    98.742 10 56740.43912833 12.358
 211 127.782707  61.181430    98.154    97.957 11 56750.35477067 12.269
 212 127.784685  61.181959    97.087    97.081 11 56760.27041003 33.183
 213 127.796792  61.183146   286.332   288.422 10 56770.18604390  8.833
 214 127.803559  61.184383   274.865   274.869  8 56780.10169662  2.836
 215 127.800529  61.183947   101.437   101.364 10 56790.01735151 54.790
 216 127.811612  61.189381    98.914    98.914  2 56799.93300509 45.865
 217 127.783764  61.181627    97.301    96.452 11 56809.84864694 25.598
 218 127.788087  61.182274    99.541    99.595 11 56819.76428759 54.944
 219 127.804703  61.184682   100.652   100.639  8 56829.67992571 35.127
 221 127.829005  61.187169    99.667    99.573  6 56849.51119468 50.598
 222 127.818759  61.186806    98.116    98.112  6 56859.42684829 52.031
 223 127.800098  61.183912   104.094   102.656  9 56869.34249995 21.175
 224 127.793591  61.183034   101.501   101.609 10 56879.25815061 22.384
 225 127.795869  61.182999   102.022   102.018 10 56889.17379871 17.814
 226 127.804168  61.184512    98.248    98.240  8 56899.08944477 37.245
 227 127.801658  61.184361   101.183   101.487  9 56909.00508726 23.187
 228 127.791014  61.182867   100.129   100.062 11 56918.92072694 31.012
 229 127.782438  61.181607   105.295   103.673 11 56928.83636474 19.684
 230 127.786927  61.182329   100.601   101.426 11 56938.75199959 27.261
 231 127.799756  61.183892    97.226    97.206  9 56948.66763540 47.131
 232 127.804248  61.184400    97.002    96.986  8 56958.58328879 45.816
 233 127.805082  61.184508    97.090    97.110  8 56968.49893663 37.463
 234 127.803150  61.184490    96.961    96.945  9 56978.41458034 28.953
 235 127.799180  61.183517    96.706    96.685  9 56988.33021931 26.653
 236 127.809190  61.185148    96.709    96.713  7 56998.24585373 23.433
 237 127.814363  61.185699    96.709    96.680  6 57008.16150362 23.448
 238 127.820324  61.186847    96.993    96.989  6 57018.07715754 19.688
 239 127.819785  61.187012    98.589    98.769  6 57027.99280738 16.144
 240 127.807881  61.184918    99.871    99.975  7 57037.90845412 14.302
 241 127.800346  61.184010    99.482    99.642  9 57047.82409886 14.034
 242 127.799154  61.183719    99.522    99.773  9 57057.73974047 12.795
 243 127.808567  61.185213    99.490    99.835  7 57067.65537772 12.759
 244 127.817953  61.186861    98.963    99.230  6 57077.57101072 13.192
 245 127.819736  61.186966    99.317    99.597  5 57087.48664324 13.236
 246 127.798823  61.183470    97.942    97.465  9 57097.40229966 11.935
 247 127.786822  61.182158    96.764    96.787 10 57107.31795429 16.505
 248 127.783566  61.181516    96.718    96.674 11 57117.23360487 11.723
 249 127.791507  61.182859    99.276    98.509 11 57127.14925047 15.759
 250 127.800301  61.184082   103.074   103.339  9 57137.06489067 20.661
 251 127.808475  61.185406   269.019   268.392  8 57146.98052673  9.920
 252 127.814251  61.186284   102.882   102.876  7 57156.89616003 54.725
 253 127.813588  61.186082   279.250   279.536  7 57166.81180410  3.227
 254 127.807527  61.184830   286.389   286.840  7 57176.72745973  2.593
 255 127.809216  61.185012   101.656   101.760  7 57186.64311229 38.270
 256 127.813200  61.185821   100.379   100.364  7 57196.55876104 34.488
 257 127.811992  61.185744   100.928   100.957  7 57206.47439565 33.562
 258 127.804941  61.184562    99.358    99.314  9 57216.39003996 52.740
 259 127.801304  61.184052   101.422   101.634  8 57226.30568351 22.299
 260 127.801245  61.183847    97.855    97.872  9 57236.22132539 49.685
 261 127.807118  61.184941    97.383    97.325  7 57246.13696446 39.567
 262 127.809022  61.185017   101.255   101.203  7 57256.05260043 20.502
 263 127.807799  61.185088    99.223    99.444  7 57265.96823482 26.251
 264 127.802172  61.184502    97.911    96.894  9 57275.88387790 36.675
 265 127.792217  61.182668   100.922   101.371 11 57285.79953363 21.113
 266 127.792175  61.182549    98.304    97.910 10 57295.71518757 46.669
 267 127.797815  61.183723   101.618   101.585 10 57305.63083857 20.665
 268 127.798937  61.183950    96.923    96.893 10 57315.54648522 47.813
 269 127.794041  61.182864    96.694    96.642 11 57325.46212801 48.402
 270 127.795692  61.183399    96.943    96.854 10 57335.37776966 32.233
 271 127.796840  61.183341    96.727    96.747 10 57345.29341625 28.824
 272 127.804040  61.184639    96.917    96.859  9 57355.20906484 24.316
 273 127.810767  61.185690    98.325    98.538  7 57365.12470942 19.833
 274 127.812781  61.185749   100.133   100.232  7 57375.04034999 17.219
 275 127.810015  61.185163    99.820   100.395  7 57384.95598813 16.125
 276 127.812778  61.186171    99.217    99.302  7 57394.87162644 15.322
 277 127.813117  61.185716    99.478    99.314  7 57404.78726341 14.156
 278 127.815650  61.186406    99.233    99.522  6 57414.70291125 14.152
 279 127.810313  61.185443    98.978    99.007  7 57424.61856198 13.740
 280 127.798918  61.183481    98.227    98.726  9 57434.53420914 13.376
 281 127.788262  61.182258    97.582    97.112 11 57444.44985475 12.409
 282 127.783859  61.182063    97.293    97.301 11 57454.36550039 12.333
 283 127.784310  61.181655    97.281    97.356 11 57464.28114464 12.505
 284 127.798321  61.183526    98.779    98.892  9 57474.19678668 10.803
 286 127.818748  61.186735    99.693    99.669  5 57494.02805978 10.086
 287 127.817051  61.186385   102.051   102.080  5 57503.94369154 19.708
 289 127.817350  61.188306    99.071    99.004  3 57523.77500034 39.464
 290 127.815397  61.186229   100.319   100.391  7 57533.69065206 32.930
 291 127.820608  61.187046   100.766   100.734  5 57543.60630169 43.048
 292 127.815662  61.186280   102.276   102.201  7 57553.52194768 52.081
 293 127.803760  61.184315   100.811   100.834  8 57563.43759145 49.188
 294 127.794663  61.182691   100.896   100.706 10 57573.35323505 24.141
 295 127.798164  61.183589   100.487   100.300  9 57583.26887989 24.517
 296 127.803292  61.184126   102.117   101.234  8 57593.18452292 24.279
 297 127.808924  61.185451   101.106   101.081  8 57603.10016371 28.794
