-156797.576   149.595     0.00   15.28
-156511.706   148.859    -2.58   13.91
-156225.854   150.960     7.35   15.05
-155940.019   155.309    15.22   18.28
-155654.201   161.647    22.17   21.47
-155368.401   171.410    34.16   22.15
-155082.617   180.955    33.40   20.01
-154796.851   190.574    33.66   15.01
-154511.102   196.533    20.85   11.26
-154225.370   200.339    13.32    7.96
-153939.655   202.512     7.61    6.45
-153653.958   203.161     2.27    6.52
-153368.277   202.672    -1.71    7.22
-153082.614   201.438    -4.32    7.20
-152796.968   199.694    -6.11    7.27
-152511.339   198.595    -3.85    7.19
-152225.727   198.495    -0.35    6.46
-151940.133   198.995     1.75    7.23
-151654.555   200.339     4.70    8.23
-151368.995   202.805     8.64    8.84
-151083.452   204.759     6.84    8.49
-150797.926   206.590     6.41    7.14
-150512.417   207.574     3.45    6.06
-150226.925   207.616     0.15    5.43
-149941.450   206.526    -3.82    5.03
-149655.993   204.324    -7.71    5.48
-149370.552   201.923    -8.41    6.09
-149085.129   199.268    -9.30    6.85
-148799.723   196.373   -10.14    7.77
-148514.334   192.950   -12.00    7.99
-148228.962   188.557   -15.39    8.36
-147943.607   184.203   -15.26    8.06
-147658.269   180.347   -13.52    8.03
-147372.948   176.202   -14.53    8.12
-147087.644   172.283   -13.74    8.00
-146802.358   167.827   -15.62    7.69
-146517.088   164.327   -12.27    7.37
-146231.836   160.651   -12.89    6.70
-145946.600   157.363   -11.53    6.17
-145661.382   153.848   -12.33    5.75
-145376.181   151.003    -9.98    4.84
-145090.997   148.703    -8.07    4.34
-144805.830   146.301    -8.42    3.82
-144520.680   144.323    -6.94    3.75
-144235.547   142.334    -6.98    3.83
-143950.431   140.276    -7.22    5.03
-143665.332   139.489    -2.76    6.93
-143380.250   139.425    -0.23    9.20
-143095.185   139.001    -1.49   10.53
-142810.137   139.963     3.37   12.43
-142525.106   140.202     0.84   12.58
-142240.093   141.622     4.98   13.37
-141955.096   143.547     6.75   13.80
-141670.116   145.655     7.40   14.10
-141385.153   148.513    10.03   14.49
-141100.208   149.666     4.05   13.75
-140815.279   149.997     1.16   12.64
-140530.367   150.489     1.73   12.01
-140245.472   151.161     2.36   10.60
-139960.595   151.277     0.41   11.04
-139675.734   153.688     8.46   12.97
-139390.890   155.602     6.72   13.81
-139106.063   157.219     5.68   13.82
-138821.254   159.466     7.89   13.03
-138535.185   159.599     0.47   10.43
-138246.604   159.195    -1.40    8.88
-137958.041   157.291    -6.60    7.68
-137669.496   155.071    -7.69    6.88
-137380.970   152.097   -10.31    7.24
-137092.462   149.847    -7.80    7.59
-136803.972   148.392    -5.04    7.68
-136515.500   147.991    -1.39    8.85
-136227.047   149.558     5.43   11.09
-135938.611   151.847     7.94   12.69
-135650.194   153.983     7.41   12.82
-135361.796   155.692     5.93   11.97
-135073.415   156.293     2.08    9.71
-134785.053   155.293    -3.47    7.20
-134496.709   154.539    -2.61    6.48
-134208.383   152.382    -7.48    5.58
-133920.075   149.161   -11.17    6.57
-133631.786   146.005   -10.95    7.60
-133343.515   142.681   -11.53    7.06
-133055.262   139.185   -12.13    6.54
-132767.027   136.493    -9.34    5.90
-132478.810   134.162    -8.09    4.88
-132190.612   131.568    -9.00    4.83
-131902.432   129.727    -6.39    4.89
-131614.269   128.268    -5.06    4.56
-131326.125   126.440    -6.35    4.05
-131038.000   124.907    -5.32    3.85
-130749.892   123.627    -4.45    3.56
-130461.803   122.185    -5.00    3.72
-130173.731   120.987    -4.16    4.45
-129885.678   119.461    -5.30    4.95
-129597.643   117.993    -5.10    4.93
-129309.626   117.284    -2.46    4.83
-129021.628   116.918    -1.27    4.68
-128733.647   116.610    -1.07    4.62
-128445.685   117.196     2.03    5.23
-128157.740   118.059     3.00    5.46
-127869.814   118.971     3.17    5.88
-127581.906   120.048     3.74    6.54
-127294.016   121.106     3.68    7.63
-127006.144   121.938     2.89    8.60
-126718.291   122.529     2.05    9.08
-126430.455   123.056     1.83    9.21
-126142.637   122.194    -3.00    8.68
-125854.838   121.571    -2.16    8.49
-125567.057   120.461    -3.86    7.29
-125279.293   119.359    -3.83    5.51
-124991.548   118.929    -1.50    4.66
-124703.821   119.642     2.48    4.27
-124416.112   120.723     3.76    4.74
-124128.421   122.727     6.97    5.25
-123840.748   124.493     6.14    5.32
-123553.093   126.612     7.37    5.58
-123265.457   128.566     6.79    5.68
-122977.838   130.034     5.10    6.07
-122690.237   131.535     5.22    6.43
-122402.655   133.421     6.56    7.56
-122115.090   134.880     5.08    7.77
-121827.544   135.596     2.49    8.10
-121540.015   135.211    -1.34    8.95
-121252.505   134.058    -4.01    9.88
-120965.012   132.962    -3.81    9.83
-120677.538   130.187    -9.66    9.91
-120390.082   128.195    -6.93    8.71
-120102.643   126.152    -7.11    7.37
-119815.223   124.622    -5.32    7.18
-119527.820   123.459    -4.05    7.30
-119240.436   122.678    -2.72    7.27
-118953.070   121.609    -3.72    7.46
-118665.721   120.864    -2.59    7.63
-118378.391   119.739    -3.92    7.20
-118091.079   119.445    -1.02    7.10
-117803.784   119.550     0.36    7.27
-117516.508   120.544     3.46    7.84
-117229.249   121.495     3.31    8.37
-116942.009   123.069     5.48    8.71
-116654.786   124.718     5.74    8.57
-116367.582   125.601     3.07    8.42
-116080.395   126.365     2.66    7.85
-115793.227   126.516     0.53    7.02
-115506.076   126.739     0.78    6.41
-115218.943   126.735    -0.01    5.71
-114931.828   127.252     1.80    5.59
-114644.731   127.999     2.60    6.86
-114357.653   130.219     7.73    9.16
-114070.592   132.285     7.20   10.59
-113783.548   135.034     9.58   11.55
-113496.523   137.093     7.17   11.74
-113209.516   139.541     8.53   11.09
-112922.527   141.821     7.94   10.06
-112635.555   142.426     2.11    9.70
-112348.602   141.535    -3.10    9.43
-112061.666   139.679    -6.47    9.85
-111774.749   136.969    -9.44   10.51
-111487.849   134.566    -8.38   10.06
-111200.967   130.975   -12.52    9.95
-110914.103   128.672    -8.03    7.95
-110627.257   128.410    -0.91    7.32
-110340.428   129.056     2.25    7.87
-110053.618   130.739     5.87    8.54
-109766.826   133.078     8.16    9.12
-109480.051   134.845     6.16    9.01
-109193.294   136.180     4.66    8.62
-108906.555   137.402     4.26    8.26
-108619.834   136.666    -2.57    8.61
-108333.131   136.316    -1.22    7.99
-108046.446   135.052    -4.41    7.61
-107759.778   134.243    -2.82    7.05
-107473.128   134.140    -0.36    7.04
-107186.497   134.376     0.82    7.55
-106899.883   134.211    -0.58    7.59
-106613.286   135.259     3.66    8.20
-106326.708   135.718     1.60    8.40
-106040.147   135.967     0.87    8.40
-105753.605   135.711    -0.89    8.80
-105467.080   134.929    -2.73    8.01
-105180.573   133.796    -3.96    7.92
-104894.083   133.521    -0.96    8.08
-104607.612   133.070    -1.58    7.90
-104321.158   132.178    -3.11    8.55
-104034.722   131.349    -2.89    8.80
-103748.304   130.731    -2.16    8.12
-103461.904   129.316    -4.94    8.17
-103175.521   127.878    -5.02    8.23
-102889.156   125.285    -9.06    8.30
-102602.809   122.414   -10.03    8.44
-102316.480   120.138    -7.95    8.03
-102030.169   117.293    -9.94    8.43
-101743.875   113.485   -13.30    9.23
-101457.599   110.267   -11.24    9.70
-101171.341   106.860   -11.90    9.89
-100885.100   103.357   -12.24   10.23
-100598.878   100.463   -10.11    9.00
-100312.673    98.252    -7.73    8.17
-100026.485    97.138    -3.89    7.95
 -99740.316    96.021    -3.90    7.86
 -99454.164    94.417    -5.61    6.60
 -99168.030    93.665    -2.63    5.46
 -98881.914    93.382    -0.99    4.59
 -98595.815    92.685    -2.43    4.79
 -98309.734    91.711    -3.40    5.62
 -98023.671    89.835    -6.56    6.29
 -97737.625    88.723    -3.89    6.73
 -97451.598    86.997    -6.03    7.91
 -97165.588    85.979    -3.56    8.06
 -96879.595    84.002    -6.92    7.86
 -96593.621    83.026    -3.41    7.69
 -96307.664    82.332    -2.43    8.02
 -96021.724    82.170    -0.57    8.37
 -95735.803    82.455     1.00    8.66
 -95449.899    83.323     3.04    8.01
 -95164.012    83.913     2.06    7.95
 -94878.144    83.897    -0.06    8.45
 -94592.293    83.723    -0.61    8.70
 -94306.459    83.915     0.67    8.91
 -94020.644    83.405    -1.79    9.47
 -93734.846    82.987    -1.46    9.48
 -93449.065    81.565    -4.98    9.78
 -93163.303    78.747    -9.86   10.08
 -92877.558    74.926   -13.37   11.62
 -92591.830    73.981    -3.31   11.81
 -92306.120    72.918    -3.72   10.47
 -92020.428    73.082     0.57   10.23
 -91734.754    74.621     5.39    9.86
 -91449.097    78.715    14.33   15.64
 -91163.457    84.491    20.22   21.68
 -90877.836    88.899    15.43   23.74
 -90592.231    91.526     9.20   26.52
 -90306.645    92.985     5.11   27.70
 -90021.076    93.702     2.51   27.08
 -89735.525    95.983     7.99   27.55
 -89449.991    96.275     1.02   26.18
 -89164.475    93.735    -8.90   24.51
 -88878.976    91.899    -6.43   20.33
 -88593.496    92.163     0.92   18.36
 -88308.032    92.152    -0.04   16.93
 -88022.586    95.918    13.19   21.97
 -87737.158   100.194    14.98   27.50
 -87451.748   109.219    31.62   35.14
 -87166.354   119.299    35.32   43.26
 -86880.979   129.332    35.16   46.74
 -86595.621   137.012    26.91   47.46
 -86310.281   142.850    20.46   47.00
 -86024.958   145.153     8.07   45.47
 -85739.652   147.702     8.93   42.90
 -85454.365   147.894     0.67   41.75
 -85169.094   148.735     2.95   39.13
 -84883.842   151.077     8.21   35.23
 -84598.606   151.997     3.23   33.07
 -84313.389   152.577     2.03   29.88
 -84028.189   155.243     9.35   24.34
 -83743.006   153.267    -6.93   22.79
 -83457.841   151.967    -4.56   19.68
 -83172.693   148.110   -13.53   17.69
 -82887.563   140.550   -26.52   19.42
 -82602.450   134.527   -21.13   18.41
 -82317.355   127.827   -23.50   17.97
 -82032.278   121.371   -22.65   15.92
 -81747.218   117.285   -14.33   14.63
 -81462.175   115.568    -6.02   15.26
 -81177.150   118.051     8.71   21.66
 -80892.142   118.731     2.38   24.15
 -80607.152   124.681    20.88   27.06
 -80322.179   128.162    12.21   26.14
 -80037.224   130.135     6.92   22.16
 -79752.286   132.790     9.32   17.23
 -79467.366   131.939    -2.98   13.50
 -79182.463   131.008    -3.27    9.83
 -78897.577   131.596     2.06   10.77
 -78612.709   131.123    -1.66   12.73
 -78327.859   130.470    -2.29   12.90
 -78043.026   132.063     5.59   15.64
 -77758.210   132.993     3.27   17.68
 -77473.412   132.665    -1.15   17.89
 -77188.631   133.615     3.34   17.88
 -76903.868   133.291    -1.14   16.74
 -76617.343   133.110    -0.63   14.84
 -76328.710   134.789     5.82   14.03
 -76040.096   136.122     4.62   15.01
 -75751.501   135.748    -1.30   13.54
 -75462.925   135.577    -0.59   14.15
 -75174.367   132.640   -10.18   14.39
 -74885.828   128.821   -13.24   14.34
 -74597.308   125.367   -11.97   12.38
 -74308.806   126.981     5.59   17.66
 -74020.323   133.064    21.09   27.13
 -73731.859   137.871    16.66   30.78
 -73443.413   143.727    20.30   32.71
 -73154.986   148.061    15.03   31.16
 -72866.578   151.368    11.47   27.88
 -72578.189   150.962    -1.41   27.28
 -72289.818   145.598   -18.60   26.06
 -72001.466   139.677   -20.54   25.82
 -71713.132   138.293    -4.80   26.84
 -71424.818   135.284   -10.44   28.45
 -71136.521   132.657    -9.11   29.37
 -70848.244   129.830    -9.80   27.66
 -70559.985   125.522   -14.95   26.33
 -70271.745   122.382   -10.90   25.25
 -69983.523   120.790    -5.52   24.08
 -69695.320   120.074    -2.48   25.80
 -69407.136   119.483    -2.05   26.86
 -69118.970   116.185   -11.44   25.84
 -68830.823   113.652    -8.79   29.66
 -68542.695   109.008   -16.12   33.79
 -68254.585   104.143   -16.88   34.16
 -67966.494   101.432    -9.41   34.99
 -67678.421    98.091   -11.60   35.96
 -67390.367    94.571   -12.22   32.92
 -67102.331    96.311     6.04   35.64
 -66814.315    96.235    -0.26   36.20
 -66526.316    96.456     0.77   35.38
 -66238.337    94.285    -7.54   33.45
 -65950.376    96.608     8.07   32.64
 -65662.433    95.170    -5.00   31.09
 -65374.509    93.579    -5.53   29.00
 -65086.604    92.518    -3.69   26.75
 -64798.717    91.121    -4.85   24.05
 -64510.849    89.668    -5.05   22.51
 -64222.999    88.735    -3.24   21.19
 -63935.168    89.715     3.41   21.52
 -63647.355    88.002    -5.95   20.90
 -63359.561    85.015   -10.38   23.09
 -63071.785    82.042   -10.33   22.97
 -62784.028    77.655   -15.24   21.30
 -62496.290    70.935   -23.36   18.64
 -62208.570    68.555    -8.27   17.15
 -61920.869    67.514    -3.62   17.52
 -61633.186    67.004    -1.77   19.16
 -61345.521    71.194    14.57   21.30
 -61057.875    81.104    34.45   33.10
 -60770.248    91.515    36.20   38.53
 -60482.639   103.921    43.14   40.73
 -60195.049   107.371    12.00   40.97
 -59907.477   106.921    -1.57   40.71
 -59619.923   107.016     0.33   36.46
 -59332.388   100.837   -21.49   33.56
 -59044.872    93.543   -25.37   29.52
 -58757.374    83.129   -36.23   23.99
 -58469.894    75.098   -27.93   21.49
 -58182.433    75.579     1.67   21.54
 -57894.991    79.710    14.37   22.33
 -57607.566    84.727    17.46   26.30
 -57320.161    87.186     8.56   28.66
 -57032.773    86.402    -2.73   28.45
 -56745.405    87.791     4.83   31.12
 -56458.054    90.593     9.75   31.01
 -56170.722    91.637     3.63   29.71
 -55883.409    90.130    -5.24   30.76
 -55596.114    88.837    -4.50   30.75
 -55308.837    85.393   -11.99   31.92
 -55021.579    83.106    -7.96   31.44
 -54734.339    81.275    -6.38   31.60
 -54447.118    77.785   -12.15   30.14
 -54159.915    78.927     3.98   30.96
 -53872.730    77.301    -5.66   31.62
 -53585.564    74.890    -8.40   31.63
 -53298.416    81.702    23.72   35.16
 -53011.287    81.550    -0.53   34.36
 -52724.176    79.088    -8.58   33.01
 -52437.083    77.377    -5.96   31.08
 -52150.009    78.285     3.16   29.20
 -51862.953    82.777    15.65   29.31
 -51575.915    86.301    12.28   30.79
 -51288.896    84.832    -5.12   33.19
 -51001.895    88.098    11.38   34.87
 -50714.913    96.209    28.26   34.25
 -50427.949   101.448    18.26   32.39
 -50141.003   106.359    17.11   31.30
 -49854.075   110.663    15.00   30.50
 -49567.166   121.503    37.78   30.85
 -49280.276   135.050    47.22   28.58
 -48993.403   146.086    38.47   25.95
 -48706.549   154.470    29.23   22.67
 -48419.713   159.155    16.33   20.57
 -48132.896   159.176     0.07   22.16
 -47846.097   152.067   -24.79   28.16
 -47559.316   142.227   -34.31   33.24
 -47272.554   130.466   -41.01   32.19
 -46985.809   120.830   -33.61   26.34
 -46699.084   120.699    -0.45   28.22
 -46412.376   123.719    10.53   31.42
 -46125.687   131.632    27.60   35.30
 -45839.016   141.056    32.88   33.28
 -45552.363   149.702    30.16   26.41
 -45265.728   152.803    10.82   21.89
 -44979.112   150.485    -8.09   22.71
 -44692.514   147.715    -9.67   22.98
 -44405.935   147.202    -1.79   23.53
 -44119.373   151.218    14.02   25.18
 -43832.830   159.456    28.75   25.28
 -43546.305   167.685    28.72   23.47
 -43259.799   166.336    -4.71   28.50
 -42973.310   154.424   -41.58   47.79
 -42686.840   140.943   -47.06   56.47
 -42400.388   123.731   -60.09   60.33
 -42113.954   110.953   -44.61   58.97
 -41827.539   100.613   -36.10   53.24
 -41541.142    92.618   -27.92   47.05
 -41254.763    89.987    -9.19   44.82
 -40968.402    88.671    -4.60   43.41
 -40682.059    93.235    15.94   44.65
 -40395.735   107.008    48.10   49.29
 -40109.429   120.350    46.60   51.08
 -39823.141   134.527    49.52   50.23
 -39536.871   150.593    56.13   50.06
 -39250.620   165.880    53.41   42.50
 -38964.386   178.141    42.83   32.71
 -38678.171   184.751    23.10   29.25
 -38391.974   188.921    14.57   26.17
 -38105.795   192.681    13.14   22.30
 -37819.634   195.554    10.04   19.40
 -37533.492   199.130    12.49   19.12
 -37247.368   203.668    15.86   18.06
 -36961.261   200.818    -9.96   23.03
 -36675.173   195.866   -17.31   31.21
 -36389.103   188.185   -26.85   37.78
 -36103.052   177.689   -36.69   38.06
 -35817.018   173.056   -16.20   35.66
 -35531.003   168.268   -16.74   30.05
 -35245.005   169.102     2.91   27.84
 -34959.026   174.427    18.62   28.93
 -34673.065   184.147    33.99   30.50
 -34387.122   197.166    45.53   24.38
 -34101.197   207.016    34.45   17.79
 -33815.291   214.047    24.59   12.52
 -33529.402   218.760    16.49    9.18
 -33243.531   221.971    11.23    6.06
 -32957.679   223.032     3.71    5.26
 -32671.845   223.038     0.02    4.79
 -32386.029   221.824    -4.25    5.26
 -32100.230   219.961    -6.52    6.10
 -31814.450   217.510    -8.58    6.83
 -31528.689   214.411   -10.84    6.81
 -31242.945   211.506   -10.17    6.24
 -30957.219   209.352    -7.54    5.35
 -30671.511   207.092    -7.91    4.75
 -30385.821   205.366    -6.04    5.05
 -30100.150   204.252    -3.90    5.51
 -29814.496   203.042    -4.24    6.08
 -29528.861   201.518    -5.34    6.64
 -29243.243   199.953    -5.48    6.90
 -28957.644   198.396    -5.45    6.66
 -28672.063   196.509    -6.61    6.11
 -28386.499   194.727    -6.24    4.87
 -28100.954   193.097    -5.71    4.35
 -27815.427   192.467    -2.20    4.15
 -27529.918   192.373    -0.33    4.02
 -27244.426   193.302     3.25    3.98
 -26958.953   193.391     0.31    4.19
 -26673.498   193.385    -0.02    4.19
 -26388.061   193.209    -0.62    3.98
 -26102.642   193.179    -0.11    3.27
 -25817.241   192.963    -0.76    3.04
 -25531.858   192.435    -1.85    3.05
 -25246.492   191.103    -4.67    3.04
 -24961.145   189.805    -4.55    3.28
 -24675.816   188.277    -5.36    3.95
 -24390.505   186.170    -7.39    5.01
 -24105.212   184.081    -7.32    5.55
 -23819.936   181.777    -8.07    6.12
 -23534.679   178.896   -10.10    6.42
 -23249.440   176.268    -9.22    6.70
 -22964.218   173.260   -10.54    6.54
 -22679.015   170.842    -8.48    6.07
 -22393.830   168.445    -8.40    5.51
 -22108.662   166.210    -7.84    5.12
 -21823.512   163.638    -9.02    4.62
 -21538.381   161.711    -6.76    4.38
 -21253.267   160.095    -5.67    4.10
 -20968.171   159.635    -1.61    4.56
 -20683.094   159.489    -0.51    5.43
 -20398.034   159.722     0.82    6.55
 -20112.992   160.235     1.80    7.60
 -19827.968   161.497     4.43    8.35
 -19542.962   162.316     2.87    8.53
 -19257.973   162.519     0.71    8.35
 -18973.003   162.203    -1.11    8.58
 -18688.051   162.097    -0.37    8.33
 -18403.116   162.268     0.60    7.81
 -18118.199   162.489     0.78    6.94
 -17833.301   163.079     2.07    6.42
 -17548.420   163.557     1.68    5.78
 -17263.557   164.186     2.21    4.89
 -16978.712   164.497     1.09    4.39
 -16693.885   165.174     2.38    3.70
 -16409.075   164.612    -1.97    4.19
 -16124.284   163.975    -2.24    4.61
 -15839.510   163.277    -2.45    4.89
 -15554.754   162.896    -1.34    4.67
 -15270.016   162.105    -2.78    4.98
 -14985.296   161.420    -2.41    4.87
 -14698.285   160.702    -2.50    4.89
 -14409.605   158.097    -9.02    6.54
 -14120.944   155.210   -10.00    7.71
 -13832.302   152.535    -9.27    8.06
 -13543.679   150.359    -7.54    7.70
 -13255.076   149.640    -2.49    7.46
 -12966.492   150.285     2.23    8.56
 -12677.926   153.524    11.23    9.74
 -12389.380   157.090    12.36    9.02
 -12100.853   160.260    10.99    7.00
 -11812.346   162.731     8.56    4.86
 -11523.857   163.129     1.38    3.77
 -11235.388   162.632    -1.72    3.46
 -10946.937   161.293    -4.64    3.85
 -10658.506   159.541    -6.08    4.38
 -10370.094   157.503    -7.06    5.07
 -10081.701   155.798    -5.91    5.38
  -9793.327   153.560    -7.76    6.28
  -9504.972   151.300    -7.84    7.33
  -9216.636   148.637    -9.24    8.47
  -8928.319   144.896   -12.97    9.78
  -8640.022   140.681   -14.62   12.18
  -8351.743   136.185   -15.60   13.15
  -8063.484   131.877   -14.95   13.03
  -7775.243   126.888   -17.31   11.95
  -7487.022   122.171   -16.37   10.63
  -7198.820   117.954   -14.63    8.48
  -6910.637   113.647   -14.95    6.16
  -6622.472   111.382    -7.86    5.70
  -6334.327   109.093    -7.94    5.56
  -6046.201   106.702    -8.30    6.00
  -5758.094   103.773   -10.17    7.55
  -5470.006    99.817   -13.73   11.14
  -5181.937    95.840   -13.81   14.11
  -4893.887    83.818   -41.73   27.47
  -4605.856    69.864   -48.45   37.82
  -4317.844    55.801   -48.83   42.13
  -4029.851    40.635   -52.66   42.50
  -3741.878    27.053   -47.16   39.72
  -3453.923    12.995   -48.82   29.63
  -3165.987     2.495   -36.47   13.04
  -2878.070     0.731    -6.13    6.40
  -2590.172     3.585     9.91    9.27
  -2302.293     6.985    11.81   11.12
  -2014.433    11.731    16.49   11.83
  -1726.592    13.864     7.41   12.12
  -1438.770    14.522     2.29   12.12
  -1150.967    14.335    -0.65   12.77
   -863.183    10.773   -12.38   13.54
   -575.418     7.309   -12.04   13.05
   -287.671     3.702   -12.54   10.83
      0.056     0.642   -10.64    6.65
    287.764     1.682     3.62   11.40
    575.453    13.623    41.51   37.89
    863.124    34.218    71.59   65.53
   1150.775    60.871    92.66   83.83
   1438.408    89.938   101.05   92.28
   1726.022   119.827   103.92   91.79
   2013.616   152.579   113.89   84.55
   2301.192   178.577    90.40   71.86
   2588.749   202.563    83.41   47.44
   2876.287   217.302    51.26   30.14
   3163.806   225.699    29.21   19.11
   3451.306   230.781    17.67   13.80
   3738.787   234.393    12.57    9.77
   4026.250   235.929     5.34    7.93
   4313.693   235.485    -1.55    9.61
   4601.118   234.790    -2.42   10.99
   4888.524   233.685    -3.84   10.87
   5175.911   233.178    -1.76   10.39
   5463.279   231.453    -6.00    9.50
   5750.628   228.252   -11.14    7.96
   6037.958   225.539    -9.44    8.13
   6325.270   222.415   -10.87    8.98
   6612.562   219.376   -10.58    9.58
   6899.836   215.427   -13.75   10.59
   7187.091   212.142   -11.43   10.81
   7474.327   210.235    -6.64   10.89
   7761.544   209.599    -2.21   10.34
   8048.743   210.399     2.78   10.41
   8335.923   211.202     2.79    9.79
   8623.083   212.614     4.92    8.87
   8910.225   214.542     6.71    8.37
   9197.348   216.366     6.35    8.44
   9484.453   219.409    10.60    8.26
   9771.538   221.512     7.33    7.45
  10058.605   222.918     4.90    6.38
  10345.653   224.074     4.03    5.28
  10632.682   223.811    -0.92    5.24
  10919.693   222.544    -4.41    5.85
  11206.684   221.227    -4.59    5.57
  11493.657   220.028    -4.18    5.27
  11780.611   220.471     1.54    5.69
  12067.547   221.518     3.65    6.15
  12354.463   223.840     8.09    6.23
  12641.361   225.991     7.50    5.90
  12928.240   228.135     7.47    5.34
  13215.100   229.582     5.05    5.11
  13501.942   230.523     3.28    6.41
  13788.765   230.614     0.32    8.37
  14075.569   231.152     1.88    9.85
  14362.354   233.019     6.51   13.09
  14649.121   236.910    13.57   18.32
  14935.869   242.427    19.24   22.53
  15222.598   250.395    27.79   23.93
  15509.308   259.142    30.51   22.81
  15796.000   266.185    24.56   18.83
  16082.673   271.955    20.13   12.65
  16369.327   274.709     9.61    8.18
  16655.963   273.837    -3.04    8.08
  16942.580   272.037    -6.28    8.46
  17229.178   268.666   -11.76    9.06
  17515.758   264.430   -14.78    9.39
  17802.319   260.593   -13.39    9.42
  18088.861   258.252    -8.17   10.52
  18375.385   257.680    -1.99   11.03
  18661.889   257.764     0.29   11.38
  18948.376   256.961    -2.80   12.22
  19234.843   256.226    -2.57   12.27
  19521.292   253.579    -9.24   13.46
  19807.722   251.235    -8.18   14.16
  20094.134   248.286   -10.29   14.57
  20380.527   243.113   -18.06   16.30
  20666.901   238.785   -15.11   17.49
  20953.257   234.392   -15.34   20.41
  21239.594   229.798   -16.04   22.35
  21525.912   224.689   -17.84   23.41
  21812.212   218.799   -20.57   24.44
  22098.493   213.115   -19.85   24.03
  22384.756   204.284   -30.85   25.52
  22671.000   194.574   -33.92   27.08
  22957.225   182.036   -43.80   28.28
  23243.432   168.053   -48.86   28.74
  23529.620   153.219   -51.83   28.02
  23815.790   137.949   -53.36   28.06
  24101.941   122.735   -53.17   28.02
  24388.073   109.110   -47.62   26.35
  24674.187    97.370   -41.03   22.23
  24960.283    88.525   -30.92   16.84
  25246.359    90.090     5.47   29.26
  25532.417   100.552    36.57   49.20
  25818.457   123.457    80.08   64.57
  26104.478   145.481    77.00   68.73
  26390.481   167.260    76.15   63.20
  26676.464   187.269    69.97   45.05
  26962.430   197.435    35.55   29.86
  27248.377   200.913    12.16   21.55
  27534.305   198.031   -10.08   18.57
  27820.215   195.842    -7.66   17.32
  28106.106   194.634    -4.23   18.38
  28391.979   194.551    -0.29   19.62
  28677.833   194.109    -1.55   20.85
  28963.669   188.835   -18.45   25.43
  29249.486   181.195   -26.73   28.69
  29535.284   174.243   -24.32   29.73
  29821.065   166.670   -26.50   31.13
  30106.826   162.681   -13.96   30.53
  30392.569   158.692   -13.96   29.68
  30678.294   154.277   -15.45   30.58
  30964.000   151.785    -8.72   32.24
  31249.688   150.551    -4.32   32.90
  31535.357   150.850     1.05   33.06
  31821.008   148.268    -9.04   32.12
  32106.640   145.518    -9.63   29.42
  32392.254   144.502    -3.56   28.51
  32677.850   148.671    14.60   30.94
  32963.426   155.739    24.75   36.23
  33248.985   170.523    51.77   41.64
  33534.525   188.502    62.96   43.51
  33820.047   206.302    62.34   38.32
  34105.550   220.455    49.57   31.40
  34391.034   233.765    46.62   23.95
  34676.501   241.429    26.85   21.39
  34961.949   248.362    24.29   18.73
  35247.378   254.126    20.19   15.62
  35532.789   255.509     4.85   14.99
  35818.182   257.991     8.70   12.59
  36103.556   260.097     7.38   10.89
  36388.912   260.153     0.20   11.13
  36674.249   261.318     4.08   11.95
  36959.568   263.269     6.84   13.36
  37244.868   265.353     7.30   14.50
  37530.151   266.086     2.57   15.56
  37815.414   263.671    -8.47   17.91
  38100.660   258.786   -17.13   21.65
  38385.887   251.981   -23.86   22.44
  38671.096   246.871   -17.91   19.91
  38956.286   244.114    -9.67   16.20
  39241.458   246.356     7.86   16.63
  39526.612   250.520    14.60   17.88
  39811.747   255.976    19.14   17.64
  40096.864   260.885    17.22   15.51
  40381.962   263.590     9.49   14.34
  40667.042   262.423    -4.10   16.86
  40952.104   257.901   -15.86   21.03
  41237.148   249.615   -29.07   23.71
  41522.173   237.884   -41.16   26.65
  41807.180   227.697   -35.74   25.38
  42092.168   220.350   -25.78   21.63
  42377.139   216.202   -14.55   17.86
  42662.090   215.605    -2.09   16.68
  42947.024   218.731    10.97   19.51
  43231.939   225.056    22.20   22.88
  43516.836   234.252    32.28   25.75
  43801.715   244.418    35.69   24.70
  44086.575   254.657    35.94   22.60
  44371.418   263.201    30.00   20.19
  44656.241   270.717    26.39   16.58
  44941.047   275.847    18.01   13.19
  45225.834   279.913    14.28   10.56
  45510.603   280.924     3.55    9.24
  45795.354   279.630    -4.54   10.87
  46080.086   275.943   -12.95   13.71
  46364.801   270.899   -17.72   17.72
  46649.497   262.837   -28.32   22.90
  46934.174   251.883   -38.48   27.71
  47221.706   239.672   -42.47   30.44
  47510.441   226.709   -44.89   28.09
  47799.156   216.161   -36.53   22.48
  48087.852   210.067   -21.11   17.60
  48376.528   208.618    -5.02   14.63
  48665.184   209.718     3.81   15.75
  48953.821   215.351    19.51   19.48
  49242.438   221.142    20.06   21.19
  49531.036   229.647    29.47   22.55
  49819.614   237.993    28.92   22.33
  50108.173   241.560    12.36   21.79
  50396.712   243.131     5.44   20.63
  50685.231   245.400     7.86   19.82
  50973.731   247.479     7.21   18.63
  51262.212   249.184     5.91   18.98
  51550.673   253.133    13.69   19.99
  51839.114   257.710    15.87   20.95
  52127.536   265.790    28.01   20.57
  52415.938   273.594    27.06   19.94
  52704.321   280.123    22.64   18.60
  52992.685   283.547    11.87   16.98
  53281.029   287.202    12.68   14.50
  53569.353   290.476    11.36   12.66
  53857.658   291.113     2.21   12.34
  54145.944   291.763     2.25   11.63
  54434.209   293.462     5.89   10.31
  54722.456   295.109     5.71   10.05
  55010.683   298.635    12.23   10.26
  55298.891   302.907    14.82   10.75
  55587.079   308.134    18.14   12.53
  55875.247   313.663    19.19   13.46
  56163.397   319.012    18.56   14.27
  56451.526   324.243    18.16   13.93
  56739.637   328.930    16.27   12.48
  57027.728   332.045    10.81   10.53
  57315.799   332.981     3.25    9.43
  57603.851   332.054    -3.22    9.65
  57891.884   328.633   -11.88   10.59
  58179.897   325.088   -12.31   10.26
  58467.891   321.152   -13.66    9.20
  58755.865   318.502    -9.20    8.68
  59043.820   317.768    -2.55   10.95
  59331.756   317.810     0.14   13.39
  59619.672   318.226     1.45   14.63
  59907.568   317.089    -3.95   15.49
  60195.446   316.084    -3.49   16.03
  60483.304   314.430    -5.75   15.34
  60771.143   311.378   -10.60   13.63
  61058.962   308.360   -10.48   12.95
  61346.762   304.874   -12.11   12.98
  61634.542   301.904   -10.32   12.51
  61922.303   297.855   -14.07   12.58
  62210.045   295.172    -9.33   13.14
  62497.768   292.024   -10.94   11.78
  62785.471   289.631    -8.32    9.57
  63073.155   289.665     0.12    9.44
  63360.819   291.268     5.57   10.63
  63648.464   293.125     6.46   12.72
  63936.090   296.133    10.46   15.16
  64223.696   300.368    14.73   16.44
  64511.284   304.277    13.59   16.23
  64798.852   306.226     6.78   15.22
  65086.400   307.140     3.18   14.14
  65373.929   304.973    -7.54   14.21
  65661.439   302.062   -10.13   13.62
  65948.930   298.166   -13.55   12.98
  66236.401   293.768   -15.30   12.56
  66523.853   288.872   -17.03   11.82
  66811.286   284.030   -16.85   10.41
  67098.700   279.423   -16.03    9.15
  67386.094   275.719   -12.89    7.99
  67673.469   273.136    -8.99    6.68
  67960.824   271.528    -5.60    5.77
  68248.161   272.966     5.01    8.28
  68535.478   275.510     8.85   10.28
  68822.776   277.683     7.56   10.47
  69110.055   280.013     8.11    9.18
  69397.314   280.689     2.35    7.95
  69684.554   280.016    -2.34    7.51
  69971.775   277.676    -8.15    8.14
  70258.977   274.814    -9.96    8.68
  70546.160   271.514   -11.49    9.75
  70833.323   267.748   -13.12   10.32
  71120.467   264.933    -9.80   10.07
  71407.592   263.435    -5.22    9.51
  71694.698   262.560    -3.05    9.28
  71981.784   263.088     1.84   10.44
  72268.852   265.610     8.78   13.64
  72555.900   269.316    12.91   16.94
  72842.929   274.654    18.59   19.69
  73129.938   279.930    18.38   21.53
  73416.929   285.159    18.22   21.17
  73703.900   289.731    15.93   20.42
  73990.852   293.642    13.63   20.08
  74277.785   295.493     6.45   19.73
  74564.699   296.524     3.59   20.28
  74851.594   298.260     6.05   19.77
  75138.470   300.013     6.11   18.44
  75425.326   302.385     8.27   17.62
  75712.163   305.756    11.75   16.01
  75998.982   308.536     9.70   13.62
  76285.781   309.972     5.01   11.60
  76572.561   311.913     6.77   10.13
  76859.321   311.910    -0.01    8.77
  77146.063   310.623    -4.49    7.98
  77432.785   309.160    -5.10    7.67
  77719.489   306.743    -8.43    7.69
  78006.173   304.201    -8.87    7.80
  78292.838   299.859   -15.15    9.47
  78579.485   295.268   -16.01   11.04
  78866.112   291.353   -13.66    9.96
  79152.720   289.571    -6.22    9.45
  79439.308   290.277     2.46   11.02
  79725.878   292.731     8.56   13.54
  80012.429   296.717    13.91   15.84
  80298.960   302.807    21.25   16.72
  80585.473   308.538    20.00   15.35
  80871.967   313.817    18.42   15.03
  81158.441   319.131    18.55   15.57
  81444.896   324.022    17.07   15.66
  81731.333   328.985    17.33   14.84
  82017.750   332.577    12.54   12.70
  82304.148   334.964     8.33   10.14
  82590.528   336.104     3.98    8.56
  82876.888   335.554    -1.92    8.27
  83163.229   333.424    -7.44    8.14
  83449.551   330.952    -8.64    7.55
  83735.854   328.563    -8.34    6.89
  84022.138   326.192    -8.28    7.03
  84308.403   323.235   -10.33    8.26
  84594.649   319.210   -14.06    9.32
  84880.877   314.574   -16.20    9.76
  85167.085   309.748   -16.86   10.03
  85453.274   304.560   -18.13    9.81
  85739.444   298.731   -20.37   10.66
  86025.595   292.638   -21.29   11.57
  86311.727   285.055   -26.50   13.27
  86597.840   278.965   -21.29   14.17
  86883.935   271.987   -24.39   13.39
  87170.010   268.235   -13.12   10.96
  87456.066   267.702    -1.86   11.54
  87742.103   268.902     4.19   14.18
  88028.122   273.260    15.24   18.00
  88314.121   280.038    23.70   20.26
  88600.102   288.409    29.27   19.22
  88886.063   297.462    31.66   16.16
  89172.006   304.964    26.23   14.58
  89457.930   312.294    25.64   13.73
  89743.834   319.117    23.87   11.73
  90029.720   323.950    16.90    9.79
  90315.587   327.269    11.61    7.96
  90601.435   328.002     2.56    7.74
  90887.264   328.345     1.20    8.31
  91173.075   327.726    -2.17    9.62
  91458.866   325.327    -8.40   10.85
  91744.638   322.902    -8.49   10.81
  92030.392   320.201    -9.45   10.10
  92316.126   316.919   -11.49    8.71
  92601.842   315.169    -6.12    8.85
  92887.539   312.493    -9.36    9.33
  93173.217   309.821    -9.35   10.32
  93458.876   307.702    -7.42   11.20
  93744.516   304.398   -11.57   11.15
  94030.138   301.389   -10.54   10.88
  94315.740   298.636    -9.64   10.77
  94601.324   295.973    -9.33   10.29
  94886.889   292.464   -12.29    9.97
  95172.435   288.718   -13.12   10.45
  95457.962   284.252   -15.64   11.41
  95743.470   279.108   -18.02   12.29
  96028.960   274.508   -16.11   12.47
  96314.431   270.645   -13.53   10.50
  96599.883   267.714   -10.27    8.96
  96885.316   267.303    -1.44    9.76
  97170.730   269.531     7.81   13.22
  97456.125   273.560    14.11   17.31
  97741.502   280.118    22.98   21.14
  98026.860   287.474    25.78   23.40
  98312.199   294.647    25.14   21.71
  98597.519   300.777    21.48   16.85
  98882.820   302.827     7.19   12.49
  99168.103   301.140    -5.91   12.42
  99453.367   295.902   -18.36   16.08
  99738.612   288.530   -25.84   17.53
 100023.838   282.330   -21.74   15.10
 100309.046   278.089   -14.87   12.70
 100594.235   275.438    -9.30   11.37
 100879.405   274.637    -2.81   11.57
 101164.556   275.394     2.66   12.20
