-116890.136    61.295     0.00    8.37
-116603.279    62.380     3.78    8.61
-116316.434    62.869     1.70    8.33
-116029.600    63.725     2.98    7.89
-115742.778    63.012    -2.49    7.26
-115455.968    63.003    -0.03    6.73
-115169.170    62.439    -1.96    6.10
-114882.383    62.092    -1.21    5.74
-114595.608    61.943    -0.52    5.37
-114308.845    61.943     0.00    5.41
-114022.094    62.487     1.90    5.37
-113735.354    63.161     2.35    4.93
-113448.626    63.608     1.56    4.83
-113161.909    62.485    -3.92    5.79
-112875.205    61.299    -4.14    6.71
-112588.512    59.702    -5.57    6.85
-112301.830    58.342    -4.74    6.17
-112015.161    57.173    -4.08    5.26
-111728.503    56.929    -0.85    4.76
-111441.857    57.929     3.49    5.08
-111155.222    59.184     4.38    5.46
-110868.600    60.414     4.29    5.94
-110581.989    61.011     2.08    5.89
-110295.389    61.543     1.86    5.89
-110008.802    61.319    -0.78    5.55
-109722.226    60.484    -2.92    5.11
-109435.661    59.040    -5.04    4.87
-109149.109    57.706    -4.65    4.77
-108862.568    57.002    -2.46    4.72
-108576.038    56.719    -0.99    4.55
-108289.521    56.480    -0.83    4.17
-108003.015    56.776     1.03    3.52
-107716.521    57.069     1.02    3.08
-107430.038    58.110     3.63    2.54
-107143.567    58.635     1.83    2.31
-106857.108    59.286     2.28    2.51
-106570.661    59.817     1.85    2.93
-106284.225    59.864     0.16    3.14
-105997.801    59.727    -0.48    3.14
-105711.388    59.282    -1.55    3.34
-105424.987    58.557    -2.53    3.92
-105138.598    56.951    -5.61    5.95
-104852.221    53.078   -13.52    9.62
-104565.855    47.849   -18.26   11.78
-104279.500    42.432   -18.92   11.92
-103993.158    37.951   -15.65   10.49
-103706.827    33.966   -13.92    7.79
-103420.508    30.790   -11.09    4.37
-103134.200    29.739    -3.67    3.35
-102847.904    29.443    -1.04    3.43
-102561.620    29.647     0.71    3.54
-102275.347    29.717     0.25    3.83
-101989.086    29.856     0.48    4.17
-101702.836    29.380    -1.66    4.88
-101416.599    28.625    -2.64    5.08
-101130.373    26.812    -6.33    5.85
-100844.158    24.746    -7.22    6.14
-100557.955    22.541    -7.70    6.11
-100271.764    20.564    -6.91    5.07
 -99985.584    19.342    -4.27    4.12
 -99699.416    18.163    -4.12    2.89
 -99413.260    17.543    -2.16    2.05
 -99127.115    17.892     1.22    2.26
 -98840.982    18.813     3.22    2.67
 -98554.861    19.564     2.63    2.86
 -98268.751    18.691    -3.05    5.68
 -97982.652    16.368    -8.12    8.38
 -97696.566    13.349   -10.55    9.71
 -97410.491    10.225   -10.92   10.11
 -97124.427     5.981   -14.84    8.38
 -96838.375     3.054   -10.23    5.35
 -96552.335     1.106    -6.81    0.99
 -96266.307     1.019    -0.30    0.36
 -95980.290     3.649     9.20    6.33
 -95694.284     7.545    13.62   10.10
 -95408.290    12.397    16.97   11.82
 -95122.308    16.466    14.23   12.11
 -94836.338    20.373    13.66   11.04
 -94550.379    24.645    14.94    8.01
 -94264.431    27.070     8.48    3.22
 -93978.495    27.311     0.84    2.62
 -93692.571    26.721    -2.06    3.06
 -93406.658    25.783    -3.28    3.17
 -93120.757    24.286    -5.23    4.83
 -92834.868    21.894    -8.37    6.58
 -92548.990    19.519    -8.31    7.82
 -92263.124    16.987    -8.85    8.62
 -91977.269    15.721    -4.43    8.25
 -91691.426    15.071    -2.28    7.89
 -91405.594    14.440    -2.21    7.28
 -91119.774    13.882    -1.95    6.68
 -90833.966    14.366     1.69    5.76
 -90548.169    15.413     3.66    4.06
 -90262.383    16.491     3.77    2.47
 -89976.610    16.748     0.90    2.54
 -89690.847    17.239     1.72    2.68
 -89405.097    17.951     2.49    2.64
 -89119.358    18.785     2.92    2.18
 -88833.630    19.364     2.03    2.01
 -88547.914    19.779     1.45    1.90
 -88262.210    20.141     1.27    1.85
 -87976.517    20.496     1.24    1.89
 -87690.836    20.819     1.13    1.78
 -87405.166    20.868     0.17    1.72
 -87119.508    21.024     0.55    1.69
 -86833.861    20.890    -0.47    1.79
 -86548.226    20.622    -0.94    1.82
 -86262.602    20.440    -0.64    1.85
 -85976.990    20.238    -0.71    1.75
 -85691.390    20.140    -0.35    1.62
 -85405.801    19.868    -0.95    1.47
 -85120.224    19.847    -0.07    1.54
 -84834.658    19.668    -0.63    1.79
 -84549.103    19.506    -0.57    1.84
 -84263.561    19.537     0.11    1.92
 -83978.029    19.637     0.35    2.07
 -83692.510    19.833     0.69    2.13
 -83407.001    20.249     1.46    2.12
 -83121.505    20.637     1.36    2.02
 -82836.020    21.071     1.52    1.77
 -82550.546    20.995    -0.27    1.84
 -82265.084    20.286    -2.48    3.60
 -81979.633    19.451    -2.93    4.77
 -81694.194    18.679    -2.70    5.60
 -81408.766    18.462    -0.76    5.44
 -81123.350    17.793    -2.34    5.98
 -80837.946    18.564     2.70    5.23
 -80552.553    19.392     2.90    4.16
 -80267.171    19.867     1.66    3.37
 -79981.801    20.601     2.57    2.61
 -79696.442    20.860     0.91    2.69
 -79411.095    21.199     1.19    3.02
 -79125.760    21.750     1.93    3.48
 -78840.436    22.175     1.49    3.50
 -78555.123    22.973     2.80    3.51
 -78269.822    23.140     0.58    3.21
 -77984.533    23.462     1.13    3.26
 -77699.255    23.746     1.00    3.03
 -77413.988    23.297    -1.58    3.81
 -77128.122    23.269    -0.10    3.72
 -76840.279    22.488    -2.71    3.94
 -76552.449    22.803     1.09    4.09
 -76264.631    23.116     1.09    3.59
 -75976.825    23.374     0.90    3.67
 -75689.032    22.898    -1.66    3.84
 -75401.252    22.736    -0.56    4.12
 -75113.484    22.404    -1.15    4.03
 -74825.728    22.804     1.39    4.22
 -74537.985    23.236     1.50    4.71
 -74250.255    24.137     3.13    5.86
 -73962.537    25.473     4.64    6.87
 -73674.832    26.421     3.30    7.61
 -73387.139    27.347     3.22    8.01
 -73099.459    27.729     1.33    8.56
 -72811.791    27.814     0.30    8.27
 -72524.135    27.002    -2.82    7.76
 -72236.493    26.413    -2.05    6.41
 -71948.862    25.681    -2.54    4.97
 -71661.245    25.669    -0.04    4.34
 -71373.639    25.660    -0.03    4.80
 -71086.047    25.701     0.14    5.65
 -70798.466    25.875     0.60    5.81
 -70510.899    25.566    -1.07    6.43
 -70223.343    25.843     0.96    6.56
 -69935.801    26.588     2.59    6.55
 -69648.270    27.117     1.84    6.06
 -69360.753    27.473     1.24    6.20
 -69073.247    26.913    -1.95    6.50
 -68785.755    26.577    -1.17    6.15
 -68498.274    25.632    -3.29    5.74
 -68210.806    25.133    -1.74    5.38
 -67923.351    24.789    -1.20    5.01
 -67635.908    25.425     2.21    3.61
 -67348.478    25.859     1.51    2.23
 -67061.060    25.863     0.02    2.07
 -66773.654    25.831    -0.11    2.14
 -66486.261    25.892     0.21    2.13
 -66198.881    26.230     1.18    2.26
 -65911.513    26.852     2.16    2.75
 -65624.157    27.582     2.54    3.29
 -65336.814    28.123     1.89    3.69
 -65049.483    28.399     0.96    3.61
 -64762.165    28.344    -0.19    3.49
 -64474.859    28.432     0.31    3.23
 -64187.566    28.193    -0.83    2.57
 -63900.285    28.354     0.56    2.32
 -63613.017    28.769     1.44    2.16
 -63325.761    28.995     0.79    2.15
 -63038.517    29.405     1.43    2.06
 -62751.286    29.590     0.64    1.86
 -62464.068    29.256    -1.16    3.61
 -62176.861    28.981    -0.96    4.74
 -61889.668    28.831    -0.52    5.24
 -61602.486    29.253     1.47    5.31
 -61315.317    29.943     2.40    4.93
 -61028.161    30.973     3.59    3.63
 -60741.017    31.761     2.74    2.20
 -60453.885    31.844     0.29    2.42
 -60166.766    31.798    -0.16    2.41
 -59879.659    31.602    -0.68    2.28
 -59592.565    31.607     0.02    2.16
 -59305.483    31.246    -1.26    1.88
 -59018.413    31.316     0.24    1.98
 -58731.356    31.387     0.25    1.99
 -58444.312    31.828     1.54    2.21
 -58157.279    31.814    -0.05    2.22
 -57870.260    31.652    -0.57    2.19
 -57583.252    31.390    -0.91    1.89
 -57296.257    31.397     0.03    1.68
 -57009.274    31.126    -0.95    3.23
 -56722.304    30.809    -1.11    4.27
 -56435.346    30.506    -1.05    5.28
 -56148.401    30.827     1.12    5.37
 -55861.468    31.262     1.52    5.26
 -55574.547    32.049     2.74    4.10
 -55287.639    32.798     2.61    1.41
 -55000.743    32.844     0.16    1.30
 -54713.859    32.851     0.02    1.24
 -54426.988    32.784    -0.24    1.23
 -54140.129    32.524    -0.90    1.35
 -53853.283    32.196    -1.14    1.63
 -53566.449    32.084    -0.39    1.70
 -53279.627    32.259     0.61    1.73
 -52992.818    31.046    -4.23    4.69
 -52706.021    29.731    -4.59    6.46
 -52419.237    29.625    -0.37    6.66
 -52132.465    29.811     0.65    6.72
 -51845.705    30.299     1.70    6.26
 -51558.958    30.980     2.38    5.61
 -51272.223    31.708     2.54    4.70
 -50985.500    32.973     4.41    2.68
 -50698.790    33.515     1.89    1.82
 -50412.092    33.943     1.49    1.80
 -50125.406    34.458     1.80    1.93
 -49838.733    35.119     2.31    1.88
 -49552.072    35.882     2.66    2.19
 -49265.423    35.364    -1.81    4.96
 -48978.787    33.612    -6.11    7.95
 -48692.163    32.721    -3.11    8.69
 -48405.552    32.187    -1.86    8.84
 -48118.952    30.814    -4.79    9.61
 -47832.366    29.536    -4.46   10.01
 -47545.791    28.824    -2.49   10.01
 -47259.229    30.413     5.55    9.26
 -46972.679    32.096     5.87    8.15
 -46686.142    33.129     3.60    7.01
 -46399.616    33.844     2.50    6.41
 -46113.103    34.506     2.31    5.51
 -45826.603    35.996     5.20    3.00
 -45540.115    34.615    -4.82    6.79
 -45253.639    31.397   -11.23   11.34
 -44967.175    26.752   -16.22   14.38
 -44680.724    20.889   -20.47   15.78
 -44394.285    15.803   -17.76   15.13
 -44107.858    12.883   -10.19   13.43
 -43821.444    12.076    -2.82   12.81
 -43535.042    14.537     8.59   14.16
 -43248.652    18.395    13.47   14.61
 -42962.275    21.936    12.36   13.79
 -42675.910    24.784     9.95   12.72
 -42389.557    27.118     8.15   11.90
 -42103.216    29.332     7.73   10.37
 -41816.888    31.736     8.40    7.24
 -41530.572    32.179     1.55    6.70
 -41244.269    32.180     0.00    6.50
 -40957.977    32.185     0.02    6.38
 -40671.698    32.484     1.04    6.09
 -40385.432    32.317    -0.58    5.62
 -40099.177    32.265    -0.18    5.61
 -39812.935    31.920    -1.20    5.71
 -39526.705    32.069     0.52    5.62
 -39240.487    31.988    -0.28    5.41
 -38954.282    31.594    -1.38    6.31
 -38668.089    31.098    -1.73    7.60
 -38381.908    29.873    -4.28    9.92
 -38095.739    29.506    -1.28   11.31
 -37809.583    28.096    -4.93   11.93
 -37523.439    27.069    -3.59   12.28
 -37237.307    25.538    -5.35   12.92
 -36951.188    24.719    -2.86   13.07
 -36665.081    24.696    -0.08   12.96
 -36378.986    25.393     2.44   12.47
 -36092.903    26.042     2.27   12.23
 -35806.833    26.892     2.97   11.98
 -35520.774    27.759     3.03   11.81
 -35234.728    30.175     8.44   10.10
 -34948.695    31.344     4.09    8.20
 -34662.673    31.672     1.15    7.19
 -34376.664    31.555    -0.41    6.16
 -34090.667    31.378    -0.62    5.76
 -33804.682    30.951    -1.49    7.04
 -33518.710    31.743     2.77    6.88
 -33232.749    33.289     5.41    6.59
 -32946.801    34.519     4.30    6.60
 -32660.866    36.117     5.59    7.50
 -32374.942    37.943     6.39    8.82
 -32089.031    40.790     9.96    9.45
 -31803.132    44.405    12.64   10.82
 -31517.245    48.394    13.95   12.03
 -31231.370    53.973    19.52   12.35
 -30945.508    59.018    17.65   12.81
 -30659.657    65.861    23.94   13.02
 -30373.819    72.692    23.90   14.15
 -30087.994    79.680    24.45   14.25
 -29802.180    86.681    24.50   14.71
 -29516.379    91.247    15.98   15.01
 -29230.590    86.397   -16.97   28.82
 -28944.813    76.688   -33.98   40.60
 -28659.048    62.535   -49.53   48.19
 -28373.295    47.294   -53.34   49.98
 -28087.555    32.139   -53.04   46.12
 -27801.827    16.091   -56.17   33.74
 -27516.111     5.212   -38.08   15.40
 -27230.407     2.958    -7.89    7.92
 -26944.716     3.011     0.19    8.08
 -26659.036     3.346     1.17    8.96
 -26373.369     2.387    -3.36    7.95
 -26087.714     1.019    -4.79    5.24
 -25802.071     0.710    -1.08    4.42
 -25516.441     0.041    -2.34    0.87
 -25230.822    -0.013    -0.19    0.26
 -24945.216    -0.034    -0.08    0.00
 -24659.622    -0.034     0.00    0.00
 -24374.040    -0.034     0.00    0.00
 -24088.470    -0.005     0.10    0.35
 -23802.913     0.630     2.22    3.72
 -23517.367     0.884     0.89    4.38
 -23231.834     0.796    -0.31    4.27
 -22946.313     0.766    -0.11    4.19
 -22660.804     0.072    -2.43    1.06
 -22375.307     0.054    -0.07    1.03
 -22089.823     0.793     2.59    4.12
 -21804.350     2.033     4.34    6.26
 -21518.890     2.173     0.49    6.34
 -21233.442     1.761    -1.44    5.68
 -20948.006     1.571    -0.66    5.36
 -20662.582     1.882     1.09    5.91
 -20377.170     2.274     1.38    6.56
 -20091.771     2.973     2.45    7.64
 -19806.384     3.876     3.16    8.89
 -19521.008     5.610     6.07   10.49
 -19235.645     7.257     5.77   11.44
 -18950.294     8.782     5.35   12.13
 -18664.956     9.447     2.33   12.38
 -18379.629     9.393    -0.19   12.31
 -18094.314     7.936    -5.11   11.87
 -17809.012     6.041    -6.64   11.01
 -17523.722     4.034    -7.04    9.40
 -17238.444     1.684    -8.24    6.25
 -16953.177     0.246    -5.04    2.23
 -16667.924    -0.034    -0.98    0.00
 -16382.682    -0.034     0.00    0.00
 -16097.452    -0.034     0.00    0.00
 -15812.235    -0.034     0.00    0.00
 -15527.029    -0.034     0.00    0.00
 -15240.956    -0.034     0.00    0.00
 -14953.048    -0.034     0.00    0.00
 -14665.154    -0.034     0.00    0.00
 -14377.272    -0.034     0.00    0.00
 -14089.403    -0.034     0.00    0.00
 -13801.548    -0.034     0.00    0.00
 -13513.706    -0.034     0.00    0.00
 -13225.877    -0.034     0.00    0.00
 -12938.061    -0.034     0.00    0.00
 -12650.259     0.214     0.86    1.62
 -12362.470     0.904     2.40    4.08
 -12074.693     1.973     3.71    5.91
 -11786.930     2.584     2.12    6.92
 -11499.180     3.870     4.47    8.99
 -11211.444     5.663     6.23   11.15
 -10923.720     7.825     7.52   12.95
 -10636.010     8.897     3.73   13.58
 -10348.312    10.447     5.39   14.30
 -10060.628    11.179     2.55   14.28
  -9772.957     9.869    -4.56   14.04
  -9485.300     7.727    -7.44   12.89
  -9197.655     6.779    -3.30   11.89
  -8910.024     6.394    -1.34   11.21
  -8622.405     6.548     0.53   10.91
  -8334.800     8.238     5.88   11.74
  -8047.208    10.436     7.64   12.39
  -7759.629    10.206    -0.80   11.93
  -7472.063     8.617    -5.52   11.44
  -7184.511     8.436    -0.63   11.38
  -6896.971     9.094     2.29   11.92
  -6609.445     9.764     2.33   12.34
  -6321.932    11.382     5.63   12.91
  -6034.431    13.554     7.55   13.24
  -5746.944    15.928     8.26   13.04
  -5459.470    18.161     7.77   11.95
  -5172.010    20.079     6.67   10.43
  -4884.562    21.394     4.57    8.70
  -4597.127    22.607     4.22    6.50
  -4309.706    23.010     1.40    4.71
  -4022.298    23.543     1.85    3.00
  -3734.902    22.329    -4.22    5.56
  -3447.520    21.928    -1.39    6.32
  -3160.151    20.104    -6.35    8.25
  -2872.795    18.981    -3.91    9.34
  -2585.453    16.840    -7.45   10.44
  -2298.123    15.058    -6.20   11.24
  -2010.806    12.958    -7.31   11.79
  -1723.503    10.043   -10.15   11.82
  -1436.212     7.238    -9.76   10.88
  -1148.935     4.561    -9.32    9.21
   -861.671     1.988    -8.96    6.31
   -574.419     0.301    -5.87    2.28
   -287.181    -0.034    -1.17    0.00
      0.044     0.526     1.95    3.06
    287.256     2.469     6.77    6.99
    574.455     5.714    11.30   10.04
    861.641     8.588    10.01   11.37
   1148.813    11.322     9.52   11.54
   1435.973    14.637    11.55   11.17
   1723.120    17.546    10.13   10.42
   2010.253    20.767    11.22    8.47
   2297.374    24.027    11.35    5.09
   2584.481    25.160     3.95    5.16
   2871.576    26.466     4.55    3.47
   3158.657    26.363    -0.36    4.29
   3445.725    27.314     3.32    4.48
   3732.780    29.495     7.60    9.49
   4019.823    35.208    19.90   17.37
   4306.852    40.507    18.46   23.27
   4593.868    45.784    18.39   27.41
   4880.871    51.473    19.82   28.75
   5167.861    55.378    13.61   27.64
   5454.838    59.529    14.46   26.55
   5741.802    61.530     6.98   23.88
   6028.753    60.009    -5.30   21.84
   6315.691    59.630    -1.32   18.91
   6602.616    59.877     0.86   15.87
   6889.528    60.996     3.90   12.53
   7176.427    60.660    -1.17   11.06
   7463.312    61.627     3.37    7.28
   7750.185    62.078     1.57    5.00
   8037.045    61.558    -1.81    5.20
   8323.892    60.936    -2.17    5.70
   8610.726    60.343    -2.07    5.63
   8897.546    60.389     0.16    6.09
   9184.354    61.337     3.30    6.42
   9471.149    63.115     6.20    6.42
   9757.931    65.366     7.85    6.02
  10044.699    67.212     6.44    4.98
  10331.455    68.244     3.60    3.81
  10618.198    68.266     0.08    3.50
  10904.928    65.269   -10.45    8.06
  11191.644    60.799   -15.59   11.69
  11478.348    56.121   -16.32   12.66
  11765.039    51.637   -15.64   14.56
  12051.717    46.733   -17.11   17.74
  12338.382    43.408   -11.60   19.29
  12625.034    39.401   -13.98   21.84
  12911.672    36.935    -8.60   24.30
  13198.298    33.717   -11.23   25.72
  13484.911    32.485    -4.30   24.86
  13771.511    31.831    -2.28   22.72
  14058.098    32.266     1.52   21.39
  14344.672    31.236    -3.59   20.21
  14631.233    30.352    -3.09   18.63
  14917.781    30.622     0.94   17.40
  15204.317    31.090     1.63   16.31
  15490.839    33.077     6.94   17.15
  15777.348    34.927     6.46   17.99
  16063.844    37.890    10.34   17.77
  16350.328    39.843     6.81   17.39
  16636.798    42.161     8.09   16.58
  16923.255    43.263     3.85   15.81
  17209.700    44.980     5.99   14.93
  17496.131    46.312     4.65   12.52
  17782.550    47.652     4.68   10.73
  18068.956    47.696     0.16    9.24
  18355.348    48.484     2.75    8.71
  18641.728    48.781     1.04    7.62
  18928.095    49.973     4.16    7.70
  19214.449    51.663     5.90    8.96
  19500.790    53.394     6.05   10.13
  19787.118    55.178     6.23   11.32
  20073.433    56.600     4.97   11.87
  20359.736    57.011     1.44   11.95
  20646.025    57.743     2.56   12.33
  20932.301    57.712    -0.11   11.77
  21218.565    58.425     2.49   11.98
  21504.815    58.592     0.58   11.83
  21791.053    59.031     1.54   12.69
  22077.278    58.622    -1.43   12.64
  22363.490    58.936     1.10   12.42
  22649.689    58.401    -1.87   11.51
  22935.875    58.876     1.66   11.12
  23222.048    58.758    -0.41   10.46
  23508.208    60.154     4.88   10.37
  23794.356    61.681     5.34   10.89
  24080.490    64.286     9.11   11.86
  24366.612    66.826     8.88   12.49
  24652.720    69.533     9.46   12.55
  24938.816    71.729     7.68   12.10
  25224.899    73.092     4.77   11.24
  25510.969    73.301     0.73    9.93
  25797.026    72.354    -3.31    9.17
  26083.071    71.519    -2.92    8.30
  26369.102    70.727    -2.77    7.11
  26655.121    69.854    -3.05    6.22
  26941.126    69.200    -2.29    4.96
  27227.119    69.495     1.03    4.69
  27513.099    71.065     5.49    4.78
  27799.066    72.832     6.18    4.59
  28085.020    74.166     4.66    4.18
  28370.962    75.358     4.17    3.69
  28656.890    75.950     2.07    3.51
  28942.806    75.048    -3.15    4.73
  29228.709    74.235    -2.85    5.34
  29514.599    73.139    -3.83    5.52
  29800.476    72.619    -1.82    5.71
  30086.340    72.695     0.26    6.07
  30372.191    72.850     0.54    6.46
  30658.030    74.329     5.17    7.31
  30943.856    75.632     4.56    7.79
  31229.669    76.929     4.54    7.51
  31515.469    77.373     1.56    6.94
  31801.256    77.228    -0.51    6.21
  32087.030    77.419     0.67    5.35
  32372.792    76.600    -2.87    4.93
  32658.541    76.004    -2.09    4.17
  32944.276    75.191    -2.84    3.01
  33230.000    74.981    -0.74    2.54
  33515.710    75.011     0.10    2.45
  33801.407    75.408     1.39    2.65
  34087.092    76.062     2.29    2.96
  34372.764    76.630     1.99    3.31
  34658.423    77.254     2.19    3.55
  34944.069    77.826     2.00    3.44
  35229.702    78.966     3.99    3.36
  35515.323    80.170     4.22    3.22
  35800.931    81.336     4.08    3.16
  36086.526    82.271     3.27    3.04
  36372.108    83.040     2.69    2.83
  36657.677    83.694     2.29    2.64
  36943.234    84.518     2.88    2.48
  37228.778    84.858     1.19    2.51
  37514.309    85.102     0.85    2.61
  37799.827    85.632     1.86    2.89
  38085.332    86.233     2.10    2.88
  38370.825    86.650     1.46    2.83
  38656.305    86.973     1.13    2.78
  38941.772    87.339     1.28    2.71
  39227.226    87.420     0.29    2.59
  39512.668    87.733     1.09    2.63
  39798.096    87.735     0.01    2.81
  40083.512    87.116    -2.17    3.44
  40368.916    87.266     0.52    3.40
  40654.306    87.943     2.37    3.47
  40939.684    89.050     3.88    4.07
  41225.049    90.311     4.42    4.45
  41510.401    91.376     3.73    4.98
  41795.740    92.766     4.87    4.87
  42081.067    94.996     7.82    4.11
  42366.381    97.177     7.64    4.71
  42651.682    97.679     1.76    4.61
  42936.970    97.654    -0.09    4.45
  43222.246    97.376    -0.97    4.05
  43507.509    96.757    -2.17    4.11
  43792.759    96.523    -0.82    3.91
  44077.997    95.567    -3.35    4.15
  44363.221    94.269    -4.55    6.32
  44648.433    92.627    -5.75    7.88
  44933.632    90.523    -7.38    8.73
  45218.819    89.212    -4.60    8.48
  45503.993    87.781    -5.02    8.06
  45789.154    87.010    -2.70    7.69
  46074.302    86.245    -2.68    7.67
  46359.438    85.936    -1.08    6.93
  46645.723    85.950     0.05    6.36
  46933.709    85.966     0.05    5.83
  47221.681    85.681    -0.99    5.57
  47509.639    84.847    -2.90    4.87
  47797.583    84.206    -2.23    4.13
  48085.514    84.816     2.12    3.94
  48373.431    85.546     2.53    3.67
  48661.334    86.492     3.29    4.47
  48949.223    87.685     4.15    4.70
  49237.098    89.093     4.89    4.85
  49524.960    90.530     4.99    4.88
  49812.807    92.264     6.02    5.11
  50100.641    93.683     4.93    4.30
  50388.461    95.304     5.63    3.62
  50676.268    96.586     4.45    3.54
  50964.060    97.764     4.09    3.69
  51251.839    98.759     3.46    4.06
  51539.604    99.627     3.02    4.67
  51827.355   100.819     4.14    5.55
  52115.092   101.748     3.23    7.19
  52402.815   103.579     6.37    8.52
  52690.525   105.484     6.62    9.64
  52978.221   107.458     6.86   10.51
  53265.903   110.799    11.61   11.32
  53553.572   114.160    11.68   11.46
  53841.226   118.358    14.59   11.18
  54128.867   122.146    13.17   11.58
  54416.494   125.385    11.26   13.12
  54704.107   128.566    11.06   13.73
  54991.707   131.173     9.07   13.25
  55279.292   132.551     4.79   13.27
  55566.864   133.020     1.63   13.13
  55854.423   132.257    -2.65   13.20
  56141.967   130.281    -6.87   12.17
  56429.498   128.563    -5.98   11.53
  56717.015   127.759    -2.79    9.72
  57004.518   128.612     2.97   10.01
  57292.007   131.170     8.90   11.77
  57579.483   135.266    14.25   13.05
  57866.945   140.920    19.67   14.29
  58154.393   146.590    19.72   14.00
  58441.828   152.283    19.81   13.95
  58729.249   157.143    16.91   13.81
  59016.656   161.539    15.29   13.84
  59304.049   164.521    10.38   13.98
  59591.428   167.358     9.87   13.83
  59878.794   169.085     6.01   13.92
  60166.146   170.149     3.70   13.69
  60453.485   170.943     2.76   13.23
  60740.809   172.058     3.88   12.10
  61028.120   175.406    11.65   11.52
  61315.418   179.149    13.03   12.81
  61602.701   185.672    22.71   13.50
  61889.971   191.492    20.26   13.87
  62177.227   198.632    24.86   13.00
  62464.469   204.637    20.91   11.51
  62751.698   209.996    18.66   10.33
  63038.913   215.056    17.62   10.81
  63326.115   219.681    16.10   12.13
  63613.302   224.169    15.63   13.42
  63900.476   227.756    12.49   14.64
  64187.636   232.136    15.25   14.57
  64474.783   235.202    10.68   13.59
  64761.916   240.652    18.98   14.20
  65049.035   245.289    16.15   15.56
  65336.140   252.161    23.94   16.60
  65623.232   260.658    29.60   17.08
  65910.310   269.725    31.58   16.62
  66197.375   278.401    30.22   17.31
  66484.426   287.402    31.36   17.25
  66771.463   293.912    22.68   16.60
  67058.486   299.951    21.04   16.47
  67345.496   302.841    10.07   15.78
  67632.492   304.617     6.19   15.93
  67919.475   304.153    -1.62   14.87
  68206.444   303.017    -3.96   14.18
  68493.399   300.411    -9.08   13.25
  68780.340   298.025    -8.31   12.21
  69067.268   294.389   -12.67   11.30
  69354.183   292.151    -7.80   12.17
  69641.083   288.050   -14.29   13.50
  69927.970   283.203   -16.90   17.03
  70214.844   276.596   -23.03   19.68
  70501.703   270.062   -22.78   20.74
  70788.549   263.200   -23.92   20.42
  71075.382   257.040   -21.47   21.61
  71362.201   248.927   -28.29   23.03
  71649.006   242.049   -23.98   24.09
  71935.797   233.950   -28.24   23.72
  72222.575   225.851   -28.24   23.52
  72509.340   217.034   -30.75   24.48
  72796.090   208.271   -30.56   25.21
  73082.827   199.048   -32.16   26.74
  73369.551   190.393   -30.19   27.80
  73656.261   179.249   -38.87   29.00
  73942.957   170.372   -30.96   29.18
  74229.640   158.010   -43.12   29.26
  74516.309   147.645   -36.16   29.18
  74802.964   135.905   -40.95   26.27
  75089.606   126.781   -31.83   23.00
  75376.234   118.259   -29.73   16.41
  75662.849   113.143   -17.85   10.79
  75949.450   109.514   -12.66    4.73
  76236.037   108.596    -3.20    2.85
  76522.611   109.003     1.42    3.09
  76809.172   110.019     3.54    3.47
  77095.718   110.860     2.94    3.54
  77382.252   112.175     4.59    4.81
  77668.771   114.695     8.80    8.42
  77955.277   119.411    16.46   13.25
  78241.770   123.786    15.27   15.72
  78528.248   128.770    17.40   16.70
  78814.714   135.143    22.25   17.54
  79101.166   143.419    28.89   17.95
  79387.604   151.913    29.66   17.90
  79674.028   160.689    30.64   19.41
  79960.439   170.182    33.14   20.47
  80246.837   180.566    36.25   20.84
  80533.221   192.137    40.40   20.33
  80819.591   202.780    37.16   20.51
  81105.948   213.294    36.72   20.29
  81392.292   222.466    32.03   18.66
  81678.621   230.040    26.45   14.60
  81964.938   234.643    16.07   10.74
  82251.240   236.510     6.52    7.62
  82537.529   236.458    -0.18    6.47
  82823.805   234.791    -5.82    6.26
  83110.067   232.645    -7.50    5.72
  83396.316   229.935    -9.47    5.22
  83682.551   227.576    -8.24    5.36
  83968.772   224.927    -9.25    5.32
  84254.980   222.511    -8.44    5.16
  84541.175   219.950    -8.95    5.08
  84827.356   217.557    -8.36    4.85
  85113.523   215.727    -6.39    4.35
  85399.677   213.981    -6.10    4.18
  85685.818   212.302    -5.87    4.27
  85971.945   211.010    -4.51    4.29
  86258.058   209.178    -6.40    4.01
  86544.158   207.123    -7.18    4.71
  86830.244   204.291    -9.90    5.41
  87116.317   201.522    -9.68    6.76
  87402.377   197.596   -13.72    8.14
  87688.423   193.846   -13.11    8.82
  87974.455   188.789   -17.68    9.67
  88260.474   183.710   -17.76   10.44
  88546.480   178.481   -18.28   10.29
  88832.472   173.379   -17.84    9.81
  89118.450   168.775   -16.10    7.83
  89404.415   165.537   -11.32    5.81
  89690.367   163.347    -7.66    4.12
  89976.305   161.996    -4.73    3.35
  90262.230   161.630    -1.28    3.33
  90548.141   161.469    -0.56    3.39
  90834.039   161.091    -1.32    3.60
  91119.923   160.188    -3.16    4.15
  91405.794   159.130    -3.70    4.75
  91691.651   157.151    -6.92    5.68
  91977.495   154.755    -8.38    6.73
  92263.325   151.240   -12.30    7.59
  92549.142   147.376   -13.52    7.11
  92834.946   143.757   -12.66    7.42
  93120.736   139.919   -13.43    7.59
  93406.512   135.779   -14.49    7.69
  93692.275   132.334   -12.05    7.42
  93978.025   129.660    -9.36    6.69
  94263.761   127.354    -8.07    5.73
