 -98544.565   138.152     0.00    9.30
 -98257.916   136.771    -4.82    9.68
 -97971.270   135.773    -3.48    9.96
 -97684.627   134.815    -3.34    9.87
 -97397.986   132.380    -8.49    9.94
 -97111.348   129.037   -11.66    8.42
 -96824.712   126.277    -9.63    6.40
 -96538.079   124.965    -4.58    4.60
 -96251.449   125.213     0.87    4.80
 -95964.821   125.857     2.25    5.52
 -95678.195   126.787     3.24    6.13
 -95391.573   128.239     5.07    6.92
 -95104.952   130.445     7.69    7.55
 -94818.335   132.918     8.63    7.29
 -94531.720   134.121     4.19    6.59
 -94245.107   133.969    -0.53    5.65
 -93958.498   133.550    -1.46    4.92
 -93671.890   132.503    -3.65    4.76
 -93385.286   131.522    -3.42    4.70
 -93098.684   130.725    -2.78    4.85
 -92812.084   129.836    -3.10    4.90
 -92525.487   128.959    -3.06    4.92
 -92238.893   127.773    -4.14    4.68
 -91952.301   127.253    -1.82    4.35
 -91665.712   127.823     1.99    3.99
 -91379.125   127.766    -0.20    3.58
 -91092.541   127.617    -0.52    3.43
 -90805.960   127.376    -0.84    3.87
 -90519.381   127.573     0.69    3.81
 -90232.805   128.065     1.72    3.63
 -89946.231   128.150     0.30    4.21
 -89659.660   128.335     0.65    4.55
 -89373.092   128.168    -0.58    5.48
 -89086.526   128.440     0.95    6.48
 -88799.963   129.801     4.75    6.62
 -88513.402   130.609     2.82    7.78
 -88226.844   131.102     1.72    8.31
 -87940.288   131.571     1.64    8.26
 -87653.735   131.801     0.80    8.02
 -87367.185   132.118     1.11    7.96
 -87080.637   131.781    -1.18    9.06
 -86794.092   130.746    -3.61   10.57
 -86507.549   130.434    -1.09   11.97
 -86221.009   131.899     5.11   12.38
 -85934.471   133.308     4.92   12.11
 -85647.937   135.421     7.37   11.88
 -85361.404   137.071     5.76   12.02
 -85074.875   139.689     9.14   11.59
 -84788.347   141.210     5.31   10.21
 -84501.823   143.102     6.61    8.47
 -84215.301   143.989     3.09    9.37
 -83928.781   145.601     5.63   11.16
 -83642.265   147.438     6.41   12.31
 -83355.750   148.607     4.08   13.21
 -83069.239   150.522     6.68   13.66
 -82782.730   153.723    11.18   13.70
 -82496.223   156.383     9.28   13.79
 -82209.719   158.922     8.86   12.32
 -81923.218   160.426     5.25   11.88
 -81636.719   161.780     4.73   11.23
 -81350.223   162.815     3.61   10.94
 -81063.729   162.685    -0.45   11.65
 -80777.238   161.746    -3.28   12.22
 -80490.750   160.072    -5.84   12.26
 -80204.264   158.273    -6.28   11.33
 -79917.781   156.738    -5.36    9.84
 -79631.300   155.766    -3.39    7.96
 -79344.822   155.716    -0.17    7.40
 -79058.346   155.193    -1.83    7.34
 -78771.873   155.440     0.86    7.04
 -78485.403   156.363     3.22    7.87
 -78198.935   157.141     2.72    7.60
 -77912.470   158.000     3.00    7.58
 -77626.007   158.273     0.96    7.89
 -77339.547   157.068    -4.21    7.90
 -77053.090   155.787    -4.47    7.77
 -76766.635   154.287    -5.24    6.57
 -76480.183   152.301    -6.93    5.34
 -76193.733   150.766    -5.36    4.60
 -75907.286   149.882    -3.09    4.86
 -75620.841   148.209    -5.84    6.07
 -75334.399   145.932    -7.95    7.50
 -75047.960   143.626    -8.05    8.46
 -74761.523   141.887    -6.07    8.90
 -74475.089   139.752    -7.45    8.51
 -74188.657   137.787    -6.86    7.29
 -73902.228   137.578    -0.73    6.97
 -73615.801   138.703     3.93    7.15
 -73329.377   140.226     5.32    7.40
 -73042.956   142.344     7.39    7.52
 -72756.537   144.684     8.17    6.95
 -72470.121   147.518     9.90    5.35
 -72183.707   149.468     6.81    3.28
 -71897.296   150.518     3.67    2.79
 -71610.888   150.576     0.20    3.37
 -71324.482   149.808    -2.68    4.03
 -71038.079   149.319    -1.71    4.97
 -70751.678   148.907    -1.44    5.22
 -70465.280   149.537     2.20    5.86
 -70178.884   150.376     2.93    7.01
 -69892.491   151.794     4.95    8.53
 -69606.101   154.239     8.54    9.11
 -69319.713   157.447    11.20    9.20
 -69033.327   160.097     9.25    9.05
 -68746.945   162.316     7.75    8.34
 -68460.565   164.010     5.92    7.25
 -68174.187   164.580     1.99    6.92
 -67887.812   165.199     2.16    6.64
 -67601.440   165.012    -0.66    5.34
 -67315.070   164.397    -2.15    4.46
 -67028.703   163.107    -4.50    5.56
 -66742.338   161.082    -7.07    6.67
 -66455.976   158.454    -9.18    7.68
 -66169.616   155.629    -9.87    8.63
 -65883.259   151.681   -13.79    8.21
 -65596.905   148.582   -10.82    6.60
 -65310.553   145.872    -9.46    5.70
 -65024.204   142.891   -10.41    5.83
 -64737.857   140.118    -9.68    6.09
 -64451.513   138.175    -6.79    6.18
 -64165.172   136.146    -7.09    6.07
 -63878.833   133.647    -8.73    6.65
 -63592.497   130.759   -10.09    7.45
 -63306.163   128.210    -8.90    8.23
 -63019.832   126.224    -6.94    8.76
 -62733.503   124.844    -4.82    8.44
 -62447.177   122.837    -7.01    8.05
 -62160.853   120.904    -6.75    7.85
 -61874.533   119.738    -4.07    7.61
 -61588.214   118.836    -3.15    7.25
 -61301.899   117.974    -3.01    7.23
 -61015.585   116.565    -4.92    6.84
 -60729.275   114.958    -5.61    6.32
 -60442.967   114.097    -3.01    5.93
 -60156.661   112.489    -5.62    6.29
 -59870.358   109.610   -10.06    7.25
 -59584.058   106.858    -9.61    7.46
 -59297.760   104.898    -6.85    7.68
 -59011.465   102.356    -8.88    7.83
 -58725.173   100.397    -6.84    6.77
 -58438.883    99.360    -3.62    6.31
 -58152.595    99.039    -1.12    6.09
 -57866.310    99.759     2.51    6.11
 -57580.028    99.865     0.37    5.83
 -57293.748    99.394    -1.64    5.81
 -57007.471    98.248    -4.01    6.08
 -56721.197    96.705    -5.39    6.27
 -56434.925    94.677    -7.08    5.87
 -56148.655    92.270    -8.41    5.51
 -55862.389    90.338    -6.75    5.40
 -55576.124    89.013    -4.63    5.59
 -55289.863    87.676    -4.67    5.66
 -55003.603    86.169    -5.27    5.34
 -54717.347    84.929    -4.33    5.48
 -54431.093    84.046    -3.08    5.89
 -54144.842    83.337    -2.48    6.06
 -53858.593    82.641    -2.43    5.82
 -53572.346    81.971    -2.34    5.95
 -53286.103    80.910    -3.71    6.45
 -52999.862    79.590    -4.61    6.21
 -52713.623    78.273    -4.60    6.37
 -52427.387    76.929    -4.70    6.17
 -52141.154    75.576    -4.73    6.14
 -51854.923    74.637    -3.28    6.50
 -51568.695    73.668    -3.39    6.32
 -51282.469    72.949    -2.51    5.61
 -50996.246    74.215     4.42    6.78
 -50710.025    76.591     8.30    8.18
 -50423.807    79.401     9.82    8.93
 -50137.592    82.029     9.18    8.47
 -49851.379    84.489     8.60    6.36
 -49565.169    85.433     3.30    4.25
 -49278.961    84.217    -4.25    5.43
 -48992.756    81.435    -9.72    7.08
 -48706.554    77.745   -12.89    7.59
 -48420.354    73.696   -14.15    7.37
 -48134.156    70.146   -12.40    7.28
 -47847.961    67.822    -8.12    6.33
 -47561.769    66.982    -2.94    6.11
 -47275.579    67.070     0.31    6.65
 -46989.392    67.990     3.21    7.89
 -46703.208    69.114     3.93    8.16
 -46417.026    69.901     2.75    7.60
 -46130.846    69.589    -1.09    7.05
 -45844.669    69.237    -1.23    6.36
 -45558.495    68.520    -2.51    6.10
 -45272.323    67.529    -3.46    6.14
 -44986.154    66.363    -4.08    6.08
 -44699.988    64.665    -5.93    6.36
 -44413.824    62.671    -6.97    7.12
 -44127.530    59.641   -10.58    7.98
 -43840.735    56.773   -10.00    8.32
 -43553.942    53.579   -11.14    6.99
 -43267.153    50.430   -10.98    5.93
 -42980.368    47.883    -8.88    5.63
 -42693.585    45.706    -7.59    5.81
 -42406.806    43.454    -7.85    7.08
 -42120.031    41.767    -5.88    7.14
 -41833.258    40.252    -5.28    6.33
 -41546.489    39.223    -3.59    5.52
 -41259.723    38.550    -2.35    5.23
 -40972.961    39.224     2.35    5.56
 -40686.202    40.972     6.10    6.22
 -40399.446    43.568     9.05    7.57
 -40112.693    46.440    10.02    9.73
 -39825.944    49.417    10.38   10.94
 -39539.198    51.745     8.12   11.06
 -39252.456    54.094     8.19   10.56
 -38965.717    54.532     1.53    9.82
 -38678.981    52.689    -6.43   10.18
 -38392.248    50.436    -7.86   10.62
 -38105.519    47.049   -11.81   10.56
 -37818.793    42.787   -14.86   10.25
 -37532.070    38.330   -15.55    8.87
 -37245.351    35.069   -11.37    7.01
 -36958.635    32.872    -7.66    5.26
 -36671.922    31.569    -4.55    4.31
 -36385.212    30.794    -2.70    4.11
 -36098.506    30.593    -0.70    4.14
 -35811.804    30.541    -0.18    3.95
 -35525.104    30.753     0.74    3.78
 -35238.408    31.717     3.37    5.86
 -34951.715    34.337     9.14   10.12
 -34665.025    39.372    17.56   15.62
 -34378.339    46.358    24.37   20.35
 -34091.656    54.711    29.14   22.46
 -33804.977    63.967    32.29   21.55
 -33518.300    71.836    27.45   18.37
 -33231.627    78.878    24.57   13.00
 -32944.958    84.449    19.43    7.27
 -32658.291    87.002     8.90    4.96
 -32371.628    87.943     3.29    3.95
 -32084.968    88.452     1.77    3.61
 -31798.312    88.449    -0.01    3.29
 -31511.659    88.869     1.47    3.50
 -31225.009    89.135     0.92    3.54
 -30938.363    88.744    -1.36    3.45
 -30651.719    87.872    -3.04    3.79
 -30365.079    86.560    -4.58    4.90
 -30078.443    85.030    -5.34    5.73
 -29791.810    83.027    -6.99    6.86
 -29505.180    80.944    -7.27    6.89
 -29218.553    78.474    -8.62    7.32
 -28931.930    76.155    -8.09    6.83
 -28645.310    74.244    -6.66    5.76
 -28358.693    73.630    -2.14    5.80
 -28072.079    73.709     0.27    5.70
 -27785.469    74.010     1.05    6.22
 -27498.862    74.959     3.31    6.06
 -27212.259    76.222     4.41    4.62
 -26925.659    75.994    -0.79    4.43
 -26639.062    74.808    -4.14    4.99
 -26352.468    73.564    -4.34    5.76
 -26065.878    71.575    -6.94    6.58
 -25779.291    69.752    -6.36    6.70
 -25492.707    67.815    -6.76    7.14
 -25206.127    65.774    -7.12    6.93
 -24919.550    63.549    -7.76    6.74
 -24632.976    60.600   -10.29    6.92
 -24346.406    57.702   -10.11    7.80
 -24059.839    55.156    -8.88    8.47
 -23773.275    50.062   -17.78   16.48
 -23486.714    45.858   -14.67   18.82
 -23200.157    40.697   -18.01   20.31
 -22913.603    36.068   -16.15   19.84
 -22627.053    31.532   -15.83   18.02
 -22340.505    28.906    -9.16   15.62
 -22053.961    28.407    -1.74   12.18
 -21767.421    28.709     1.05   11.38
 -21480.883    27.617    -3.81   12.38
 -21194.349    26.607    -3.53   13.00
 -20907.818    27.794     4.14   13.44
 -20621.291    29.911     7.39   11.90
 -20334.767    31.143     4.30    9.84
 -20048.246    32.654     5.27    6.75
 -19761.728    33.376     2.52    4.44
 -19475.214    33.445     0.24    4.61
 -19188.703    33.255    -0.66    4.35
 -18902.196    32.190    -3.72    3.99
 -18615.691    31.571    -2.16    4.19
 -18329.190    31.190    -1.33    4.51
 -18042.692    30.891    -1.04    4.71
 -17756.198    30.780    -0.39    4.25
 -17469.707    30.511    -0.94    4.54
 -17183.219    31.266     2.64    5.53
 -16896.735    32.294     3.59    6.24
 -16610.253    33.967     5.84    6.69
 -16323.775    35.436     5.13    6.57
 -16037.301    35.815     1.32    6.13
 -15750.829    35.913     0.34    5.97
 -15464.361    35.567    -1.21    6.71
 -15177.897    35.394    -0.60    8.16
 -14891.435    34.766    -2.19    9.95
 -14604.977    33.039    -6.03   10.89
 -14318.522    29.994   -10.63   12.12
 -14032.071    23.986   -20.97   15.35
 -13745.623    17.682   -22.01   16.14
 -13459.178    10.590   -24.76   15.43
 -13172.736     4.709   -20.53   12.57
 -12886.298    -0.078   -16.71    9.49
 -12599.863    -3.627   -12.39    5.13
 -12313.431    -5.192    -5.46    0.19
 -12027.003    -5.213    -0.07    0.00
 -11740.578    -5.213     0.00    0.00
 -11454.156    -4.213     3.49    4.78
 -11167.737    -0.328    13.56   11.17
 -10881.322     5.580    20.63   15.88
 -10594.910    12.744    25.01   18.96
 -10308.502    20.079    25.61   19.56
 -10022.096    27.208    24.89   16.92
  -9735.694    32.691    19.14   12.42
  -9449.296    34.576     6.58   10.33
  -9162.900    34.263    -1.09   10.33
  -8876.508    32.452    -6.33   11.92
  -8590.119    26.773   -19.83   15.71
  -8303.734    20.356   -22.41   18.00
  -8017.351    13.910   -22.51   18.20
  -7730.972     9.549   -15.23   16.62
  -7444.597     5.699   -13.45   13.82
  -7158.225     2.938    -9.64   10.31
  -6871.855     1.440    -5.23    6.38
  -6585.490     1.444     0.02    5.95
  -6299.127     1.316    -0.45    5.53
  -6012.768     0.530    -2.74    4.66
  -5726.412     0.656     0.44    5.50
  -5440.060     2.223     5.47    7.31
  -5153.711     5.046     9.86    9.71
  -4867.365     8.633    12.53   11.46
  -4581.022    11.530    10.12   12.25
  -4294.683    13.177     5.75   11.89
  -4008.346    13.170    -0.02   11.58
  -3722.014    11.963    -4.22   11.28
  -3435.684     9.863    -7.33   10.87
  -3149.358     7.298    -8.96   10.08
  -2863.035     4.426   -10.03    7.98
  -2576.716     2.654    -6.19    6.63
  -2290.399     1.372    -4.48    5.93
  -2004.086     1.780     1.43    7.94
  -1717.776     3.461     5.87   11.12
  -1431.470     3.158    -1.06   11.69
  -1145.167     2.905    -0.88   11.56
   -858.867     2.301    -2.11   10.69
   -572.571     1.308    -3.47    9.39
   -286.277     0.255    -3.68    7.75
      0.013    -0.964    -4.26    5.47
    286.299    -1.844    -3.07    2.52
    572.583     0.566     8.42    8.30
    858.863     4.204    12.71   12.22
   1145.139     9.049    16.93   15.08
   1431.413    14.270    18.24   16.61
   1717.683    20.343    21.21   16.69
   2003.950    27.344    24.46   16.01
   2290.214    34.139    23.74   14.61
   2576.474    40.977    23.89   11.73
   2862.731    44.648    12.82   10.22
   3148.985    46.020     4.79    9.40
   3435.235    46.390     1.29    9.49
   3721.482    46.130    -0.91    9.81
   4007.726    45.168    -3.36    9.56
   4293.967    43.979    -4.15    8.18
   4580.204    43.125    -2.98    7.17
   4866.438    42.645    -1.68    7.81
   5152.669    42.228    -1.46    8.47
   5438.896    40.780    -5.06    8.90
   5725.120    38.551    -7.79    9.41
   6011.341    36.438    -7.38   10.12
   6297.558    33.135   -11.54   10.27
   6583.773    29.929   -11.20    9.43
   6869.984    28.048    -6.57    8.52
   7156.191    26.794    -4.38    7.41
   7442.396    26.353    -1.54    6.40
   7728.597    26.470     0.41    6.42
   8014.795    26.394    -0.27    6.83
   8300.989    26.396     0.01    6.87
   8587.180    25.454    -3.29    5.86
   8873.368    24.902    -1.93    5.79
   9159.553    24.280    -2.17    5.19
   9445.734    24.076    -0.71    4.77
   9731.912    24.558     1.68    4.31
  10018.087    24.957     1.40    3.51
  10304.258    25.287     1.15    3.07
  10590.427    25.604     1.11    2.81
  10876.592    26.576     3.40    3.04
  11162.753    27.958     4.83    3.46
  11448.912    30.002     7.14    4.83
  11735.067    33.135    10.95    7.75
  12021.218    39.114    20.90   13.37
  12307.367    46.774    26.77   18.96
  12593.512    54.260    26.16   21.48
  12879.654    63.059    30.75   21.89
  13165.792    69.830    23.66   19.26
  13451.928    74.227    15.37   15.81
  13738.060    75.192     3.37   14.89
  14024.189    71.849   -11.68   15.42
  14310.314    67.417   -15.49   13.68
  14596.436    65.100    -8.10   12.24
  14882.555    65.480     1.33   14.02
  15168.671    68.334     9.98   16.00
  15454.783    70.660     8.13   15.75
  15740.892    72.348     5.90   14.69
  16026.998    71.774    -2.01   15.04
  16313.100    70.760    -3.54   15.30
  16599.199    69.075    -5.89   13.68
  16885.295    69.236     0.56   12.74
  17171.388    72.878    12.73   17.15
  17457.477    80.586    26.94   22.45
  17743.790    90.966    36.25   24.99
  18030.663   101.534    36.84   23.93
  18317.532   111.111    33.39   20.34
  18604.397   118.075    24.27   17.12
  18891.258   122.233    14.49   15.35
  19178.115   124.566     8.13   14.79
  19464.967   123.902    -2.32   15.29
  19751.816   122.602    -4.53   14.58
  20038.661   121.187    -4.93   13.45
  20325.501   119.488    -5.92   11.99
  20612.338   117.974    -5.28    9.82
  20899.171   116.142    -6.39    8.63
  21185.999   114.492    -5.75    9.33
  21472.824   113.471    -3.56   11.16
  21759.644   112.625    -2.95   13.12
  22046.460   111.032    -5.55   14.91
  22333.273   108.189    -9.91   15.93
  22620.081   103.190   -17.43   15.16
  22906.885    97.464   -19.97   14.10
  23193.686    91.111   -22.15   12.26
  23480.482    85.093   -20.98   10.04
  23767.274    79.937   -17.98    8.70
  24054.062    76.121   -13.31    7.80
  24340.846    73.084   -10.59    6.93
  24627.626    70.694    -8.33    5.88
  24914.402    68.944    -6.10    4.91
  25201.174    67.881    -3.71    4.09
  25487.942    66.657    -4.27    3.28
  25774.706    65.561    -3.82    3.57
  26061.466    63.931    -5.68    4.56
  26348.222    62.600    -4.64    5.09
  26634.974    62.580    -0.07    5.57
  26921.722    64.255     5.84    7.42
  27208.465    67.387    10.92    8.78
  27495.205    70.363    10.38    8.66
  27781.941    72.842     8.65    7.44
  28068.672    74.175     4.65    6.03
  28355.400    73.823    -1.23    5.83
  28642.123    72.075    -6.10    6.35
  28928.843    69.182   -10.09    5.86
  29215.558    66.849    -8.14    4.83
  29502.270    64.883    -6.86    4.19
  29788.977    63.217    -5.81    4.91
  30075.681    62.521    -2.43    5.62
  30362.380    62.206    -1.10    6.86
  30649.075    62.175    -0.11    7.23
  30935.767    61.318    -2.99    8.43
  31222.454    59.979    -4.67    9.28
  31509.137    59.412    -1.98    9.36
  31795.816    60.316     3.15    9.72
  32082.491    61.383     3.72   10.78
  32369.163    63.423     7.12   12.31
  32655.830    67.969    15.86   14.34
  32942.493    75.114    24.92   15.08
  33229.152    83.287    28.51   12.93
  33515.807    88.652    18.71   11.35
  33802.458    92.504    13.44    9.39
  34089.105    95.384    10.05    7.57
  34375.748    97.871     8.68    6.21
  34662.387    98.515     2.25    6.02
  34949.021    97.638    -3.06    5.96
  35235.652    96.067    -5.48    5.71
  35522.279    94.702    -4.76    5.77
  35808.902    93.901    -2.80    5.54
  36095.521    92.997    -3.15    5.14
  36382.135    92.706    -1.02    4.97
  36668.746    93.066     1.26    5.55
  36955.353    94.095     3.59    6.26
  37241.955    95.694     5.58    6.57
  37528.554    98.787    10.79    7.51
  37815.148   102.452    12.79    8.54
  38101.739   106.760    15.03    8.95
  38388.325   110.250    12.18    8.84
  38674.908   113.857    12.59    8.16
  38961.486   116.809    10.30    6.97
  39248.061   120.187    11.79    6.43
  39534.631   123.437    11.34    6.55
  39821.198   126.426    10.43    6.97
  40107.760   129.280     9.96    7.55
  40394.318   132.663    11.80    7.34
  40680.873   135.731    10.71    6.60
  40967.423   138.340     9.11    6.57
  41253.969   141.137     9.76    7.50
  41540.511   142.899     6.15   10.02
  41827.050   144.937     7.11   12.70
  42113.584   148.059    10.90   15.60
  42400.114   151.132    10.72   16.94
  42686.640   152.546     4.93   17.23
  42973.162   154.348     6.29   18.44
  43259.680   154.661     1.09   19.53
  43546.194   153.918    -2.59   20.12
  43832.704   152.020    -6.63   19.89
  44119.210   149.232    -9.73   18.44
  44405.712   147.080    -7.51   16.28
  44692.210   146.380    -2.44   13.45
  44978.704   146.494     0.40   10.92
  45265.194   146.371    -0.43    8.76
  45551.680   146.332    -0.14    8.06
  45838.162   146.801     1.64    8.34
  46124.640   147.044     0.85    9.41
  46411.114   147.241     0.69   10.11
  46697.584   147.116    -0.44   10.32
  46984.049   147.088    -0.10   10.40
  47270.511   147.767     2.37   10.20
  47556.969   149.102     4.66    9.86
  47843.423   150.305     4.20    9.63
  48129.872   151.688     4.83    9.57
  48416.318   153.674     6.93    9.63
  48702.760   156.508     9.89    9.62
  48989.198   159.500    10.45    9.61
  49275.631   162.930    11.98    8.86
  49562.061   166.529    12.56    7.94
  49848.486   168.967     8.51    7.25
  50134.908   171.000     7.10    6.47
  50421.326   172.630     5.69    6.06
  50707.739   173.704     3.75    5.68
  50994.149   174.013     1.08    6.56
  51280.554   173.200    -2.84    8.34
  51566.956   171.123    -7.25   10.50
  51853.353   168.716    -8.40   11.45
  52139.747   166.230    -8.68   11.46
  52426.136   163.058   -11.08   11.61
  52712.522   159.356   -12.93   12.80
  52998.903   155.678   -12.84   13.09
  53285.280   152.639   -10.61   14.01
  53571.654   148.730   -13.65   16.45
  53858.023   143.284   -19.02   19.71
  54144.389   136.435   -23.92   20.92
  54430.750   130.889   -19.37   20.83
  54717.107   125.590   -18.51   19.92
  55003.461   120.407   -18.10   17.38
  55289.810   117.571    -9.90   15.33
  55576.155   114.994    -9.00   14.27
  55862.497   111.625   -11.77   16.08
  56148.834   106.815   -16.80   18.59
  56435.167   100.897   -20.67   20.54
  56721.496    95.311   -19.51   19.10
  57007.822    92.111   -11.18   15.91
  57294.143    89.316    -9.76   13.00
  57580.460    88.413    -3.15   13.09
  57866.773    91.205     9.75   14.49
  58153.082    95.054    13.44   15.47
  58439.388    97.656     9.09   15.45
  58725.689    96.830    -2.89   16.78
  59011.986    95.974    -2.99   17.47
  59298.279    98.125     7.51   16.72
  59584.568   102.016    13.59   15.79
  59870.853   105.502    12.17   15.87
  60157.134   109.651    14.49   15.40
  60443.412   115.121    19.11   13.91
  60729.685   120.183    17.68   10.84
  61015.954   124.077    13.60   10.76
  61302.219   128.605    15.82   11.66
  61588.480   134.692    21.26   15.57
  61874.737   140.801    21.34   19.84
  62160.990   147.665    23.98   23.83
  62447.239   156.003    29.13   25.51
  62733.484   162.009    20.98   25.16
  63019.725   165.916    13.65   23.38
  63305.962   168.532     9.14   21.39
  63592.195   168.449    -0.29   22.34
  63878.424   166.725    -6.02   23.55
  64164.649   165.337    -4.85   22.77
  64450.870   161.930   -11.90   21.39
  64737.087   159.536    -8.37   21.49
  65023.300   155.417   -14.39   22.94
  65309.509   151.685   -13.04   23.14
  65595.714   147.917   -13.17   21.67
  65881.915   143.878   -14.11   18.26
  66168.112   140.528   -11.70   13.67
  66454.305   138.794    -6.06    9.72
  66740.494   139.016     0.78    8.19
  67026.679   139.862     2.95    7.19
  67312.860   140.400     1.88    7.15
  67599.036   138.662    -6.07    9.04
  67885.209   135.694   -10.37   11.98
  68171.378   133.616    -7.26   14.49
  68457.543   131.929    -5.89   16.07
  68743.704   130.157    -6.19   16.87
  69029.861   129.794    -1.27   17.73
  69316.014   129.983     0.66   17.03
  69602.163   130.844     3.01   14.57
  69888.308   131.009     0.57   13.22
  70174.449   130.066    -3.30   13.41
  70460.585   128.885    -4.13   13.58
  70746.718   126.116    -9.68   13.53
  71032.847   123.339    -9.71   13.72
  71318.972   119.844   -12.22   13.31
  71605.093   116.184   -12.79   13.31
  71891.210   112.944   -11.32   13.63
  72177.323   108.941   -13.99   15.30
  72463.432   103.677   -18.40   18.15
  72749.537   100.277   -11.88   18.87
  73035.637    98.368    -6.67   18.95
  73321.734    96.780    -5.55   19.66
  73607.827    96.993     0.74   20.33
  73893.916    98.759     6.17   20.79
  74180.001   101.523     9.66   21.71
  74466.082   104.284     9.65   22.32
  74752.159   107.551    11.42   21.93
  75038.232   111.766    14.73   20.60
  75324.300   116.509    16.58   19.41
  75610.365   121.137    16.18   17.79
  75896.426   123.398     7.90   18.35
  76182.483   122.947    -1.58   22.06
  76468.536   120.128    -9.86   27.21
  76754.585   116.717   -11.92   29.81
  77040.630   113.128   -12.55   30.37
  77326.671   110.085   -10.64   27.86
  77612.708   105.508   -16.00   24.69
  77898.741   103.794    -5.99   19.90
  78184.769   102.851    -3.30   15.78
  78470.794   101.445    -4.92   14.39
  78756.815    98.413   -10.60   17.62
  79042.832    96.509    -6.66   19.91
  79328.845    94.050    -8.60   22.00
  79615.201    92.830    -4.26   23.55
  79902.155    93.365     1.87   25.51
  80189.104    95.921     8.91   28.74
  80476.048    99.564    12.70   31.35
  80762.987   105.709    21.42   34.97
  81049.921   111.986    21.87   37.62
  81336.851   118.808    23.78   39.28
  81623.776   124.305    19.16   42.85
  81910.696   126.880     8.98   43.22
  82197.611   130.787    13.62   51.14
  82484.522   130.235    -1.93   57.96
  82771.427   129.003    -4.30   60.90
  83058.328   128.405    -2.08   60.03
  83345.225   122.002   -22.32   51.04
  83632.116   119.821    -7.60   49.93
