-128180.630   156.061     0.00    7.92
-127895.645   157.155     3.84    8.05
-127610.647   157.043    -0.39    8.36
-127325.635   156.880    -0.57    8.37
-127040.609   156.634    -0.86    7.69
-126755.569   155.794    -2.95    7.35
-126470.515   154.359    -5.03    7.07
-126185.448   152.000    -8.27    7.45
-125900.367   148.952   -10.69    7.67
-125615.273   145.609   -11.72    7.80
-125330.164   141.499   -14.42    7.05
-125045.042   138.210   -11.53    6.65
-124759.906   134.274   -13.81    6.54
-124474.756   131.490    -9.76    6.17
-124189.592   128.876    -9.16    5.12
-123904.415   127.431    -5.07    4.26
-123619.223   126.214    -4.27    3.47
-123334.018   125.374    -2.94    2.77
-123048.800   125.195    -0.63    2.32
-122763.567   125.851     2.30    2.21
-122478.321   126.301     1.58    2.31
-122193.060   126.542     0.84    2.67
-121907.786   127.017     1.67    2.89
-121622.498   128.293     4.47    3.86
-121337.197   129.857     5.48    5.29
-121051.881   131.770     6.70    6.13
-120766.552   134.187     8.47    6.63
-120481.209   136.589     8.42    7.21
-120195.852   138.043     5.10    6.97
-119910.481   139.376     4.67    6.69
-119625.097   139.781     1.42    6.47
-119339.698   139.304    -1.67    7.24
-119054.286   137.952    -4.73    7.88
-118768.860   135.800    -7.54    8.39
-118483.420   134.195    -5.62    7.88
-118197.966   132.244    -6.83    7.38
-117912.499   130.510    -6.07    6.69
-117627.017   128.356    -7.54    7.48
-117341.522   125.893    -8.63    8.66
-117056.013   124.067    -6.40    9.01
-116770.490   122.672    -4.88    7.70
-116484.953   122.757     0.30    7.48
-116199.403   123.581     2.89    7.97
-115913.838   125.844     7.93    8.04
-115628.260   128.086     7.85    7.10
-115342.668   130.570     8.70    5.43
-115057.061   131.398     2.90    4.77
-114771.441   132.002     2.11    3.93
-114485.808   131.469    -1.86    4.96
-114200.160   130.413    -3.70    6.71
-113914.498   126.445   -13.89   11.55
-113628.823   123.160   -11.50   13.63
-113343.133   118.425   -16.57   14.66
-113057.430   113.888   -15.88   13.76
-112771.713   109.237   -16.28   11.37
-112485.982   105.366   -13.54    8.62
-112200.237   102.987    -8.33    6.78
-111914.478   101.710    -4.47    5.23
-111628.706    99.859    -6.48    4.40
-111342.919    98.394    -5.13    5.19
-111057.119    97.090    -4.56    5.05
-110771.304    96.334    -2.65    4.90
-110485.476    95.338    -3.48    5.05
-110199.634    95.013    -1.14    6.75
-109913.778    94.788    -0.79    7.48
-109627.908    96.334     5.41    9.18
-109342.024    97.509     4.11   10.29
-109056.126    99.028     5.31   11.08
-108770.214   100.366     4.68   10.94
-108484.288   102.544     7.62    9.95
-108198.349   104.230     5.90    8.94
-107912.395   105.747     5.31    6.58
-107626.428   106.702     3.34    4.40
-107340.446   106.679    -0.08    3.77
-107054.451   106.217    -1.62    3.47
-106768.442   105.382    -2.92    2.10
-106482.419   105.210    -0.60    1.86
-106196.381   104.765    -1.56    0.44
-105910.330   104.762    -0.01    0.43
-105624.265   104.695    -0.24    0.00
-105338.186   104.695     0.00    0.00
-105052.093   104.695     0.00    0.00
-104765.986   104.695     0.00    0.00
-104479.865   104.695     0.00    0.00
-104193.731   104.717     0.08    0.33
-103907.582   104.805     0.31    0.66
-103621.419   104.961     0.55    0.88
-103335.242   105.241     0.98    1.16
-103049.052   106.206     3.37    2.31
-102762.847   107.695     5.20    3.74
-102476.628   110.176     8.67    5.46
-102190.396   113.861    12.88    7.61
-101904.149   117.671    13.31    8.54
-101617.888   121.566    13.60    8.32
-101331.614   125.230    12.80    6.73
-101045.325   127.777     8.90    4.98
-100759.023   129.656     6.56    3.03
-100472.706   130.392     2.57    2.31
-100186.375   130.470     0.27    2.45
 -99900.031   130.520     0.18    2.41
 -99613.672   130.400    -0.42    2.71
 -99327.300   129.296    -3.85    3.40
 -99040.913   127.563    -6.05    4.31
 -98754.513   125.316    -7.85    5.07
 -98468.098   123.284    -7.09    5.06
 -98181.669   120.589    -9.41    5.35
 -97895.227   117.976    -9.12    5.33
 -97608.770   115.228    -9.59    5.25
 -97322.300   113.456    -6.19    5.33
 -97035.815   111.679    -6.20    5.04
 -96749.316   110.198    -5.17    4.54
 -96462.803   108.276    -6.71    3.83
 -96176.277   106.328    -6.80    3.93
 -95889.736   104.602    -6.02    4.40
 -95603.181   103.739    -3.01    4.50
 -95316.612   102.866    -3.05    4.39
 -95030.029   101.956    -3.18    4.35
 -94743.432   100.750    -4.21    4.46
 -94456.821    99.435    -4.59    4.76
 -94170.196    97.828    -5.61    4.79
 -93883.557    94.725   -10.83    8.45
 -93596.904    91.577   -10.98   10.87
 -93310.237    87.296   -14.93   13.45
 -93023.555    83.364   -13.72   14.70
 -92736.860    80.795    -8.96   13.38
 -92450.151    79.307    -5.19   11.53
 -92163.427    80.308     3.49   10.44
 -91876.690    81.840     5.34    9.85
 -91589.938    83.741     6.63    9.13
 -91303.172    85.717     6.89    6.93
 -91016.392    87.618     6.63    3.86
 -90729.599    88.995     4.80    3.66
 -90442.791    90.233     4.32    3.92
 -90155.969    91.195     3.35    3.73
 -89869.133    92.392     4.17    3.49
 -89582.282    93.003     2.13    3.59
 -89295.418    93.145     0.50    3.61
 -89008.540    92.852    -1.02    4.40
 -88721.647    92.315    -1.87    4.41
 -88434.741    91.341    -3.39    4.57
 -88147.820    90.656    -2.39    4.81
 -87860.885    89.131    -5.31    5.41
 -87573.936    88.048    -3.77    5.43
 -87286.973    87.543    -1.76    5.33
 -86999.996    87.084    -1.60    4.94
 -86713.005    87.109     0.09    4.70
 -86425.999    86.747    -1.26    5.60
 -86138.980    86.406    -1.19    7.40
 -85851.946    85.717    -2.40    8.61
 -85564.898    85.710    -0.02    9.07
 -85277.837    85.665    -0.16    9.40
 -84990.761    85.945     0.98    9.54
 -84703.670    87.213     4.42    8.10
 -84416.566    88.749     5.35    5.62
 -84129.448    89.505     2.63    4.24
 -83842.315    89.445    -0.21    3.64
 -83555.168    88.529    -3.19    3.58
 -83268.008    87.515    -3.53    3.60
 -82980.833    86.551    -3.36    3.61
 -82693.643    85.206    -4.68    4.42
 -82406.440    83.248    -6.82    5.19
 -82119.223    81.092    -7.51    5.38
 -81831.991    78.405    -9.35    4.83
 -81544.745    76.943    -5.09    4.24
 -81257.485    76.540    -1.40    3.75
 -80970.211    76.777     0.83    3.77
 -80682.923    77.601     2.87    3.80
 -80395.620    77.658     0.20    4.36
 -80108.304    77.148    -1.78    5.07
 -79820.973    76.381    -2.67    5.72
 -79533.628    75.265    -3.88    5.98
 -79246.269    73.732    -5.33    5.69
 -78958.895    72.918    -2.83    5.20
 -78671.508    73.412     1.72    5.30
 -78384.106    74.270     2.99    5.80
 -78096.690    75.551     4.45    6.21
 -77809.260    75.973     1.47    6.32
 -77521.816    76.057     0.29    7.18
 -77234.357    75.213    -2.93    8.51
 -76946.884    73.600    -5.61   10.15
 -76659.397    71.952    -5.73   10.72
 -76371.896    72.322     1.29   10.81
 -76084.381    73.068     2.59   11.10
 -75796.851    73.773     2.45   11.45
 -75509.307    75.761     6.92   10.70
 -75221.749    78.218     8.54    9.05
 -74934.177    80.280     7.17    7.05
 -74646.591    81.764     5.16    4.97
 -74358.990    80.183    -5.50    6.79
 -74071.375    77.625    -8.89    8.87
 -73783.746    74.084   -12.31   10.06
 -73496.102    70.946   -10.91    9.76
 -73208.445    68.482    -8.57    8.63
 -72920.773    65.792    -9.35    7.00
 -72633.087    63.756    -7.08    5.59
 -72345.386    61.732    -7.03    5.44
 -72057.672    59.748    -6.89    7.13
 -71769.943    59.096    -2.27    7.09
 -71482.200    58.366    -2.54    6.15
 -71194.442    57.086    -4.45    5.48
 -70906.671    56.966    -0.42    2.55
 -70618.885    56.354    -2.13    2.89
 -70331.084    55.718    -2.21    3.20
 -70043.270    55.083    -2.21    3.46
 -69755.441    54.796    -1.00    3.38
 -69467.598    54.071    -2.52    3.79
 -69179.741    53.755    -1.10    3.95
 -68891.870    52.741    -3.52    4.39
 -68603.984    51.394    -4.68    5.11
 -68316.084    49.826    -5.44    5.74
 -68028.169    48.228    -5.55    5.90
 -67740.241    46.510    -5.97    5.39
 -67452.298    44.913    -5.55    4.08
 -67164.340    43.876    -3.60    2.24
 -66876.369    43.414    -1.60    1.37
 -66588.383    43.198    -0.75    1.42
 -66300.983    42.956    -0.84    1.40
 -66015.932    42.695    -0.92    1.53
 -65730.867    41.965    -2.56    1.84
 -65445.789    41.272    -2.43    1.94
 -65160.698    40.566    -2.48    1.75
 -64875.594    40.074    -1.72    1.64
 -64590.476    39.551    -1.84    1.53
 -64305.345    39.124    -1.50    1.37
 -64020.202    38.495    -2.21    1.80
 -63735.044    37.780    -2.51    2.33
 -63449.874    36.509    -4.45    3.40
 -63164.691    35.152    -4.76    3.93
 -62879.494    33.859    -4.53    4.31
 -62594.284    32.456    -4.92    4.35
 -62309.061    30.837    -5.68    4.26
 -62023.825    28.977    -6.52    3.93
 -61738.576    27.612    -4.78    3.34
 -61453.313    26.282    -4.66    2.48
 -61168.037    25.314    -3.39    2.14
 -60882.748    24.356    -3.36    1.76
 -60597.446    23.642    -2.50    1.62
 -60312.130    23.148    -1.73    1.45
 -60026.801    22.933    -0.75    1.50
 -59741.459    22.781    -0.54    1.51
 -59456.104    22.918     0.48    1.64
 -59170.736    23.073     0.54    1.71
 -58885.354    24.078     3.52    3.42
 -58599.959    24.577     1.75    3.59
 -58314.551    25.695     3.91    4.24
 -58029.130    26.472     2.72    4.39
 -57743.695    27.379     3.18    4.27
 -57458.248    27.895     1.81    3.93
 -57172.786    28.161     0.93    3.86
 -56887.312    28.634     1.66    3.82
 -56601.825    29.035     1.41    3.48
 -56316.324    29.056     0.07    3.41
 -56030.810    28.860    -0.69    3.43
 -55745.282    28.633    -0.79    3.47
 -55459.742    28.266    -1.29    3.19
 -55174.188    28.210    -0.20    3.12
 -54888.621    28.314     0.37    3.06
 -54603.041    28.807     1.73    3.29
 -54317.447    29.157     1.22    3.58
 -54031.840    29.005    -0.53    3.96
 -53746.220    28.672    -1.17    4.33
 -53460.586    28.389    -0.99    4.35
 -53174.940    27.801    -2.06    3.87
 -52889.280    27.702    -0.34    3.73
 -52603.607    28.420     2.51    3.66
 -52317.920    29.084     2.32    3.24
 -52032.220    29.510     1.49    3.08
 -51746.507    28.890    -2.17    4.09
 -51460.781    27.958    -3.26    5.53
 -51175.041    27.514    -1.55    6.20
 -50889.288    27.264    -0.88    6.02
 -50603.522    26.754    -1.78    6.13
 -50317.742    26.879     0.44    6.13
 -50031.949    26.893     0.05    5.62
 -49746.143    27.496     2.11    4.26
 -49460.323    26.929    -1.98    4.08
 -49174.491    26.156    -2.71    4.81
 -48888.645    24.837    -4.61    6.64
 -48602.785    23.618    -4.26    7.58
 -48316.912    23.821     0.71    7.74
 -48031.026    24.454     2.21    7.89
 -47745.127    24.913     1.60    7.79
 -47459.214    25.962     3.67    6.62
 -47173.288    27.296     4.66    4.50
 -46887.349    27.617     1.12    3.12
 -46601.396    26.484    -3.96    3.56
 -46315.430    25.187    -4.54    4.21
 -46029.451    23.898    -4.51    4.39
 -45743.458    22.756    -3.99    4.14
 -45457.452    21.895    -3.01    4.00
 -45171.433    20.956    -3.28    5.00
 -44885.400    20.515    -1.54    5.29
 -44599.354    20.015    -1.75    5.74
 -44313.295    19.784    -0.81    6.08
 -44027.222    19.346    -1.53    6.89
 -43741.136    19.702     1.25    8.42
 -43455.036    22.187     8.68    8.74
 -43168.924    24.472     7.99   10.83
 -42882.797    27.671    11.18   10.95
 -42596.658    30.158     8.69   11.45
 -42310.505    33.687    12.33    9.65
 -42024.339    35.789     7.35    8.78
 -41738.159    37.850     7.20    7.59
 -41451.966    39.423     5.50    6.08
 -41165.760    41.046     5.67    3.63
 -40879.540    41.426     1.33    2.25
 -40593.307    41.265    -0.56    2.04
 -40307.061    39.852    -4.93    4.68
 -40020.801    38.901    -3.32    6.66
 -39734.527    37.499    -4.90    9.02
 -39448.241    36.420    -3.77   10.56
 -39161.941    35.183    -4.32   11.60
 -38875.627    33.885    -4.53   11.47
 -38589.301    32.336    -5.41   11.02
 -38302.960    30.221    -7.39    8.68
 -38016.607    28.334    -6.59    7.75
 -37730.240    25.687    -9.24    8.27
 -37443.859    24.657    -3.60    9.94
 -37157.465    23.881    -2.71   11.51
 -36871.058    24.583     2.45   12.72
 -36584.638    26.018     5.01   12.71
 -36298.204    25.538    -1.68   12.87
 -36011.756    24.937    -2.10   13.06
 -35725.295    24.154    -2.73   12.89
 -35438.821    22.229    -6.72   13.24
 -35152.333    18.687   -12.36   13.51
 -34865.832    15.718   -10.36   12.91
 -34579.317    15.983     0.93   13.66
 -34292.789    17.671     5.89   13.97
 -34006.248    20.478     9.80   13.60
 -33719.693    19.958    -1.81   12.83
 -33433.125    17.913    -7.14   11.72
 -33146.543    16.126    -6.23   10.52
 -32859.948    15.278    -2.96    9.22
 -32573.339    15.725     1.56    7.87
 -32286.717    15.649    -0.27    6.64
 -32000.082    15.687     0.13    5.09
 -31713.433    16.763     3.75    4.92
 -31426.770    18.702     6.77    4.30
 -31140.094    20.025     4.62    3.31
 -30853.405    21.005     3.42    2.62
 -30566.702    21.366     1.26    2.51
 -30279.986    21.397     0.11    2.61
 -29993.256    20.854    -1.89    2.95
 -29706.513    20.416    -1.52    3.05
 -29419.757    19.803    -2.14    3.08
 -29132.986    19.075    -2.54    3.05
 -28846.203    18.253    -2.87    2.86
 -28559.406    18.369     0.40    3.52
 -28272.595    19.167     2.79    4.62
 -27985.771    20.396     4.28    5.64
 -27698.934    21.832     5.01    5.69
 -27412.083    23.292     5.09    5.63
 -27125.218    25.061     6.17    4.92
 -26838.340    26.561     5.23    3.87
 -26551.449    27.431     3.03    2.99
 -26264.544    27.991     1.95    2.48
 -25977.625    28.586     2.07    1.91
 -25690.693    28.740     0.54    1.86
 -25403.748    29.191     1.57    1.50
 -25116.789    29.262     0.25    1.46
 -24829.816    29.458     0.68    1.21
 -24542.830    29.446    -0.04    1.08
 -24255.831    29.374    -0.25    1.11
 -23968.818    29.401     0.10    1.12
 -23681.791    29.533     0.46    1.18
 -23394.751    29.702     0.59    1.23
 -23107.698    30.070     1.28    1.31
 -22820.631    30.446     1.31    1.30
 -22533.550    30.595     0.52    1.26
 -22246.456    30.622     0.09    1.28
 -21959.348    30.648     0.09    1.40
 -21672.227    30.687     0.14    1.52
 -21385.092    30.579    -0.38    1.57
 -21097.944    30.709     0.45    1.56
 -20810.782    31.295     2.04    2.36
 -20523.607    33.228     6.73    5.63
 -20236.418    36.382    10.98    9.24
 -19949.216    39.314    10.21   11.36
 -19662.000    42.995    12.81   13.02
 -19374.770    44.898     6.63   14.07
 -19087.527    47.579     9.34   14.65
 -18800.270    49.986     8.38   14.81
 -18513.000    52.842     9.94   14.24
 -18225.716    54.924     7.25   13.78
 -17938.419    57.502     8.97   13.00
 -17651.108    62.083    15.94    8.77
 -17363.783    66.343    14.83    6.89
 -17076.445    72.269    20.62   14.37
 -16789.094    73.130     2.99   22.47
 -16501.729    64.045   -31.61   32.94
 -16214.350    58.604   -18.94   36.27
 -15926.957    51.490   -24.75   36.87
 -15639.551    46.296   -18.07   35.66
 -15352.132    40.672   -19.57   31.42
 -15064.699    36.574   -14.26   19.81
 -14777.252    38.589     7.01   10.57
 -14489.792    41.351     9.61    3.68
 -14202.318    40.969    -1.33    2.77
 -13914.830    41.060     0.32    2.73
 -13627.329    41.059    -0.00    3.02
 -13339.815    40.605    -1.58    3.43
 -13052.286    40.002    -2.10    3.83
 -12764.744    39.040    -3.34    4.07
 -12477.189    38.102    -3.26    4.19
 -12189.620    37.582    -1.81    3.96
 -11902.037    37.456    -0.44    3.57
 -11614.441    37.908     1.57    3.30
 -11326.831    37.725    -0.63    3.39
 -11039.207    37.406    -1.11    3.34
 -10751.570    37.405    -0.00    3.14
 -10463.919    37.665     0.91    3.26
 -10176.255    38.082     1.45    3.23
  -9888.576    38.532     1.56    3.18
  -9600.885    38.981     1.56    2.70
  -9313.179    39.441     1.60    2.00
  -9025.460    39.282    -0.55    1.90
  -8737.728    39.206    -0.27    1.96
  -8449.981    39.535     1.15    2.08
  -8162.221    39.777     0.84    2.09
  -7874.448    39.869     0.32    2.04
  -7586.661    39.515    -1.23    3.76
  -7298.860    36.633   -10.02   10.41
  -7011.045    30.287   -22.05   16.93
  -6723.217    24.780   -19.13   19.33
  -6435.375    18.472   -21.91   19.82
  -6147.519    11.278   -24.99   17.85
  -5859.650     7.540   -12.98   14.93
  -5571.767     7.072    -1.63   14.00
  -5283.871    11.432    15.15   16.80
  -4995.961    16.935    19.11   18.55
  -4708.037    20.836    13.55   18.16
  -4420.862    23.864    10.54   17.67
  -4135.750    23.619    -0.86   18.16
  -3850.627    21.218    -8.42   19.36
  -3565.490    15.777   -19.08   19.30
  -3280.341    11.221   -15.98   18.19
  -2995.180     5.717   -19.30   14.24
  -2710.006     1.379   -15.21    7.52
  -2424.819    -0.305    -5.91    0.00
  -2139.620    -0.305     0.00    0.00
  -1854.408    -0.305     0.00    0.00
  -1569.184    -0.305     0.00    0.00
  -1283.947    -0.305     0.00    0.00
   -998.697    -0.305     0.00    0.00
   -713.435    -0.305     0.00    0.00
   -428.160    -0.305     0.00    0.00
   -142.873    -0.163     0.50    1.10
    142.427    -0.159     0.01    1.11
    427.740    -0.208    -0.17    0.81
    713.065    -0.260    -0.18    0.27
    998.403    -0.194     0.23    0.51
   1283.753    -0.054     0.49    0.82
   1569.117     3.127    11.15   11.05
   1854.492     9.977    24.00   19.49
   2139.880    19.535    33.49   25.63
   2425.281    31.626    42.36   28.83
   2710.695    45.240    47.70   28.86
   2996.121    58.598    46.80   24.55
   3281.560    71.187    44.11   16.21
   3567.011    78.332    25.03   15.74
   3852.475    84.225    20.64   14.94
   4137.952    88.989    16.69   13.56
   4423.441    91.416     8.50   11.91
   4708.943    92.087     2.35   11.13
   4994.458    93.191     3.87   10.87
   5279.985    93.628     1.53   11.22
   5565.525    92.573    -3.69   11.09
   5851.077    89.650   -10.24   11.19
   6136.643    87.823    -6.40   10.33
   6422.220    84.883   -10.30    9.67
   6707.811    82.322    -8.96    8.25
   6993.414    79.272   -10.68    8.07
   7279.030    75.359   -13.70    8.53
   7564.658    70.527   -16.92    9.28
   7850.299    65.649   -17.08    9.59
   8135.953    60.791   -17.01   10.50
   8421.619    56.702   -14.31   10.35
   8707.299    53.221   -12.19    9.80
   8992.990    49.672   -12.42    8.16
   9278.695    47.672    -7.00    6.75
   9564.412    44.149   -12.33    8.57
   9850.142    41.263   -10.10   10.53
  10135.884    41.165    -0.34   11.04
  10421.639    43.023     6.50   12.50
  10707.407    46.920    13.64   14.92
  10993.187    51.354    15.51   16.90
  11278.981    57.484    21.45   17.19
  11564.786    62.079    16.08   14.86
  11850.605    65.814    13.07   13.13
  12136.436    67.547     6.06   10.60
  12422.280    68.791     4.35    8.65
  12708.137    70.214     4.98    7.39
  12994.006    70.600     1.35    6.77
  13279.888    71.168     1.99    6.31
  13565.783    72.109     3.29    6.01
  13851.690    74.023     6.69    4.72
  14137.610    75.800     6.22    2.75
  14423.543    76.770     3.39    2.31
  14709.489    77.391     2.17    2.37
  14995.447    77.945     1.94    2.39
  15281.418    78.168     0.78    2.29
  15567.402    78.015    -0.54    1.81
  15853.398    77.976    -0.14    1.98
  16139.407    77.779    -0.69    2.67
  16425.429    78.359     2.03    3.88
  16711.464    78.990     2.21    4.88
  16997.511    79.991     3.50    5.43
  17283.571    81.726     6.06    5.39
  17569.644    83.598     6.54    5.32
  17855.729    85.702     7.36    3.88
  18141.828    86.687     3.44    3.32
  18427.939    86.679    -0.03    3.83
  18714.062    86.376    -1.06    4.55
  19000.199    86.732     1.24    4.66
  19286.348    87.509     2.72    4.95
  19572.510    88.407     3.14    5.43
  19858.685    89.907     5.24    6.39
  20144.872    92.135     7.79    7.00
  20431.072    95.008    10.04    7.71
  20717.285    99.413    15.39    8.96
  21003.511   105.610    21.65   13.34
  21289.750   113.937    29.09   19.34
  21576.001   124.202    35.86   24.16
  21862.265   135.003    37.73   25.72
  22148.542   146.656    40.70   24.81
  22434.831   157.072    36.38   21.46
  22721.133   166.076    31.45   18.17
  23007.449   172.821    23.56   19.51
  23293.776   175.066     7.84   19.09
  23580.117   175.499     1.51   20.14
  23866.470   174.282    -4.25   18.59
  24152.837   173.033    -4.36   17.03
  24439.216   172.110    -3.22   13.40
  24725.607   172.260     0.52   10.16
  25012.012   173.145     3.09    7.58
  25298.429   175.065     6.70    6.77
  25584.859   177.992    10.22    5.90
  25871.302   180.672     9.36    6.12
  26157.758   183.718    10.63    6.70
  26444.227   186.732    10.52    7.91
  26730.708   190.818    14.26    9.26
  27017.202   195.132    15.06   10.68
  27303.709   200.809    19.82   11.00
  27590.229   205.246    15.49   10.93
  27876.761   210.895    19.71    9.02
  28163.307   215.665    16.65    7.89
  28449.865   219.988    15.09    7.49
  28736.436   224.172    14.60    7.48
  29023.019   228.364    14.63    8.60
  29309.616   232.397    14.07    9.76
  29596.226   237.508    17.83   10.40
  29882.848   242.395    17.05   10.40
  30169.483   248.191    20.22   10.71
  30456.131   253.244    17.63   10.60
  30742.792   258.770    19.28   10.70
  31029.465   262.787    14.01   10.03
  31316.151   267.687    17.09   10.36
  31602.851   271.046    11.72   10.49
  31889.563   275.554    15.72   12.23
  32176.288   280.290    16.52   13.83
  32463.026   287.579    25.42   18.00
  32749.776   296.133    29.83   21.82
  33036.540   305.614    33.06   25.03
  33323.316   317.336    40.87   27.58
  33610.105   330.501    45.90   33.26
  33896.907   346.066    54.27   36.64
  34183.722   357.172    38.72   35.01
  34470.550   366.626    32.96   30.69
  34757.390   374.614    27.85   27.10
  35044.244   380.987    22.22   24.37
  35331.110   385.388    15.34   22.67
  35617.989   386.149     2.65   22.74
  35904.881   391.996    20.38   26.08
  36191.786   400.323    29.02   26.67
  36478.704   408.628    28.94   26.99
  36765.635   419.818    39.00   26.86
  37052.578   430.010    35.52   29.94
  37339.535   446.502    57.47   34.26
  37626.504   464.532    62.83   41.62
  37913.486   487.649    80.55   49.01
  38200.481   512.025    84.94   59.26
  38487.489   544.958   114.74   71.79
  38774.510   587.754   149.11   95.94
  39061.544   641.093   185.83  125.25
  39348.591   707.883   232.68  161.14
  39635.650   781.989   258.16  180.93
  39922.723   842.134   209.52  169.06
  40209.808   890.286   167.73  142.11
  40496.906   914.710    85.07  112.92
  40784.017   903.398   -39.40  101.73
  41071.141   877.502   -90.19  108.49
  41358.278   819.544  -201.85  126.70
  41645.428   759.748  -208.24  133.79
  41932.591   688.680  -247.49  130.15
  42219.767   634.870  -187.38  123.40
  42506.955   578.103  -197.67  110.46
  42794.157   525.818  -182.05   75.14
  43081.371   492.519  -115.94   41.64
  43368.599   475.038   -60.86   27.02
  43655.839   469.458   -19.43   28.96
  43943.093   465.914   -12.34   33.13
  44230.359   465.421    -1.72   39.48
  44517.638   459.990   -18.90   40.53
  44804.930   456.478   -12.22   40.44
  45092.235   452.901   -12.45   41.02
  45379.553   452.767    -0.47   40.23
  45666.884   447.072   -19.82   38.15
  45954.228   442.578   -15.64   39.12
  46241.584   434.565   -27.89   35.72
  46528.954   430.290   -14.88   36.65
  46816.337   427.910    -8.28   35.67
  47103.732   424.762   -10.95   33.88
  47391.141   418.733   -20.98   30.37
  47678.563   414.124   -16.04   29.75
  47965.997   407.641   -22.56   29.74
  48253.445   401.650   -20.84   31.81
  48540.905   395.066   -22.91   32.00
  48828.379   394.428    -2.22   34.27
  49115.865   391.107   -11.55   33.59
  49403.364   388.665    -8.50   35.45
  49690.877   383.043   -19.55   35.95
  49978.402   375.839   -25.06   37.93
  50265.940   364.546   -39.27   39.42
  50553.491   350.569   -48.61   39.46
  50841.056   331.535   -66.19   36.36
  51128.633   314.573   -58.98   32.78
  51416.223   299.732   -51.61   25.45
  51703.826   293.499   -21.67   19.78
  51991.443   298.628    17.83   33.33
  52279.072   316.490    62.10   54.58
  52566.714   346.364   103.86   72.26
  52854.369   377.809   109.32   79.75
  53142.037   414.909   128.97   73.39
  53429.718   441.695    93.11   60.61
  53717.413   465.740    83.58   47.66
  54005.120   475.610    34.31   39.04
  54292.840   480.025    15.35   36.92
  54580.573   474.748   -18.34   39.45
  54868.320   461.775   -45.09   47.56
  55156.079   444.272   -60.83   57.84
  55443.851   420.246   -83.49   62.23
  55731.636   396.498   -82.52   55.10
  56019.435   381.450   -52.29   43.21
  56307.246   376.005   -18.92   33.69
  56595.070   380.702    16.32   39.06
  56882.908   390.899    35.43   41.76
  57170.758   406.337    53.63   45.60
  57457.739   418.824    43.51   50.89
  57742.920   427.738    31.26   53.70
  58028.113   437.992    35.96   59.08
  58313.317   448.317    36.20   62.72
  58598.534   453.985    19.87   60.88
  58883.763   467.369    46.93   63.31
  59169.003   479.636    43.01   67.45
  59454.256   493.542    48.75   69.55
  59739.520   512.346    65.92   80.01
  60024.797   540.464    98.56   83.16
  60310.085   557.568    59.95   76.92
  60595.386   570.611    45.72   74.97
  60880.698   579.908    32.58   77.74
  61166.022   588.399    29.76   72.50
  61451.359   594.093    19.96   73.08
  61736.707   594.361     0.94   72.59
  62022.068   605.546    39.20   76.82
  62307.440   619.381    48.48   80.95
  62592.824   626.232    24.01   85.55
  62878.221   625.819    -1.45   87.82
  63163.629   624.573    -4.36   84.56
  63449.049   620.227   -15.23   78.79
  63734.482   611.840   -29.39   70.03
  64019.926   595.620   -56.82   54.26
  64305.382   585.702   -34.74   41.47
  64590.851   578.518   -25.17   38.47
  64876.331   571.717   -23.82   46.33
  65161.823   558.144   -47.54   52.61
  65447.328   543.445   -51.49   55.27
  65732.844   524.135   -67.63   54.46
  66018.372   512.450   -40.92   46.88
  66303.913   502.392   -35.23   34.16
  66589.465   503.150     2.66   28.49
  66875.030   507.785    16.23   29.05
  67160.606   517.239    33.10   29.18
  67446.195   525.134    27.65   28.12
  67731.795   533.021    27.61   34.15
  68017.408   534.073     3.69   41.85
  68303.032   529.946   -14.45   54.41
  68588.669   520.084   -34.53   61.96
  68874.318   504.282   -55.32   70.07
  69159.978   481.809   -78.67   69.09
  69445.651   463.553   -63.91   63.98
  69731.336   450.452   -45.86   57.94
  70017.033   434.104   -57.22   54.41
  70302.741   416.731   -60.81   60.47
  70588.462   391.445   -88.50   70.01
  70874.195   367.812   -82.71   75.91
  71159.940   340.073   -97.08   78.43
  71445.697   310.274  -104.29   66.61
  71731.466   287.619   -79.28   48.26
  72017.248   267.622   -69.98   25.31
  72303.041   258.073   -33.41   13.85
  72588.846   252.789   -18.49   11.61
  72874.663   248.977   -13.34   10.11
  73160.493   245.183   -13.27    7.63
  73446.334   243.103    -7.28    4.90
  73732.188   242.119    -3.44    2.74
  74018.053   243.957     6.43    4.99
  74303.931   248.020    14.21    9.99
  74589.821   253.986    20.87   15.07
  74875.723   263.028    31.63   22.46
  75161.636   276.075    45.63   30.89
  75447.562   297.131    73.64   46.59
  75733.500   332.057   122.15   68.39
  76019.451   374.748   149.30   90.15
  76305.413   433.768   206.40  111.83
  76591.387   497.889   224.22  128.10
  76877.374   562.467   225.82  125.84
  77163.372   614.477   181.86  104.75
  77449.383   638.176    82.86   77.89
  77735.405   643.695    19.30   67.70
  78021.440   644.933     4.33   73.98
  78307.487   633.307   -40.65   89.35
  78593.546   625.366   -27.76   96.79
  78879.617   606.527   -65.86  100.15
  79165.700   586.267   -70.82   91.16
  79451.795   571.745   -50.76   89.20
  79737.903   549.028   -79.40   70.24
  80024.022   528.161   -72.93   59.22
  80310.154   506.907   -74.28   52.45
  80596.297   488.058   -65.87   46.09
  80882.453   474.298   -48.09   44.29
  81168.621   471.263   -10.61   44.56
  81454.801   476.507    18.32   51.54
  81740.993   484.987    29.63   59.54
  82027.198   498.746    48.07   65.76
  82313.414   502.695    13.80   63.95
  82599.643   520.559    62.41   68.12
  82885.883   528.359    27.25   67.24
  83172.136   542.213    48.40   69.33
  83458.401   557.043    51.81   61.38
  83744.678   569.657    44.06   55.13
  84030.967   588.626    66.26   51.00
  84317.269   602.411    48.15   49.83
  84603.582   619.896    61.07   53.17
  84889.908   640.918    73.42   56.42
  85176.246   660.487    68.35   55.94
  85462.595   680.142    68.64   57.79
  85748.958   698.769    65.05   55.18
  86035.332   706.134    25.72   50.60
  86321.718   705.647    -1.70   53.07
  86608.117   706.735     3.80   49.13
