-129100.843   135.464     0.00    4.64
-128815.094   136.853     4.86    4.81
-128529.333   138.272     4.97    5.08
-128243.559   139.924     5.78    4.96
-127957.774   141.194     4.44    4.49
-127671.976   142.689     5.23    3.79
-127386.166   143.815     3.94    3.07
-127100.344   144.847     3.61    3.19
-126814.511   146.148     4.55    3.75
-126528.665   147.832     5.89    4.33
-126242.807   149.618     6.25    4.35
-125956.936   151.246     5.70    3.93
-125671.054   152.870     5.68    3.32
-125385.160   154.066     4.18    2.50
-125099.254   154.689     2.18    2.11
-124813.335   155.029     1.19    2.20
-124527.405   155.826     2.79    2.30
-124241.462   156.615     2.76    2.63
-123955.507   157.182     1.98    2.86
-123669.540   157.162    -0.07    3.23
-123383.561   156.722    -1.54    3.54
-123097.570   155.745    -3.42    4.96
-122811.567   154.571    -4.10    5.72
-122525.552   153.669    -3.15    5.83
-122239.525   152.925    -2.60    5.11
-121953.485   152.740    -0.65    4.36
-121667.434   153.906     4.07    4.25
-121381.370   154.773     3.03    3.91
-121095.294   154.533    -0.84    4.89
-120809.206   153.697    -2.92    5.88
-120523.106   152.659    -3.63    6.82
-120236.994   150.931    -6.04    7.63
-119950.870   150.007    -3.23    7.89
-119664.733   149.591    -1.46    7.81
-119378.585   150.217     2.19    8.01
-119092.424   151.015     2.79    8.09
-118806.251   152.485     5.14    7.80
-118520.066   154.324     6.42    7.34
-118233.869   156.750     8.48    5.98
-117947.660   158.263     5.29    4.75
-117661.439   158.129    -0.47    5.67
-117375.205   155.522    -9.11    8.53
-117088.960   153.189    -8.15   10.10
-116802.702   151.313    -6.55   11.01
-116516.432   151.113    -0.70   11.66
-116230.150   151.796     2.39   12.14
-115943.856   153.424     5.69   12.20
-115657.549   156.248     9.86   11.02
-115371.231   158.541     8.01    8.78
-115084.900   160.106     5.46    5.49
-114798.557   160.606     1.75    3.71
-114512.202   160.356    -0.87    3.44
-114225.835   161.044     2.40    5.11
-113939.456   161.969     3.23    7.33
-113653.064   164.956    10.43   10.91
-113366.660   166.485     5.34   11.81
-113080.245   167.803     4.60   11.96
-112793.817   168.435     2.21   12.05
-112507.376   169.109     2.35   11.37
-112220.924   170.598     5.20   10.08
-111934.460   170.919     1.12    7.93
-111647.983   170.992     0.26    5.40
-111361.494   169.522    -5.13    6.15
-111074.993   168.481    -3.63    6.21
-110788.480   167.430    -3.67    6.36
-110501.954   165.947    -5.17    6.85
-110215.417   165.076    -3.04    7.03
-109928.867   162.029   -10.63    8.44
-109642.305   158.129   -13.61    9.99
-109355.730   154.275   -13.45   12.12
-109069.144   150.402   -13.52   12.67
-108782.545   146.735   -12.79   11.89
-108495.935   144.389    -8.18    9.17
-108209.312   143.530    -3.00    7.70
-107922.676   144.205     2.35    6.96
-107636.029   143.919    -1.00    7.18
-107349.369   143.752    -0.58    7.67
-107062.697   143.721    -0.11    7.18
-106776.013   143.612    -0.38    6.95
-106489.317   142.805    -2.82    6.33
-106202.609   142.000    -2.81    5.91
-105915.888   140.865    -3.96    6.27
-105629.155   140.891     0.09    6.51
-105342.410   140.742    -0.52    6.58
-105055.652   139.733    -3.52    6.68
-104768.883   138.795    -3.27    6.42
-104482.101   137.774    -3.56    6.25
-104195.307   137.455    -1.11    6.46
-103908.501   137.496     0.15    6.54
-103621.682   137.220    -0.96    6.02
-103334.851   136.433    -2.74    6.03
-103048.008   135.387    -3.65    5.81
-102761.153   134.492    -3.12    5.38
-102474.286   133.556    -3.27    5.08
-102187.406   132.700    -2.98    5.01
-101900.514   130.791    -6.65    4.74
-101613.610   128.295    -8.70    5.36
-101326.693   126.167    -7.42    6.11
-101039.764   124.871    -4.51    5.90
-100752.823   124.826    -0.16    5.77
-100465.870   124.833     0.03    5.86
-100178.905   126.304     5.12    6.76
 -99891.927   128.146     6.42    7.38
 -99604.937   129.970     6.36    6.87
 -99317.935   131.714     6.08    5.85
 -99030.920   133.022     4.56    5.00
 -98743.893   133.904     3.07    4.92
 -98456.854   134.639     2.56    4.66
 -98169.803   135.562     3.22    5.26
 -97882.739   135.667     0.36    6.94
 -97595.663   134.818    -2.96    9.10
 -97308.575   134.773    -0.16    9.57
 -97021.475   135.126     1.23    9.56
 -96734.362   134.576    -1.92    9.55
 -96447.237   133.706    -3.03    9.21
 -96160.099   132.759    -3.30    9.00
 -95872.950   133.065     1.06    7.65
 -95585.788   134.420     4.72    4.96
 -95298.614   134.299    -0.42    4.22
 -95011.427   133.876    -1.47    3.83
 -94724.228   133.280    -2.07    3.87
 -94437.017   132.868    -1.44    3.44
 -94149.794   132.641    -0.79    3.08
 -93862.558   132.376    -0.92    2.95
 -93575.310   132.424     0.17    3.05
 -93288.050   131.599    -2.87    3.05
 -93000.777   130.462    -3.96    4.52
 -92713.493   128.986    -5.14    6.55
 -92426.195   127.331    -5.76    7.66
 -92138.886   125.336    -6.94    7.88
 -91851.564   122.938    -8.34    7.55
 -91564.230   121.778    -4.04    6.72
 -91276.883   122.353     2.00    6.80
 -90989.524   124.423     7.20    6.38
 -90702.153   126.323     6.61    6.00
 -90414.770   128.338     7.01    6.39
 -90127.374   131.394    10.63    6.84
 -89839.966   134.030     9.17    6.45
 -89552.546   135.993     6.83    5.44
 -89265.113   136.735     2.58    4.85
 -88977.668   136.326    -1.42    4.84
 -88690.210   135.750    -2.00    4.99
 -88402.740   134.584    -4.06    5.62
 -88115.258   133.795    -2.74    5.45
 -87827.764   133.275    -1.81    5.09
 -87540.257   133.575     1.04    4.88
 -87252.738   134.222     2.25    5.25
 -86965.206   134.856     2.20    4.83
 -86677.662   134.284    -1.99    5.02
 -86390.106   134.209    -0.26    4.86
 -86102.538   134.359     0.52    4.43
 -85814.957   134.556     0.68    4.50
 -85527.363   134.150    -1.41    4.76
 -85239.758   133.355    -2.77    5.20
 -84952.140   132.695    -2.30    5.37
 -84664.509   132.482    -0.74    5.01
 -84376.867   132.301    -0.63    4.79
 -84089.211   131.739    -1.95    4.56
 -83801.544   131.538    -0.70    4.11
 -83513.864   131.464    -0.26    3.38
 -83226.172   131.364    -0.35    3.43
 -82938.467   131.460     0.33    3.55
 -82650.750   131.172    -1.00    3.44
 -82363.021   130.552    -2.15    3.39
 -82075.279   130.201    -1.22    3.85
 -81787.525   130.212     0.04    4.10
 -81499.758   129.356    -2.98    4.52
 -81211.979   129.277    -0.27    5.05
 -80924.188   129.095    -0.63    5.56
 -80637.018   128.707    -1.35    5.58
 -80351.773   127.971    -2.58    6.30
 -80066.517   127.910    -0.22    7.08
 -79781.250   127.529    -1.33    7.37
 -79495.971   126.859    -2.35    7.25
 -79210.681   125.353    -5.28    6.64
 -78925.380   123.869    -5.20    5.80
 -78640.067   122.955    -3.20    5.02
 -78354.743   123.156     0.70    3.94
 -78069.408   123.258     0.36    3.46
 -77784.061   123.587     1.15    3.41
 -77498.703   123.583    -0.01    3.28
 -77213.334   123.625     0.15    3.77
 -76927.953   123.412    -0.75    4.24
 -76642.561   122.780    -2.21    4.82
 -76357.157   122.072    -2.48    4.96
 -76071.742   122.203     0.46    5.32
 -75786.316   122.422     0.77    5.72
 -75500.878   123.183     2.67    5.63
 -75215.429   123.681     1.75    5.06
 -74929.969   124.306     2.19    4.32
 -74644.497   124.977     2.35    3.57
 -74359.014   125.615     2.23    3.09
 -74073.519   125.328    -1.00    2.81
 -73788.013   124.929    -1.40    2.99
 -73502.496   124.634    -1.03    3.42
 -73216.967   124.073    -1.97    3.80
 -72931.427   123.969    -0.36    3.83
 -72645.876   124.286     1.11    3.81
 -72360.313   124.463     0.62    3.44
 -72074.739   124.550     0.30    3.12
 -71789.153   124.761     0.74    2.89
 -71503.556   125.098     1.18    2.95
 -71217.948   125.725     2.19    3.41
 -70932.328   125.813     0.31    3.87
 -70646.697   125.153    -2.31    5.48
 -70361.054   122.563    -9.07   10.00
 -70075.400   119.167   -11.89   12.91
 -69789.734   116.650    -8.81   13.95
 -69504.057   113.765   -10.10   14.47
 -69218.369   112.585    -4.13   14.10
 -68932.669   111.583    -3.51   13.60
 -68646.958   112.072     1.71   12.96
 -68361.236   110.280    -6.27   13.44
 -68075.502   107.846    -8.52   14.95
 -67789.757   105.529    -8.11   16.40
 -67504.000   104.636    -3.13   16.86
 -67218.232   103.058    -5.52   17.52
 -66932.452   103.649     2.07   18.39
 -66646.661   106.230     9.03   19.59
 -66360.858   112.773    22.89   18.99
 -66075.044   117.942    18.08   14.28
 -65789.219   119.336     4.88   14.90
 -65503.382   116.637    -9.44   20.11
 -65217.534   110.883   -20.13   24.84
 -64931.674   104.744   -21.47   26.93
 -64645.803    97.252   -26.21   26.91
 -64359.921    89.383   -27.52   24.81
 -64074.027    83.507   -20.55   21.88
 -63788.121    76.679   -23.88   15.83
 -63502.205    75.265    -4.95   13.61
 -63216.276    74.341    -3.23   11.50
 -62930.337    75.076     2.57   11.84
 -62644.385    78.394    11.60   14.02
 -62358.423    80.137     6.10   14.93
 -62072.449    81.619     5.18   14.85
 -61786.463    83.440     6.37   14.83
 -61500.466    84.756     4.60   14.65
 -61214.458    85.207     1.58   14.36
 -60928.438    85.082    -0.44   13.97
 -60642.406    85.393     1.09   13.35
 -60356.363    86.492     3.84   13.08
 -60070.309    88.022     5.35   12.79
 -59784.243    88.985     3.37   11.69
 -59498.166    88.261    -2.53   11.53
 -59212.077    88.947     2.40   10.73
 -58925.977    87.741    -4.22   10.49
 -58639.865    87.022    -2.51    9.38
 -58353.742    85.970    -3.68    7.64
 -58067.608    85.309    -2.31    6.50
 -57781.461    86.008     2.44    5.09
 -57495.304    86.743     2.57    3.84
 -57209.135    86.647    -0.34    4.35
 -56922.954    86.254    -1.37    4.98
 -56636.762    85.286    -3.38    5.49
 -56350.559    84.231    -3.68    5.49
 -56064.344    83.410    -2.87    5.53
 -55778.117    83.083    -1.14    5.32
 -55491.879    82.328    -2.63    4.49
 -55205.629    81.432    -3.13    4.22
 -54919.368    80.833    -2.09    4.16
 -54633.096    80.612    -0.77    4.11
 -54346.812    79.435    -4.11    4.53
 -54060.516    78.022    -4.93    4.13
 -53774.209    76.541    -5.17    3.93
 -53487.891    74.664    -6.56    4.73
 -53201.561    73.090    -5.50    5.12
 -52915.219    71.287    -6.30    4.98
 -52628.866    69.568    -6.00    4.03
 -52342.502    68.146    -4.97    3.10
 -52056.126    66.902    -4.34    2.63
 -51769.738    66.341    -1.96    2.67
 -51483.339    66.324    -0.06    3.48
 -51196.928    66.880     1.94    4.49
 -50910.506    67.616     2.57    4.84
 -50624.072    68.571     3.34    4.94
 -50337.627    70.074     5.24    5.31
 -50051.170    71.856     6.22    6.04
 -49764.702    74.529     9.33    7.64
 -49478.222    78.015    12.17    9.83
 -49191.731    81.897    13.55   11.90
 -48905.228    86.964    17.68   12.68
 -48618.714    92.568    19.56   11.98
 -48332.188    96.558    13.92   10.56
 -48045.650   100.507    13.78    8.47
 -47759.101   102.927     8.44    6.84
 -47472.541   104.977     7.16    5.15
 -47185.969   106.176     4.18    4.97
 -46899.385   107.769     5.56    5.51
 -46612.790   110.105     8.15    7.49
 -46326.183   113.057    10.30    8.66
 -46039.565   116.579    12.29    8.74
 -45752.935   119.423     9.92    8.09
 -45466.294   122.583    11.02    6.72
 -45179.641   124.715     7.44    5.66
 -44892.976   125.881     4.06    4.75
 -44606.300   124.856    -3.57    5.02
 -44319.612   123.634    -4.26    4.63
 -44032.913   122.119    -5.29    5.29
 -43746.202   119.833    -7.97    6.70
 -43459.480   116.746   -10.77    7.76
 -43172.746   114.022    -9.50    7.07
 -42886.001   111.417    -9.09    6.08
 -42599.244   110.272    -3.99    5.30
 -42312.475   109.947    -1.13    5.14
 -42025.695   110.328     1.33    5.42
 -41738.903   111.426     3.83    5.29
 -41452.100   112.326     3.14    4.47
 -41165.285   111.341    -3.44    5.97
 -40878.458   109.306    -7.09    8.51
 -40591.620   106.088   -11.22   10.44
 -40304.770   103.462    -9.15   10.32
 -40017.909   101.818    -5.73    9.00
 -39731.036   100.919    -3.13    8.29
 -39444.152   100.059    -3.00    7.73
 -39157.256    99.584    -1.66    7.28
 -38870.348   100.061     1.66    6.40
 -38583.429   100.266     0.72    4.86
 -38296.498    99.157    -3.87    4.24
 -38009.555    98.213    -3.29    4.32
 -37722.601    97.459    -2.63    3.76
 -37435.636    97.292    -0.58    3.15
 -37148.658    96.955    -1.17    2.84
 -36861.669    96.647    -1.08    3.23
 -36574.669    96.540    -0.37    3.66
 -36287.657    95.090    -5.05    4.90
 -36000.633    93.890    -4.18    5.45
 -35713.598    92.833    -3.68    5.23
 -35426.551    92.299    -1.86    4.73
 -35139.492    92.215    -0.29    4.75
 -34852.422    92.250     0.12    5.17
 -34565.340    92.585     1.17    5.13
 -34278.247    93.193     2.12    4.69
 -33991.142    93.862     2.33    4.32
 -33704.025    94.105     0.85    3.83
 -33416.897    94.691     2.04    3.49
 -33129.757    95.530     2.92    3.20
 -32842.605    96.130     2.09    2.85
 -32555.442    96.037    -0.32    3.05
 -32268.267    95.265    -2.69    3.76
 -31981.080    94.647    -2.15    4.65
 -31693.882    94.311    -1.17    4.89
 -31406.673    94.188    -0.43    5.08
 -31119.451    93.226    -3.35    4.87
 -30832.218    91.897    -4.63    4.74
 -30544.973    90.888    -3.51    4.37
 -30257.717    90.712    -0.61    4.31
 -29970.449    91.194     1.68    4.17
 -29683.169    90.963    -0.81    4.26
 -29395.878    90.204    -2.64    4.44
 -29108.575    89.485    -2.50    4.08
 -28821.260    88.540    -3.29    3.88
 -28533.934    87.235    -4.54    4.67
 -28246.596    85.094    -7.45    7.11
 -27959.246    83.806    -4.48    7.98
 -27671.885    81.935    -6.51    8.36
 -27384.512    80.081    -6.45    8.33
 -27097.127    78.582    -5.22    7.45
 -26809.731    76.439    -7.46    7.00
 -26522.323    74.167    -7.91    6.80
 -26234.904    71.500    -9.28    6.67
 -25947.472    68.421   -10.71    7.80
 -25660.029    64.486   -13.69    8.38
 -25372.574    59.993   -15.63    7.85
 -25085.108    56.104   -13.53    7.34
 -24797.630    52.536   -12.41    8.27
 -24510.140    49.593   -10.24    9.45
 -24222.639    46.241   -11.66   10.38
 -23935.126    44.265    -6.87   10.42
 -23647.601    42.140    -7.39    9.80
 -23360.064    39.455    -9.34    9.03
 -23072.516    36.396   -10.64    8.22
 -22784.956    33.752    -9.19    6.11
 -22497.385    32.478    -4.43    4.44
 -22209.801    31.610    -3.02    4.43
 -21922.207    30.909    -2.44    4.41
 -21634.600    30.147    -2.65    4.12
 -21346.981    29.060    -3.78    3.59
 -21059.351    28.879    -0.63    3.41
 -20771.709    28.843    -0.12    3.49
 -20484.056    29.876     3.59    4.29
 -20196.391    31.311     4.99    5.09
 -19908.714    32.993     5.85    5.33
 -19621.025    34.809     6.31    4.55
 -19333.325    35.992     4.11    3.64
 -19045.613    35.696    -1.03    4.31
 -18758.658    35.273    -1.47    4.64
 -18473.342    35.123    -0.52    4.73
 -18188.015    35.250     0.44    4.81
 -17902.677    35.463     0.75    5.85
 -17617.329    35.153    -1.08    9.55
 -17331.969    35.727     2.01   10.90
 -17046.600    34.883    -2.96   13.22
 -16761.219    34.478    -1.42   13.88
 -16475.828    33.965    -1.80   13.94
 -16190.426    32.859    -3.87   13.87
 -15905.013    30.301    -8.96   14.47
 -15619.589    24.725   -19.54   16.82
 -15334.155    19.925   -16.81   16.86
 -15048.710    20.138     0.74   15.93
 -14763.254    21.647     5.29   16.43
 -14477.788    24.319     9.36   17.32
 -14192.311    28.689    15.31   16.77
 -13906.823    31.291     9.11   14.79
 -13621.324    31.216    -0.26   13.94
 -13335.815    26.933   -15.00   16.69
 -13050.295    21.672   -18.43   16.81
 -12764.764    17.979   -12.93   15.17
 -12479.223    15.575    -8.42   13.28
 -12193.671    16.522     3.32   13.76
 -11908.108    20.707    14.65   14.80
 -11622.534    25.943    18.34   13.43
 -11336.949    31.096    18.05   10.31
 -11051.354    34.519    11.98    7.48
 -10765.748    35.826     4.58    9.92
 -10480.131    36.556     2.55   11.70
 -10194.504    36.693     0.48   13.13
  -9908.866    37.568     3.06   12.10
  -9623.217    35.793    -6.22   14.05
  -9337.557    33.896    -6.64   15.96
  -9051.887    32.424    -5.15   17.22
  -8766.205    27.597   -16.90   19.94
  -8480.513    23.657   -13.79   20.89
  -8194.811    17.650   -21.03   20.97
  -7909.097    12.870   -16.73   19.84
  -7623.373     8.754   -14.40   17.36
  -7337.638     3.657   -17.84   11.28
  -7051.892     0.765   -10.12    4.55
  -6766.135     0.000    -2.68    0.00
  -6480.368     0.000     0.00    0.00
  -6194.590     0.059     0.21    0.69
  -5908.801     0.855     2.78    4.04
  -5623.001     1.993     3.98    6.42
  -5337.191     3.381     4.86    8.61
  -5051.370     3.462     0.28    8.80
  -4765.538     2.625    -2.93    7.81
  -4479.695     2.141    -1.69    6.74
  -4193.841     1.689    -1.58    5.69
  -3907.977     1.065    -2.18    4.41
  -3622.102     0.919    -0.51    4.04
  -3336.216     0.892    -0.09    3.98
  -3050.319     0.111    -2.73    0.75
  -2764.412     0.000    -0.39    0.00
  -2478.493     0.000     0.00    0.00
  -2192.564     0.000     0.00    0.00
  -1906.625     0.000     0.00    0.00
  -1620.674     0.000     0.00    0.00
  -1334.712     0.000     0.00    0.00
  -1048.740     0.000     0.00    0.00
   -762.757     0.000     0.00    0.00
   -476.763     0.000     0.00    0.00
   -190.759     0.000     0.00    0.00
     95.257     0.000     0.00    0.00
    381.283     0.000     0.00    0.00
    667.320     0.000     0.00    0.00
    953.368     0.000     0.00    0.00
   1239.427     0.000     0.00    0.00
   1525.496     0.000     0.00    0.00
   1811.577     0.000     0.00    0.00
   2097.668     0.763     2.67    4.40
   2383.770     3.781    10.55    9.49
   2669.883     8.485    16.44   13.01
   2956.006    13.404    17.19   14.26
   3242.141    16.209     9.80   13.92
   3528.286    16.965     2.64   13.57
   3814.442    16.156    -2.83   13.70
   4100.609    13.075   -10.77   13.94
   4386.787     7.921   -18.01   12.44
   4672.975     3.515   -15.40    8.79
   4959.175     0.388   -10.92    2.74
   5245.385     0.000    -1.36    0.00
   5531.606     1.921     6.71    7.05
   5817.838     5.831    13.66   12.04
   6104.080    10.567    16.55   14.70
   6390.334    16.236    19.80   15.34
   6676.598    21.978    20.06   13.94
   6962.874    26.912    17.24   10.31
   7249.160    30.838    13.71    2.77
   7535.457    30.939     0.35    2.47
   7821.764    30.307    -2.21    2.82
   8108.083    30.231    -0.26    2.98
   8394.413    30.239     0.03    2.96
   8680.753    30.687     1.56    2.96
   8967.104    31.156     1.64    2.82
   9253.466    31.229     0.25    2.66
   9539.839    31.120    -0.38    2.69
   9826.223    30.949    -0.60    2.57
  10112.617    30.687    -0.92    2.53
  10399.023    30.514    -0.60    2.42
  10685.439    30.441    -0.26    2.25
  10971.867    30.548     0.37    2.15
  11258.305    30.891     1.20    2.10
  11544.754    31.306     1.45    1.87
  11831.213    31.540     0.82    1.62
  12117.684    31.731     0.67    1.46
  12404.166    31.942     0.73    1.45
  12690.658    32.467     1.83    1.82
  12977.161    33.052     2.04    2.50
  13263.675    33.396     1.20    2.83
  13550.201    34.331     3.26    3.17
  13836.736    35.263     3.25    3.27
  14123.283    36.191     3.24    2.79
  14409.841    36.765     2.00    2.40
  14696.410    36.471    -1.03    2.45
  14982.989    36.074    -1.39    2.36
  15269.579    35.647    -1.49    2.16
  15556.181    35.331    -1.10    1.74
  15842.793    35.324    -0.03    1.42
  16129.416    35.587     0.92    1.34
  16416.050    35.699     0.39    1.47
  16702.695    35.551    -0.52    1.99
  16989.350    35.770     0.77    2.67
  17276.017    37.543     6.18    5.95
  17562.694    40.372     9.87   10.17
  17849.383    44.609    14.78   13.93
  18136.082    49.314    16.41   16.49
  18422.792    55.417    21.28   17.60
  18709.514    62.486    24.65   16.50
  18996.246    68.089    19.54   14.85
  19282.989    73.593    19.19   11.52
  19569.742    77.186    12.53    8.16
  19856.507    79.904     9.48    5.18
  20143.283    81.393     5.19    3.77
  20430.070    83.174     6.21    3.07
  20716.867    84.331     4.03    3.52
  21003.675    85.793     5.10    4.47
  21290.495    87.880     7.28    5.98
  21577.325    90.676     9.75    7.01
  21864.166    93.533     9.96    7.16
  22151.019    95.457     6.70    7.37
  22437.882    98.575    10.87    8.77
  22724.756   102.824    14.81   11.10
  23011.641   105.735    10.15   12.22
  23298.536   109.410    12.81   13.20
  23585.443   112.957    12.36   12.62
  23872.361   116.304    11.66   10.86
  24159.290   118.331     7.07    9.66
  24446.229   118.336     0.02   10.84
  24733.180   117.652    -2.38   11.25
  25020.141   119.479     6.37   12.90
  25307.114   122.634    11.00   13.14
  25594.097   124.036     4.88   13.17
  25881.091   126.694     9.26   13.01
  26168.097   129.132     8.50   13.21
  26455.113   132.443    11.53   13.52
  26742.140   136.761    15.05   13.83
  27029.178   139.000     7.80   14.33
  27316.227   142.396    11.83   14.98
  27603.287   147.807    18.85   17.21
  27890.358   156.493    30.26   25.69
  28177.440   170.748    49.66   36.89
  28464.533   186.862    56.13   46.25
  28751.637   207.448    71.70   56.55
  29038.752   230.417    80.00   61.74
  29325.878   254.556    84.07   62.29
  29613.014   275.906    74.36   56.57
  29900.162   296.153    70.51   52.69
  30187.321   315.426    67.12   52.88
  30474.490   338.022    78.68   51.99
  30761.671   350.977    45.11   46.29
  31048.863   356.387    18.84   42.61
  31336.065   350.949   -18.94   43.16
  31623.279   341.684   -32.26   47.44
  31910.503   321.597   -69.94   57.62
  32197.739   292.948   -99.74   67.08
  32484.986   263.288  -103.26   66.51
  32772.243   227.632  -124.13   59.51
  33059.512   197.868  -103.61   47.93
  33346.791   172.250   -89.17   36.15
  33634.081   154.917   -60.33   28.30
  33921.383   142.736   -42.40   22.07
  34208.695   134.030   -30.30   17.64
  34496.019   126.226   -27.16   14.59
  34783.353   116.746   -32.99   15.72
  35070.699   108.881   -27.37   17.72
  35358.055   103.579   -18.45   17.75
  35645.423    99.634   -13.73   16.49
  35932.801   100.630     3.47   18.58
  36220.191   111.089    36.39   30.89
  36507.591   126.912    55.06   42.03
  36795.002   146.371    67.71   46.16
  37082.425   162.627    56.56   41.45
  37369.858   171.928    32.36   34.08
  37657.303   169.060    -9.98   36.07
  37944.758   158.245   -37.62   42.33
  38232.225   142.341   -55.32   42.34
  38519.702   126.874   -53.80   34.83
  38807.191   115.293   -40.28   23.10
  39094.691   108.023   -25.29   11.79
  39382.201   108.601     2.01    9.31
  39669.723   112.000    11.82    8.66
  39957.255   115.136    10.91    8.98
  40244.799   119.186    14.08    9.07
  40532.354   123.407    14.68   10.36
  40819.920   127.863    15.50   11.35
  41107.496   134.090    21.65   11.86
  41395.084   141.236    24.85   13.35
  41682.683   148.836    26.43   14.31
  41970.293   156.259    25.81   16.24
  42257.914   163.915    26.62   16.82
  42545.546   171.007    24.66   15.26
  42833.189   176.565    19.32   12.70
  43119.944   182.082    19.24    9.99
  43405.329   186.000    13.73    8.02
  43690.723   188.255     7.90    8.18
  43976.128   189.433     4.13    9.48
  44261.543   191.964     8.87   10.91
  44546.967   196.662    16.46   13.00
  44832.402   201.588    17.26   16.39
  45117.847   207.489    20.67   18.73
  45403.302   214.803    25.62   19.55
  45688.767   223.424    30.20   19.45
  45974.242   233.015    33.59   18.26
  46259.728   241.306    29.04   17.21
  46545.223   250.768    33.14   16.56
  46830.728   259.052    29.02   17.62
  47116.244   267.640    30.08   19.34
  47401.769   277.115    33.19   22.50
  47687.305   287.602    36.73   26.86
  47972.850   304.754    60.07   41.70
  48258.406   327.015    77.96   63.32
  48543.972   356.507   103.28   86.83
  48829.547   385.115   100.18   93.50
  49115.133   407.533    78.50   87.77
  49400.729   428.171    72.27   83.13
  49686.335   448.636    71.66   69.89
  49971.952   468.449    69.37   59.03
  50257.578   481.745    46.55   50.39
  50543.214   492.575    37.92   55.31
  50828.861   509.841    60.45   62.69
  51114.517   519.815    34.92   64.20
  51400.184   526.836    24.58   59.43
  51685.860   532.101    18.43   56.90
  51971.547   525.104   -24.49   61.52
  52257.244   512.774   -43.16   59.84
  52542.951   512.096    -2.37   54.00
  52828.668   519.992    27.64   62.68
  53114.395   537.619    61.69   71.95
  53400.132   553.860    56.84   72.36
  53685.880   568.728    52.03   70.16
  53971.637   586.136    60.92   66.31
  54257.405   600.716    51.02   65.47
  54543.183   600.226    -1.72   79.05
  54828.970   590.644   -33.53   88.29
  55114.768   583.850   -23.77   99.70
  55400.576   575.263   -30.05  103.05
  55686.394   565.774   -33.20  103.07
  55972.223   554.257   -40.29  108.73
  56258.061   542.797   -40.09  110.76
  56543.909   528.368   -50.48  106.59
  56829.768   504.151   -84.72  102.47
  57115.637   485.545   -65.09   95.69
  57401.516   473.734   -41.32   91.42
  57687.405   464.699   -31.60   90.61
  57973.304   452.578   -42.40   86.19
  58259.213   427.721   -86.94   85.34
  58545.132   406.724   -73.44   89.55
  58831.062   389.445   -60.43   94.67
  59117.001   366.206   -81.27   89.47
  59402.951   342.519   -82.84   74.62
  59688.911   318.079   -85.47   60.77
  59974.881   299.585   -64.67   50.52
  60260.861   287.147   -43.49   48.86
  60546.851   276.964   -35.61   51.11
  60832.851   269.657   -25.55   49.97
  61118.862   255.283   -50.26   44.96
  61404.882   239.504   -55.17   35.78
  61690.913   226.500   -45.46   33.32
  61976.954   213.050   -47.02   34.68
  62263.005   201.206   -41.41   39.39
  62549.066   189.719   -40.15   40.49
  62835.138   176.425   -46.47   37.78
  63121.219   166.560   -34.49   29.78
  63407.311   160.603   -20.82   19.90
  63693.413   159.224    -4.82   14.94
  63979.524   164.257    17.59   17.31
  64265.647   176.489    42.75   24.64
  64551.779   193.404    59.12   41.71
  64837.921   218.564    87.93   58.12
  65124.074   249.474   108.02   69.02
  65410.236   282.693   116.09   75.52
  65696.409   321.088   134.17   80.71
  65982.592   363.097   146.79   82.47
  66268.786   408.550   158.82   87.27
  66554.989   446.504   132.61  100.83
  66841.202   487.387   142.84  109.00
  67127.426   530.043   149.03  111.33
  67413.660   567.224   129.90  102.55
  67699.904   593.475    91.71   95.25
  67986.158   617.178    82.81   89.89
  68272.423   640.500    81.47   89.68
  68558.697   657.057    57.84   89.81
  68844.982   652.481   -15.98   88.67
  69131.277   648.698   -13.22   89.79
  69417.582   641.552   -24.96   80.77
  69703.897   649.403    27.42   74.12
  69990.223   644.525   -17.04   67.43
  70276.558   633.193   -39.58   58.34
  70562.904   615.957   -60.19   68.34
  70849.260   596.591   -67.63   83.91
  71135.626   560.770  -125.09  106.08
  71422.002   515.764  -157.16  116.50
  71708.389   460.746  -192.11  110.77
  71994.786   421.727  -136.25   88.08
  72281.193   399.423   -77.87   75.33
  72567.610   398.770    -2.28   75.35
  72854.037   413.214    50.43   83.81
  73140.474   441.201    97.71   82.10
  73426.922   460.109    66.01   66.46
  73713.380   455.504   -16.08   76.26
  73999.848   429.731   -89.97   93.36
  74286.326   385.414  -154.70  104.73
  74572.815   342.326  -150.41   94.59
  74859.314   314.211   -98.14   77.95
  75145.823   288.323   -90.36   56.37
