# NaN NaN NaN ;Mean Elev.(m), Avg Gradient(m/km), RMS Gradient(m/km) - SRTM1     
#   42.138  -0.788   6.072 ;Mean Elev.(m), Avg Gradient(m/km), RMS Gradient(m/km) - ASTER GDEM
#   34.242  -1.338   8.404 ;Mean Elev.(m), Avg Gradient(m/km), RMS Gradient(m/km) - GMTED2010 
   1 126.542523  64.334260    56.843    56.616 13 54663.15247544 25.209
   2 126.540078  64.335050    56.197    56.175 14 54673.06812025 48.959
   3 126.538196  64.336220     9.197    10.703 13 54682.98376369  9.910
   4 126.539976  64.336950    59.022    59.036 12 54692.89940612 47.758
   5 126.539195  64.335542     7.318     6.895 13 54702.81504567 11.135
   6 126.542367  64.334114    57.945    57.778 14 54712.73069475 27.914
   7 126.543600  64.332970     2.855     2.999 14 54722.64634562  7.486
   8 126.540536  64.332445    58.283    58.041 14 54732.56199373 21.098
   9 126.542115  64.334198    56.880    56.880 13 54742.47764092 54.154
  10 126.541213  64.335058    55.825    55.930 14 54752.39328764 28.818
  11 126.542486  64.334977   120.598   119.186 13 54762.30893419  9.328
  12 126.542035  64.333181    54.223    54.175 13 54772.22457797 42.568
  13 126.542683  64.331897    55.048    54.945 15 54782.14021891 24.632
  14 126.541245  64.331401    55.354    55.285 14 54792.05585720 18.354
  15 126.541505  64.332615    55.272    55.145 14 54801.97149463 17.931
  16 126.544010  64.334021    55.361    55.332 14 54811.88713216 17.666
  17 126.542742  64.334138    55.517    55.498 13 54821.80277362 17.292
  18 126.541589  64.333848    55.648    55.698 13 54831.71842552 16.195
  19 126.540608  64.334268    55.527    55.435 13 54841.63406408 16.105
  20 126.540373  64.335980    55.623    55.626 14 54851.54971314 14.715
  21 126.537909  64.337639    55.336    55.359 13 54861.46536166 14.476
  22 126.537532  64.338512    55.320    55.308 12 54871.38101036 14.174
  23 126.538069  64.337174    55.322    55.305 13 54881.29665736 12.923
  24 126.542096  64.334909    55.704    55.727 14 54891.21230133 13.936
  25 126.540432  64.332400    55.842    55.824 14 54901.12794181 12.330
  26 126.542688  64.333116    55.630    55.619 13 54911.04358105 11.126
  27 126.540021  64.334368    55.601    55.607 14 54920.95921870 11.162
  28 126.542199  64.335498    55.593    55.539 13 54930.87485619 10.556
  29 126.540381  64.333559    55.366    55.343 14 54940.79049174 11.980
  30 126.544204  64.331456    54.282    54.301 14 54950.70612615 42.961
  31 126.545100  64.330031    56.149    55.578 14 54960.62176626 39.991
  32 126.543575  64.330966    62.034    62.016 15 54970.53741482 39.441
  33 126.539935  64.332528    60.117    60.153 14 54980.45306211 40.261
  35 126.540758  64.334744    59.300    59.229 13 55000.28435670 25.289
  36 126.542358  64.334896    61.008    59.281 13 55010.20000216 20.524
  37 126.542322  64.334756    61.330    58.838 14 55020.11564583 21.929
  38 126.539732  64.335444    58.053    58.061  8 55030.03128809 55.102
  39 126.540702  64.337026    56.591    56.517 13 55039.94693008 28.199
  40 126.541563  64.337540    55.916    55.422 13 55049.86257060 27.088
  41 126.539222  64.335282    57.898    57.454 13 55059.77820847 22.948
  42 126.542765  64.332946    57.959    58.144 14 55069.69384890 22.078
  43 126.543058  64.331173    56.956    56.709 14 55079.60949825 34.972
  44 126.541860  64.331514    57.205    57.159 14 55089.52514571 26.344
  45 126.541979  64.333801    56.936    56.977 13 55099.44079228 43.922
  46 126.542609  64.335782    56.818    56.818 13 55109.35643838 50.848
  47 126.541966  64.335084    57.566    57.658 13 55119.27208281 21.600
  48 126.541088  64.332433   102.795   102.848 14 55129.18772456 18.830
  49 126.543634  64.330806    54.689    54.651 15 55139.10336464 38.516
  50 126.543717  64.331166    54.186    54.262 14 55149.01900331 28.341
  51 126.543390  64.333261    54.543    54.580 14 55158.93464163 24.572
  52 126.540740  64.334582    54.784    54.842 13 55168.85027937 24.058
  53 126.542537  64.335020    54.773    54.731 14 55178.76591651 22.691
  54 126.541172  64.334002    54.906    54.932 13 55188.68156191 22.934
  55 126.539989  64.334069    54.731    54.705 14 55198.59721244 21.704
  56 126.540716  64.335603    54.561    54.629 13 55208.51286240 20.739
  57 126.537889  64.336806    54.336    54.387 13 55218.42851151 20.293
  58 126.540383  64.337540    54.050    54.140 13 55228.34416032 20.025
  59 126.541366  64.336205    53.942    54.054 13 55238.25980580 19.549
  60 126.542697  64.333773    54.018    54.016 14 55248.17544767 19.380
  61 126.544023  64.332274    54.067    54.056 14 55258.09108715 19.274
  62 126.543712  64.332440    54.245    54.217 14 55268.00672578 16.702
  63 126.540045  64.333401    54.278    54.345 14 55277.92236374 17.303
  64 126.541276  64.334317    54.509    54.489 13 55287.83800090 17.734
  65 126.543717  64.333637    54.394    54.437 14 55297.75363568 16.678
  66 126.543586  64.331541    54.915    54.875 15 55307.66927749 19.378
  67 126.543890  64.330534    55.576    55.688 15 55317.58492381 29.486
  68 126.544944  64.331496    54.370    54.444 14 55327.50056928 43.948
  69 126.541856  64.333149    61.932    61.827 14 55337.41621366 39.836
  70 126.542740  64.335223    61.495    59.623 13 55347.33185798 24.407
  71 126.540611  64.335451    61.853    59.136 14 55357.24750029 22.846
  72 126.539930  64.335023    58.628    58.625 13 55367.16314063 23.355
  73 126.540972  64.334716    60.660    58.866 13 55377.07877965 21.118
  74 126.541649  64.334929    59.120    57.904 13 55386.99441779 22.502
  75 126.541860  64.335219    59.079    57.766 13 55396.91005495 21.338
  76 126.541003  64.334812    57.014    56.896 13 55406.82569732 24.975
  77 126.542255  64.334162    56.840    56.856 13 55416.74134850 24.854
  78 126.545143  64.332972    56.495    56.449 14 55426.65699640 48.252
  79 126.543152  64.331647    55.905    55.608 14 55436.57264120 49.773
  80 126.544712  64.332418    56.814    56.780 14 55446.48828522 42.850
  81 126.542486  64.333416    56.398    56.402 14 55456.40392842 55.142
  82 126.539995  64.333956    56.174    56.193 14 55466.31957088 33.692
  83 126.543433  64.333786    54.620    54.635 14 55476.23521070 31.651
  84 126.543985  64.331991    54.218    54.188 14 55486.15084694 43.127
  85 126.545480  64.330743    54.179    54.202 14 55496.06648112 39.245
  86 126.544552  64.331088    54.343    54.365 15 55505.98211607 24.110
  87 126.542265  64.332972    54.397    54.424 14 55515.89776650 25.263
  88 126.541397  64.334772    54.738    54.731 13 55525.81341612 19.959
  89 126.539488  64.335254    54.971    54.836 13 55535.72906355 17.637
  90 126.540484  64.335439    54.776    54.729 13 55545.64470913 15.995
  91 126.540217  64.335608    54.537    54.522 13 55555.56035278 16.426
  92 126.541100  64.336299    54.622    54.537 13 55565.47599570 15.581
  93 126.541692  64.336236    54.562    54.439 13 55575.39163795 15.548
  94 126.540610  64.334637    54.562    54.614 14 55585.30727826 15.379
  95 126.540852  64.332604    54.751    54.536 14 55595.22291533 14.980
  96 126.544715  64.331669    54.628    54.556 14 55605.13854957 14.412
  97 126.543830  64.330949    54.567    54.490 15 55615.05418125 14.526
  98 126.545259  64.331884    54.686    54.569 14 55624.96982139 12.414
  99 126.540349  64.332125    55.022    54.785 14 55634.88547325 12.332
 100 126.542048  64.332666    54.995    54.802 14 55644.80112354 11.511
 101 126.544280  64.332574    55.130    54.974 14 55654.71677104 10.438
 102 126.544701  64.331973    55.489    55.442 14 55664.63241382  9.297
 103 126.544260  64.331953    54.750    54.733 14 55674.54805365 29.575
 104 126.540404  64.332168    55.812    56.219 14 55684.46369162 35.962
 105 126.542427  64.333539    57.829    57.386 13 55694.37932904 28.136
 106 126.542858  64.334089    59.394    59.411 14 55704.29496487 53.576
 107 126.541246  64.334142    59.240    58.060 13 55714.21061103 25.409
 108 126.541116  64.334670    60.347    59.561 14 55724.12626018 21.494
 109 126.541121  64.335483    58.499    58.292 13 55734.04190737 44.108
 110 126.538989  64.335784    57.009    56.841 13 55743.95755304 23.894
 111 126.540458  64.335727    57.823    57.311 14 55753.87319751 24.482
 112 126.542106  64.334196    55.432    55.436 13 55763.78883958 54.386
 113 126.544841  64.332479    54.905    54.947 14 55773.70447894 31.615
 114 126.543775  64.330921    58.657    58.453 15 55783.62011460 26.717
 115 126.543733  64.331324    57.692    58.041 15 55793.53574812 27.035
 116 126.543523  64.332335    57.435    57.746 14 55803.45138405 24.341
 117 126.542390  64.333057    57.836    57.815 13 55813.36703383 19.966
 118 126.541528  64.332247    57.220    57.210 14 55823.28268163 54.198
 119 126.544193  64.331361    57.511    57.865 14 55833.19832500 25.009
 120 126.543698  64.330578    56.812    56.792 15 55843.11396383 21.476
 121 126.542852  64.331123    54.646    54.604 15 55853.02959964 47.818
 122 126.539967  64.332295    54.658    54.618 14 55862.94523516 43.815
 123 126.540388  64.334326    54.314    54.264 13 55872.86088945 39.098
 124 126.540081  64.334618    54.098    54.130 13 55882.77653849 33.018
 125 126.541508  64.334442    54.057    53.999 13 55892.69218124 30.624
 126 126.540598  64.333900    54.054    54.086 14 55902.60781815 25.616
 127 126.542224  64.334660    54.360    54.385 13 55912.52345443 24.680
 128 126.541384  64.336050    54.482    54.501 13 55922.43910881 24.347
 129 126.541745  64.336061    54.592    54.654 13 55932.35476039 22.337
 130 126.541269  64.333941    54.256    54.236 13 55942.27040749 22.758
 131 126.543512  64.331847    54.027    54.064 15 55952.18605047 20.369
 132 126.543504  64.331010    53.811    53.807 14 55962.10168985 20.094
 133 126.542864  64.332076    53.498    53.490 15 55972.01732718 21.001
 134 126.541888  64.333536    53.269    53.306 14 55981.93296322 20.643
 136 126.542826  64.332356    53.698    53.396 14 56001.76424462 16.750
 137 126.542966  64.330927    53.306    53.149 14 56011.67989443 17.672
 138 126.541907  64.330731    53.344    53.199 14 56021.59554058 17.799
 139 126.545355  64.333090    52.889    52.846 14 56031.51118451 18.504
 140 126.541188  64.334752    53.636    53.685 14 56041.42682567 26.077
 141 126.541138  64.335847    55.016    54.781 13 56051.34246484 23.130
 142 126.540855  64.335236    59.190    59.212 14 56061.25810112 43.769
 143 126.540640  64.333653    62.671    62.624 14 56071.17373920 53.268
 144 126.542666  64.334130    61.216    59.612 14 56081.08939007 24.418
 145 126.542013  64.335159    59.913    59.952 13 56091.00503807 49.056
 146 126.541769  64.336400    58.778    58.809 13 56100.92068370 39.373
 147 126.538447  64.335426    57.585    57.755 13 56110.83631466 40.257
 148 126.542121  64.333658    59.014    59.024 13 56120.75195449 51.333
 149 126.544771  64.331054    58.101    58.318 14 56130.66759047 29.219
 150 126.546143  64.329919    59.607    59.646 14 56140.58322436 19.716
 151 126.543303  64.331582    57.810    57.830 14 56150.49887526 53.394
 152 126.541906  64.333982    56.939    57.011 13 56160.41452449 27.869
 153 126.540679  64.334686    58.134    58.446 14 56170.33017204 21.425
 154 126.542343  64.333468    58.623    58.740 13 56180.24581584 19.299
 155 126.543553  64.331590    57.067    57.041 15 56190.16145550 54.797
 156 126.543831  64.330908    57.176    56.741 15 56200.07709220 30.336
 157 126.540473  64.331767    56.894    56.813 14 56209.99272618 28.791
 158 126.540078  64.333742    55.691    55.649 14 56219.90835865 45.192
 159 126.542560  64.336048    55.033    55.065 13 56229.82400819 41.428
 160 126.540994  64.335735    54.269    54.234 14 56239.73966134 35.133
 161 126.541722  64.335068    54.665    54.634 14 56249.65531077 32.807
 162 126.541328  64.334255    54.835    54.815 14 56259.57095528 29.416
 163 126.541539  64.334808    54.934    54.922 14 56269.48659730 27.601
 164 126.541142  64.335298    54.938    54.936 14 56279.40223755 26.428
 165 126.541468  64.335738    54.926    54.946 13 56289.31788832 24.942
 166 126.541186  64.334083    54.779    54.768 13 56299.23353664 24.334
 167 126.541646  64.331950    54.699    54.621 14 56309.14918102 23.168
 168 126.545108  64.331517    54.661    54.598 14 56319.06482333 22.063
 169 126.545392  64.332896    54.580    54.439 14 56328.98046443 21.807
 170 126.543079  64.334343    54.447    54.454 14 56338.89610440 21.019
 171 126.540359  64.334368    54.804    54.720 14 56348.81174217 20.079
 172 126.541929  64.332905    54.898    54.628 14 56358.72737726 19.925
 173 126.544330  64.332055    54.774    54.562 14 56368.64302805 20.023
 175 126.541819  64.333847    54.828    54.792 13 56388.47432124 19.703
 176 126.542651  64.336425    54.827    54.934 13 56398.38996496 20.169
 177 126.539542  64.336994    54.653    54.121 13 56408.30560573 30.525
 178 126.542269  64.336543    54.168    54.062 13 56418.22124275 38.081
 179 126.541134  64.334295    63.234    63.226 14 56428.13687480 34.195
 180 126.542163  64.334422    60.847    60.070 13 56438.05252885 22.957
 181 126.541221  64.334996    62.272    59.508 13 56447.96818009 20.601
 182 126.541295  64.335849    60.583    59.850 14 56457.88382922 20.291
 183 126.541403  64.335497    60.514    58.444 13 56467.79947499 23.267
 184 126.540492  64.333864    56.727    56.527 14 56477.71511651 30.006
 185 126.542622  64.332201    59.291    58.499 14 56487.63075454 24.997
 186 126.542061  64.331256    59.328    59.437 14 56497.54638985 23.675
 187 126.542949  64.331753    59.606    59.499 15 56507.46202421 21.927
 188 126.544782  64.333152    60.012    60.006 14 56517.37766149 20.070
 189 126.541262  64.333631    58.239    58.193 13 56527.29331562 37.739
 190 126.543783  64.333852    57.454    57.422 14 56537.20896602 47.102
 192 126.542302  64.333149    56.344    56.321 14 56557.04025566 45.012
 193 126.540880  64.334251    57.775    57.876 13 56566.95589818 21.954
 194 126.540605  64.335930    55.503    55.483 13 56576.87153949 41.316
 195 126.540270  64.336341    54.638    54.599 13 56586.78717725 46.042
 196 126.540678  64.335656    53.688    53.712 14 56596.70281689 37.237
 197 126.540475  64.335102    54.376    54.360 13 56606.61846876 22.198
 198 126.542090  64.335052    54.360    54.385 13 56616.53411599 20.335
 199 126.542042  64.334994    54.416    54.376 13 56626.44975961 17.804
 200 126.540996  64.334614    54.411    54.464 14 56636.36540039 17.512
 201 126.542274  64.333940    54.521    54.561 13 56646.28104081 17.329
 202 126.540748  64.333073    54.482    54.436 14 56656.19669296 15.911
 203 126.541407  64.332371    54.431    54.342 14 56666.11234097 15.339
 204 126.543727  64.332913    54.243    54.233 14 56676.02798653 16.444
 205 126.540639  64.333284    54.206    54.259 14 56685.94363046 13.867
 206 126.540869  64.334087    54.099    54.040 14 56695.85927271 15.728
 207 126.541764  64.333900    54.280    54.123 13 56705.77491041 13.489
 208 126.541485  64.332594    54.172    54.105 14 56715.69054243 15.092
 210 126.541714  64.334433    54.502    54.330 13 56735.52184568 13.227
 211 126.538645  64.335808    54.474    54.444 13 56745.43749177 12.347
 212 126.538049  64.336549    54.571    54.585 13 56755.35313376 11.740
 213 126.538553  64.335945    54.033    54.031 13 56765.26877014 29.853
 214 126.539674  64.334916    55.461    55.714 13 56775.18440864 32.298
 215 126.540880  64.335502    57.593    56.427 13 56785.10006560 33.150
 216 126.538162  64.335820    62.756    62.757 13 56795.01571851 52.429
 217 126.540188  64.336646    60.108    59.179 13 56804.93136800 23.550
 218 126.541711  64.335964    59.566    59.619 13 56814.84701034 54.330
 219 126.541002  64.334047    60.789    58.704 14 56824.76264890 24.656
 221 126.541017  64.331642    57.046    57.001 14 56844.59391525 48.857
 222 126.541509  64.332676    58.417    58.442 14 56854.50956010 48.145
 223 126.541462  64.334055    56.480    56.253 14 56864.42521397 26.931
 224 126.540069  64.334339    56.630    56.390 14 56874.34086695 27.669
 225 126.541478  64.334455    58.699    56.511 14 56884.25651701 29.682
 226 126.542964  64.334483    56.370    56.389 14 56894.17216389 36.978
 227 126.541704  64.334855    59.418    55.982 14 56904.08780732 26.375
 228 126.538422  64.335828    59.953    56.273 13 56914.00344854 27.690
 229 126.540199  64.337325    60.264    57.278 13 56923.91908849 22.164
 230 126.540486  64.337348    56.356    56.337 13 56933.83472558 23.368
 231 126.540947  64.335827    55.610    55.492 13 56943.75035727 24.995
 232 126.542283  64.334845    54.020    53.947 14 56953.66600435 46.949
 233 126.540970  64.334514    53.270    53.272 14 56963.58165441 28.753
 234 126.539891  64.335150    53.831    53.803 13 56973.49729985 21.227
 235 126.542570  64.336134    54.022    54.056 13 56983.41294137 19.345
 236 126.540149  64.334576    53.939    53.935 13 56993.32857746 18.133
 237 126.543063  64.332544    53.949    53.968 14 57003.24421425 17.534
 238 126.544067  64.331749    53.855    53.870 14 57013.15987093 17.197
 239 126.542914  64.331973    53.823    53.832 14 57023.07552208 16.288
 240 126.541970  64.333887    53.781    53.772 14 57032.99117070 16.295
 241 126.541699  64.335435    53.865    53.869 14 57042.90681707 15.400
 242 126.540757  64.335262    53.960    53.862 14 57052.82246093 13.918
 243 126.541905  64.333801    53.666    53.636 13 57062.73810045 14.451
 244 126.543825  64.332806    53.862    53.738 14 57072.65373486 11.705
 245 126.541957  64.332710    53.780    53.759 14 57082.56936510 12.911
 246 126.541560  64.335164    53.722    53.711 13 57092.48501211 13.087
 247 126.537514  64.337168    54.873    55.048 13 57102.40066911 10.246
 248 126.537918  64.337646    55.128    55.343 13 57112.31632282 10.572
 249 126.542195  64.336630    54.939    54.945 13 57122.23197083  9.906
 250 126.542276  64.334741    55.005    55.257 13 57132.14761283  9.475
 251 126.541399  64.334005    54.993    55.074 13 57142.06324991 27.493
 252 126.542401  64.334897    54.258    54.262 13 57151.97888416 38.383
 253 126.540252  64.334611    62.138    62.081 14 57161.89451453 42.249
 254 126.540122  64.334535    58.842    56.742 13 57171.81017189 27.066
 255 126.539945  64.332854    60.413    60.377 14 57181.72582622 55.255
 256 126.542913  64.331912    60.644    60.635 14 57191.64147702 53.666
 257 126.545161  64.332752    64.137    65.400 14 57201.55712502 20.827
 258 126.542405  64.334204    57.736    57.769 13 57211.47275903 45.957
 259 126.540463  64.335527    56.951    56.957 14 57221.38840284 53.030
 260 126.542153  64.335737    60.718    61.265 13 57231.30404559 28.508
 261 126.541047  64.334344    60.620    61.490 14 57241.21968548 25.827
 262 126.544321  64.333543    58.630    56.712 14 57251.13532315 25.878
 263 126.541985  64.333410    58.571    56.323 14 57261.05095835 27.474
 264 126.541725  64.334925    55.532    55.522 14 57270.96659258 47.743
 265 126.540493  64.337216    55.810    54.233 13 57280.88224781 34.382
 266 126.538474  64.337406    58.069    55.684 13 57290.79790284 24.765
 267 126.538049  64.335913    57.073    56.639 13 57300.71355486 22.446
 268 126.541646  64.334446    53.888    53.883 13 57310.62920357 46.195
 269 126.540331  64.333643    53.670    53.658 14 57320.54484855 39.368
 270 126.540208  64.334749    53.702    53.732 14 57330.46049117 32.185
 271 126.542190  64.336457    53.920    53.939 13 57340.37613192 25.898
 272 126.538849  64.335913    53.689    53.655 13 57350.29178189 24.180
 273 126.541347  64.334174    53.758    53.762 13 57360.20742725 21.870
 274 126.542298  64.331872    53.691    53.667 14 57370.12306924 21.637
 275 126.541550  64.331443    53.823    53.670 14 57380.03870884 20.811
 276 126.544530  64.333679    53.589    53.565 14 57389.95434784 20.291
 277 126.541867  64.334840    53.527    53.516 13 57399.86998525 19.697
 278 126.542490  64.334941    53.392    53.390 14 57409.78562395 19.069
 279 126.541380  64.334053    53.365    53.410 14 57419.70127626 18.445
 280 126.542268  64.333866    53.298    53.306 14 57429.61692626 18.253
 281 126.542006  64.334961    53.332    53.352 13 57439.53257408 16.883
 282 126.542652  64.337158    53.305    53.255 13 57449.44822101 17.481
 283 126.538414  64.337776    53.749    53.475 13 57459.36386602 14.429
 284 126.537848  64.337105    53.695    53.671 13 57469.27950817 14.488
 285 126.542640  64.335626    53.695    53.495 13 57479.19514668 14.513
 286 126.543829  64.333606    54.269    54.253 14 57489.11078172 12.278
 287 126.544345  64.332565    52.814    52.799 14 57499.02641473 28.472
 288 126.541110  64.332879    53.811    53.597 14 57508.94205705 46.046
 289 126.541655  64.334467    56.881    55.328 13 57518.85771313 31.640
 290 126.542607  64.335011    60.276    60.284 13 57528.77336631 53.663
 291 126.544008  64.333980    62.779    63.514 14 57538.68901640 22.129
 292 126.542725  64.332436    60.945    60.919 14 57548.60466359 51.590
 293 126.543812  64.332517    62.590    60.661 14 57558.52030979 22.510
 294 126.542298  64.333801    62.566    63.282 14 57568.43595505 19.599
 295 126.541507  64.335313    57.754    57.744 13 57578.35159984 41.051
 296 126.542092  64.336044    63.505    64.458 13 57588.26724324 17.333
 297 126.541899  64.335460    58.234    58.133 14 57598.18288390 36.517
