-140106.872   150.687     0.00    1.80
-139819.717   150.841     0.54    1.57
-139532.550   150.620    -0.77    1.50
-139245.371   150.494    -0.44    1.47
-138958.181   150.615     0.42    1.63
-138670.979   150.687     0.25    1.72
-138383.765   150.665    -0.08    1.76
-138096.540   150.665     0.00    2.16
-137809.303   149.927    -2.57    3.75
-137522.054   148.389    -5.35    5.73
-137234.794   147.303    -3.78    6.70
-136947.522   145.731    -5.47    7.38
-136660.238   144.470    -4.39    7.62
-136372.943   143.694    -2.70    7.46
-136085.635   143.067    -2.18    7.05
-135798.317   143.375     1.07    6.74
-135510.986   144.394     3.54    6.55
-135223.644   145.679     4.47    6.23
-134936.291   147.358     5.84    5.62
-134648.925   149.065     5.94    4.34
-134361.548   150.420     4.71    2.52
-134074.159   151.127     2.46    2.16
-133786.759   151.586     1.60    2.25
-133499.346   151.546    -0.14    3.18
-133211.922   149.716    -6.36    5.99
-132924.487   146.986    -9.50    7.82
-132637.040   144.512    -8.60    8.46
-132349.581   141.606   -10.11    8.13
-132062.110   138.970    -9.17    6.73
-131774.627   136.730    -7.79    3.98
-131487.133   135.768    -3.35    0.95
-131199.627   135.709    -0.21    0.26
-130912.110   137.091     4.81    4.82
-130624.581   139.998    10.11    8.45
-130337.040   143.879    13.50   10.64
-130049.487   147.861    13.85   10.94
-129761.923   152.233    15.20   10.12
-129474.346   154.888     9.23    8.12
-129186.759   155.237     1.21    7.39
-128899.159   153.341    -6.59    8.88
-128611.548   152.073    -4.41    9.93
-128323.925   151.451    -2.16   10.70
-128036.290   151.642     0.66   10.97
-127748.644   153.612     6.85   10.86
-127460.985   155.716     7.31   10.32
-127173.315   157.440     5.99    9.10
-126885.634   157.381    -0.21    9.27
-126598.235   155.818    -5.44   10.49
-126312.952   151.884   -13.79   12.44
-126027.658   147.479   -15.44   13.21
-125742.353   142.724   -16.67   11.96
-125457.038   140.679    -7.17   11.03
-125171.712   142.629     6.83   13.07
-124886.375   145.408     9.74   14.61
-124601.028   149.533    14.46   14.88
-124315.669   151.760     7.80   14.45
-124030.300   154.536     9.73   13.92
-123744.921   155.212     2.37   13.58
-123459.530   154.687    -1.84   13.52
-123174.129   152.504    -7.65   13.71
-122888.717   151.792    -2.50   13.73
-122603.295   153.650     6.51   14.25
-122317.861   155.482     6.42   14.04
-122032.417   157.119     5.74   13.48
-121746.962   159.687     8.99   12.20
-121461.497   162.423     9.59    9.86
-121176.020   163.098     2.36    8.57
-120890.533   164.453     4.74    6.66
-120605.035   165.240     2.76    4.94
-120319.527   165.620     1.33    4.91
-120034.008   166.172     1.93    5.01
-119748.477   166.838     2.33    4.78
-119462.937   167.746     3.18    4.35
-119177.385   168.484     2.58    3.96
-118891.823   168.926     1.55    3.78
-118606.249   169.060     0.47    4.00
-118320.666   168.789    -0.95    4.12
-118035.071   168.255    -1.87    4.21
-117749.465   167.971    -0.99    4.37
-117463.849   169.076     3.87    5.35
-117178.222   170.037     3.36    5.76
-116892.584   170.344     1.07    5.77
-116606.936   169.754    -2.07    5.69
-116321.277   169.444    -1.08    5.71
-116035.607   169.308    -0.48    5.78
-115749.926   169.501     0.68    5.63
-115464.234   169.346    -0.54    4.97
-115178.532   169.446     0.35    5.06
-114892.819   169.694     0.87    4.67
-114607.095   170.844     4.03    4.35
-114321.360   170.503    -1.20    4.32
-114035.614   169.953    -1.92    4.47
-113749.858   168.828    -3.93    4.21
-113464.091   168.292    -1.88    4.10
-113178.313   168.038    -0.89    4.47
-112892.524   167.539    -1.74    4.53
-112606.725   166.485    -3.69    4.59
-112320.914   165.641    -2.95    4.89
-112035.093   165.444    -0.69    4.71
-111749.261   165.338    -0.37    4.61
-111463.419   165.334    -0.01    4.76
-111177.565   165.611     0.97    4.80
-110891.701   166.612     3.50    5.03
-110605.826   167.942     4.65    4.73
-110319.940   168.429     1.70    4.03
-110034.043   168.194    -0.82    4.01
-109748.136   168.442     0.87    3.96
-109462.217   169.222     2.73    3.83
-109176.288   169.657     1.52    3.79
-108890.348   170.559     3.15    4.06
-108604.398   171.205     2.26    3.44
-108318.436   170.581    -2.18    2.41
-108032.464   170.348    -0.81    2.37
-107746.480   169.812    -1.87    2.16
-107460.486   169.435    -1.32    2.25
-107174.481   169.150    -0.99    2.33
-106888.466   168.983    -0.59    2.36
-106602.439   169.651     2.33    3.24
-106316.402   170.160     1.78    3.81
-106030.354   170.811     2.27    4.05
-105744.295   171.591     2.73    4.15
-105458.225   172.399     2.82    3.75
-105172.144   173.489     3.81    3.58
-104886.053   174.060     1.99    3.42
-104599.950   174.111     0.18    3.39
-104313.837   174.368     0.90    3.35
-104027.713   174.746     1.32    3.52
-103741.578   174.226    -1.82    3.96
-103455.432   172.515    -5.98    5.38
-103169.276   170.252    -7.91    5.83
-102883.108   168.405    -6.45    6.17
-102596.930   166.201    -7.70    6.11
-102310.741   164.187    -7.04    5.77
-102024.541   161.790    -8.37    4.32
-101738.330   160.363    -4.99    4.06
-101452.109   159.769    -2.07    3.85
-101165.876   158.635    -3.96    4.23
-100879.633   157.294    -4.69    4.98
-100593.378   157.446     0.53    5.29
-100307.113   157.526     0.28    6.57
-100020.837   158.828     4.55    7.51
 -99734.550   160.520     5.91    7.77
 -99448.253   162.812     8.01    7.26
 -99161.944   165.388     9.00    4.98
 -98875.625   166.708     4.61    3.58
 -98589.294   167.323     2.15    4.27
 -98302.953   167.840     1.81    5.36
 -98016.601   167.933     0.32    6.39
 -97730.238   168.315     1.33    6.79
 -97443.864   169.057     2.59    7.20
 -97157.480   170.343     4.49    7.28
 -96871.084   171.708     4.77    6.79
 -96584.678   172.590     3.08    6.14
 -96298.260   172.237    -1.23    5.59
 -96011.832   171.346    -3.11    3.99
 -95725.393   170.429    -3.20    3.66
 -95438.943   169.326    -3.85    2.77
 -95152.482   168.516    -2.83    2.70
 -94866.010   168.377    -0.49    2.78
 -94579.528   168.363    -0.05    2.94
 -94293.034   167.789    -2.01    2.83
 -94006.530   167.687    -0.36    2.81
 -93720.014   167.581    -0.37    2.83
 -93433.488   167.898     1.11    2.91
 -93146.951   168.216     1.11    2.70
 -92860.403   167.737    -1.67    3.06
 -92573.844   167.020    -2.50    2.90
 -92287.274   166.501    -1.81    3.01
 -92000.693   166.084    -1.46    3.05
 -91714.102   165.770    -1.09    3.16
 -91427.499   165.884     0.40    4.50
 -91140.886   165.522    -1.26    4.67
 -90854.261   165.859     1.18    5.18
 -90567.626   166.894     3.61    5.98
 -90280.980   167.455     1.96    6.16
 -89994.322   168.737     4.47    6.61
 -89707.654   169.664     3.24    5.95
 -89420.975   169.869     0.72    4.98
 -89134.285   169.864    -0.02    3.95
 -88847.585   169.572    -1.02    3.75
 -88560.873   169.383    -0.66    3.75
 -88274.150   169.798     1.45    4.53
 -87987.416   169.276    -1.82    5.50
 -87700.672   169.205    -0.25    5.91
 -87413.916   170.385     4.11    6.33
 -87127.150   170.983     2.08    6.18
 -86840.373   171.620     2.22    6.02
 -86553.584   172.190     1.99    5.73
 -86266.785   172.739     1.91    5.39
 -85979.975   173.958     4.25    4.60
 -85693.154   174.156     0.69    4.23
 -85406.322   173.657    -1.74    4.37
 -85119.479   172.731    -3.23    4.13
 -84832.625   171.847    -3.08    4.00
 -84545.760   170.858    -3.45    3.47
 -84258.884   169.590    -4.42    2.81
 -83971.997   168.694    -3.12    2.45
 -83685.099   168.194    -1.74    2.27
 -83398.191   168.146    -0.17    2.46
 -83111.271   167.701    -1.55    2.45
 -82824.340   167.664    -0.13    2.60
 -82537.399   167.205    -1.60    2.92
 -82250.446   166.605    -2.09    3.59
 -81963.483   166.241    -1.27    3.83
 -81676.508   165.787    -1.58    4.10
 -81389.523   165.324    -1.61    4.24
 -81102.526   165.241    -0.29    4.45
 -80815.519   164.642    -2.09    4.14
 -80528.501   164.284    -1.25    3.67
 -80241.471   164.070    -0.74    3.66
 -79954.431   163.183    -3.09    3.50
 -79667.380   162.264    -3.20    3.68
 -79380.318   161.493    -2.69    4.19
 -79093.244   161.015    -1.66    4.27
 -78806.160   160.485    -1.85    4.49
 -78519.065   159.125    -4.74    5.12
 -78231.959   157.959    -4.06    5.88
 -77944.842   156.790    -4.07    6.55
 -77657.714   155.027    -6.14    7.30
 -77370.574   152.694    -8.13    7.46
 -77083.424   150.622    -7.21    7.05
 -76796.263   147.844    -9.67    5.93
 -76509.091   146.465    -4.80    5.36
 -76221.908   146.341    -0.43    5.89
 -75934.714   147.050     2.47    7.57
 -75647.509   149.415     8.24    9.40
 -75360.293   151.837     8.43    9.34
 -75073.066   153.570     6.03    9.27
 -74785.828   155.620     7.14    8.17
 -74498.579   157.529     6.64    7.19
 -74211.318   158.556     3.58    6.82
 -73924.047   159.427     3.03    5.79
 -73636.765   159.987     1.95    4.88
 -73349.472   160.799     2.83    3.48
 -73062.168   161.334     1.86    3.06
 -72774.853   162.032     2.43    3.24
 -72487.527   162.908     3.05    3.78
 -72200.189   163.851     3.28    3.65
 -71912.841   164.985     3.95    4.03
 -71625.482   166.194     4.21    4.67
 -71338.112   166.723     1.84    5.12
 -71050.731   166.264    -1.60    5.87
 -70763.338   165.429    -2.91    6.28
 -70475.935   164.933    -1.73    6.49
 -70188.521   164.809    -0.43    6.66
 -69901.095   163.546    -4.39    6.12
 -69613.659   162.745    -2.78    5.62
 -69326.211   163.287     1.88    5.57
 -69038.753   163.894     2.11    5.28
 -68751.283   163.965     0.25    5.08
 -68463.803   163.410    -1.93    5.19
 -68176.311   162.513    -3.12    5.56
 -67888.809   161.872    -2.23    5.71
 -67601.295   161.164    -2.46    5.32
 -67313.770   160.823    -1.19    4.98
 -67026.234   160.544    -0.97    4.50
 -66738.688   160.672     0.45    3.84
 -66451.130   161.604     3.24    3.63
 -66163.561   162.495     3.10    3.56
 -65875.981   162.951     1.59    3.78
 -65588.390   162.806    -0.51    4.07
 -65300.788   162.917     0.39    4.36
 -65013.175   163.514     2.08    4.77
 -64725.971   164.327     2.83    5.03
 -64440.621   165.231     3.17    4.57
 -64155.260   165.775     1.91    3.85
 -63869.889   166.284     1.78    3.36
 -63584.508   166.537     0.89    2.99
 -63299.117   166.252    -1.00    3.05
 -63013.716   165.701    -1.93    3.42
 -62728.304   164.993    -2.48    3.84
 -62442.883   164.458    -1.87    4.09
 -62157.452   164.157    -1.06    4.04
 -61872.010   163.574    -2.04    4.36
 -61586.559   163.532    -0.15    4.25
 -61301.097   163.472    -0.21    4.35
 -61015.625   163.435    -0.13    4.62
 -60730.143   163.815     1.33    4.67
 -60444.652   164.312     1.74    5.01
 -60159.150   165.468     4.05    5.20
 -59873.638   166.231     2.67    5.32
 -59588.115   165.636    -2.08    5.64
 -59302.583   163.450    -7.66    8.48
 -59017.041   160.275   -11.12   11.98
 -58731.488   156.528   -13.12   14.48
 -58445.926   152.403   -14.45   14.66
 -58160.353   146.970   -19.02   15.84
 -57874.770   143.279   -12.92   14.71
 -57589.178   141.747    -5.37   13.82
 -57303.575   138.607   -10.99   14.86
 -57017.962   135.975    -9.21   15.44
 -56732.338   132.472   -12.26   16.44
 -56446.705   129.392   -10.79   17.29
 -56161.062   126.190   -11.21   17.77
 -55875.408   122.183   -14.03   17.84
 -55589.745   119.336    -9.97   15.66
 -55304.071   119.125    -0.74   14.18
 -55018.387   118.665    -1.61   11.89
 -54732.693   118.388    -0.97    8.99
 -54446.989   117.687    -2.46    7.07
 -54161.275   116.216    -5.15    6.23
 -53875.551   115.124    -3.82    6.64
 -53589.817   113.789    -4.67    6.63
 -53304.072   111.903    -6.60    6.06
 -53018.317   110.115    -6.26    5.18
 -52732.553   108.983    -3.96    4.60
 -52446.778   108.561    -1.48    4.68
 -52160.993   107.550    -3.54    5.14
 -51875.198   105.657    -6.62    6.17
 -51589.392   103.274    -8.34    7.01
 -51303.577    98.724   -15.92    9.62
 -51017.752    93.567   -18.04   11.05
 -50731.916    89.373   -14.67   10.05
 -50446.070    87.442    -6.75    9.39
 -50160.214    85.001    -8.54    8.83
 -49874.348    83.991    -3.53    7.87
 -49588.472    84.309     1.11    7.93
 -49302.586    85.815     5.27    8.40
 -49016.689    87.205     4.86    9.43
 -48730.782    87.882     2.37   10.89
 -48444.866    87.891     0.03   11.46
 -48158.939    87.791    -0.35   10.49
 -47873.002    88.522     2.56   11.00
 -47587.054    90.887     8.27   12.30
 -47301.097    95.953    17.72   14.98
 -47015.130   102.205    21.86   15.83
 -46729.152   109.536    25.64   14.78
 -46443.164   115.122    19.53   12.45
 -46157.166   118.872    13.11    9.97
 -45871.158   120.479     5.62    8.72
 -45585.140   118.521    -6.85    9.96
 -45299.111   115.620   -10.14    9.55
 -45013.073   112.034   -12.54    9.53
 -44727.024   107.931   -14.34    8.39
 -44440.965   104.358   -12.49    8.13
 -44154.896    99.701   -16.28    9.47
 -43868.816    96.101   -12.58   10.21
 -43582.727    92.244   -13.48   10.22
 -43296.627    89.773    -8.64    9.04
 -43010.518    88.612    -4.06    7.67
 -42724.398    89.759     4.01    7.85
 -42438.267    91.198     5.03    8.72
 -42152.127    93.823     9.18    9.67
 -41865.977    96.846    10.56   10.12
 -41579.816   100.828    13.92    9.96
 -41293.645   105.065    14.80    9.04
 -41007.464   107.851     9.73    7.47
 -40721.273   109.650     6.29    6.57
 -40435.072   111.351     5.94    6.26
 -40148.860   113.529     7.61    6.92
 -39862.638   115.994     8.61    8.04
 -39576.406   118.820     9.87    9.08
 -39290.164   122.150    11.63    8.15
 -39003.912   125.276    10.92    5.83
 -38717.649   127.358     7.27    4.04
 -38431.377   127.729     1.30    3.93
 -38145.094   128.027     1.04    4.92
 -37858.801   128.119     0.32    5.86
 -37572.497   126.737    -4.83    8.18
 -37286.184   126.363    -1.31    8.00
 -36999.860   125.551    -2.84    8.20
 -36713.526   125.353    -0.69    7.50
 -36427.182   124.931    -1.47    6.60
 -36140.828   123.484    -5.05    6.11
 -35854.463   121.052    -8.49    6.11
 -35568.089   118.272    -9.71    7.00
 -35281.704   115.451    -9.85    8.07
 -34995.309   112.584   -10.01    8.71
 -34708.903   109.622   -10.34    8.13
 -34422.488   105.837   -13.22    7.15
 -34136.062   102.620   -11.23    5.23
 -33849.626   100.526    -7.31    3.97
 -33563.180    99.291    -4.31    3.63
 -33276.723    98.946    -1.21    3.49
 -32990.257    98.820    -0.44    3.85
 -32703.780    98.825     0.02    4.63
 -32417.293    98.815    -0.04    5.50
 -32130.795    98.007    -2.82    5.83
 -31844.288    96.881    -3.93    6.41
 -31557.770    95.205    -5.85    6.92
 -31271.242    92.983    -7.76    7.06
 -30984.704    91.629    -4.72    6.92
 -30698.156    90.039    -5.55    6.92
 -30411.597    88.543    -5.22    6.63
 -30125.028    86.753    -6.24    6.91
 -29838.449    84.890    -6.50    7.74
 -29551.859    82.665    -7.76    8.85
 -29265.260    79.782   -10.06    9.43
 -28978.650    77.065    -9.48    9.70
 -28692.030    73.922   -10.97    9.50
 -28405.400    71.153    -9.66    8.51
 -28118.759    69.158    -6.96    7.73
 -27832.108    68.291    -3.02    8.04
 -27545.447    68.765     1.65    9.00
 -27258.776    69.132     1.28    9.09
 -26972.094    70.183     3.67    7.99
 -26685.402    71.108     3.23    6.48
 -26398.700    71.777     2.33    4.94
 -26111.988    72.365     2.05    5.13
 -25825.265    72.190    -0.61    5.63
 -25538.533    71.963    -0.79    5.82
 -25251.789    71.759    -0.71    6.04
 -24965.036    72.035     0.96    5.65
 -24678.273    72.101     0.23    4.98
 -24391.499    71.759    -1.20    4.07
 -24104.715    71.455    -1.06    3.21
 -23817.920    71.308    -0.51    2.91
 -23531.115    70.931    -1.31    3.06
 -23244.301    69.098    -6.39    5.15
 -22957.475    67.429    -5.82    6.23
 -22670.640    65.836    -5.56    6.87
 -22383.794    63.928    -6.65    7.39
 -22096.938    63.035    -3.11    7.20
 -21810.072    62.731    -1.06    6.41
 -21523.195    63.902     4.08    6.70
 -21236.308    66.380     8.64    6.85
 -20949.411    69.125     9.57    7.08
 -20662.504    72.426    11.50    7.12
 -20375.586    76.235    13.28    6.74
 -20088.658    80.651    15.39    7.16
 -19801.720    84.239    12.51    7.70
 -19514.772    87.289    10.63    7.21
 -19227.813    90.003     9.46    6.02
 -18940.844    91.995     6.94    4.85
 -18653.864    92.808     2.83    4.22
 -18366.875    92.747    -0.21    4.75
 -18079.875    91.994    -2.62    5.26
 -17792.864    90.455    -5.36    5.46
 -17505.844    88.375    -7.24    5.63
 -17218.813    85.515    -9.97    7.39
 -16931.772    79.560   -20.75   12.20
 -16644.720    70.993   -29.84   18.37
 -16357.658    60.216   -37.54   23.56
 -16070.586    49.272   -38.12   25.69
 -15783.504    38.816   -36.42   22.95
 -15496.411    30.961   -27.36   16.78
 -15209.308    26.278   -16.31   10.87
 -14922.195    24.779    -5.22    8.25
 -14635.072    24.560    -0.77    7.25
 -14347.938    25.779     4.25    5.41
 -14060.793    26.509     2.54    4.54
 -13773.639    26.782     0.95    4.84
 -13486.474    27.372     2.06    4.80
 -13199.299    28.649     4.45    4.31
 -12912.113    28.133    -1.80    7.48
 -12624.918    28.995     3.00    7.44
 -12337.711    30.479     5.17    6.71
 -12050.495    31.744     4.40    6.24
 -11763.268    32.840     3.81    4.36
 -11476.031    33.541     2.44    4.15
 -11188.784    33.795     0.89    4.35
 -10901.526    34.146     1.22    3.88
 -10614.258    33.779    -1.28    3.14
 -10326.980    32.857    -3.21    3.05
 -10039.691    32.176    -2.37    3.13
  -9752.392    32.044    -0.46    3.13
  -9465.082    31.546    -1.73    3.15
  -9177.763    31.910     1.27    3.67
  -8890.433    32.067     0.55    4.21
  -8603.092    32.094     0.09    4.40
  -8315.741    31.172    -3.21    5.45
  -8028.380    26.955   -14.68   11.76
  -7741.009    22.523   -15.42   14.86
  -7453.627    20.515    -6.99   15.41
  -7166.235    20.895     1.32   15.79
  -6878.832    21.256     1.26   15.81
  -6591.420    23.261     6.98   14.99
  -6303.996    25.866     9.06   12.78
  -6016.563    28.450     8.99    8.06
  -5729.119    29.767     4.58    4.43
  -5441.665    29.600    -0.58    4.03
  -5154.200    29.806     0.72    3.60
  -4866.725    28.594    -4.22    5.05
  -4579.240    25.198   -11.81    9.92
  -4291.744    20.833   -15.18   13.60
  -4004.238    15.272   -19.34   15.62
  -3716.722     8.896   -22.18   15.08
  -3429.195     2.401   -22.59   11.63
  -3141.658    -1.843   -14.76    6.70
  -2854.629    -4.284    -8.50    0.24
  -2569.209    -3.647     2.23    4.12
  -2283.779    -0.418    11.31   10.19
  -1998.341     3.636    14.20   13.00
  -1712.892     5.592     6.85   13.70
  -1427.435     6.619     3.60   13.96
  -1141.968     6.442    -0.62   13.94
   -856.491     5.402    -3.64   13.68
   -571.006     3.782    -5.67   12.87
   -285.510     1.508    -7.97   11.47
     -0.006     0.732    -2.72   11.09
    285.509     3.525     9.78   12.70
    571.032     4.410     3.10   13.08
    856.565     5.235     2.89   13.41
   1142.107     4.465    -2.70   13.17
   1427.659     1.852    -9.15   11.42
   1713.220    -0.140    -6.97    9.08
   1998.791    -1.842    -5.96    7.06
   2284.371    -4.167    -8.14    0.95
   2569.961    -4.313    -0.51    0.00
   2855.559    -4.313     0.00    0.00
   3141.168    -4.313     0.00    0.00
   3426.786    -4.313     0.00    0.00
   3712.413    -4.026     1.01    2.68
   3998.049    -3.203     2.88    5.30
   4283.696    -2.569     2.22    6.72
   4569.351    -2.190     1.33    7.38
   4855.016    -2.134     0.20    7.48
   5140.690    -2.256    -0.43    7.33
   5426.374    -3.350    -3.83    5.01
   5712.067    -4.313    -3.37    0.00
   5997.770    -4.313     0.00    0.00
   6283.482    -4.313     0.00    0.00
   6569.204    -4.313     0.00    0.00
   6854.935    -4.313     0.00    0.00
   7140.675    -4.313     0.00    0.00
   7426.425    -3.942     1.30    2.87
   7712.185    -2.444     5.24    7.45
   7997.954    -2.096     1.22    8.06
   8283.732     0.401     8.74   10.99
   8569.520     4.882    15.68   14.45
   8855.317     8.946    14.22   15.35
   9141.124    12.468    12.32   15.10
   9426.940    16.429    13.86   13.76
   9712.765    19.887    12.10   11.43
   9998.600    21.339     5.08    9.69
  10284.445    18.481   -10.00   11.86
  10570.299    14.148   -15.16   13.61
  10856.162     9.694   -15.58   13.78
  11142.035     6.384   -11.58   12.52
  11427.917     4.445    -6.78   10.81
  11713.809     3.260    -4.15    9.23
  11999.710     2.606    -2.29    8.57
  12285.621     3.881     4.46    9.31
  12571.541     4.560     2.37    9.96
  12857.471     6.230     5.84   10.39
  13143.410     6.513     0.99   11.23
  13429.359     6.507    -0.02   12.38
  13715.317     7.889     4.83   13.49
  14001.284    10.561     9.34   14.49
  14287.261    15.154    16.06   14.35
  14573.248    17.984     9.90   12.71
  14859.244    19.294     4.58   10.46
  15145.249    20.022     2.55    8.42
  15431.264    20.722     2.45    5.70
  15717.289    23.212     8.70    7.29
  16003.323    26.894    12.87   11.82
  16289.366    33.815    24.20   16.72
  16575.419    41.231    25.93   18.88
  16861.481    49.422    28.63   17.45
  17147.553    56.101    23.35   13.20
  17433.635    59.060    10.34   11.00
  17719.726    58.212    -2.96   14.05
  18005.826    54.331   -13.56   17.38
  18291.936    49.440   -17.09   19.51
  18578.055    45.600   -13.42   19.71
  18864.184    44.878    -2.53   17.76
  19150.322    43.315    -5.46   16.02
  19436.470    43.373     0.20   14.01
  19722.627    43.064    -1.08   12.37
  20008.794    42.394    -2.34   10.54
  20294.971    42.027    -1.28    7.33
  20581.156    43.052     3.58    5.50
  20867.352    44.574     5.32    5.62
  21153.557    46.731     7.54    5.86
  21439.771    48.701     6.88    5.70
  21725.995    49.808     3.87    4.94
  22012.228    49.621    -0.65    4.47
  22298.471    48.772    -2.97    5.17
  22584.723    47.537    -4.31    5.47
  22870.985    46.060    -5.16    5.44
  23157.257    44.914    -4.00    5.28
  23443.538    43.984    -3.25    6.52
  23729.828    43.476    -1.77    6.82
  24016.128    42.637    -2.93    7.74
  24302.438    40.642    -6.97    7.78
  24588.757    40.586    -0.20    7.84
  24875.085    41.022     1.52    8.03
  25161.423    41.709     2.40    8.65
  25447.771    44.715    10.50    8.86
  25734.128    45.479     2.67    8.20
  26020.494    45.329    -0.52    7.33
  26306.871    45.715     1.35    7.74
  26593.256    45.983     0.93    8.25
  26879.651    46.222     0.84    8.44
  27166.056    47.449     4.28    8.93
  27452.470    48.389     3.28    8.66
  27738.894    49.032     2.24    8.20
  28025.328    49.426     1.37    8.02
  28311.770    50.227     2.80    8.02
  28598.223    50.938     2.48    8.59
  28884.685    51.164     0.79   10.03
  29171.156    50.759    -1.42   10.00
  29457.637    52.808     7.15    9.68
  29744.128    54.113     4.56    9.62
  30030.628    54.898     2.74    9.24
  30317.138    54.986     0.31    8.59
  30603.657    55.084     0.34    7.66
  30890.186    55.394     1.08    6.99
  31176.724    55.326    -0.24    6.03
  31463.272    54.988    -1.18    5.87
  31749.829    54.458    -1.85    6.64
  32036.396    53.604    -2.98    6.86
  32322.973    53.915     1.08    7.30
  32609.559    55.462     5.40    9.10
  32896.154    57.501     7.12   11.12
  33182.760    59.744     7.83   12.19
  33469.374    63.440    12.90   11.67
  33755.999    67.924    15.64   11.15
  34042.632    72.915    17.41   10.61
  34329.276    76.568    12.74   10.98
  34615.929    78.830     7.89   12.03
  34902.591    81.543     9.46   13.16
  35189.264    86.694    17.97   13.18
  35475.945    91.433    16.53   13.53
  35762.636    96.737    18.50   13.56
  36049.337   102.575    20.37   11.97
  36336.048   107.429    16.93    8.44
  36622.768   111.076    12.72    7.13
  36909.497   113.650     8.98    6.81
  37196.236   116.187     8.85    7.26
  37482.985   119.398    11.20    7.82
  37769.743   122.144     9.58    8.53
  38056.511   125.216    10.71    8.39
  38343.288   128.894    12.83    8.30
  38630.075   132.377    12.15    7.25
  38916.872   134.781     8.38    5.04
  39203.678   135.716     3.26    4.98
  39490.494   137.296     5.51    6.13
  39777.319   139.583     7.97    7.88
  40064.154   141.996     8.41    9.37
  40350.999   143.701     5.94   11.80
  40637.853   146.429     9.51   13.66
  40924.716   149.295     9.99   15.40
  41211.590   152.551    11.35   15.35
  41498.472   155.627    10.72   14.61
  41785.365   157.179     5.41   14.49
  42072.267   157.216     0.13   15.27
  42359.179   158.818     5.58   16.01
  42646.100   160.244     4.97   16.72
  42933.031   163.138    10.09   17.87
  43219.971   167.487    15.15   18.01
  43506.921   169.996     8.75   16.65
  43793.881   170.796     2.79   14.30
  44080.850   171.802     3.50   12.74
  44367.829   172.281     1.67   11.21
  44654.817   172.635     1.23   10.96
  44941.815   174.122     5.18   11.27
  45228.823   175.414     4.50   10.67
  45515.840   177.068     5.76   10.04
  45802.867   178.915     6.44    8.45
  46089.904   180.370     5.07    7.13
  46376.950   183.104     9.52    6.99
  46664.006   185.831     9.50    7.52
  46951.071   188.301     8.60    8.06
  47238.146   190.974     9.31    8.52
  47525.230   192.687     5.96    8.00
  47812.325   194.329     5.72    7.04
  48099.428   195.637     4.56    6.16
  48386.542   196.501     3.01    6.63
  48673.665   195.887    -2.14    7.57
  48960.798   195.601    -1.00    8.19
  49247.940   195.462    -0.48    8.92
  49535.092   194.391    -3.73   10.31
  49822.253   193.358    -3.60   10.69
  50109.425   192.087    -4.43   10.54
  50396.605   189.743    -8.16   12.46
  50683.796   187.324    -8.42   13.84
  50970.996   185.049    -7.92   15.22
  51258.206   182.006   -10.60   15.46
  51545.425   179.522    -8.65   14.54
  51832.654   177.651    -6.51   13.68
  52119.893   175.438    -7.70   11.75
  52407.141   174.924    -1.79   10.29
  52694.399   175.022     0.34    9.30
  52981.667   175.289     0.93    7.84
  53268.944   177.402     7.35    8.85
  53556.231   179.975     8.96    9.28
  53843.527   183.723    13.05    9.72
  54130.833   187.921    14.61    9.45
  54418.149   192.365    15.47    9.04
  54705.474   196.375    13.96    8.67
  54992.810   199.644    11.38    9.72
  55280.154   201.679     7.08   10.08
  55567.509   203.020     4.67    9.59
  55854.873   202.758    -0.91    9.72
  56142.246   201.294    -5.09   10.75
  56429.630   198.571    -9.47   12.34
  56717.023   196.079    -8.67   12.29
  57004.425   193.227    -9.92   10.25
  57291.838   190.312   -10.14    9.36
  57579.260   188.411    -6.61    8.31
  57866.691   187.882    -1.84    7.11
  58154.133   187.095    -2.74    6.40
  58441.584   186.938    -0.54    5.69
  58729.044   187.068     0.45    5.42
  59015.921   187.382     1.09    5.03
  59301.412   186.826    -1.95    4.88
  59586.912   186.348    -1.68    4.80
  59872.421   185.687    -2.32    4.84
  60157.938   185.016    -2.35    5.13
