-183471.055   159.118     0.00    8.94
-183183.147   159.373     0.89    9.30
-182895.258   159.913     1.88    9.08
-182607.388   160.724     2.82    8.98
-182319.536   161.344     2.15    8.82
-182031.703   162.885     5.36    7.56
-181743.889   164.633     6.07    5.24
-181456.093   164.779     0.51    4.08
-181168.315   165.169     1.36    3.16
-180880.556   164.608    -1.95    3.88
-180592.816   162.469    -7.43    6.07
-180305.094   159.226   -11.27    8.77
-180017.391   155.473   -13.05    9.51
-179729.706   153.225    -7.81    8.73
-179442.040   151.358    -6.49    8.07
-179154.392   149.954    -4.88    7.32
-178866.763   149.668    -0.99    6.96
-178579.152   150.905     4.30    6.83
-178291.560   152.046     3.96    5.83
-178003.986   152.146     0.35    5.47
-177716.431   150.860    -4.47    6.26
-177428.894   148.852    -6.98    8.40
-177141.376   146.373    -8.62   10.25
-176853.877   144.159    -7.70   11.04
-176566.395   142.850    -4.56   10.94
-176278.933   142.904     0.19   10.00
-175991.488   143.260     1.24    9.41
-175704.063   144.514     4.36    8.11
-175416.655   145.922     4.90    6.99
-175129.267   146.975     3.66    6.73
-174841.896   146.846    -0.45    7.12
-174554.544   144.829    -7.02    7.51
-174267.211   141.730   -10.79    8.13
-173979.896   137.932   -13.22    8.86
-173692.600   134.699   -11.25    9.63
-173405.321   134.046    -2.27    9.38
-173118.062   134.340     1.02    8.84
-172830.821   135.654     4.58    8.98
-172543.598   138.579    10.18    8.65
-172256.393   141.397     9.81    8.73
-171969.207   145.759    15.19    8.31
-171682.040   149.187    11.94    8.24
-171394.891   152.959    13.14    9.04
-171107.760   156.402    11.99    9.55
-170820.648   159.950    12.36    9.50
-170533.554   163.241    11.46    9.03
-170246.478   165.377     7.44    7.70
-169959.421   166.687     4.57    6.41
-169672.383   166.383    -1.06    5.98
-169385.362   164.943    -5.02    6.71
-169098.360   163.028    -6.67    6.78
-168811.377   160.956    -7.22    5.85
-168524.411   159.846    -3.87    5.07
-168237.465   159.358    -1.70    5.21
-167950.536   160.731     4.79    7.01
-167663.626   161.926     4.17    8.79
-167376.734   162.137     0.73    9.94
-167089.861   163.137     3.49   12.16
-166803.006   162.992    -0.51   15.03
-166516.169   161.792    -4.18   15.58
-166229.351   162.798     3.51   15.21
-165942.550   164.087     4.50   14.47
-165655.769   167.362    11.42   15.55
-165369.005   171.482    14.37   16.31
-165082.260   177.628    21.44   18.24
-164795.533   183.944    22.03   17.54
-164508.825   189.704    20.09   15.54
-164222.135   193.424    12.98   13.86
-163935.463   195.013     5.54   12.08
-163648.809   196.496     5.17   10.08
-163362.174   197.437     3.29    8.15
-163075.557   197.152    -0.99    7.24
-162788.958   196.421    -2.55    6.45
-162502.378   196.213    -0.72    5.30
-162215.816   195.999    -0.75    5.38
-161929.272   195.813    -0.65    5.04
-161642.747   194.443    -4.78    6.02
-161356.239   193.705    -2.57    6.57
-161069.750   194.926     4.26    8.24
-160783.279   196.707     6.22    9.65
-160496.827   199.846    10.96   11.87
-160210.393   202.654     9.80   13.29
-159923.977   206.021    11.76   12.92
-159637.579   209.494    12.13   10.19
-159351.199   211.332     6.42    7.86
-159064.838   211.443     0.39    7.57
-158778.495   210.023    -4.96    7.90
-158492.170   208.128    -6.62    8.00
-158205.863   205.696    -8.50    7.04
-157919.575   203.507    -7.64    5.87
-157633.305   201.169    -8.17    5.66
-157347.053   199.373    -6.28    6.02
-157060.819   198.146    -4.29    6.27
-156774.603   198.153     0.02    6.67
-156488.406   197.877    -0.96    6.70
-156202.227   198.704     2.89    7.61
-155916.066   200.079     4.81    8.34
-155629.923   201.793     5.99    8.53
-155343.798   204.525     9.55    7.26
-155057.692   207.234     9.47    6.98
-154771.604   210.580    11.70    7.32
-154485.534   213.742    11.05    9.01
-154199.482   217.462    13.00   10.97
-153913.448   221.220    13.14   12.01
-153627.432   225.037    13.35   10.86
-153341.435   228.335    11.53    9.96
-153055.455   230.112     6.21    8.64
-152769.494   231.212     3.85    7.36
-152483.551   231.579     1.28    5.91
-152197.626   230.392    -4.15    5.96
-151911.719   228.571    -6.37    6.96
-151625.831   224.843   -13.04    9.32
-151339.960   221.063   -13.23   10.46
-151054.108   217.968   -10.83   10.91
-150768.274   215.507    -8.61   10.66
-150482.457   213.765    -6.10    9.90
-150196.659   211.830    -6.77    9.03
-149910.879   209.843    -6.95    8.77
-149625.118   207.884    -6.86    8.67
-149339.374   206.679    -4.22    8.45
-149053.648   207.272     2.08    8.57
-148767.940   208.391     3.92    8.54
-148482.251   209.956     5.48    8.62
-148196.580   211.923     6.88    7.69
-147910.926   213.709     6.25    6.96
-147625.291   215.120     4.94    5.97
-147339.674   214.501    -2.17    5.94
-147054.075   212.956    -5.41    5.69
-146768.493   210.707    -7.88    5.70
-146482.930   208.562    -7.51    6.34
-146197.385   206.981    -5.54    6.60
-145911.858   206.342    -2.24    7.21
-145626.350   205.415    -3.25    6.84
-145340.859   205.765     1.23    6.88
-145055.386   205.258    -1.78    7.81
-144769.931   203.400    -6.51    9.31
-144484.494   201.629    -6.21    9.43
-144199.076   200.193    -5.03    8.89
-143913.675   198.751    -5.05    8.31
-143628.292   198.279    -1.65    7.10
-143342.927   197.717    -1.97    5.69
-143057.581   198.600     3.09    4.58
-142772.252   199.346     2.61    3.66
-142486.941   199.479     0.47    3.31
-142201.649   199.546     0.23    3.39
-141916.374   200.054     1.78    4.05
-141631.117   200.803     2.63    5.01
-141345.879   201.596     2.78    5.74
-141060.658   201.923     1.15    7.27
-140775.455   201.933     0.04    8.19
-140490.270   202.162     0.80    8.67
-140205.103   201.987    -0.61    9.75
-139919.955   201.760    -0.80    9.88
-139634.824   201.501    -0.91   10.18
-139349.711   201.504     0.01    9.82
-139064.616   202.983     5.19    9.10
-138779.539   204.416     5.03    8.01
-138494.479   206.746     8.17    7.16
-138209.438   210.154    11.96    6.67
-137924.415   212.831     9.39    6.17
-137639.410   214.409     5.54    6.10
-137354.422   214.919     1.79    7.17
-137069.453   215.926     3.54    7.94
-136784.501   217.154     4.31    8.72
-136499.568   218.454     4.56    9.07
-136214.652   220.856     8.43    9.24
-135929.754   221.729     3.06    8.12
-135644.874   220.646    -3.80    9.85
-135360.012   217.765   -10.12   12.49
-135075.168   215.029    -9.60   12.82
-134790.342   213.196    -6.44   12.27
-134505.534   213.920     2.54   12.95
-134220.743   216.217     8.07   14.72
-133935.971   220.249    14.16   15.19
-133651.216   224.596    15.27   12.46
-133366.479   227.451    10.03    9.11
-133080.388   228.471     3.56    7.77
-132791.684   229.120     2.25    7.58
-132503.000   229.046    -0.26    7.47
-132214.334   228.003    -3.62    7.69
-131925.688   228.696     2.40    7.76
-131637.060   228.176    -1.80    7.67
-131348.452   227.005    -4.06    7.83
-131059.863   224.368    -9.14    8.45
-130771.294   220.251   -14.27    8.90
-130482.743   216.704   -12.30    9.26
-130194.212   212.562   -14.36    8.81
-129905.700   208.906   -12.68    7.22
-129617.206   206.705    -7.63    5.53
-129328.733   205.757    -3.29    5.47
-129040.278   206.062     1.06    6.25
-128751.842   207.792     6.00    7.48
-128463.425   208.379     2.03    7.56
-128175.028   207.946    -1.50    7.88
-127886.650   206.879    -3.70    8.99
-127598.290   203.754   -10.84   10.81
-127309.950   200.037   -12.89   11.69
-127021.629   194.321   -19.83   12.47
-126733.327   189.216   -17.71    9.92
-126445.045   185.922   -11.43    7.30
-126156.781   184.517    -4.87    5.69
-125868.536   185.534     3.53    6.87
-125580.311   188.228     9.35    9.00
-125292.104   192.171    13.68   10.24
-125003.917   196.154    13.82    9.08
-124715.748   197.910     6.09    7.42
-124427.599   197.325    -2.03    8.59
-124139.469   193.983   -11.60    9.57
-123851.358   189.161   -16.74   10.86
-123563.266   183.871   -18.36   11.25
-123275.193   178.541   -18.50   11.02
-122987.139   173.852   -16.28    9.27
-122699.104   170.030   -13.27    8.15
-122411.088   166.968   -10.63    6.93
-122123.091   164.045   -10.15    5.93
-121835.113   162.264    -6.19    5.55
-121547.154   161.112    -4.00    5.82
-121259.214   160.070    -3.62    5.86
-120971.293   157.762    -8.02    6.54
-120683.391   155.443    -8.06    6.97
-120395.508   152.816    -9.13    6.80
-120107.645   150.448    -8.22    5.70
-119819.800   148.975    -5.12    4.53
-119531.974   147.579    -4.85    3.08
-119244.167   147.130    -1.56    2.55
-118956.379   147.747     2.14    3.44
-118668.610   149.112     4.74    4.84
-118380.860   150.612     5.21    5.44
-118093.129   152.253     5.70    5.59
-117805.417   154.280     7.05    5.80
-117517.724   156.941     9.25    5.93
-117230.050   159.978    10.56    6.01
-116942.395   161.868     6.57    5.78
-116654.759   163.202     4.64    5.88
-116367.141   164.285     3.76    5.67
-116079.543   164.738     1.58    5.08
-115791.964   164.261    -1.66    4.86
-115504.403   162.474    -6.22    5.10
-115216.862   160.663    -6.30    5.82
-114929.339   159.087    -5.48    5.62
-114641.835   157.663    -4.95    4.90
-114354.350   156.087    -5.48    4.48
-114066.884   155.031    -3.67    4.83
-113779.437   153.660    -4.77    5.03
-113492.009   152.061    -5.57    5.04
-113204.600   150.596    -5.10    5.29
-112917.210   148.887    -5.95    4.92
-112629.838   147.147    -6.06    4.23
-112342.486   146.233    -3.18    4.63
-112055.152   145.681    -1.92    5.44
-111767.837   145.348    -1.16    6.55
-111480.541   144.137    -4.21    6.55
-111193.264   142.928    -4.21    6.41
-110906.006   141.241    -5.87    5.23
-110618.767   139.595    -5.73    3.54
-110331.546   138.383    -4.22    4.10
-110044.344   136.866    -5.28    5.07
-109757.161   136.617    -0.87    5.31
-109469.997   136.420    -0.68    5.69
-109182.852   136.497     0.27    5.72
-108895.726   135.815    -2.38    5.39
-108608.618   135.711    -0.36    5.54
-108321.530   135.039    -2.34    5.94
-108034.460   133.943    -3.82    6.64
-107747.409   131.600    -8.16    6.59
-107460.376   128.815    -9.70    5.68
-107173.363   126.530    -7.96    4.83
-106886.368   124.805    -6.01    3.74
-106599.392   123.557    -4.35    2.65
-106312.435   122.915    -2.24    2.71
-106025.497   122.517    -1.39    2.79
-105738.577   122.232    -0.99    2.63
-105451.677   122.071    -0.56    2.64
-105164.795   121.794    -0.97    2.81
-104877.931   121.646    -0.52    3.25
-104591.087   121.534    -0.39    3.77
-104304.261   121.547     0.05    3.96
-104017.454   121.300    -0.86    4.01
-103730.666   120.587    -2.49    4.01
-103443.897   119.707    -3.07    3.68
-103157.146   119.054    -2.28    3.14
-102870.414   118.417    -2.22    2.95
-102583.701   117.551    -3.02    2.98
-102297.006   116.731    -2.86    2.41
-102010.330   116.095    -2.22    2.15
-101723.673   115.571    -1.83    2.11
-101437.035   115.636     0.23    2.19
-101150.415   115.600    -0.13    2.65
-100863.814   115.731     0.46    2.69
-100577.232   116.029     1.04    3.00
-100290.668   116.096     0.23    3.33
-100004.124   116.367     0.95    3.79
 -99717.597   117.023     2.29    4.82
 -99431.090   117.501     1.67    5.80
 -99144.601   117.736     0.82    6.04
 -98858.131   117.512    -0.78    6.24
 -98571.680   116.725    -2.75    7.43
 -98285.247   116.356    -1.29    7.03
 -97998.833   116.163    -0.67    7.02
 -97712.437   117.387     4.27    7.47
 -97426.060   120.521    10.94    9.06
 -97139.702   125.296    16.68   11.77
 -96853.363   131.489    21.63   13.72
 -96567.042   137.701    21.70   14.89
 -96280.740   144.121    22.43   14.33
 -95994.456   151.012    24.07   12.54
 -95708.191   156.399    18.82   11.12
 -95421.945   160.668    14.91    9.60
 -95135.717   164.548    13.56    8.90
 -94849.508   166.986     8.52    7.78
 -94563.317   168.070     3.79    7.03
 -94277.146   168.462     1.37    8.31
 -93990.992   167.871    -2.07   10.61
 -93704.858   166.486    -4.84   12.16
 -93418.742   165.026    -5.10   13.04
 -93132.644   163.112    -6.69   13.39
 -92846.565   161.391    -6.02   12.89
 -92560.505   160.121    -4.44   11.89
 -92274.463   158.987    -3.96    8.81
 -91988.440   160.996     7.03    9.63
 -91702.435   166.440    19.03   14.20
 -91416.449   174.596    28.52   17.33
 -91130.482   183.507    31.16   18.35
 -90844.533   191.534    28.07   17.38
 -90558.603   197.583    21.16   13.46
 -90272.691   198.393     2.83   11.32
 -89986.797   196.243    -7.52   13.97
 -89700.923   192.137   -14.36   16.15
 -89415.067   187.196   -17.29   16.37
 -89129.229   184.022   -11.11   14.28
 -88843.410   181.212    -9.83   13.08
 -88557.609   182.717     5.27   14.65
 -88271.827   190.407    26.91   22.52
 -87986.064   200.796    36.35   30.00
 -87700.318   212.188    39.87   33.65
 -87414.592   223.883    40.93   33.27
 -87128.884   234.730    37.97   29.12
 -86843.194   246.180    40.08   19.06
 -86557.523   254.485    29.07    8.85
 -86271.871   256.299     6.35    7.69
 -85986.237   256.071    -0.80    7.60
 -85700.621   254.637    -5.02    8.81
 -85415.024   251.521   -10.91   10.93
 -85129.445   248.459   -10.72   11.83
 -84843.885   244.279   -14.64   10.54
 -84558.343   240.282   -14.00    8.51
 -84272.820   236.856   -12.00    7.10
 -83987.315   233.667   -11.17    5.26
 -83701.829   230.944    -9.54    4.80
 -83416.361   229.391    -5.44    5.55
 -83130.912   227.446    -6.81    5.87
 -82845.481   225.316    -7.46    5.96
 -82560.068   223.071    -7.86    6.30
 -82274.674   221.471    -5.61    6.48
 -81989.298   220.696    -2.72    6.40
 -81703.941   220.230    -1.63    5.99
 -81418.602   220.954     2.54    6.49
 -81133.281   222.680     6.05    7.73
 -80847.979   224.768     7.32    8.85
 -80562.696   227.722    10.36   10.11
 -80277.431   231.206    12.21   11.29
 -79992.184   237.087    20.62   12.14
 -79706.955   240.984    13.66   10.80
 -79421.745   243.344     8.27    8.36
 -79136.553   244.377     3.63    7.03
 -78851.380   244.195    -0.64    6.65
 -78566.225   242.887    -4.59    7.05
 -78281.089   240.852    -7.14    7.18
 -77995.971   238.440    -8.46    5.63
 -77710.871   237.012    -5.01    4.88
 -77425.789   235.856    -4.06    4.62
 -77140.726   234.138    -6.03    4.31
 -76855.681   233.301    -2.94    4.52
 -76570.655   232.815    -1.71    4.76
 -76285.647   232.578    -0.83    4.99
 -76000.657   233.233     2.30    7.06
 -75715.686   234.202     3.40    8.74
 -75430.733   235.570     4.80    9.92
 -75145.798   237.279     6.00   10.50
 -74860.882   239.205     6.76   10.37
 -74575.984   241.112     6.70   10.27
 -74291.104   242.818     5.99   10.33
 -74006.242   243.571     2.64    9.65
 -73721.399   243.659     0.31    8.13
 -73436.574   244.477     2.87    7.85
 -73151.768   245.620     4.02    7.24
 -72866.980   245.637     0.06    6.84
 -72582.210   244.794    -2.96    6.73
 -72297.458   243.781    -3.55    7.06
 -72012.724   242.235    -5.43    7.35
 -71728.009   239.604    -9.24    8.17
 -71443.312   236.712   -10.16    9.02
 -71156.727   234.479    -7.79    9.32
 -70867.974   233.574    -3.13    9.29
 -70579.242   234.514     3.26   11.00
 -70290.529   236.212     5.88   12.91
 -70001.835   238.604     8.28   12.88
 -69713.161   241.871    11.32   11.73
 -69424.507   245.071    11.09    9.73
 -69135.872   246.512     4.99    6.99
 -68847.257   245.371    -3.96    6.23
 -68558.661   243.250    -7.35    7.21
 -68270.085   242.413    -2.90    8.57
 -67981.529   243.087     2.34   10.53
 -67692.992   243.680     2.05   11.71
 -67404.475   246.147     8.55   13.98
 -67115.977   251.171    17.41   17.25
 -66827.498   257.860    23.19   17.44
 -66539.040   264.871    24.30   15.69
 -66250.601   269.595    16.38   15.59
 -65962.181   273.227    12.59   13.42
 -65673.781   275.976     9.53    9.99
 -65385.400   275.549    -1.48    8.88
 -65097.039   271.868   -12.77   11.43
 -64808.697   266.364   -19.09   14.74
 -64520.375   259.664   -23.24   17.26
 -64232.073   250.021   -33.45   18.66
 -63943.790   243.251   -23.48   17.10
 -63655.526   239.768   -12.09   15.58
 -63367.282   239.316    -1.57   16.04
 -63079.057   241.804     8.63   17.31
 -62790.852   246.919    17.75   18.49
 -62502.666   253.480    22.77   16.18
 -62214.500   260.394    24.00   10.32
 -61926.353   263.768    11.71    5.49
 -61638.226   264.262     1.72    4.95
 -61350.118   262.544    -5.97    5.74
 -61062.030   259.333   -11.14    7.17
 -60773.961   255.169   -14.46    9.32
 -60485.911   251.578   -12.47   10.62
 -60197.881   247.232   -15.09   12.38
 -59909.871   243.514   -12.91   13.33
 -59621.879   240.171   -11.61   13.78
 -59333.908   237.675    -8.67   15.32
 -59045.955   234.506   -11.01   17.39
 -58758.022   232.393    -7.34   19.04
 -58470.109   230.655    -6.04   18.80
 -58182.215   229.255    -4.86   18.79
 -57894.340   229.112    -0.50   19.52
 -57606.485   229.180     0.23   19.11
 -57318.649   229.968     2.74   18.08
 -57030.832   228.400    -5.45   20.14
 -56743.035   222.071   -21.99   27.32
 -56455.257   212.317   -33.90   36.35
 -56167.499   200.992   -39.36   40.72
 -55879.760   185.348   -54.37   45.06
 -55592.040   167.399   -62.38   44.57
 -55304.340   150.816   -57.64   37.52
 -55016.659   133.924   -58.72   23.83
 -54728.997   127.776   -21.37   16.03
 -54441.355   127.768    -0.03   18.25
 -54153.732   133.877    21.24   26.73
 -53866.128   140.969    24.66   32.55
 -53578.544   148.096    24.78   35.41
 -53290.979   157.518    32.77   38.08
 -53003.433   161.471    13.75   37.88
 -52715.907   163.773     8.01   38.28
 -52428.400   161.534    -7.79   37.05
 -52140.912   159.138    -8.33   33.82
 -51853.444   156.821    -8.06   29.80
 -51565.995   159.391     8.94   28.22
 -51278.565   164.516    17.83   30.42
 -50991.155   171.078    22.83   35.97
 -50703.763   182.271    38.95   43.32
 -50416.391   194.385    42.16   49.29
 -50129.039   208.957    50.71   51.74
 -49841.705   221.449    43.47   48.49
 -49554.391   229.779    28.99   47.51
 -49267.096   239.272    33.04   46.37
 -48979.821   251.779    43.54   43.27
 -48692.565   261.384    33.44   38.42
 -48405.327   268.571    25.02   36.17
 -48118.110   279.993    39.77   37.80
 -47830.911   294.454    50.36   39.80
 -47543.732   303.046    29.92   40.20
 -47256.572   311.628    29.89   36.31
 -46969.431   319.130    26.12   31.43
 -46682.309   324.227    17.75   26.45
 -46395.207   327.760    12.31   18.76
 -46108.123   324.155   -12.56   14.28
 -45821.059   317.717   -22.43   10.27
 -45534.014   312.988   -16.48   11.11
 -45246.989   308.137   -16.90   12.81
 -44959.982   302.011   -21.35   14.34
 -44672.995   295.239   -23.59   14.89
 -44386.027   288.848   -22.27   14.70
 -44099.078   283.078   -20.11   12.84
 -43812.149   276.471   -23.03   10.72
 -43525.238   270.871   -19.52    9.97
 -43238.347   265.987   -17.02    9.88
 -42951.475   261.655   -15.10    9.76
 -42664.622   257.793   -13.46   10.10
 -42377.788   254.371   -11.93    9.48
 -42090.973   251.796    -8.98    8.79
 -41804.178   250.492    -4.55    7.53
 -41517.401   249.437    -3.68    6.47
 -41230.644   248.738    -2.44    5.76
 -40943.906   247.771    -3.37    6.04
 -40657.187   244.275   -12.19    8.36
 -40370.487   239.787   -15.65   10.20
 -40083.806   235.612   -14.56   11.64
 -39797.144   232.409   -11.18   13.37
 -39510.502   228.571   -13.39   14.47
 -39223.878   225.163   -11.89   16.26
 -38937.274   222.035   -10.91   17.67
 -38650.689   217.759   -14.92   16.97
 -38364.123   214.921    -9.91   17.98
 -38077.576   210.960   -13.82   17.04
 -37791.048   208.414    -8.88   14.86
 -37504.539   208.879     1.62   15.23
 -37218.049   211.958    10.75   17.28
 -36931.578   217.309    18.68   19.52
 -36645.127   222.890    19.48   19.93
 -36358.694   229.735    23.90   17.67
 -36072.281   236.881    24.95   13.64
 -35785.886   241.940    17.67   11.09
 -35499.511   245.973    14.08    8.97
 -35213.154   249.112    10.96    8.24
 -34926.817   250.078     3.37    6.87
 -34640.499   250.380     1.05    6.89
 -34354.199   249.571    -2.83    7.57
 -34067.919   247.333    -7.82   10.34
 -33781.658   242.062   -18.41   15.13
 -33495.416   236.985   -17.74   18.06
 -33209.192   230.499   -22.66   21.47
 -32922.988   221.967   -29.81   24.05
 -32636.803   211.130   -37.87   25.35
 -32350.637   200.550   -36.97   25.10
 -32064.490   188.062   -43.64   24.02
 -31778.362   176.218   -41.39   21.44
 -31492.252   169.304   -24.17   18.02
 -31206.162   166.194   -10.87   15.36
 -30920.091   166.488     1.03   17.65
 -30634.039   174.061    26.47   23.15
 -30348.005   184.297    35.79   27.60
 -30061.991   198.310    49.00   29.10
 -29775.996   210.768    43.56   26.67
 -29490.019   221.014    35.83   24.93
 -29204.062   227.571    22.93   22.47
 -28918.123   230.412     9.93   20.22
 -28632.204   233.897    12.19   18.93
 -28346.303   236.037     7.49   17.21
 -28060.421   238.112     7.26   15.49
 -27774.559   239.962     6.47   13.16
 -27488.715   240.163     0.70   10.96
 -27202.890   238.465    -5.94   10.66
 -26917.084   235.733    -9.56   12.97
 -26631.297   229.514   -21.76   15.73
 -26345.529   222.362   -25.03   17.75
 -26059.779   212.960   -32.90   17.75
 -25774.049   203.138   -34.37   17.79
 -25488.337   195.421   -27.01   16.38
 -25202.645   188.608   -23.85   14.11
 -24916.971   184.018   -16.07   12.20
 -24631.316   178.865   -18.04   12.97
 -24345.680   177.286    -5.53   14.90
 -24060.063   176.443    -2.95   16.54
 -23774.465   176.707     0.93   17.11
 -23488.886   178.468     6.16   17.56
 -23203.325   181.494    10.60   16.92
 -22917.784   184.018     8.84   15.42
 -22632.261   186.933    10.21   13.61
 -22346.757   187.325     1.37   12.93
 -22061.272   187.646     1.12   13.66
 -21775.806   187.034    -2.14   14.30
 -21490.359   185.633    -4.91   15.24
 -21204.930   183.426    -7.73   14.40
 -20919.520   179.685   -13.11   12.92
 -20634.129   178.578    -3.88   12.33
 -20348.757   179.244     2.34   13.62
 -20063.404   179.129    -0.40   16.24
 -19778.070   176.860    -7.95   19.69
 -19492.754   172.354   -15.79   22.12
 -19207.457   167.331   -17.61   23.48
 -18922.179   161.805   -19.37   24.23
 -18636.920   152.750   -31.74   22.94
 -18351.679   146.825   -20.77   23.21
 -18066.457   140.146   -23.42   23.34
 -17781.255   133.768   -22.36   23.04
 -17496.070   130.596   -11.12   22.56
 -17210.905   128.669    -6.75   23.04
 -16925.758   126.475    -7.70   23.06
 -16640.631   125.248    -4.30   22.37
 -16355.521   123.429    -6.38   21.36
 -16070.431   119.037   -15.41   20.37
 -15785.359   113.207   -20.45   20.36
 -15500.307   108.187   -17.61   19.56
 -15215.273   104.179   -14.06   17.76
 -14930.257   102.156    -7.10   17.86
 -14645.260   102.655     1.75   22.36
 -14360.283   106.310    12.83   27.52
 -14075.323   113.664    25.81   31.66
 -13790.383   120.914    25.44   34.35
 -13505.461   128.019    24.94   34.57
 -13220.558   134.824    23.89   34.19
 -12935.674   142.457    26.79   32.38
 -12650.808   151.771    32.70   27.16
 -12365.961   159.406    26.81   22.62
 -12081.133   164.725    18.67   19.30
 -11796.323   168.018    11.57   16.75
 -11511.532   169.364     4.73   17.08
 -11226.760   167.273    -7.34   18.83
 -10942.007   164.319   -10.37   21.04
 -10657.272   159.743   -16.07   22.07
 -10372.556   153.410   -22.24   23.06
 -10087.858   147.951   -19.17   22.66
  -9803.179   141.052   -24.24   22.28
  -9518.519   133.678   -25.91   20.50
  -9231.403   128.773   -17.08   18.44
  -8942.612   125.061   -12.86   17.24
  -8653.841   121.608   -11.96   15.92
  -8365.090   117.509   -14.20   15.45
  -8076.360   112.960   -15.76   16.01
  -7787.649   108.914   -14.01   16.00
  -7498.958   104.344   -15.83   15.30
  -7210.287    99.129   -18.07   14.40
  -6921.636    93.612   -19.11   15.41
  -6633.005    88.009   -19.41   14.74
  -6344.394    83.346   -16.16   14.64
  -6055.803    79.429   -13.57   13.96
  -5767.232    76.000   -11.88   12.13
  -5478.681    73.242    -9.56   12.08
  -5190.150    72.137    -3.83   13.18
  -4901.638    71.129    -3.50   13.87
  -4613.147    69.813    -4.56   13.98
  -4324.675    69.313    -1.74   12.56
  -4036.224    72.877    12.36   13.91
  -3747.792    77.314    15.38   16.48
  -3459.380    82.477    17.90   18.85
  -3170.989    90.027    26.18   20.72
  -2882.617    97.848    27.12   20.42
  -2594.265   107.087    32.04   16.50
  -2305.932   114.860    26.96   11.62
  -2017.620   119.223    15.13    9.70
  -1729.328   119.229     0.02   10.58
  -1441.055   113.206   -20.89   22.45
  -1152.803    96.565   -57.73   41.36
   -864.570    76.490   -69.65   51.08
   -576.357    53.914   -78.33   52.21
   -288.164    32.506   -74.28   44.54
      0.010    12.966   -67.81   29.78
    288.163     2.972   -34.68   15.54
    576.297    -2.053   -17.44    3.30
    864.410    -1.247     2.80    3.63
   1152.504     0.882     7.39    5.27
   1440.578     2.998     7.35    6.13
   1728.632     5.850     9.90    6.66
   2016.667     8.802    10.25    6.39
   2304.682    12.001    11.11    5.54
   2592.676    14.612     9.07    5.43
   2880.651    17.856    11.26    6.26
   3168.607    21.061    11.13    7.10
   3456.542    25.482    15.35    8.65
   3744.458    30.421    17.15   10.33
   4032.354    36.768    22.05   13.02
   4320.230    45.104    28.96   15.87
   4608.086    53.846    30.37   18.23
   4895.923    63.368    33.08   19.90
   5183.739    74.914    40.12   22.68
   5471.537    88.061    45.68   23.87
   5759.314   102.296    49.46   26.77
   6047.071   116.566    49.59   28.09
   6334.809   130.190    47.35   28.10
   6622.527   145.319    52.58   26.21
   6910.226   159.680    49.92   25.02
   7197.904   173.012    46.34   24.11
   7485.563   185.488    43.37   22.69
   7773.202   196.509    38.31   22.40
   8060.822   206.170    33.59   22.05
   8348.421   215.446    32.25   20.61
   8636.001   223.937    29.53   19.23
   8923.562   230.224    21.86   16.16
   9211.102   234.649    15.39   13.92
   9498.623   237.785    10.91   11.14
   9786.124   237.719    -0.23   10.74
  10073.606   233.909   -13.25   14.11
  10361.068   227.028   -23.94   16.15
  10648.510   219.565   -25.96   16.02
  10935.933   211.268   -28.87   17.05
  11223.335   203.205   -28.05   17.38
  11510.719   195.904   -25.40   17.32
  11798.082   190.659   -18.25   15.21
  12085.426   186.018   -16.15   13.71
  12372.750   183.937    -7.24   13.75
  12660.055   182.860    -3.75   13.08
  12947.340   183.779     3.20   12.21
  13234.605   183.570    -0.73   11.97
  13521.851   182.762    -2.81   12.77
  13809.077   180.751    -7.00   14.65
  14096.284   179.025    -6.01   16.97
  14383.470   176.512    -8.75   19.27
  14670.638   170.448   -21.12   22.67
  14957.785   161.704   -30.45   28.88
  15244.913   147.233   -50.40   34.47
  15532.022   142.120   -17.81   35.91
  15819.111   138.254   -13.47   36.41
  16106.180   137.699    -1.93   34.81
  16393.230   140.711    10.49   37.64
  16680.260   151.779    38.56   39.57
  16967.270   165.947    49.36   36.59
  17254.261   180.647    51.22   29.11
  17541.233   191.104    36.44   25.82
  17828.185   202.663    40.28   21.11
  18115.117   212.409    33.97   17.90
  18402.030   219.673    25.32   16.23
  18688.923   224.277    16.05   12.97
  18975.797   225.906     5.68   10.62
  19262.651   224.514    -4.85   12.00
  19549.485   219.871   -16.19   15.76
  19836.301   212.302   -26.39   21.55
  20123.096   199.980   -42.97   28.75
  20409.872   188.052   -41.59   31.62
  20696.629   175.017   -45.46   32.81
  20983.366   166.014   -31.40   33.12
  21270.083   153.596   -43.31   35.06
  21556.781   140.376   -46.11   38.19
  21843.460   126.894   -47.03   39.10
  22130.119   125.846    -3.66   40.45
  22416.759   132.994    24.94   45.02
  22703.379   140.911    27.62   48.15
  22989.979   154.885    48.76   48.53
  23276.560   172.596    61.80   46.48
  23563.122   193.165    71.78   34.19
  23849.664   209.869    58.30   16.56
  24136.187   217.289    25.90   13.08
  24422.690   224.507    25.19   14.90
  24709.174   231.730    25.21   16.93
  24995.639   241.668    34.69   17.05
  25282.084   248.894    25.23   15.37
  25568.509   254.163    18.40   12.84
  25854.915   255.806     5.73   10.04
  26141.302   254.392    -4.94   11.56
  26427.669   249.154   -18.29   15.40
  26714.017   240.765   -29.30   18.95
  27000.346   228.882   -41.50   21.78
  27286.655   216.796   -42.21   23.20
  27572.945   208.036   -30.60   19.62
  27859.215   204.621   -11.93   17.05
  28145.466   205.965     4.69   18.44
  28431.697   213.087    24.88   23.85
  28717.909   221.985    31.09   27.35
  29004.102   234.451    43.56   28.66
  29290.275   247.875    46.91   25.91
  29576.429   257.848    34.85   22.08
  29862.564   264.386    22.85   17.82
  30148.679   268.850    15.60   13.02
  30434.775   269.130     0.98   11.93
  30720.852   266.443    -9.39   13.57
  31006.909   261.208   -18.30   14.06
  31292.947   256.113   -17.81   12.81
  31578.965   252.350   -13.16   11.93
  31864.964   250.909    -5.04   13.05
  32150.944   251.574     2.33   13.69
  32436.905   252.742     4.08   14.13
  32722.846   255.153     8.43   14.35
  33008.768   255.960     2.82   14.85
  33294.670   255.706    -0.89   16.57
  33580.554   256.027     1.12   20.46
  33866.418   252.205   -13.37   25.48
  34152.262   245.043   -25.05   30.73
  34438.088   238.819   -21.77   33.09
  34723.894   233.926   -17.12   33.33
  35009.681   229.104   -16.87   33.65
  35295.448   223.771   -18.66   33.68
  35581.197   214.147   -33.68   34.02
  35866.926   200.037   -49.38   36.55
  36152.635   189.651   -36.35   36.62
  36438.326   182.768   -24.09   36.57
  36723.997   184.232     5.13   40.81
  37009.649   195.571    39.69   48.90
  37295.282   210.382    51.85   54.05
  37580.895   232.500    77.44   51.91
  37866.489   251.830    67.68   41.26
  38152.064   264.494    44.34   32.25
  38437.620   271.647    25.05   27.07
  38723.157   278.060    22.46   22.20
  39008.674   285.053    24.49   18.17
  39294.172   290.617    19.49   15.79
  39579.651   294.188    12.51   15.09
  39865.111   297.600    11.95   14.82
  40150.551   302.287    16.42   14.89
  40435.973   308.400    21.41   15.81
  40721.375   316.198    27.32   15.88
  41006.758   323.256    24.73   15.99
  41292.121   329.392    21.50   14.26
  41577.466   334.457    17.75   11.76
  41862.791   337.234     9.73   10.77
  42148.098   338.096     3.02   10.66
  42433.385   337.232    -3.03   11.44
  42718.653   333.578   -12.81   14.04
  43003.901   327.536   -21.18   18.51
  43289.131   320.046   -26.26   23.13
  43574.341   311.973   -28.30   24.77
  43859.533   303.888   -28.35   23.89
  44144.705   293.434   -36.66   21.91
  44429.858   282.723   -37.56   21.41
  44714.992   273.380   -32.77   20.87
  45000.106   266.286   -24.88   19.57
  45285.202   263.804    -8.71   19.17
  45570.279   264.875     3.76   21.27
  45855.336   265.814     3.30   22.84
  46140.374   266.545     2.56   23.10
  46425.393   264.112    -8.53   25.14
  46710.394   256.347   -27.24   31.38
  46995.375   245.483   -38.12   33.77
  47280.336   237.756   -27.11   32.58
  47565.279   230.312   -26.12   28.33
  47850.203   225.443   -17.09   23.95
  48135.108   224.535    -3.19   21.93
  48419.993   229.953    19.02   22.55
  48704.860   240.062    35.49   21.89
  48989.707   250.007    34.92   23.80
  49274.536   261.348    39.81   27.00
  49559.345   272.675    39.77   28.59
  49844.135   283.608    38.39   30.28
  50128.906   296.797    46.31   29.13
  50413.659   310.818    49.24   25.66
  50698.392   321.516    37.57   21.62
  50983.106   329.341    27.48   19.58
  51267.801   335.899    23.03   17.18
  51552.477   338.668     9.73   16.17
  51837.134   340.318     5.79   18.69
  52121.772   342.542     7.82   19.84
  52406.391   340.684    -6.53   23.54
  52694.054   339.005    -5.84   25.16
  52982.897   338.104    -3.12   24.91
  53271.719   341.130    10.48   22.54
  53560.521   341.440     1.07   20.31
  53849.302   339.575    -6.46   17.52
  54138.064   335.739   -13.28   18.83
  54426.804   331.104   -16.05   23.64
  54715.525   322.879   -28.49   28.84
  55004.225   310.390   -43.26   34.35
  55292.905   295.412   -51.88   37.47
  55581.565   278.681   -57.96   39.08
  55870.204   262.616   -55.66   42.85
  56158.823   248.528   -48.81   42.25
  56447.421   237.884   -36.88   38.00
  56736.000   230.156   -26.78   31.01
  57024.558   229.672    -1.68   29.32
  57313.095   230.545     3.03   28.85
  57601.613   229.984    -1.94   27.81
  57890.110   235.044    17.54   26.81
  58178.587   243.873    30.61   28.09
  58467.043   254.429    36.59   33.73
  58755.480   267.095    43.91   38.80
  59043.896   281.893    51.31   38.11
  59332.292   299.216    60.06   32.25
  59620.667   313.616    49.94   26.54
  59909.023   324.621    38.16   22.77
  60197.358   333.016    29.12   20.41
  60485.672   337.634    16.02   19.00
  60773.967   340.045     8.36   20.59
  61062.241   343.457    11.84   20.74
  61350.496   347.148    12.80   21.60
  61638.730   347.854     2.45   21.55
  61926.943   347.894     0.14   19.23
  62215.137   346.638    -4.36   17.77
  62503.310   342.956   -12.78   21.13
  62791.463   337.591   -18.62   26.09
  63079.596   329.095   -29.48   32.15
  63367.709   316.762   -42.81   34.06
  63655.801   307.397   -32.51   32.17
  63943.874   301.652   -19.94   29.73
  64231.926   297.867   -13.14   28.27
  64519.958   297.830    -0.13   26.02
  64807.970   302.190    15.14   26.52
  65095.962   312.542    35.95   27.47
  65383.933   324.356    41.02   27.53
  65671.884   333.343    31.21   27.25
  65959.816   341.742    29.17   26.41
  66247.727   350.617    30.82   23.87
  66535.618   357.841    25.09   18.80
  66823.489   361.282    11.95   14.31
  67111.339   363.069     6.21   12.24
  67399.170   363.121     0.18   13.04
  67686.980   363.943     2.85   14.16
  67974.771   367.254    11.50   15.63
  68262.541   371.279    13.99   16.37
  68550.291   376.504    18.16   16.28
  68838.021   382.104    19.46   15.13
  69125.731   387.104    17.38   13.53
  69413.421   390.455    11.65   11.42
  69701.091   393.332    10.00   10.44
  69988.741   394.212     3.06   14.45
  70276.370   394.172    -0.14   17.92
  70563.980   393.253    -3.19   20.27
  70851.570   393.826     1.99   21.28
  71139.139   395.537     5.95   23.28
  71426.688   398.961    11.91   23.11
  71714.218   403.569    16.03   21.06
  72001.727   409.595    20.96   19.61
  72289.216   413.112    12.23   18.82
  72576.686   420.011    24.00   15.91
  72864.135   426.634    23.04   12.83
  73151.564   430.686    14.10   10.99
  73438.973   432.987     8.00    9.69
  73726.363   434.367     4.80    8.98
  74013.732   434.569     0.70    8.91
  74301.081   432.595    -6.87   10.10
  74588.410   428.616   -13.85   12.24
  74875.719   422.600   -20.94   15.94
  75163.008   415.385   -25.11   18.31
  75450.277   409.652   -19.96   17.98
  75737.527   404.824   -16.81   17.12
  76024.756   399.969   -16.90   16.18
  76311.965   394.518   -18.98   16.62
  76599.154   391.060   -12.04   16.23
  76886.324   388.782    -7.93   16.55
  77173.473   385.856   -10.19   15.99
  77460.603   381.164   -16.34   15.97
  77747.712   376.858   -15.00   15.72
  78034.802   374.960    -6.61   15.68
  78321.871   373.324    -5.70   15.09
  78608.921   372.173    -4.01   14.10
  78895.951   368.400   -13.15   14.14
  79182.960   363.324   -17.68   15.30
  79469.950   359.392   -13.70   15.92
  79756.920   355.288   -14.30   15.90
  80043.870   350.279   -17.45   14.60
  80330.801   347.306   -10.36   13.75
  80617.711   345.934    -4.78   15.00
  80904.601   346.349     1.45   16.11
  81191.472   349.192     9.91   18.92
  81478.322   351.272     7.25   21.63
  81765.153   354.739    12.09   26.35
  82051.964   360.449    19.91   31.68
  82338.755   365.504    17.63   36.29
  82625.526   368.954    12.03   37.78
  82912.277   372.540    12.50   37.70
  83199.008   377.604    17.66   34.08
