# NaN NaN NaN ;Mean Elev.(m), Avg Gradient(m/km), RMS Gradient(m/km) - SRTM1     
#   94.953  -8.279  14.130 ;Mean Elev.(m), Avg Gradient(m/km), RMS Gradient(m/km) - ASTER GDEM
#   86.757  -6.656  17.036 ;Mean Elev.(m), Avg Gradient(m/km), RMS Gradient(m/km) - GMTED2010 
   2 127.490898  61.132702    99.657    99.571  3 54673.23005091 45.753
   3 127.494528  61.132556     4.705     4.697  3 54683.14569479  3.270
   4 127.495750  61.133404   100.673   100.651  3 54693.06133707 29.050
   5 127.497356  61.133281     6.897     6.892  4 54702.97697707  6.018
   6 127.492619  61.132553   102.709   102.570  4 54712.89262596 24.528
   7 127.479789  61.133923    13.489    13.485  6 54722.80827554  4.968
   9 127.474649  61.133183    99.850    99.745  7 54742.63957034 48.942
  10 127.474277  61.133896   103.092   103.053  7 54752.55521673 25.584
  11 127.473014  61.134360   193.310   189.945  5 54762.47086271  2.280
  12 127.475141  61.132509    97.960    97.944  7 54772.38650680 42.525
  13 127.471605  61.132754    97.733    97.617  6 54782.30214722 36.264
  14 127.472253  61.132939    98.350    97.530  7 54792.21778565 26.204
  15 127.475968  61.133958    99.317    99.837  7 54802.13342326 22.524
  16 127.484900  61.133328    98.775    98.868  5 54812.04906148 22.519
  17 127.488657  61.133113    98.807    98.813  4 54821.96470383 23.306
  18 127.488035  61.132079    98.963    98.997  4 54831.88035608 20.523
  19 127.481048  61.133435    98.830    98.845  6 54841.79599400 19.129
  20 127.481828  61.133390    98.810    98.717  5 54851.71164305 18.369
  21 127.488599  61.132325    99.094    98.833  4 54861.62729234 15.721
  22 127.488812  61.132854    99.354    99.243  4 54871.54294082 15.670
  23 127.485023  61.132920    99.857    99.779  5 54881.45858731 14.628
  24 127.475151  61.133596    98.992    98.663  7 54891.37422991 15.016
  25 127.472245  61.132031    99.569    99.975  7 54901.28987054 13.826
  26 127.471540  61.132129    99.737    99.950  7 54911.20550950 13.083
  27 127.475139  61.132817    99.488    99.426  7 54921.12114772 12.967
  28 127.480827  61.133057   100.417   100.720  5 54931.03678563 11.943
  29 127.482616  61.133004   100.142   100.214  6 54940.95242186 12.626
  30 127.479423  61.133305   230.598   231.030  6 54950.86805592  7.091
  31 127.473736  61.133817   105.362   105.309  7 54960.78369589 44.040
  32 127.475751  61.133107   102.144   102.139  7 54970.69934482 48.535
  33 127.479596  61.133416   102.670   102.674  7 54980.61499253 51.574
  34 127.485183  61.133124   172.787   171.068  4 54990.53064016 25.914
  35 127.488304  61.131988   102.808   102.800  4 55000.44628745 28.577
  36 127.483229  61.133042   103.334   103.337  6 55010.36193197 26.508
  37 127.482815  61.132763   100.920   100.983  6 55020.27757553 34.652
  38 127.486988  61.132416   171.012   170.386  5 55030.19321839 20.835
  43 127.472685  61.133610   100.674   100.701  7 55079.77142779 42.433
  44 127.477767  61.130634   100.841   100.808  5 55089.68707606 30.061
  45 127.472989  61.133347   100.675   100.719  7 55099.60272151 44.365
  47 127.478816  61.133358   101.312   101.080  7 55119.43401197 26.731
  48 127.473541  61.133112    98.617    98.676  6 55129.34965328 47.577
  49 127.470347  61.132071    98.197    98.226  6 55139.26529290 35.881
  50 127.469539  61.132836    98.263    98.279  7 55149.18093135 24.937
  51 127.475588  61.134067    98.351    98.329  7 55159.09657010 23.794
  52 127.489927  61.132661    98.515    98.495  4 55169.01220964 21.395
  53 127.494519  61.132657    98.825    98.850  3 55178.92784716 19.936
  54 127.490274  61.132565    98.783    98.802  4 55188.84349276 19.356
  55 127.483633  61.133028    99.159    99.119  6 55198.75914279 18.390
  56 127.482925  61.133195    98.511    98.513  6 55208.67479244 18.477
  57 127.486642  61.133199    98.889    98.581  4 55218.59044195 16.527
  58 127.489669  61.132274    98.283    98.261  4 55228.50609069 16.732
  59 127.483140  61.132876    98.325    98.306  5 55238.42173533 16.124
  60 127.472961  61.133357    98.484    98.463  7 55248.33737610 15.971
  61 127.468346  61.132624    98.538    98.491  7 55258.25301519 15.424
  62 127.469630  61.132354    98.620    98.582  6 55268.16865408 14.230
  63 127.473539  61.133359    98.513    98.528  7 55278.08429275 14.694
  64 127.478925  61.133941    98.724    98.535  7 55287.99993037 14.226
  65 127.485262  61.132962    99.258    99.608  5 55297.91556590 11.592
  66 127.478005  61.133466   100.764   100.848  7 55307.83120758 28.950
  67 127.472353  61.132900   219.602   220.645  7 55317.74685357  1.320
  68 127.472787  61.132455   230.645   230.582  6 55327.66249890  6.387
  69 127.474896  61.133886   225.663   225.873  7 55337.57814331  5.197
  70 127.484586  61.133236   101.488   101.470  5 55347.49378820 45.301
  71 127.489704  61.132669   101.392   101.412  3 55357.40943102 55.905
  72 127.489509  61.132396   100.598   100.704  4 55367.32507132 31.920
  75 127.490273  61.133956   172.956   172.956  2 55397.07198535  7.788
  76 127.494847  61.133137   100.415   100.380  4 55406.98762876 28.571
  78 127.480059  61.132554    98.869    98.867  6 55426.81892652 49.187
  79 127.473467  61.132291   100.045   100.030  6 55436.73457100 45.816
  80 127.474355  61.131684   100.146   100.160  5 55446.65021479 39.730
  81 127.475997  61.132550    99.598    99.513  6 55456.56585793 45.483
  82 127.487391  61.130527    98.794    98.800  3 55466.48150161 56.707
  83 127.478670  61.133905   101.404   101.698  7 55476.39713965 27.660
  84 127.478135  61.133277    98.394    98.434  7 55486.31277577 45.123
  85 127.475452  61.133230    97.803    97.768  7 55496.22840953 39.783
  86 127.477449  61.133547    98.108    98.125  7 55506.14404496 37.748
  87 127.480565  61.133636    98.607    98.556  6 55516.05969585 35.770
  88 127.490683  61.132017    99.602    99.776  4 55525.97534669 25.177
  89 127.489065  61.132990   100.400   100.151  4 55535.89099414 22.058
  90 127.490293  61.131805    99.710   100.069  4 55545.80663996 19.432
  91 127.484523  61.132922   100.516   100.767  4 55555.72228296 18.042
  92 127.486389  61.132449   100.706   100.912  5 55565.63792588 16.417
  93 127.489692  61.132006   101.438   101.514  4 55575.55356827 15.057
  94 127.484731  61.133415   101.747   101.604  5 55585.46920795 14.290
  95 127.480149  61.134001   101.880   101.860  6 55595.38484448 13.890
  96 127.477636  61.133905   101.404   101.402  7 55605.30047811 13.476
  97 127.478008  61.133908   101.387   101.478  7 55615.21610999 13.350
  98 127.483491  61.132836   101.513   101.757  5 55625.13175103 12.638
  99 127.480105  61.133847   101.581   101.626  6 55635.04740306 12.765
 100 127.482287  61.132835   101.695   101.905  6 55644.96305368 11.445
 101 127.477777  61.133444   102.090   102.089  7 55654.87870069 10.480
 102 127.476315  61.132907   101.857   101.790  7 55664.79434355 10.318
 103 127.475647  61.132773   101.183   100.305  7 55674.70998340 29.782
 104 127.476706  61.133435    99.225    99.210  6 55684.62562158 42.709
 105 127.483450  61.133428   105.026   105.013  5 55694.54125912 52.676
 106 127.492688  61.132865   171.262   171.304  4 55704.45689560 22.477
 108 127.491650  61.132651   170.550   170.446  3 55724.28819094 19.160
 109 127.490633  61.132312   148.257   148.641  4 55734.20383800 25.282
 111 127.487609  61.132870   169.843   168.483  3 55754.03512798  7.274
 112 127.487313  61.132008    98.897    98.259  3 55763.95077022 27.014
 113 127.478339  61.133536    99.751    99.879  7 55773.86640855 49.935
 114 127.475469  61.133394   101.817   101.865  6 55783.78204425 27.478
 115 127.475960  61.134265   101.118   101.139  7 55793.69767761 38.843
 120 127.487371  61.130278   100.908   100.908  2 55843.27589393 22.089
 122 127.490382  61.132675    98.448    98.454  3 55863.10716581 41.803
 123 127.489736  61.133107    98.509    98.487  4 55873.02281986 35.681
 124 127.491683  61.132563    98.762    98.690  4 55882.93846920 23.291
 125 127.491951  61.132354    98.436    98.447  4 55892.85411195 21.943
 126 127.491926  61.132814   100.210   100.124  3 55902.76974895 18.771
 127 127.493446  61.133337    99.651   100.096  3 55912.68538543 17.653
 128 127.493150  61.132612    99.661    99.859  3 55922.60103969 17.120
 129 127.488938  61.132874    99.585    99.427  4 55932.51669060 16.328
 130 127.481231  61.133178   100.488   100.673  5 55942.43233691 14.411
 131 127.473717  61.133116    99.870    99.649  7 55952.34797895 14.084
 132 127.472316  61.132591   100.121   100.064  7 55962.26361826 12.923
 133 127.472972  61.133695   100.296   100.428  7 55972.17925559 12.501
 134 127.483067  61.133284   100.471   100.540  5 55982.09489278 12.159
 135 127.491101  61.132682   100.953   100.932  4 55992.01052828 10.959
 136 127.488859  61.132117   100.773   100.822  4 56001.92617556 11.374
 137 127.475452  61.133594   100.685   100.607  7 56011.84182422 11.183
 138 127.473212  61.132937   100.838   100.918  7 56021.75747045 10.605
 139 127.474800  61.133346   100.725   100.942  6 56031.67311395 10.209
 140 127.483221  61.133231   101.638   100.839  5 56041.58875600 28.952
 141 127.490381  61.133058   100.371   100.404  4 56051.50439557 33.453
 142 127.492766  61.133366   219.781   219.634  3 56061.42003185  1.841
 143 127.491930  61.133222   103.633   103.608  3 56071.33567018 54.182
 144 127.487049  61.133233   103.637   103.606  4 56081.25132029 24.968
 145 127.490488  61.131889   104.980   104.986  4 56091.16696876 38.924
 146 127.490377  61.132796   102.841   102.628  3 56101.08261430 23.047
 148 127.482128  61.133747   170.386   170.508  4 56120.91388463 12.646
 149 127.476368  61.133733   102.841   102.739  7 56130.82952010 28.799
 150 127.475109  61.133625   103.480   103.499  7 56140.74515417 37.049
 151 127.485611  61.130441   100.681   100.579  3 56150.66080642 29.482
 152 127.484376  61.132759   101.458   101.274  5 56160.57645501 28.516
 153 127.488879  61.132309   101.162   101.366  3 56170.49210281 28.576
 154 127.483282  61.133031   101.808   101.532  6 56180.40774561 28.666
 155 127.475633  61.133583   102.412   102.150  7 56190.32338427 25.203
 158 127.495383  61.132901    98.437    98.414  3 56220.07028940 44.383
 159 127.497894  61.133533    98.423    98.395  3 56229.98593921 38.721
 160 127.495349  61.133111    98.100    98.133  4 56239.90159244 39.354
 161 127.488717  61.133191    97.633    97.619  4 56249.81724127 38.329
 162 127.485007  61.133001    97.541    97.499  4 56259.73288553 35.065
 163 127.488126  61.132470    97.662    97.680  4 56269.64852773 30.886
 164 127.490733  61.132638    98.252    98.284  3 56279.56416803 25.168
 165 127.488951  61.132729    98.140    98.066  4 56289.47981857 20.314
 166 127.479208  61.133625    98.077    98.111  6 56299.39546582 19.501
 167 127.473354  61.132763    97.802    97.787  6 56309.31110969 19.960
 168 127.471237  61.132103    97.793    97.829  6 56319.22675156 18.181
 169 127.473516  61.132835    97.800    97.824  6 56329.14239277 17.112
 170 127.480486  61.133511    98.313    98.151  6 56339.05803362 16.401
 171 127.490962  61.132432    98.873    98.933  4 56348.97367295 15.935
 172 127.488415  61.133201   100.416   100.428  4 56358.88930816 14.188
 173 127.475219  61.134139    98.429    98.467  7 56368.80495758 13.889
 175 127.475539  61.133398    98.732    98.738  6 56388.63625087 13.133
 176 127.488434  61.132322    98.646    98.477  4 56398.55189548 13.215
 177 127.493578  61.133083   103.726   103.782  4 56408.46753668 17.478
 178 127.493697  61.133595   240.961   240.813  3 56418.38317320  4.968
 179 127.494223  61.132958   104.435   104.447  3 56428.29880589 54.913
 180 127.489357  61.131947   234.978   235.734  4 56438.21445944  8.204
 181 127.476132  61.135334   169.490   169.697  3 56448.13010916 19.403
 182 127.485565  61.132581   102.245   102.254  5 56458.04575953 30.477
 185 127.484385  61.129920   100.825   100.840  3 56487.79268553 34.052
 186 127.474645  61.133204   103.733   103.730  7 56497.70831960 44.011
 190 127.488501  61.132489   171.742   170.571  3 56537.37089617 12.608
 195 127.495756  61.133559    97.850    97.801  3 56586.94910796 46.825
 196 127.496987  61.133579    97.709    97.727  3 56596.86474819 39.954
 197 127.490907  61.132965    97.760    97.769  3 56606.78039965 36.947
 198 127.484465  61.133238    97.482    97.568  5 56616.69604600 29.208
 199 127.484332  61.132985    97.772    97.760  5 56626.61168947 25.536
 200 127.487527  61.132517    98.187    98.083  4 56636.52733048 22.942
 201 127.490518  61.131875    99.116    98.216  4 56646.44297127 20.126
 202 127.479622  61.133446   100.437   100.754  6 56656.35862224 18.097
 203 127.473708  61.133368   101.069   101.106  7 56666.27426957 16.935
 204 127.472077  61.133408   100.349   100.235  7 56676.18991473 16.303
 205 127.474394  61.133666    99.991   100.325  7 56686.10555922 15.916
 206 127.480811  61.133312   100.415   100.352  6 56696.02120221 15.419
 207 127.487290  61.132695   101.641   101.439  4 56705.93684068 12.986
 208 127.490572  61.132262   101.364   101.357  4 56715.85247375 12.184
 209 127.470422  61.136652   184.695   185.693  3 56725.76812496  0.713
 210 127.475909  61.134010   101.382   101.382  7 56735.68377530 11.626
 211 127.483580  61.132717   101.241   101.116  5 56745.59942223 12.186
 212 127.488732  61.133163   101.593   101.634  4 56755.51506442 11.434
 213 127.495480  61.132756    97.537    97.593  3 56765.43070120 37.444
 214 127.494255  61.133028   236.172   236.064  4 56775.34633985  8.351
 215 127.487282  61.132857   233.210   233.734  4 56785.26199594  6.577
 216 127.480757  61.133239   100.985   100.979  5 56795.17764845 48.850
 218 127.477499  61.133459   101.508   101.169  7 56815.00893974 29.971
 220 127.473302  61.134358   168.702   163.122  6 56834.84021321 16.722
 221 127.477675  61.133984   244.014   255.069  7 56844.75584531  5.188
 222 127.481862  61.133185   170.877   169.480  5 56854.67149082  9.394
 223 127.484647  61.132311   173.504   175.863  5 56864.58714474  6.979
 224 127.486789  61.131237   102.293   102.382  4 56874.50279787 18.432
 225 127.483572  61.131608   101.818   102.021  3 56884.41844719 21.829
 226 127.479382  61.132285   101.653   101.803  5 56894.33409326 24.087
 227 127.474793  61.133677   100.519   100.384  7 56904.24973606 39.720
 228 127.477896  61.133619    99.327    99.346  6 56914.16537777 50.378
 229 127.489033  61.131847   169.917   169.510  4 56924.08101873  8.373
 230 127.492726  61.132653   184.570   187.298  3 56933.99665609  1.564
 231 127.496029  61.132973    99.777    99.683  4 56943.91228819 31.371
 232 127.492719  61.132684    97.940    97.917  4 56953.82793546 41.136
 233 127.489138  61.131910    97.037    97.047  4 56963.74358541 42.574
 234 127.484201  61.133091    97.491    97.496  5 56973.65923017 31.067
 235 127.489532  61.132092    97.519    97.533  4 56983.57487174 28.627
 236 127.490156  61.132569    97.715    97.792  3 56993.49050787 24.388
 237 127.490140  61.131953    97.630    97.569  4 57003.40614483 21.570
 238 127.476115  61.133501    97.550    97.547  7 57013.32179975 19.290
 239 127.474187  61.132932   101.292   101.350  7 57023.23745080 15.804
 240 127.476838  61.133353   101.110   101.031  7 57033.15309965 14.927
 241 127.483416  61.132960   101.414   101.538  6 57043.06874673 13.509
 242 127.484227  61.133348   101.345   101.104  5 57052.98439086 13.660
 243 127.482827  61.133165   101.479   101.486  6 57062.90003040 12.107
 244 127.483357  61.132816   101.503   101.477  5 57072.81566492 11.870
 245 127.489615  61.132499   101.684   101.580  4 57082.73129599 11.523
 246 127.492537  61.133147   101.888   101.787  4 57092.64694346 11.122
 247 127.494614  61.133136   101.870   101.904  4 57102.56260069 11.351
 248 127.493177  61.133252    97.055    97.057  3 57112.47825393 15.893
 249 127.489689  61.132836    98.098    97.635  3 57122.39390111  9.952
 250 127.482818  61.133293   101.282   101.305  5 57132.30954238 14.047
 251 127.483484  61.133044   241.121   242.971  5 57142.22517963  4.991
 252 127.491262  61.132279   101.577   101.559  4 57152.14081462 37.481
 253 127.496681  61.132730   102.341   102.295  3 57162.05644624 54.029
 255 127.480292  61.133378   102.354   102.327  6 57181.88775676 39.677
 256 127.475081  61.132449   102.551   102.586  7 57191.80340707 37.044
 258 127.476556  61.133351   101.117   101.135  6 57211.63468882 51.676
 259 127.484000  61.133343   160.872   159.279  5 57221.55033319 13.336
 261 127.485935  61.133028    99.823    99.826  4 57241.38161555 25.715
 262 127.481911  61.133618   101.956   102.182  5 57251.29725234 26.706
 264 127.497848  61.132524    97.648    97.683  3 57271.12852346 50.443
 265 127.498693  61.133442    99.131    99.061  4 57281.04417907 26.111
 268 127.480514  61.133250    98.878    99.454  5 57310.79113349 34.128
 269 127.474968  61.133467    97.355    97.363  6 57320.70677804 37.455
 270 127.477635  61.133320    97.696    97.652  7 57330.62242070 33.981
 271 127.485537  61.132869   100.404   100.473  4 57340.53806171 22.463
 272 127.483193  61.133190   101.091   100.968  5 57350.45371169 20.725
 273 127.476706  61.133445   101.604   101.605  7 57360.36935606 17.659
 274 127.473889  61.132166   100.566   100.979  7 57370.28499783 17.505
 275 127.472366  61.132779   101.400   101.366  6 57380.20063729 14.872
 276 127.479036  61.133566   101.461   101.480  6 57390.11627650 14.117
 277 127.491752  61.133047   100.837   100.849  4 57400.03191550 13.735
 278 127.497697  61.132643   101.485   101.541  3 57409.94755521 12.085
 279 127.491784  61.132176   101.151   101.168  4 57419.86320736 12.358
 280 127.480931  61.133416   100.869   100.831  5 57429.77885621 12.669
 281 127.480017  61.133490   100.782   100.679  6 57439.69450386 11.486
 282 127.489631  61.132364   100.988   101.109  4 57449.61015148 10.935
 283 127.493485  61.133064   100.679   100.662  4 57459.52579694 11.612
 284 127.495271  61.133093   100.613   100.649  4 57469.44143913 11.535
 285 127.492056  61.132980   101.075   100.796  3 57479.35707686 10.126
 286 127.488072  61.132713    99.996    99.947  4 57489.27271152 10.270
 287 127.489661  61.132148   102.978   103.305  4 57499.18834480 11.184
 288 127.490136  61.132898   235.776   235.772  4 57509.10398788  8.640
 290 127.489129  61.132391   101.615   101.633  4 57528.93529718 48.385
 292 127.475636  61.132701   103.846   103.828  7 57548.76659357 51.384
 293 127.472630  61.132892   102.582   102.732  7 57558.68223930 27.283
 294 127.475937  61.133401   171.008   170.352  6 57568.59788468 25.898
 295 127.484490  61.132980   174.789   175.247  4 57578.51353006  2.149
 297 127.489138  61.132698   173.206   172.328  3 57598.34481412  6.556
