# NaN NaN NaN ;Mean Elev.(m), Avg Gradient(m/km), RMS Gradient(m/km) - SRTM1     
#   19.572     NaN     NaN ;Mean Elev.(m), Avg Gradient(m/km), RMS Gradient(m/km) - ASTER GDEM
#   24.811  -1.450   6.164 ;Mean Elev.(m), Avg Gradient(m/km), RMS Gradient(m/km) - GMTED2010 
   1 124.258995  65.770730    41.910    42.802  8 54668.15050801 25.687
   2 124.258665  65.771653    41.090    40.499  8 54678.06615235 25.071
   3 124.256928  65.773136   -22.653   -22.661  7 54687.98179531  8.075
   4 124.257352  65.773995    41.865    41.885  8 54697.89743653 39.571
   5 124.256928  65.772938   -14.052   -14.054  7 54707.81307854  7.948
   6 124.255754  65.770797    42.712    42.585  8 54717.72873013 38.517
   7 124.254877  65.768651    -3.848    -3.654  8 54727.64437921 14.040
   8 124.259986  65.768656    40.747    40.765  8 54737.56002733 54.715
   9 124.259889  65.769964    40.053    39.992  8 54747.47567473 28.666
  10 124.256872  65.771180    38.909    38.931  8 54757.39132149 44.441
  11 124.259198  65.771377    38.000    38.069  8 54767.30696670 44.236
  12 124.256568  65.769461    37.844    37.889  8 54777.22260810 40.461
  13 124.257138  65.767709    38.027    38.055  8 54787.13824739 20.261
  14 124.258580  65.767530    37.931    37.918  9 54797.05388570 20.201
  15 124.258019  65.769057    37.787    37.799  8 54806.96952362 18.954
  16 124.257722  65.770642    38.094    38.087  8 54816.88516095 18.022
  17 124.258392  65.771654    38.265    38.279  8 54826.80080982 17.528
  18 124.255950  65.771330    38.138    38.124  8 54836.71644873 16.639
  19 124.254490  65.771499    37.941    38.007  8 54846.63209808 16.425
  20 124.257117  65.772422    37.886    37.900  8 54856.54774722 15.567
  21 124.255850  65.773519    37.921    38.038  8 54866.46339603 15.073
  22 124.257970  65.773871    37.951    37.948  8 54876.37904460 14.610
  23 124.256626  65.772727    38.113    38.101  7 54886.29468985 14.153
  24 124.259650  65.770949    38.048    38.093  8 54896.21033205 13.733
  25 124.257614  65.769268    38.322    38.319  8 54906.12597112 13.862
  26 124.258654  65.769129    38.526    38.497  8 54916.04160934 14.052
  27 124.260183  65.769986    38.559    38.422  8 54925.95724742 13.279
  28 124.254874  65.770172    38.524    38.474  8 54935.87288417 12.729
  29 124.255743  65.769867    38.393    38.367  8 54945.78851956 35.035
  30 124.257967  65.768516    38.219    37.712  9 54955.70415246 37.708
  31 124.257483  65.767532    40.401    40.192  9 54965.61980018 35.708
  32 124.259754  65.768009    45.515    45.488  8 54975.53544830 39.479
  33 124.258581  65.769427    43.308    43.309  8 54985.45109599 50.245
  34 124.255528  65.770679    44.565    44.528  8 54995.36674351 26.095
  35 124.255176  65.771462    43.775    43.206  8 55005.28238976 25.156
  36 124.255630  65.771706    41.860    41.937  8 55015.19803387 40.400
  37 124.256690  65.771933    40.763    40.658  8 55025.11367662 51.898
  38 124.256601  65.772717    41.554    40.959  7 55035.02931876 21.849
  39 124.257901  65.773237    40.036    40.048  8 55044.94496026 29.831
  40 124.257154  65.772488    39.702    39.467  7 55054.86059979 34.275
  41 124.254697  65.770389    39.986    39.986  8 55064.77623684 38.023
  42 124.254468  65.768979    41.073    40.306  8 55074.69188400 23.241
  43 124.255235  65.768611    39.736    39.759  8 55084.60753198 51.730
  44 124.259502  65.769577    39.671    39.662  8 55094.52317875 54.972
  45 124.257500  65.770052    40.372    40.397  9 55104.43882480 51.015
  46 124.257950  65.770216    39.996    40.070  8 55114.35447086 45.082
  47 124.260343  65.769683    39.440    39.461  8 55124.27011461 52.131
  48 124.255893  65.768527    38.150    38.155  8 55134.18575492 45.616
  49 124.258392  65.768251    38.364    37.654  9 55144.10139375 31.741
  50 124.258212  65.768841    38.074    37.723  8 55154.01703172 26.305
  51 124.256237  65.769634    38.695    38.129  8 55163.93266987 24.259
  52 124.257510  65.770645    39.153    39.332  9 55173.84830807 22.282
  53 124.259002  65.770970    38.847    38.761  8 55183.76394656 20.881
  54 124.254344  65.771128    39.012    39.104  8 55193.67959732 20.683
  55 124.257024  65.772208    39.421    39.385  7 55203.59524753 20.075
  56 124.254413  65.773070    38.539    38.320  8 55213.51089660 19.058
  57 124.256405  65.773428    38.225    38.225  7 55223.42654562 18.029
  58 124.254406  65.772051    38.136    38.110  8 55233.34219268 17.608
  59 124.259116  65.770252    38.484    38.428  8 55243.25783714 16.839
  60 124.259101  65.768748    38.798    38.677  8 55253.17347796 16.415
  61 124.258335  65.768769    38.660    38.761  8 55263.08911664 15.527
  62 124.255911  65.769878    38.641    38.595  8 55273.00475425 15.560
  63 124.259038  65.770679    38.979    38.723  8 55282.92039203 14.986
  64 124.256013  65.769560    38.718    38.762  8 55292.83602792 14.567
  65 124.259699  65.768181    38.878    38.771  8 55302.75166404 13.701
  66 124.258611  65.767325    39.659    39.595  8 55312.66731154 24.958
  67 124.257093  65.767935    36.984    36.808  8 55322.58295682 40.919
  68 124.259033  65.769679    37.769    37.782  8 55332.49860124 42.368
  69 124.258934  65.771034    46.108    46.092  8 55342.41424542 55.604
  70 124.257430  65.771132    44.435    44.439  9 55352.32988917 30.179
  71 124.255356  65.770755    44.210    44.195  8 55362.24553066 27.366
  72 124.259976  65.771273    41.146    40.938  8 55372.16117080 28.912
  73 124.255588  65.771859    41.076    41.103  8 55382.07680871 54.120
  74 124.249473  65.772355    41.950    41.872  6 55391.99244571 55.427
  75 124.259582  65.772891    41.666    41.083  8 55401.90808278 22.231
  76 124.260427  65.771325    39.232    38.841  8 55411.82373321 41.374
  77 124.257828  65.768797    41.328    40.616  8 55421.73938245 25.721
  78 124.259128  65.767551    40.736    40.291  9 55431.65502929 23.967
  79 124.255363  65.768206    40.139    39.917  8 55441.57067361 26.594
  80 124.258683  65.770192    40.768    40.716  8 55451.48631712 49.193
  81 124.254426  65.770838    41.477    40.032  8 55461.40195920 29.298
  82 124.255826  65.769840    40.408    39.927  8 55471.31760033 27.033
  83 124.258163  65.768100    39.537    39.719  8 55481.23323860 26.563
  84 124.258570  65.766875    37.325    37.296  8 55491.14887432 45.142
  85 124.259446  65.767666    37.623    37.651  9 55501.06450817 25.988
  86 124.257254  65.769631    37.516    37.511  8 55510.98015126 21.984
  87 124.256405  65.771348    37.628    37.622  8 55520.89580092 18.539
  88 124.258082  65.771921    37.784    37.728  8 55530.81144966 18.069
  89 124.258972  65.771419    37.803    37.808  8 55540.72709664 17.462
  90 124.255266  65.770875    37.584    37.612  8 55550.64274106 16.399
  91 124.256783  65.771833    37.680    37.712  8 55560.55838445 15.140
  92 124.257501  65.773153    37.705    37.757  8 55570.47402698 14.192
  93 124.258909  65.773309    37.691    37.702  8 55580.38966850 13.650
  94 124.258023  65.771198    37.780    37.772  8 55590.30530687 13.101
  95 124.256763  65.768086    37.924    37.905  8 55600.22094202 12.574
  96 124.261034  65.766619    37.831    37.914  9 55610.13657545 12.463
  97 124.259488  65.767235    38.031    37.923  8 55620.05220709 12.211
  98 124.255423  65.769533    38.008    37.856  8 55629.96785765 11.974
  99 124.257485  65.771028    38.433    38.415  9 55639.88350880 11.207
 100 124.254851  65.769802    38.454    38.384  8 55649.79915698 11.174
 101 124.257241  65.767662    38.441    38.412  9 55659.71480223 10.743
 102 124.257054  65.766571    39.791    39.730  9 55669.63044368 10.643
 103 124.258482  65.767914    38.081    38.105  8 55679.54608333 30.911
 104 124.254687  65.770053    38.177    38.091  8 55689.46172061 30.223
 105 124.257329  65.771871    42.772    42.699  7 55699.37735699 40.978
 106 124.254609  65.771586    44.269    44.125  8 55709.29299479 26.935
 107 124.255065  65.770873    43.667    43.750  8 55719.20864534 28.656
 108 124.254977  65.770699    42.573    42.227  8 55729.12429348 37.503
 109 124.257190  65.771526    41.322    41.337  8 55739.03994044 46.588
 110 124.258107  65.772503    41.561    40.884  8 55748.95558604 25.567
 111 124.256894  65.772309    40.237    40.145  8 55758.87122906 46.308
 112 124.256382  65.770732    38.419    38.351  8 55768.78686930 54.872
 113 124.257934  65.768441    39.390    39.412  9 55778.70250651 32.933
 114 124.259372  65.766961    40.926    40.724  9 55788.61814122 22.801
 115 124.258846  65.767396    39.813    39.852  8 55798.53377454 49.221
 116 124.258189  65.769196    39.496    39.297  8 55808.44941963 33.022
 117 124.258092  65.770696    39.640    39.642  8 55818.36506867 55.280
 118 124.257613  65.770041    42.003    42.661  8 55828.28071355 22.926
 119 124.256680  65.768122    40.097    40.144  8 55838.19635396 34.577
 120 124.261249  65.767043    39.561    40.001  9 55848.11199182 28.407
 121 124.260270  65.767831    37.614    37.643  9 55858.02762705 42.995
 122 124.259607  65.770286    37.970    37.950  8 55867.94327343 41.711
 123 124.256783  65.772267    39.600    39.557  8 55877.85892506 15.062
 124 124.259160  65.772815    39.449    39.369  8 55887.77457065 14.541
 125 124.256290  65.771691    39.309    39.242  8 55897.69020996 14.112
 126 124.256825  65.770736    40.401    40.972  8 55907.60584456 13.521
 127 124.255011  65.770941    39.648    39.746  8 55917.52149140 13.668
 128 124.258414  65.771962    39.071    38.745  8 55927.43714503 12.713
 129 124.255661  65.771714    39.048    39.097  8 55937.35279463 12.681
 130 124.256760  65.770271    39.123    39.265  8 55947.26843960 12.269
 131 124.259433  65.768576    39.254    39.264  8 55957.18408013 11.953
 132 124.259342  65.767664    39.183    39.131  8 55967.09971793 11.695
 133 124.259896  65.768442    39.134    39.139  8 55977.01535492 11.994
 134 124.254571  65.769293    39.292    39.211  8 55986.93099067 11.571
 135 124.259692  65.770165    39.605    39.663  8 55996.84662907 11.039
 136 124.255471  65.769337    39.502    39.509  8 56006.76228013 10.927
 137 124.256580  65.768211    39.439    39.538  8 56016.67792754 11.062
 138 124.256946  65.768073    39.618    39.574  8 56026.59357201 10.735
 139 124.254819  65.769111    39.663    39.504  8 56036.50921466 10.382
 140 124.257133  65.771017    40.089    40.350  8 56046.42485576  9.361
 141 124.258112  65.772236    36.714    36.719  8 56056.34049391 49.779
 142 124.257967  65.772195    44.891    44.909  8 56066.25612771 39.802
 143 124.257391  65.771764    45.643    45.686  8 56076.17177479 53.914
 144 124.258757  65.771844    44.346    44.399  8 56086.08742407 25.144
 145 124.256749  65.771720    43.227    43.015  8 56096.00307062 42.006
 146 124.259555  65.771715    41.239    41.250  8 56105.91871548 40.936
 147 124.258038  65.770628    41.994    41.993  8 56115.83434544 55.608
 148 124.255073  65.769234    41.874    40.828  8 56125.74998310 25.722
 149 124.256386  65.768123    42.484    43.475  8 56135.66561720 21.063
 150 124.257082  65.768082    41.767    41.881  8 56145.58125961 26.192
 151 124.259791  65.769027    40.763    40.257  8 56155.49690969 29.602
 152 124.259084  65.769907    42.480    43.028  8 56165.41255848 22.588
 153 124.258457  65.770130    42.461    43.145  8 56175.32820504 22.369
 154 124.255654  65.769445    42.226    42.719  8 56185.24384627 22.834
 155 124.258357  65.768803    40.428    40.504  8 56195.15948422 23.522
 156 124.255465  65.768599    40.396    40.000  8 56205.07511871 25.287
 157 124.257322  65.769768    39.432    39.103  9 56214.99075220 37.759
 158 124.259316  65.771425    38.575    38.607  8 56224.90638980 44.070
 159 124.256938  65.772201    38.520    38.609  7 56234.82204524 34.314
 160 124.255882  65.772095    39.616    39.850  8 56244.73769686 20.949
 161 124.254454  65.771611    39.393    39.612  8 56254.65334343 20.301
 162 124.259926  65.772115    39.154    38.957  8 56264.56898656 19.718
 163 124.254759  65.771963    38.441    38.388  8 56274.48462694 19.540
 164 124.257359  65.771671    38.521    38.441  7 56284.40027184 17.668
 165 124.258743  65.770429    38.557    38.523  8 56294.31592300 17.154
 166 124.260140  65.768877    38.918    39.018  8 56304.23156987 16.306
 167 124.258611  65.768288    38.472    38.471  8 56314.14721261 15.244
 168 124.257117  65.769130    38.804    38.765  7 56324.06285336 14.972
 169 124.258116  65.770444    38.959    38.670  8 56333.97849365 14.540
 170 124.259473  65.770598    39.677    40.117  8 56343.89413325 13.553
 171 124.259678  65.769609    38.741    38.753  8 56353.80977040 12.855
 172 124.256457  65.768404    38.817    38.795  8 56363.72541339 12.717
 173 124.256940  65.768709    38.848    38.871  8 56373.64106242 12.425
 175 124.260001  65.772199    39.170    38.572  8 56393.47235309 11.577
 176 124.254687  65.772530    40.579    40.578  8 56403.38799496 26.903
 177 124.259010  65.772641    36.886    36.501  8 56413.30363481 47.744
 178 124.255513  65.771404    37.484    37.585  8 56423.21926893 45.281
 179 124.259875  65.771563    46.596    46.618  8 56433.13491273 46.417
 180 124.258609  65.772075    44.244    44.373  8 56443.05056502 27.654
 181 124.259312  65.772832    43.532    43.636  8 56452.96621495 24.086
 182 124.258978  65.772142    43.326    43.651  8 56462.88186211 23.441
 183 124.258257  65.770323    40.771    40.714  8 56472.79750586 49.802
 184 124.257716  65.768363    41.422    40.149  9 56482.71314620 25.717
 185 124.258142  65.767982    42.960    43.500  9 56492.62878316 20.089
 186 124.254938  65.768812    42.866    42.641  8 56502.54441740 28.686
 187 124.257620  65.770364    42.965    43.363  9 56512.46005064 22.817
 188 124.260480  65.770948    42.805    42.167  8 56522.37569854 25.501
 189 124.256708  65.769793    43.124    43.400  8 56532.29135068 22.294
 191 124.256796  65.768768    41.300    41.747  8 56552.12264433 22.640
 192 124.259954  65.770843    39.599    39.617  8 56562.03828741 46.002
 193 124.256490  65.772720    40.308    40.304  8 56571.95392869 31.680
 194 124.253267  65.773429    38.164    38.161  8 56581.86956816 43.204
 195 124.256713  65.772568    37.704    37.649  8 56591.78520387 41.067
 196 124.257674  65.771267    37.092    37.079  8 56601.70085342 29.549
 197 124.256708  65.770719    37.469    37.454  8 56611.61650301 24.555
 198 124.257187  65.771697    37.449    37.483  7 56621.53214828 22.091
 199 124.255410  65.772462    37.500    37.465  8 56631.44779037 19.721
 200 124.257815  65.772031    37.566    37.623  8 56641.36342879 18.723
 201 124.256346  65.769799    37.635    37.610  8 56651.27907672 18.130
 202 124.258444  65.767953    37.615    37.657  9 56661.19472705 16.318
 203 124.258805  65.767735    37.615    37.571  8 56671.11037406 15.674
 204 124.258546  65.769748    37.922    37.816  8 56681.02601913 13.923
 205 124.254792  65.771332    37.458    37.459  8 56690.94166196 15.059
 206 124.256149  65.771639    38.086    38.096  8 56700.85730166 13.822
 207 124.258629  65.770033    38.067    38.091  8 56710.77293661 13.088
 208 124.259665  65.768832    38.414    38.501  8 56720.68857980 12.493
 209 124.244646  65.768190    41.661    40.613  3 56730.60423032  5.608
 210 124.257927  65.771494    38.678    38.634  8 56740.51987975 11.255
 211 124.256313  65.773656    38.721    38.740  8 56750.43552363 11.215
 212 124.255954  65.774205    40.301    40.781  8 56760.35116263 16.978
 213 124.258711  65.773029    40.553    40.777  8 56770.26679534 30.285
 214 124.258928  65.771567    40.690    40.654  8 56780.18244743 23.855
 215 124.258965  65.771064    41.716    41.690  8 56790.09810262 36.579
 216 124.258081  65.771740    44.931    44.916  8 56800.01375452 41.669
 217 124.256545  65.772697    43.660    42.857  8 56809.92939979 28.645
 218 124.259472  65.772689    42.147    42.137  8 56819.84504031 56.820
 219 124.259529  65.770779    43.094    43.440  8 56829.76067662 22.547
 220 124.257772  65.768186    47.511    42.381  9 56839.67630952 31.637
 221 124.259300  65.767479    40.192    40.245  8 56849.59194312 56.097
 222 124.256765  65.769075    42.798    42.564  8 56859.50759748 20.886
 223 124.255416  65.771321    39.571    39.552  8 56869.42325109 53.735
 224 124.257857  65.772366    40.405    40.450  8 56879.33890260 26.275
 225 124.260239  65.771603    40.614    40.147  8 56889.25455057 25.100
 226 124.259220  65.770081    41.314    41.197  8 56899.17019544 23.075
 227 124.258549  65.770239    40.760    40.590  8 56909.08583809 29.078
 228 124.257420  65.771983    39.377    39.082  8 56919.00147892 28.850
 229 124.255900  65.773881    40.695    40.680  8 56928.91711764 24.296
 230 124.257037  65.774348    40.337    40.323  8 56938.83275214 27.940
 231 124.256993  65.772951    37.755    37.730  8 56948.74838679 46.918
 232 124.260062  65.771561    36.757    36.681  8 56958.66403991 39.845
 233 124.257419  65.770582    36.218    36.291  9 56968.57968732 27.333
 234 124.256246  65.770897    37.275    37.306  8 56978.49533100 24.771
 235 124.255108  65.771492    37.509    37.526  8 56988.41097025 20.466
 236 124.258300  65.771274    37.456    37.400  8 56998.32660369 19.930
 237 124.258482  65.770080    37.427    37.453  8 57008.24225313 19.181
 238 124.257655  65.768617    37.486    37.444  9 57018.15790612 17.230
 239 124.258372  65.768408    37.366    37.382  8 57028.07355603 17.059
 240 124.260011  65.769847    37.628    37.497  8 57037.98920436 14.508
 241 124.259788  65.771368    37.424    37.424  8 57047.90485002 14.681
 242 124.257832  65.771832    37.740    37.789  8 57057.82049168 13.667
 243 124.260301  65.771182    37.933    37.849  8 57067.73612814 13.245
 244 124.259474  65.770300    38.015    38.072  8 57077.65175998 12.744
 245 124.255817  65.770055    38.046    38.097  8 57087.56739220 12.760
 246 124.255478  65.771879    38.509    38.522  8 57097.48305092 12.439
 247 124.258198  65.773797    39.102    38.652  8 57107.39870703 11.361
 248 124.257489  65.774100    39.101    39.066  8 57117.31435782 11.265
 249 124.255793  65.772919    41.020    41.180  8 57127.23000225 12.689
 250 124.257312  65.771614    40.737    40.618  8 57137.14564153 16.401
 251 124.257592  65.770801    39.686    40.146  8 57147.06127669 25.405
 252 124.260070  65.770844    38.425    38.453  8 57156.97690962 40.097
 253 124.256851  65.770809    45.915    45.899  8 57166.89255380 55.249
 254 124.257110  65.770832    43.385    43.408  8 57176.80821025 55.508
 255 124.255585  65.769900    43.448    43.465  8 57186.72386251 53.595
 256 124.256668  65.769195    43.299    43.295  8 57196.63951089 54.192
 257 124.260035  65.769477    41.863    41.133  8 57206.55514590 24.844
 258 124.255102  65.770088    40.945    40.902  8 57216.47079048 55.777
 259 124.255013  65.770994    41.030    40.099  8 57226.38643435 30.072
 260 124.259712  65.771618    39.449    39.609  8 57236.30207661 31.658
 261 124.254617  65.770891    39.490    39.434  8 57246.21771443 53.687
 262 124.254641  65.770646    41.974    42.673  8 57256.13335016 27.364
 263 124.258162  65.771587    39.576    39.487  8 57266.04898501 28.228
 264 124.258014  65.772715    38.195    37.772  8 57275.96462893 38.218
 265 124.253920  65.773221    38.671    38.280  8 57285.88028548 30.331
 266 124.259096  65.773165    40.040    40.244  8 57295.79593995 24.860
 267 124.258039  65.772132    39.429    39.492  8 57305.71159017 24.672
 268 124.255987  65.771331    36.942    36.962  8 57315.62723647 42.858
 269 124.255650  65.771319    37.244    37.236  8 57325.54287973 34.479
 270 124.255905  65.771444    39.685    39.726  8 57335.45852108 19.988
 271 124.258129  65.771333    39.673    39.697  8 57345.37416772 19.300
 272 124.260383  65.770585    39.328    39.814  8 57355.28981553 17.843
 273 124.259417  65.769640    39.557    39.759  8 57365.20545914 16.911
 274 124.257033  65.769131    38.914    38.982  8 57375.12109924 15.970
 275 124.255701  65.769647    39.021    39.031  8 57385.03673761 15.625
 276 124.258050  65.770481    38.729    38.390  8 57394.95237586 14.662
 277 124.255096  65.770571    38.681    38.490  8 57404.86801265 14.682
 278 124.257430  65.770613    38.997    38.653  9 57414.78366061 14.439
 279 124.256975  65.770673    38.190    38.230  8 57424.69931196 14.216
 280 124.260324  65.771693    38.074    38.111  8 57434.61496074 13.813
 281 124.254999  65.772775    38.571    38.540  8 57444.53060699 13.289
 282 124.254441  65.773792    39.028    39.011  8 57454.44625296 12.988
 283 124.257420  65.773898    39.580    39.349  8 57464.36189739 13.339
 284 124.257320  65.772247    39.108    39.120  8 57474.27753776 12.713
 286 124.256726  65.769953    39.046    38.949  8 57494.10880842 12.128
 287 124.257898  65.770718    40.133    39.808  8 57504.02444057  8.789
 288 124.255988  65.771427    38.021    36.995  8 57513.94009479 30.653
 289 124.257230  65.771047    39.243    39.365  8 57523.85574941 35.315
 290 124.256932  65.769504    43.848    43.868  8 57533.77140154 55.169
 291 124.257789  65.768472    43.623    43.738  9 57543.68705070 23.058
 292 124.257803  65.768939    43.761    43.790  8 57553.60269728 23.517
 293 124.257094  65.770467    42.308    41.854  8 57563.51834232 30.977
 294 124.257951  65.771784    42.323    41.925  8 57573.43398700 23.981
 295 124.256392  65.771635    40.386    40.594  8 57583.34963117 35.343
 296 124.257605  65.770971    41.482    41.476  9 57593.26527365 53.347
 297 124.259132  65.770772    42.255    42.764  8 57603.18091383 24.257
