# NaN NaN NaN ;Mean Elev.(m), Avg Gradient(m/km), RMS Gradient(m/km) - SRTM1     
#   67.687  -6.349  13.725 ;Mean Elev.(m), Avg Gradient(m/km), RMS Gradient(m/km) - ASTER GDEM
#   68.276  -7.787  13.574 ;Mean Elev.(m), Avg Gradient(m/km), RMS Gradient(m/km) - GMTED2010 
   2 129.867261  62.138674   140.422   133.617  3 54669.24775986  2.011
   3 129.883007  62.134744    -0.296     0.671  8 54679.16340588  7.617
   4 129.886471  62.135645   156.898   156.373  8 54689.07904912  9.835
   5 129.887709  62.137043     2.631     3.247  7 54698.99469005  6.471
   6 129.887390  62.136493   140.771   142.193  7 54708.91033387 24.277
   7 129.884306  62.134348    11.146    11.609  9 54718.82598544  3.538
   8 129.884762  62.130906   155.128   155.794  9 54728.74163483 24.119
   9 129.881888  62.130168   152.852   152.992  9 54738.65728198 22.623
  10 129.881765  62.130609   150.670   150.891 10 54748.57292909 23.035
  11 129.885126  62.130690   150.794   150.550  9 54758.48857624 19.484
  12 129.880829  62.132361   151.479   151.348 10 54768.40422029 23.167
  13 129.881968  62.131248   132.758   133.369 10 54778.31986180 17.840
  14 129.876813  62.131537   137.347   137.970 10 54788.23550018  9.896
  15 129.880165  62.130567   135.656   136.165 10 54798.15113855  7.815
  16 129.882145  62.132069   140.578   137.950 10 54808.06677654  7.147
  17 129.884212  62.134276   137.926   138.946  9 54817.98241395  3.959
  18 129.883953  62.135082   144.363   143.332  8 54827.89806453  2.114
  19 129.884253  62.134032   141.556   141.161  9 54837.81370373  2.102
  20 129.882752  62.133461   140.637   142.434  8 54847.72935301  1.412
  21 129.881930  62.133571   141.259   141.833 10 54857.64500166  0.999
  22 129.883926  62.133757   139.880   140.675  9 54867.56065059  1.103
  23 129.883927  62.133814   143.930   144.010  8 54877.47629864  0.607
  24 129.888652  62.131544   143.225   141.809  6 54887.39194436  0.824
  25 129.880357  62.131713   139.230   140.991  6 54897.30758527  0.436
  30 129.882830  62.132906   155.937   156.092  8 54946.88577307 11.245
  31 129.881983  62.133127   155.604   154.775 10 54956.80140670  8.039
  32 129.882533  62.131667   156.944   157.006  9 54966.71705556 25.568
  33 129.881724  62.131705   155.898   155.814 10 54976.63270308 24.890
  34 129.880706  62.132845    90.628    90.581 10 54986.54835041 42.735
  35 129.883616  62.133089    91.186    91.178  8 54996.46399829 40.475
  36 129.848991  62.143473   158.874   158.874  2 55006.37963997  7.548
  38 129.881288  62.134629   155.422   156.201 10 55026.21093020 12.801
  39 129.850032  62.144307   126.217   126.298  3 55036.12656833  6.675
  41 129.883432  62.135821   154.025   154.234  9 55055.95785302 16.926
  42 129.884718  62.134160   141.572   143.019  9 55065.87349045 22.565
  43 129.880958  62.132743   154.411   154.186 10 55075.78913922 19.368
  44 129.882433  62.130757   155.479   154.984  9 55085.70478739 21.453
  46 129.880361  62.131848   144.825   142.405 10 55105.53607904 26.346
  48 129.848533  62.140045   152.121   152.121  2 55125.36736394 20.358
  49 129.878268  62.131029   150.883   150.502 11 55135.28300824 15.466
  50 129.879849  62.130731   155.438   154.899  9 55145.19864694  3.531
  51 129.879014  62.132393   145.827   150.981  8 55155.11428458  5.356
  52 129.879569  62.133895   154.583   153.759  8 55165.02992268  4.473
  53 129.887104  62.133444   149.271   151.962  7 55174.94556144  5.769
  54 129.893388  62.132289   154.932   152.345  5 55184.86120238  4.126
  55 129.860008  62.141062   157.006   158.007  3 55194.77684956  1.421
  56 129.851107  62.143292   157.597   157.597  2 55204.69249836  1.261
  57 129.881931  62.135111   148.322   147.655  7 55214.60815124  0.706
  58 129.846450  62.145125   144.097   144.097  2 55224.52379550  1.116
  59 129.849397  62.142742   142.839   142.839  2 55234.43944282  1.438
  62 129.902894  62.123100    84.389    84.389  2 55264.18637285 19.383
  63 129.899100  62.126204    84.308    84.517  3 55274.10201011 19.642
  64 129.895650  62.129046    84.248    84.284  4 55284.01764694 19.996
  65 129.896342  62.129052    84.456    84.501  3 55293.93328299 19.088
  66 129.889426  62.129701    84.622    84.537  7 55303.84891973 18.882
  67 129.899111  62.125120    86.964    86.964  2 55313.76456869 22.440
  68 129.883034  62.130125   155.244   153.505  9 55323.68021211  9.782
  69 129.879650  62.132968   153.289   153.293  8 55333.59585557 17.182
  70 129.883000  62.133579   156.349   156.586  8 55343.51149971 23.600
  71 129.881353  62.134247   145.509   153.022 10 55353.42714292 12.636
  72 129.848699  62.143257   127.232   127.232  2 55363.34278025  4.102
  74 129.884569  62.134739   151.517   151.325  9 55383.17406229 17.825
  76 129.888384  62.136330   150.782   150.585  7 55403.00533613 18.002
  77 129.884048  62.135146   149.741   151.591  9 55412.92098793 24.250
  79 129.878460  62.130641   140.703   142.561 11 55432.75228365 25.339
  80 129.898340  62.124961    87.571    87.571  2 55442.66793066 47.193
  81 129.848692  62.140642   151.170   151.170  2 55452.58356740 23.949
  82 129.880514  62.133489    85.751    85.767 10 55462.49921330 43.267
  83 129.850411  62.141829   152.088   152.088  2 55472.41484999  4.559
  84 129.887125  62.129935   142.746   142.517  8 55482.33049221  4.890
  85 129.877292  62.131454   150.993   150.554 10 55492.24612652 17.070
  86 129.881818  62.131554   135.110   135.578  9 55502.16176069 13.403
  87 129.877167  62.135078   157.380   154.817  8 55512.07740514  4.633
  88 129.876626  62.136903   148.172   154.130  5 55521.99305457  6.569
  89 129.884714  62.134669   141.920   143.215  8 55531.90870395  3.254
  90 129.882023  62.134107   137.941   137.839  9 55541.82435049  3.463
  91 129.881536  62.133269   131.221   135.595 10 55551.73999515  5.256
  92 129.881910  62.133604   101.763    96.983 10 55561.65563827 17.341
  93 129.884022  62.134592    98.760    93.852  9 55571.57128069 17.163
  94 129.883434  62.135465   101.322    99.681  9 55581.48692170 16.830
  95 129.882927  62.134243    99.282    95.851  8 55591.40255982 15.829
  96 129.881182  62.132429   100.413    98.669  9 55601.31819468 15.139
  97 129.881853  62.130984   100.422    96.334 10 55611.23382761 15.060
  98 129.881353  62.132529   101.270    97.155 10 55621.14945972 15.098
  99 129.883053  62.133432   102.561    97.242  8 55631.06511276 13.947
 100 129.881346  62.134865   107.509   101.645 10 55640.98076339 12.454
 101 129.849498  62.142806   132.622   132.622  2 55650.89640788  0.570
 102 129.863096  62.136221   134.585   132.083  3 55660.81205443  0.876
 103 129.877909  62.130401    87.027    87.101 11 55670.72769761 20.392
 105 129.880099  62.134206   154.542   154.868 10 55690.55897420 15.348
 106 129.848845  62.146056   130.477   130.477  2 55700.47460588  2.056
 107 129.885542  62.136490   148.965   153.789  7 55710.39024997 14.317
 109 129.884448  62.133728   147.210   136.572  8 55730.22154808  8.128
 110 129.881312  62.134507   152.456   153.231 10 55740.13719433 24.200
 111 129.884683  62.134131   150.332   150.662  9 55750.05284010 18.835
 112 129.883762  62.134538    84.840    84.814  9 55759.96848304 45.739
 113 129.901372  62.128584    84.752    84.752  2 55769.88412553 52.522
 114 129.880933  62.132390   155.198   154.967  9 55779.79976011 24.717
 115 129.884996  62.130189   140.741   142.015  9 55789.71539497  5.857
 116 129.884863  62.131368   153.143   153.406  9 55799.63102780 16.735
 117 129.882661  62.133379    86.924    85.967  8 55809.54667429 30.672
 118 129.882360  62.134748    86.146    86.233  9 55819.46232289 45.065
 119 129.897668  62.130246    88.873    88.873  2 55829.37796913 27.185
 121 129.881105  62.131799   141.059   143.314 10 55849.20924427  5.467
 123 129.880833  62.134989   151.030   150.199 10 55869.04052765 17.227
 124 129.883383  62.136093   138.533   136.290  8 55878.95617925 12.649
 130 129.898394  62.129615    85.055    85.055  2 55938.45005073 20.638
 134 129.897624  62.127268    85.376    85.376  2 55978.11260968 18.066
 136 129.899804  62.129689    85.409    85.409  2 55997.94388600 18.570
 137 129.899812  62.128433    85.348    85.348  2 56007.85953749 18.136
 138 129.880760  62.132136    85.426    85.470 10 56017.77518246 19.106
 139 129.881311  62.131204    85.107    85.512  9 56027.69082675 19.152
 140 129.881501  62.131926    89.997    89.129  9 56037.60646908 16.115
 141 129.881196  62.134127    90.832    90.418 10 56047.52210923 28.176
 142 129.881089  62.136305   153.496   152.427  7 56057.43774661 13.728
 143 129.864532  62.142533   159.916   159.916  2 56067.35337770  6.275
 144 129.884644  62.135747   156.683   156.808  8 56077.26902951 12.174
 145 129.886225  62.134101   152.166   162.179  7 56087.18467869 10.467
 146 129.883795  62.134296   140.254   140.714  8 56097.10032489 18.229
 147 129.884778  62.133686   148.136   154.473  9 56107.01596937 15.907
 148 129.848900  62.143045   155.884   155.884  2 56116.93159496 13.443
 149 129.848648  62.142389   153.575   153.575  2 56126.84723279  6.915
 150 129.882046  62.132511   157.113   156.577 10 56136.76287086 24.857
 151 129.881711  62.132388    89.225    89.146 10 56146.67851512 44.903
 152 129.884689  62.131842    87.407    87.531  9 56156.59416478 48.015
 153 129.881856  62.133169    86.166    86.214  9 56166.50981275 45.599
 154 129.897460  62.128609    89.458    89.297  3 56176.42546067 26.442
 155 129.881646  62.132662   153.698   153.430  9 56186.34109985 15.016
 156 129.851292  62.140833   152.069   152.069  2 56196.25673353 19.288
 157 129.901819  62.127424    90.241    90.241  2 56206.17237408 26.019
 158 129.883081  62.134961   138.551   137.178  8 56216.08800456 25.858
 159 129.884354  62.136674   150.115   149.936  7 56226.00364464 18.602
 160 129.888468  62.135298   143.351   151.883  7 56235.91930048  9.537
 161 129.877888  62.137227   142.030   137.974  6 56245.83495072  5.273
 162 129.880160  62.135616   134.979   137.874 10 56255.75059739  4.705
 163 129.882581  62.135030   134.696   135.816  6 56265.66624004  4.742
 164 129.878893  62.136522   136.727   138.051  6 56275.58188015  2.928
 165 129.879241  62.135746   138.081   137.820  6 56285.49752610  3.037
 166 129.881100  62.133021   138.330   141.386  7 56295.41317692  1.828
 167 129.879894  62.130923   135.638   140.796  5 56305.32882327  1.548
 168 129.875116  62.131487   134.885   136.384  5 56315.24446553  1.740
 169 129.869124  62.134573   135.252   135.439  4 56325.16010559  0.890
 170 129.861281  62.138965   132.034   131.128  4 56335.07574456  1.587
 171 129.882958  62.133873   104.125    99.134  8 56344.99138634 11.779
 172 129.888074  62.132111   126.247   112.706  7 56354.90702390  1.995
 173 129.882683  62.131969   119.886   110.890  8 56364.82266866  4.360
 174 129.868544  62.135092   133.380   133.380  2 56374.73831596  0.387
 176 129.884165  62.133618    86.140    84.961  8 56394.56960725 19.854
 177 129.884798  62.134828    85.498    85.054  9 56404.48524901 33.612
 178 129.888497  62.134357   156.166   157.881  7 56414.40088818  5.279
 179 129.884119  62.135630   153.987   153.748  8 56424.31652157 15.909
 180 129.883837  62.134948   141.051   138.006  9 56434.23216746 26.920
 181 129.883905  62.134034   151.496   155.597  9 56444.14781976 14.030
 182 129.884358  62.134064   150.851   155.022  8 56454.06346951 17.129
 183 129.887883  62.132361   155.642   154.461  7 56463.97911696  7.288
 184 129.852402  62.140627   147.181   147.181  2 56473.89475628  9.764
 186 129.885432  62.129162    87.230    87.246  8 56493.72603735 39.734
 187 129.849696  62.141554   154.364   154.364  2 56503.64166711  3.831
 188 129.884521  62.135218    89.640    89.703  9 56513.55730375 39.594
 189 129.899571  62.131409    89.968    89.968  2 56523.47295530 25.526
 190 129.880072  62.134935    88.587    88.249 10 56533.38860488 40.106
 194 129.882130  62.135798   150.568   154.292  7 56573.05118198  5.336
 195 129.888180  62.136105   149.421   149.353  7 56582.96682188 24.252
 196 129.882621  62.137973   151.853   151.290  8 56592.88245607 16.021
 197 129.850031  62.144641   143.029   143.029  2 56602.79810397  8.318
 200 129.848195  62.144853   129.475   129.475  2 56632.54503974  2.722
 202 129.848998  62.142714   132.063   132.063  2 56652.37632729  1.224
 203 129.850149  62.139461   129.858   130.323  3 56662.29197729  1.334
 204 129.891643  62.126508   136.378   137.850  6 56672.20762923  1.183
 205 129.849494  62.140192   130.867   130.680  3 56682.12326899  1.338
 206 129.873432  62.135936   124.472   127.532  4 56692.03891479  2.162
 207 129.890538  62.132827   122.927   111.609  5 56701.95455591  1.752
 208 129.874337  62.136939   126.977   132.806  4 56711.87018822  1.835
 209 129.882573  62.132416    85.770    85.756  9 56721.78583502 16.864
 211 129.901055  62.127340    86.994    86.994  2 56741.61713657 16.011
 213 129.884500  62.136996    84.809    81.916  7 56761.44841571 23.464
 214 129.888226  62.136336   153.351   154.169  7 56771.36404771  5.540
 215 129.882195  62.134898   155.503   154.453  7 56781.27970238  7.873
 216 129.881994  62.132510   155.688   155.531  9 56791.19535735 26.385
 217 129.882052  62.131806   151.822   152.677  9 56801.11100918 23.108
 218 129.885091  62.131991   144.352   149.773  9 56811.02665415 19.859
 219 129.883797  62.132973    87.041    87.095  8 56820.94229407 43.711
 220 129.884753  62.131989    88.737    88.766  9 56830.85793032 41.850
 221 129.881968  62.131696    87.087    87.003  9 56840.77356283 43.894
 222 129.881827  62.131681    87.488    87.496  9 56850.68919870 48.439
 224 129.880143  62.134189    84.506    84.520 10 56870.52050622 40.322
 225 129.881124  62.134535    85.450    85.498 10 56880.43615712 47.176
 226 129.881896  62.133161    90.486    90.173 10 56890.35180457 25.263
 227 129.881723  62.131190   140.297   141.758  5 56900.26744919  2.582
 229 129.881242  62.132933    88.187    88.220 10 56920.09873209 48.085
 231 129.886842  62.136679   150.547   151.055  6 56939.93000481 24.376
 232 129.886729  62.136619   150.533   149.746  6 56949.84564231 23.165
 233 129.884836  62.134285   134.976   134.399  9 56959.76129464 15.679
 234 129.881761  62.133307   136.491   135.242  9 56969.67694158  9.902
 235 129.883404  62.132907   140.418   141.591  8 56979.59258491  3.071
 236 129.880132  62.135050   137.859   139.121 10 56989.50822304  3.787
 237 129.882585  62.135569   138.814   139.589  8 56999.42385559  3.381
 238 129.883055  62.133701   125.962   135.965  8 57009.33950824  5.964
 239 129.881241  62.131881   112.083   104.333  9 57019.25516074 11.024
 240 129.881205  62.130891   113.154   104.255  9 57029.17081033  9.775
 241 129.884732  62.130635   101.115    98.936  9 57039.08645854 14.641
 242 129.880797  62.133431   106.974   104.294 10 57049.00210344 14.665
 243 129.880786  62.134825   108.141   105.111 10 57058.91774492 10.974
 244 129.883586  62.134383   104.125    98.687  8 57068.83338116 11.833
 245 129.881318  62.135135   104.624   101.376 10 57078.74901245 12.165
 246 129.883003  62.135312   104.375    98.626  8 57088.66464821 11.764
 247 129.884243  62.135012   103.591    98.025  8 57098.58030665 12.292
 248 129.882469  62.136264    89.284    88.663  8 57108.49596165 11.217
 249 129.882222  62.136507    89.226    88.451  8 57118.41161172 11.379
 250 129.883652  62.135071    90.569    89.436  8 57128.32725607 14.688
 251 129.882388  62.134280    90.216    91.500  9 57138.24289464 25.782
 253 129.882540  62.135406   147.486   144.912  8 57158.07416166 24.277
 254 129.883713  62.134913    88.776    88.798  8 57167.98980936 49.798
 258 129.884455  62.130708   150.042   158.930  8 57207.65240089  8.229
 259 129.881835  62.132529    87.040    86.926 10 57217.56804500 46.709
 261 129.852647  62.142467   157.023   157.023  2 57237.39932613  0.819
 262 129.878606  62.135514   151.345   150.120  7 57247.31496728 11.355
 263 129.884849  62.134437   152.457   151.303  9 57257.23060346 18.351
 264 129.899471  62.131923    86.937    86.937  2 57267.14623942 27.030
 265 129.883320  62.137496   150.503   150.465  8 57277.06188377 14.567
 266 129.889387  62.135478   138.822   134.180  5 57286.97754121 15.405
 269 129.881878  62.133129   150.428   150.245  9 57316.72449097 18.872
 270 129.882102  62.132689   150.707   151.031  9 57326.64013400 14.725
 271 129.882072  62.133284   142.267   145.277  9 57336.55577477  4.032
 272 129.881627  62.132970   144.825   145.135 10 57346.47142188  2.597
 273 129.882064  62.131582   138.812   139.442  9 57356.38706910  3.762
 274 129.882471  62.130493   143.629   141.200  9 57366.30271267  1.562
 275 129.881542  62.131002   141.999   139.624  9 57376.21835272  1.289
 276 129.883332  62.132302   139.630   140.367  8 57386.13399115  1.566
 277 129.863989  62.139801   137.229   135.592  6 57396.04962643  1.375
 278 129.874422  62.138300   134.234   135.157  5 57405.96526440  2.170
 279 129.867140  62.139384   136.610   136.828  4 57415.88091343  1.779
 280 129.877666  62.135211   136.999   138.429  6 57425.79656619  1.881
 281 129.884133  62.133216   131.740   136.729  9 57435.71221530  1.909
 282 129.883733  62.134655   108.297   100.912  8 57445.62786166  9.793
 283 129.850883  62.145347   131.810   131.810  2 57455.54350317  1.184
 284 129.848594  62.146301   132.927   132.927  2 57465.45914649  1.108
 285 129.891512  62.133149    84.809    84.818  5 57475.37479170 19.228
 286 129.892380  62.131662    84.804    84.749  4 57485.29042837 18.127
 287 129.883711  62.134156    88.038    90.781  8 57495.20606113 26.718
 289 129.881631  62.136393   151.727   154.475  8 57515.03734998 22.516
 290 129.880942  62.135189   153.906   153.160 10 57524.95300428 25.480
 291 129.884697  62.131597    88.670    88.556  9 57534.86865690 44.814
 292 129.878525  62.131301    89.471    89.452 11 57544.78430529 43.673
 293 129.881539  62.130578    90.638    90.649  9 57554.69995224 41.792
 295 129.883108  62.134009    88.272    87.506  8 57574.53124137 29.487
 296 129.849549  62.143790   150.349   154.619  3 57584.44688107  0.666
 297 129.883061  62.133578    89.032    88.766  8 57594.36252711 25.754
