-152658.070   121.641     0.00    6.83
-152371.644   118.635   -10.50    8.26
-152085.229   115.729   -10.15    9.18
-151798.825   112.980    -9.60    9.55
-151512.432   108.754   -14.76    9.03
-151226.050   106.428    -8.12    8.72
-150939.679   103.667    -9.64    7.25
-150653.319   101.320    -8.20    6.05
-150366.970    99.094    -7.77    6.12
-150080.632    98.040    -3.68    6.01
-149794.305    97.353    -2.40    5.75
-149507.989    97.134    -0.76    6.26
-149221.684    96.962    -0.60    6.56
-148935.390    96.364    -2.09    7.44
-148649.107    95.541    -2.87    8.43
-148362.835    94.038    -5.25    9.65
-148076.573    91.746    -8.01   11.33
-147790.323    89.138    -9.11   12.23
-147504.084    86.528    -9.12   11.97
-147217.856    84.154    -8.29   11.42
-146931.639    82.331    -6.37   10.43
-146645.433    81.260    -3.74    9.31
-146359.238    79.624    -5.72    8.35
-146073.054    78.913    -2.48    7.34
-145786.880    78.310    -2.11    6.83
-145500.718    78.587     0.97    6.35
-145214.567    78.237    -1.22    6.06
-144928.427    78.038    -0.70    6.07
-144642.297    77.890    -0.52    6.00
-144356.179    77.480    -1.43    5.75
-144070.071    77.256    -0.78    5.68
-143783.975    76.383    -3.05    5.58
-143497.889    76.350    -0.12    5.76
-143211.815    76.698     1.22    6.15
-142925.751    78.131     5.01    7.20
-142639.699    80.029     6.64    8.10
-142353.657    82.419     8.36    8.18
-142067.626    84.426     7.02    6.80
-141781.607    85.557     3.95    5.75
-141495.598    85.309    -0.87    6.02
-141209.600    83.984    -4.63    7.36
-140923.613    81.729    -7.88    8.39
-140637.637    79.275    -8.58    8.64
-140351.672    76.571    -9.46    8.36
-140065.718    74.696    -6.56    7.49
-139779.775    73.684    -3.54    6.91
-139493.842    73.815     0.46    7.32
-139207.921    73.809    -0.02    8.36
-138922.011    75.191     4.83    9.65
-138636.111    76.973     6.24   10.65
-138350.223    79.340     8.28   10.15
-138064.345    81.394     7.18    8.75
-137778.479    82.873     5.18    7.24
-137492.623    84.676     6.31    5.51
-137206.778    86.190     5.29    4.56
-136920.944    87.721     5.36    4.94
-136635.122    89.326     5.62    6.04
-136349.310    91.639     8.09    7.73
-136063.508    94.778    10.98    9.13
-135777.718    97.730    10.33    9.93
-135491.939   100.290     8.96    9.85
-135206.171   101.935     5.76    9.52
-134920.413   103.108     4.11    8.68
-134634.667   104.185     3.77    8.76
-134348.931   104.892     2.47    8.57
-134063.206   105.447     1.94    7.98
-133777.493   104.978    -1.64    7.47
-133491.790   103.842    -3.98    6.21
-133206.098   103.235    -2.12    5.82
-132920.417   103.293     0.20    5.63
-132634.747   104.441     4.02    6.60
-132349.087   106.285     6.46    7.43
-132063.439   108.071     6.25    7.04
-131777.801   109.551     5.18    6.22
-131492.175   110.601     3.68    5.55
-131206.559   111.131     1.85    5.66
-130920.954   111.795     2.33    5.52
-130635.360   111.579    -0.76    5.29
-130349.777   111.467    -0.39    6.07
-130064.205   111.706     0.84    5.99
-129778.644   110.278    -5.00    7.20
-129493.094   108.002    -7.97    8.33
-129207.554   104.872   -10.97    9.12
-128922.025   101.994   -10.08    8.34
-128636.508   100.774    -4.27    6.94
-128351.001   100.350    -1.49    6.37
-128065.505   100.881     1.86    6.35
-127780.020   101.760     3.08    6.28
-127494.545   103.425     5.83    5.31
-127209.082   105.288     6.52    4.19
-126923.630   107.035     6.12    3.84
-126638.188   107.972     3.28    4.39
-126352.757   108.498     1.84    5.74
-126067.337   107.407    -3.82    8.48
-125781.928   106.246    -4.07   10.60
-125496.530   104.594    -5.79   12.69
-125211.143   103.586    -3.53   13.52
-124925.766   103.435    -0.53   13.49
-124640.401   104.278     2.95   12.36
-124355.046   105.020     2.60   11.48
-124069.702   105.896     3.07    9.76
-123784.369   104.594    -4.57    9.39
-123498.480   102.131    -8.62   10.60
-123210.716    98.715   -11.87   11.66
-122922.964    96.978    -6.03   11.66
-122635.225    94.094   -10.03   12.05
-122347.497    90.861   -11.24   12.07
-122059.780    86.578   -14.88   11.60
-121772.076    84.783    -6.24   11.54
-121484.384    84.004    -2.71   11.42
-121196.703    88.037    14.02   14.77
-120909.035    91.690    12.70   16.20
-120621.378    96.932    18.22   16.60
-120333.733   102.379    18.94   14.76
-120046.100   107.026    16.16   11.29
-119758.479   109.003     6.87    7.82
-119470.869   108.707    -1.03    6.42
-119183.272   106.492    -7.70    6.61
-118895.686   103.883    -9.07    5.72
-118608.112   101.494    -8.31    4.47
-118320.550    99.483    -6.99    4.77
-118033.000    98.483    -3.48    5.91
-117745.462    98.609     0.44    7.29
-117457.935    98.428    -0.63    8.04
-117170.421    98.127    -1.05    8.57
-116882.918    96.421    -5.94    9.85
-116595.427    94.544    -6.53   10.25
-116307.948    93.661    -3.07    9.90
-116020.481    93.235    -1.48    8.77
-115733.025    92.736    -1.73    8.48
-115445.581    92.780     0.15    8.10
-115158.150    93.822     3.62    8.16
-114870.730    95.089     4.41    7.58
-114583.321    96.660     5.47    6.42
-114295.925    96.969     1.08    5.99
-114008.540    97.509     1.88    5.73
-113721.168    98.295     2.74    4.89
-113433.807    98.528     0.81    4.34
-113146.458    99.318     2.75    2.93
-112859.120    98.832    -1.69    2.92
-112571.795    97.986    -2.94    3.39
-112284.481    97.227    -2.64    4.00
-111997.179    95.572    -5.76    4.90
-111709.889    93.758    -6.31    5.25
-111422.611    91.587    -7.56    4.92
-111135.344    89.097    -8.67    4.67
-110848.089    87.317    -6.20    4.46
-110560.846    85.593    -6.00    3.96
-110273.615    84.557    -3.61    3.31
-109986.396    83.394    -4.05    3.13
-109699.188    81.713    -5.85    3.35
-109411.993    80.382    -4.63    3.14
-109124.809    79.780    -2.10    3.30
-108837.636    79.181    -2.09    3.92
-108550.476    78.026    -4.02    5.06
-108263.327    77.557    -1.63    5.89
-107976.190    77.563     0.02    6.84
-107689.065    77.419    -0.50    7.38
-107401.952    76.660    -2.64    7.50
-107114.850    75.623    -3.61    7.01
-106827.761    75.492    -0.46    6.44
-106540.682    75.548     0.19    5.49
-106253.616    75.703     0.54    4.46
-105966.562    75.601    -0.35    3.73
-105679.519    75.394    -0.72    3.44
-105392.488    75.116    -0.97    4.21
-105105.469    74.550    -1.97    4.84
-104818.461    73.834    -2.50    5.42
-104531.466    72.601    -4.30    5.63
-104244.482    71.307    -4.51    5.90
-103957.509    70.457    -2.96    6.27
-103670.549    69.660    -2.78    6.96
-103383.600    68.954    -2.46    7.71
-103096.663    68.763    -0.67    8.63
-102809.738    67.972    -2.76    9.74
-102522.825    67.335    -2.22   10.28
-102235.923    66.442    -3.11   10.81
-101949.033    65.209    -4.30   10.78
-101662.155    64.426    -2.73   10.78
-101375.288    63.669    -2.64   10.24
-101088.433    63.442    -0.79    9.89
-100801.590    63.330    -0.39    8.71
-100514.759    63.307    -0.08    7.80
-100227.939    62.624    -2.38    7.23
 -99941.131    62.580    -0.15    6.74
 -99654.335    61.962    -2.16    6.09
 -99367.551    61.734    -0.80    5.67
 -99080.778    61.616    -0.41    5.35
 -98794.017    61.676     0.21    5.45
 -98507.268    62.207     1.85    5.36
 -98220.530    62.879     2.34    4.90
 -97933.804    63.190     1.08    4.85
 -97647.090    61.947    -4.33    5.96
 -97360.388    60.710    -4.31    6.69
 -97073.697    59.330    -4.81    6.88
 -96787.018    57.793    -5.36    6.03
 -96500.351    56.923    -3.03    5.23
 -96213.695    56.488    -1.52    4.76
 -95927.051    57.819     4.64    5.27
 -95640.419    58.881     3.71    5.45
 -95353.798    60.116     4.31    5.92
 -95067.190    60.571     1.59    5.81
 -94780.592    61.254     2.38    5.85
 -94494.007    60.919    -1.17    5.54
 -94207.433    59.969    -3.32    4.91
 -93920.871    58.609    -4.75    4.83
 -93634.321    57.305    -4.55    4.76
 -93347.782    56.674    -2.20    4.73
 -93061.255    56.305    -1.29    4.55
 -92774.740    56.072    -0.82    4.11
 -92488.236    56.436     1.27    3.50
 -92201.744    56.908     1.65    2.96
 -91915.264    57.752     2.95    2.55
 -91628.795    58.425     2.35    2.27
 -91342.338    58.947     1.82    2.54
 -91055.893    59.502     1.94    2.93
 -90769.459    59.515     0.04    3.13
 -90483.037    59.404    -0.39    3.14
 -90196.627    58.875    -1.85    3.40
 -89910.228    58.203    -2.35    3.91
 -89623.841    56.188    -7.03    6.47
 -89337.466    52.177   -14.01   10.00
 -89051.102    46.769   -18.88   11.99
 -88764.750    41.748   -17.53   11.88
 -88478.410    37.184   -15.94   10.22
 -88192.081    33.391   -13.25    7.62
 -87905.764    30.283   -10.86    3.99
 -87619.459    29.359    -3.23    3.36
 -87333.165    29.131    -0.79    3.42
 -87046.883    29.317     0.65    3.53
 -86760.612    29.300    -0.06    3.82
 -86474.354    29.375     0.26    4.26
 -86188.106    28.823    -1.93    4.98
 -85901.871    28.293    -1.85    5.07
 -85615.647    26.428    -6.52    5.85
 -85329.435    24.183    -7.84    6.17
 -85043.234    21.972    -7.73    6.05
 -84757.045    20.154    -6.35    5.05
 -84470.868    18.895    -4.40    4.04
 -84184.702    17.796    -3.84    2.88
 -83898.548    17.302    -1.73    2.10
 -83612.405    17.586     0.99    2.29
 -83326.274    18.525     3.28    2.64
 -83040.155    19.312     2.75    2.93
 -82754.047    18.049    -4.41    6.13
 -82467.951    15.976    -7.24    8.46
 -82181.867    12.813   -11.06    9.77
 -81895.794     9.434   -11.81   10.05
 -81609.733     5.519   -13.68    8.32
 -81323.683     2.660   -10.00    5.30
 -81037.645     0.759    -6.64    0.99
 -80751.619     0.736    -0.08    0.72
 -80465.604     3.659    10.22    6.75
 -80179.601     7.828    14.58   10.48
 -79893.609    12.397    15.98   11.84
 -79607.629    16.351    13.83   12.05
 -79321.661    20.315    13.86   10.86
 -79035.704    24.518    14.70    7.71
 -78749.759    26.675     7.54    3.23
 -78463.825    26.962     1.00    2.62
 -78177.903    26.372    -2.06    3.06
 -77891.993    25.324    -3.66    3.25
 -77606.094    23.813    -5.29    4.83
 -77320.207    21.559    -7.88    6.56
 -77034.331    18.669   -10.11    8.23
 -76748.467    16.483    -7.65    8.58
 -76462.614    15.173    -4.58    8.29
 -76176.773    14.713    -1.61    7.84
 -75890.944    13.997    -2.51    7.33
 -75605.126    13.470    -1.84    6.66
 -75319.320    14.163     2.43    5.64
 -75033.525    15.142     3.43    4.03
 -74747.742    16.209     3.73    2.50
 -74461.971    16.443     0.82    2.54
 -74176.211    16.966     1.83    2.65
 -73890.462    17.631     2.33    2.62
 -73604.725    18.526     3.13    2.18
 -73319.000    19.075     1.92    1.97
 -73033.286    19.425     1.22    1.90
 -72747.584    19.823     1.39    1.86
 -72461.893    20.142     1.12    1.88
 -72176.214    20.457     1.10    1.76
 -71890.547    20.533     0.27    1.73
 -71604.891    20.652     0.42    1.67
 -71319.246    20.482    -0.60    1.78
 -71033.614    20.295    -0.65    1.83
 -70747.992    20.083    -0.74    1.85
 -70462.382    19.887    -0.69    1.74
 -70176.784    19.755    -0.46    1.59
 -69891.197    19.525    -0.80    1.47
 -69605.622    19.441    -0.30    1.58
 -69320.059    19.295    -0.51    1.79
 -69034.506    19.184    -0.39    1.83
 -68748.966    19.243     0.20    1.95
 -68463.437    19.310     0.24    2.06
 -68177.919    19.514     0.71    2.15
 -67892.413    19.927     1.45    2.11
 -67606.919    20.302     1.32    2.04
 -67321.436    20.783     1.68    1.66
 -67035.964    20.616    -0.58    1.91
 -66750.504    19.821    -2.79    3.74
 -66465.056    19.057    -2.67    4.81
 -66179.619    18.368    -2.41    5.60
 -65894.194    17.980    -1.36    5.58
 -65608.780    17.506    -1.66    5.93
 -65323.377    18.248     2.60    5.24
 -65037.987    19.080     2.92    4.15
 -64752.607    19.624     1.91    3.00
 -64467.239    20.278     2.29    2.53
 -64181.883    20.539     0.92    2.71
 -63896.538    21.023     1.70    3.24
 -63611.205    21.372     1.22    3.50
 -63325.883    21.708     1.18    3.42
 -63040.573    22.721     3.55    3.47
 -62755.274    22.858     0.48    3.17
 -62469.986    23.149     1.02    3.26
 -62184.711    23.387     0.83    3.06
 -61899.446    22.959    -1.50    3.84
 -61613.382    22.819    -0.49    3.65
 -61325.541    22.209    -2.12    3.98
 -61037.713    22.436     0.79    4.10
 -60749.897    22.765     1.15    3.67
 -60462.094    22.937     0.60    3.62
 -60174.303    22.433    -1.75    3.75
 -59886.525    22.268    -0.57    4.11
 -59598.760    22.097    -0.59    4.03
 -59311.007    22.382     0.99    4.17
 -59023.266    23.055     2.34    4.96
 -58735.538    23.908     2.96    5.86
 -58447.823    25.184     4.44    6.96
 -58160.120    26.164     3.41    7.67
 -57872.429    27.071     3.15    8.02
 -57584.751    27.339     0.93    8.52
 -57297.086    27.345     0.02    8.26
 -57009.433    26.754    -2.06    7.69
 -56721.793    26.052    -2.44    6.39
 -56434.165    25.305    -2.60    4.91
 -56146.549    25.486     0.63    4.32
 -55858.947    25.343    -0.50    4.80
 -55571.356    25.409     0.23    5.73
 -55283.778    25.290    -0.41    6.15
 -54996.213    25.183    -0.37    6.45
 -54708.660    25.517     1.16    6.54
 -54421.120    26.127     2.12    6.70
 -54133.592    26.790     2.31    6.05
 -53846.076    27.138     1.21    6.19
 -53558.573    26.481    -2.29    6.44
 -53271.083    26.086    -1.37    6.19
 -52983.605    25.260    -2.87    5.73
 -52696.140    24.734    -1.83    5.38
 -52408.687    24.442    -1.02    4.97
 -52121.246    25.054     2.13    3.58
 -51833.818    25.639     2.03    1.93
 -51546.402    25.492    -0.51    2.12
 -51258.999    25.586     0.33    2.07
 -50971.609    25.563    -0.08    2.15
 -50684.231    26.054     1.71    2.51
 -50396.865    26.563     1.77    2.74
 -50109.512    27.275     2.48    3.30
 -49822.171    27.824     1.91    3.72
 -49534.843    28.083     0.90    3.60
 -49247.527    27.965    -0.41    3.48
 -48960.223    28.003     0.13    3.12
 -48672.932    27.851    -0.53    2.56
 -48385.654    28.012     0.56    2.33
 -48098.388    28.443     1.50    2.15
 -47811.134    28.653     0.73    2.15
 -47523.893    29.059     1.41    2.06
 -47236.664    29.120     0.21    2.38
 -46949.448    28.631    -1.70    4.15
 -46662.244    28.675     0.15    4.72
 -46375.053    28.593    -0.28    5.06
 -46087.874    28.976     1.33    5.25
 -45800.707    29.741     2.66    4.68
 -45513.553    30.721     3.41    3.65
 -45226.412    31.469     2.60    2.27
 -44939.282    31.533     0.22    2.47
 -44652.166    31.425    -0.38    2.41
 -44365.061    31.247    -0.62    2.27
 -44077.969    31.270     0.08    2.19
 -43790.890    30.857    -1.44    1.88
 -43503.822    30.973     0.41    1.96
 -43216.768    31.089     0.40    2.04
 -42929.725    31.477     1.35    2.22
 -42642.695    31.411    -0.23    2.24
 -42355.678    31.288    -0.43    2.15
 -42068.673    31.078    -0.73    1.88
 -41781.680    31.112     0.12    1.65
 -41494.700    30.721    -1.36    3.25
 -41207.732    30.258    -1.61    4.64
 -40920.776    30.124    -0.47    5.34
 -40633.833    30.533     1.43    5.33
 -40346.903    30.930     1.38    5.23
 -40059.984    31.737     2.81    4.08
 -39773.078    32.455     2.50    1.41
 -39486.185    32.496     0.14    1.30
 -39199.304    32.498     0.01    1.24
 -38912.435    32.419    -0.28    1.23
 -38625.579    32.146    -0.95    1.37
 -38338.735    31.836    -1.08    1.63
 -38051.903    31.755    -0.28    1.71
 -37765.084    31.896     0.49    1.72
 -37478.277    30.565    -4.64    4.95
 -37191.482    29.336    -4.29    6.47
 -36904.700    29.325    -0.04    6.73
 -36617.930    29.540     0.75    6.63
 -36331.173    30.030     1.71    6.27
 -36044.428    30.691     2.31    5.48
 -35757.695    31.517     2.88    4.39
 -35470.975    32.812     4.52    2.14
 -35184.267    33.166     1.24    1.82
 -34897.571    33.638     1.65    1.81
 -34610.888    34.219     2.03    1.92
 -34324.217    34.830     2.13    1.93
 -34037.559    35.547     2.50    2.21
 -33750.913    35.072    -1.66    4.98
 -33464.279    33.097    -6.89    8.21
 -33177.657    32.353    -2.60    8.75
 -32891.048    31.662    -2.41    8.99
 -32604.451    30.394    -4.42    9.64
 -32317.867    29.045    -4.71   10.02
 -32031.294    28.438    -2.12    9.95
 -31744.735    30.022     5.53    9.28
 -31458.187    31.965     6.78    7.97
 -31171.652    32.850     3.09    6.98
 -30885.129    33.631     2.73    6.20
 -30598.619    34.171     1.88    5.52
 -30312.120    35.752     5.52    2.98
 -30025.635    34.083    -5.83    7.13
 -29739.161    30.874   -11.20   11.43
 -29452.700    26.094   -16.69   14.52
 -29166.251    20.298   -20.23   15.79
 -28879.814    15.248   -17.63   15.00
 -28593.390    12.078   -11.07   13.14
 -28306.978    12.127     0.17   13.11
 -28020.578    14.616     8.69   14.14
 -27734.191    18.482    13.50   14.52
 -27447.816    21.718    11.30   13.71
 -27161.453    24.502     9.72   12.77
 -26875.103    27.013     8.77   11.57
 -26588.765    29.593     9.01    9.86
 -26302.439    31.534     6.78    6.86
 -26016.125    31.822     1.01    6.69
 -25729.824    31.793    -0.10    6.49
 -25443.535    31.872     0.28    6.37
 -25157.258    32.094     0.78    6.05
 -24870.994    32.062    -0.11    5.59
 -24584.742    31.988    -0.26    5.56
 -24298.502    31.586    -1.41    5.69
 -24012.274    31.720     0.47    5.62
 -23726.059    31.416    -1.06    5.37
 -23439.856    31.323    -0.33    6.34
 -23153.665    30.742    -2.03    7.63
 -22867.487    29.750    -3.46    9.87
 -22581.320    29.198    -1.93   11.34
 -22295.166    27.747    -5.07   11.93
 -22009.025    26.498    -4.36   12.38
 -21722.895    25.051    -5.06   12.99
 -21436.778    24.406    -2.26   12.98
 -21150.673    24.410     0.01   12.95
 -20864.581    25.361     3.32   12.34
 -20578.500    25.646     1.00   12.15
 -20292.432    26.698     3.67   12.00
 -20006.376    27.601     3.16   11.65
 -19720.333    30.049     8.56    9.98
 -19434.301    30.992     3.30    8.19
 -19148.282    31.293     1.05    7.26
 -18862.275    31.124    -0.59    6.11
 -18576.281    30.586    -1.88    6.67
 -18290.298    30.623     0.13    7.09
 -18004.328    31.699     3.76    6.99
 -17718.370    33.229     5.35    6.07
 -17432.425    34.402     4.10    6.79
 -17146.491    35.785     4.84    7.58
 -16860.570    37.874     7.30    8.82
 -16574.661    40.594     9.51    9.49
 -16288.764    44.245    12.77   11.00
 -16002.880    48.362    14.40   11.86
 -15717.007    53.911    19.41   12.49
 -15431.147    58.969    17.69   12.95
 -15145.299    66.298    25.64   12.88
 -14859.464    73.412    24.89   14.23
 -14573.640    80.079    23.33   14.28
 -14287.829    86.954    24.06   14.69
 -14002.030    90.557    12.61   16.04
 -13716.243    85.578   -17.42   29.74
 -13430.469    75.704   -34.55   41.27
 -13144.706    60.425   -53.47   48.83
 -12858.956    45.881   -50.90   49.97
 -12573.218    30.571   -53.58   45.53
 -12287.492    14.377   -56.67   32.07
 -12001.779     4.822   -33.44   15.35
 -11716.077     2.623    -7.70    8.03
 -11430.388     2.593    -0.11    8.07
 -11144.711     3.149     1.95    9.18
 -10859.046     1.639    -5.29    7.28
 -10573.393     0.859    -2.73    5.73
 -10287.753     0.349    -1.78    4.38
 -10002.125    -0.308    -2.30    0.87
  -9716.509    -0.384    -0.27    0.00
  -9430.905    -0.384     0.00    0.00
  -9145.313    -0.384     0.00    0.00
  -8859.733    -0.384     0.00    0.00
  -8574.166    -0.354     0.10    0.35
  -8288.611     0.275     2.20    3.70
  -8003.068     0.705     1.51    4.80
  -7717.537     0.440    -0.93    4.25
  -7432.018     0.410    -0.11    4.18
  -7146.511    -0.278    -2.41    1.06
  -6861.017    -0.311    -0.12    0.85
  -6575.535     0.518     2.90    4.20
  -6290.065     1.699     4.14    6.28
  -6004.607     1.807     0.38    6.32
  -5719.161     1.411    -1.39    5.68
  -5433.727     1.039    -1.30    4.97
  -5148.306     1.661     2.18    6.07
  -4862.897     1.942     0.98    6.58
  -4577.499     2.624     2.39    7.64
  -4292.114     3.713     3.82    9.05
  -4006.742     5.260     5.42   10.49
  -3721.381     7.153     6.63   11.56
  -3436.032     8.799     5.77   12.22
  -3150.696     9.178     1.33   12.31
  -2865.371     8.790    -1.36   12.25
  -2580.059     7.586    -4.22   11.87
  -2294.759     5.422    -7.59   10.85
  -2009.471     3.203    -7.78    8.81
  -1724.195     1.221    -6.95    6.18
  -1438.932    -0.102    -4.63    2.23
  -1153.680    -0.384    -0.99    0.00
   -868.441    -0.384     0.00    0.00
   -583.213    -0.384     0.00    0.00
   -297.998    -0.384     0.00    0.00
    -12.795    -0.384     0.00    0.00
    273.487    -0.384     0.00    0.00
    561.393    -0.384     0.00    0.00
    849.285    -0.384     0.00    0.00
   1137.164    -0.384     0.00    0.00
   1425.030    -0.384     0.00    0.00
   1712.883    -0.384     0.00    0.00
   2000.723    -0.384     0.00    0.00
   2288.549    -0.384     0.00    0.00
   2576.362    -0.384     0.00    0.00
   2864.162    -0.136     0.86    1.62
   3151.949     0.722     2.98    4.52
   3439.723     1.653     3.24    5.90
   3727.483     2.234     2.02    6.92
   4015.231     3.842     5.59    9.28
   4302.965     5.356     5.26   11.18
   4590.686     7.528     7.55   12.94
   4878.394     9.028     5.21   13.81
   5166.089    10.255     4.26   14.35
   5453.770    10.916     2.30   14.30
   5741.439     9.519    -4.86   14.04
   6029.094     7.517    -6.96   12.94
   6316.736     6.572    -3.29   11.96
   6604.365     6.143    -1.49   11.27
   6891.981     6.079    -0.22   10.82
   7179.584     8.066     6.91   11.75
   7467.173    10.280     7.70   12.44
   7754.750     9.305    -3.39   11.74
   8042.313     8.131    -4.08   11.37
   8329.863     7.911    -0.76   11.35
   8617.400     8.796     3.08   11.98
   8904.924     9.780     3.42   12.42
   9192.435    11.172     4.84   12.94
   9479.932    13.308     7.43   13.23
   9767.417    15.764     8.54   13.03
  10054.888    17.949     7.60   11.89
  10342.347    19.579     5.67   10.39
  10629.792    20.997     4.93    8.63
  10917.224    22.270     4.43    6.30
  11204.643    22.601     1.15    4.71
  11492.049    22.677     0.26    4.50
  11779.441    21.903    -2.69    5.59
  12066.821    21.374    -1.84    6.59
  12354.187    19.840    -5.34    8.14
  12641.541    18.424    -4.93    9.53
  12928.881    16.451    -6.87   10.50
  13216.208    14.708    -6.06   11.24
  13503.523    12.416    -7.98   11.81
  13790.824     9.234   -11.07   11.71
  14078.112     6.835    -8.35   10.85
  14365.386     3.949   -10.04    9.02
  14652.648     1.476    -8.61    6.09
  14939.897    -0.046    -5.30    2.29
  15227.133    -0.384    -1.18    0.00
  15514.355     0.431     2.84    3.68
  15801.565     2.157     6.01    7.03
  16088.761     5.408    11.32   10.07
  16375.944     8.415    10.47   11.37
  16663.115    11.059     9.21   11.55
  16950.272    14.564    12.21   11.14
  17237.416    17.792    11.24   10.15
  17524.547    20.580     9.71    8.43
  17811.665    23.701    10.87    5.10
  18098.770    24.816     3.88    5.21
  18385.862    26.120     4.54    3.46
  18672.941    26.056    -0.22    4.31
  18960.007    27.093     3.61    5.00
  19247.059    29.415     8.09   10.07
  19534.099    34.858    18.97   17.37
  19821.126    40.512    19.70   23.70
  20108.139    46.085    19.42   27.58
  20395.140    51.682    19.50   28.68
  20682.128    55.439    13.09   27.68
  20969.102    59.364    13.68   26.32
  21256.064    60.947     5.51   23.85
  21543.012    60.344    -2.10   21.38
  21829.947    59.318    -3.57   18.41
  22116.870    59.505     0.65   15.66
  22403.779    60.563     3.69   12.54
  22690.676    60.571     0.03   10.54
  22977.559    61.250     2.36    7.26
  23264.429    61.609     1.25    5.07
  23551.287    61.116    -1.72    5.27
  23838.131    60.410    -2.46    5.78
  24124.962    60.002    -1.42    5.61
  24411.780    60.043     0.14    6.10
  24698.586    61.024     3.42    6.39
  24985.378    63.090     7.21    6.26
  25272.157    65.254     7.55    6.09
  25558.924    66.939     5.88    4.93
  25845.677    67.962     3.57    3.72
  26132.417    67.887    -0.26    3.54
  26419.144    64.685   -11.17    8.38
  26705.859    60.221   -15.57   11.76
  26992.560    55.532   -16.35   12.70
  27279.248    51.246   -14.95   14.61
  27565.924    46.048   -18.13   17.71
  27852.586    42.468   -12.49   19.60
  28139.235    38.616   -13.44   22.00
  28425.872    35.758    -9.97   24.60
  28712.495    32.846   -10.16   25.46
  28999.106    32.033    -2.84   24.38
  29285.703    31.749    -0.99   22.88
  29572.288    32.089     1.19   21.47
  29858.859    30.944    -4.00   19.87
  30145.418    29.585    -4.74   18.55
  30431.963    30.310     2.53   17.41
  30718.496    30.993     2.38   16.59
  31005.016    32.736     6.08   17.27
  31291.523    34.578     6.43   17.99
  31578.016    37.556    10.40   17.70
  31864.497    39.547     6.95   17.39
  32150.965    42.135     9.03   16.73
  32437.420    43.270     3.96   15.40
  32723.862    44.857     5.54   14.99
  33010.291    46.295     5.02   12.33
  33296.707    47.609     4.58   10.63
  33583.110    47.508    -0.35    9.22
  33869.501    48.116     2.12    8.65
  34155.878    48.692     2.01    7.63
  34442.242    49.631     3.28    7.65
  34728.594    51.313     5.87    8.96
  35014.932    53.198     6.58   10.28
  35301.258    54.837     5.73   11.36
  35587.571    56.295     5.09   11.89
  35873.871    56.924     2.20   12.08
  36160.157    57.536     2.14   12.42
  36446.431    57.539     0.01   11.84
  36732.692    58.324     2.74   11.99
  37018.940    58.039    -1.00   11.83
  37305.176    58.719     2.38   12.73
  37591.398    58.502    -0.76   12.62
  37877.607    58.855     1.23   12.49
  38163.804    58.231    -2.18   11.54
  38449.987    58.409     0.62   11.10
  38736.158    58.408    -0.00   10.46
  39022.316    59.735     4.64   10.36
  39308.461    61.563     6.39   10.97
  39594.593    64.009     8.55   11.97
  39880.712    66.830     9.86   12.54
  40166.818    69.149     8.11   12.66
  40452.912    71.494     8.19   11.95
  40738.992    72.944     5.07   10.99
  41025.060    72.547    -1.39    9.82
  41311.114    71.847    -2.45    9.09
  41597.156    70.851    -3.48    8.15
  41883.185    70.187    -2.32    7.16
  42169.201    69.199    -3.45    6.02
  42455.204    68.730    -1.64    4.90
  42741.195    69.295     1.98    4.63
  43027.172    70.721     4.99    4.76
  43313.137    72.549     6.39    4.54
  43599.089    74.028     5.17    4.00
  43885.027    75.112     3.79    3.62
  44170.953    75.608     1.73    3.50
  44456.867    74.699    -3.18    4.73
  44742.767    73.885    -2.85    5.34
  45028.654    72.705    -4.13    5.53
  45314.529    72.085    -2.17    5.71
  45600.391    72.401     1.11    6.09
  45886.240    72.707     1.07    6.57
  46172.076    74.043     4.67    7.28
  46457.899    75.356     4.60    7.86
  46743.710    76.727     4.80    7.35
  47029.507    76.970     0.85    6.89
  47315.292    76.997     0.09    6.12
  47601.064    76.914    -0.29    5.34
  47886.823    76.180    -2.57    4.89
  48172.569    75.616    -1.97    4.15
  48458.303    74.803    -2.85    2.97
  48744.023    74.631    -0.60    2.54
  49029.731    74.631    -0.00    2.44
  49315.426    75.139     1.78    2.62
  49601.108    75.785     2.26    3.05
  49886.778    76.378     2.07    3.36
  50172.434    76.966     2.06    3.56
  50458.078    77.516     1.92    3.45
  50743.709    78.890     4.81    3.25
  51029.327    79.954     3.73    3.16
  51314.932    81.038     3.79    3.13
  51600.525    81.998     3.36    3.03
  51886.105    82.751     2.64    2.80
  52171.671    83.424     2.35    2.68
  52457.226    84.187     2.67    2.48
  52742.767    84.508     1.12    2.51
  53028.295    84.736     0.80    2.61
  53313.811    85.345     2.13    2.90
  53599.314    85.885     1.89    2.87
  53884.804    86.356     1.65    2.81
  54170.282    86.735     1.33    2.74
  54455.746    87.021     1.00    2.65
  54741.198    87.105     0.29    2.64
  55026.637    87.374     0.94    2.61
  55312.064    87.215    -0.56    2.99
  55597.477    86.691    -1.83    3.44
  55882.878    86.998     1.07    3.39
  56168.266    87.661     2.32    3.53
  56453.641    88.801     3.99    4.10
  56739.004    90.093     4.53    4.59
  57024.353    91.120     3.60    4.94
  57309.690    92.712     5.58    4.63
  57595.015    94.870     7.56    4.08
  57880.326    96.912     7.16    4.69
  58165.625    97.278     1.28    4.65
  58450.911    97.330     0.18    4.47
  58736.184    96.944    -1.35    4.08
  59021.444    96.451    -1.73    4.12
  59306.692    96.135    -1.11    3.91
  59591.927    95.157    -3.43    4.14
  59877.149    93.891    -4.44    6.34
  60162.359    92.094    -6.30    7.96
  60447.555    90.085    -7.04    8.81
  60732.739    88.770    -4.61    8.45
  61017.911    87.262    -5.29    7.96
  61303.069    86.616    -2.27    7.65
  61588.215    85.854    -2.67    7.66
  61873.348    85.394    -1.62    6.92
  62159.855    85.601     0.72    6.30
  62447.839    85.528    -0.25    5.72
  62735.808    85.298    -0.80    5.59
  63023.764    84.383    -3.18    4.76
  63311.706    83.836    -1.90    4.11
  63599.634    84.451     2.14    3.95
  63887.548    85.268     2.84    3.75
  64175.448    86.233     3.35    4.50
  64463.335    87.372     3.96    4.70
  64751.207    88.857     5.16    4.88
  65039.066    90.224     4.75    4.88
  65326.911    92.016     6.23    5.03
  65614.742    93.408     4.84    4.25
  65902.560    95.034     5.65    3.68
  66190.363    96.250     4.22    3.53
  66478.153    97.534     4.46    3.61
  66765.929    98.509     3.39    4.20
  67053.692    99.498     3.43    4.84
  67341.440   100.443     3.29    5.68
  67629.175   101.676     4.28    7.39
  67916.896   103.298     5.64    8.62
  68204.603   105.275     6.87    9.74
  68492.296   107.631     8.19   10.59
  68779.975   110.349     9.45   11.33
  69067.641   114.449    14.25   11.33
  69355.293   118.250    13.21   10.99
  69642.931   121.912    12.73   11.73
  69930.556   125.337    11.91   13.22
  70218.166   128.431    10.76   13.68
  70505.763   131.108     9.31   13.22
  70793.346   132.774     5.79   13.19
  71080.916   132.654    -0.42   13.06
  71368.471   132.045    -2.12   13.07
  71656.013   129.805    -7.79   12.12
  71943.541   128.097    -5.94   11.23
  72231.056   127.411    -2.39    9.69
  72518.556   128.248     2.91    9.99
  72806.043   130.973     9.48   11.79
  73093.516   135.127    14.45   13.20
  73380.975   141.093    20.75   14.26
  73668.421   146.549    18.98   14.14
  73955.853   152.301    20.01   13.95
  74243.271   157.060    16.56   13.84
  74530.675   161.381    15.03   13.93
  74818.066   164.862    12.11   14.05
  75105.443   167.189     8.09   13.93
  75392.806   168.927     6.05   13.94
  75680.156   169.708     2.72   13.70
  75967.491   170.481     2.69   13.02
  76254.813   172.316     6.39   11.60
  76542.122   175.086     9.64   11.42
  76829.416   179.692    16.03   12.62
  77116.697   185.517    20.28   13.41
  77403.965   191.768    21.76   13.80
  77691.218   198.753    24.32   13.00
  77978.458   205.191    22.41   11.14
  78265.684   209.754    15.89   10.34
  78552.896   215.223    19.04   10.83
  78840.095   219.640    15.38   12.10
  79127.280   224.481    16.86   13.75
  79414.451   227.816    11.61   14.63
  79701.609   232.146    15.08   14.38
  79988.753   235.262    10.85   13.69
  80275.883   240.446    18.05   14.25
  80563.000   245.158    16.41   15.70
  80850.103   252.184    24.47   16.74
  81137.192   260.585    29.26   17.31
  81424.267   269.827    32.19   16.73
  81711.329   278.639    30.70   17.06
  81998.378   287.109    29.50   17.20
  82285.412   294.139    24.49   16.35
  82572.433   299.912    20.11   16.52
  82859.440   302.492     8.99   15.66
  83146.434   304.320     6.37   15.89
  83433.414   303.624    -2.43   14.83
  83720.380   302.318    -4.55   14.05
  84007.332   299.878    -8.50   13.20
  84294.271   297.135    -9.56   12.07
  84581.197   293.818   -11.56   11.01
  84868.108   291.586    -7.78   12.13
  85155.006   287.340   -14.80   13.35
  85441.891   282.400   -17.22   17.22
  85728.761   275.311   -24.71   19.68
  86015.618   269.124   -21.57   20.47
  86302.462   262.533   -22.98   20.79
  86589.292   256.311   -21.69   21.62
  86876.108   248.318   -27.86   23.27
  87162.911   241.563   -23.55   24.13
  87449.699   233.563   -27.89   23.79
  87736.475   225.131   -29.40   23.57
  88023.236   215.594   -33.26   24.55
  88309.985   207.514   -28.17   25.61
  88596.719   197.915   -33.48   26.65
  88883.440   189.233   -30.28   28.49
  89170.147   178.458   -37.58   28.76
  89456.841   168.647   -34.22   29.72
  89743.521   157.406   -39.21   29.22
  90030.187   146.678   -37.42   29.38
  90316.840   135.444   -39.19   26.20
  90603.479   126.431   -31.44   23.00
  90890.105   117.959   -29.56   16.50
  91176.717   112.753   -18.16   10.75
  91463.316   109.146   -12.59    4.74
  91749.901   108.182    -3.36    2.79
  92036.472   108.735     1.93    3.15
  92323.030   109.764     3.59    3.44
  92609.574   110.556     2.76    3.57
  92896.104   111.980     4.97    4.96
  93182.621   114.962    10.40    9.37
  93469.125   119.608    16.22   13.77
  93755.614   123.972    15.23   15.94
  94042.091   129.054    17.74   16.88
  94328.553   135.877    23.82   17.58
  94615.003   144.205    29.07   17.92
  94901.438   152.772    29.91   18.12
  95187.860   160.980    28.66   19.26
  95474.269   170.280    32.47   20.59
  95760.664   180.978    37.35   20.44
  96047.045   193.094    42.30   20.29
  96333.413   203.202    35.30   20.58
  96619.767   213.917    37.42   19.93
  96906.108   222.686    30.62   18.49
  97192.435   229.894    25.17   14.46
  97478.749   234.260    15.25   10.57
  97765.049   236.135     6.55    7.31
  98051.335   235.921    -0.75    6.51
  98337.608   234.372    -5.41    6.23
  98623.868   231.969    -8.39    5.59
  98910.114   229.366    -9.09    5.33
  99196.346   226.691    -9.35    5.43
  99482.565   224.326    -8.26    5.32
  99768.771   221.849    -8.65    5.18
 100054.963   219.151    -9.43    4.98
 100341.141   216.932    -7.76    4.90
 100627.306   215.155    -6.21    4.23
 100913.457   213.548    -5.61    4.18
 101199.595   211.816    -6.05    4.27
 101485.719   210.624    -4.17    4.29
 101771.830   208.616    -7.02    4.20
 102057.928   206.774    -6.44    4.71
 102344.011   203.901   -10.04    5.41
 102630.082   201.056    -9.94    6.76
 102916.139   197.097   -13.84    8.29
 103202.182   193.157   -13.77    8.75
 103488.212   188.162   -17.46    9.75
 103774.228   183.112   -17.66   10.49
 104060.231   177.794   -18.59   10.29
 104346.221   172.759   -17.61    9.59
 104632.196   168.132   -16.18    7.66
 104918.159   165.161   -10.39    5.80
 105204.108   162.811    -8.22    3.95
 105490.043   161.594    -4.26    3.39
 105775.965   161.280    -1.10    3.33
 106061.874   161.064    -0.76    3.36
 106347.769   160.709    -1.24    3.63
 106633.651   159.765    -3.30    4.19
 106919.519   158.578    -4.15    4.86
 107205.374   156.706    -6.55    5.75
 107491.215   154.062    -9.25    6.94
 107777.043   150.459   -12.60    7.43
 108062.857   146.608   -13.47    7.20
 108348.658   142.864   -13.10    7.38
 108634.446   139.116   -13.11    7.54
 108920.220   134.846   -14.94    7.67
 109205.980   131.767   -10.77    7.37
 109491.727   128.871   -10.14    6.57
 109777.461   126.690    -7.63    5.67
