# NaN NaN NaN ;Mean Elev.(m), Avg Gradient(m/km), RMS Gradient(m/km) - SRTM1     
#   54.642  -8.836  17.479 ;Mean Elev.(m), Avg Gradient(m/km), RMS Gradient(m/km) - ASTER GDEM
#   65.344  -7.990  16.302 ;Mean Elev.(m), Avg Gradient(m/km), RMS Gradient(m/km) - GMTED2010 
   3 129.824692  62.608932    -9.319   -12.184  7 54684.93476524  3.642
   4 129.823717  62.609257   156.020   159.767  7 54694.85040692 19.530
   5 129.818031  62.605971    -7.302    -9.207  5 54704.76604526  7.544
   6 129.814553  62.602750   154.005   153.931  4 54714.68169589  7.196
   7 129.814257  62.600818     2.391     2.396  4 54724.59734597  6.330
   9 129.818851  62.604986   155.441   155.441  2 54744.42864219  4.179
  10 129.830541  62.609934   150.736   148.235  4 54754.34429053  8.085
  11 129.818059  62.606101   148.990   149.087  5 54764.25993485 15.400
  12 129.810853  62.601463   151.690   151.853  3 54774.17557683 15.166
  13 129.806714  62.598119   157.314   157.314  2 54784.09121658  0.929
  16 129.817742  62.604085    82.016    82.016  2 54813.83813126 25.583
  17 129.817637  62.604371    83.005    83.482  3 54823.75377550 21.677
  18 129.812862  62.602813    83.849    83.907  4 54833.66941488 19.201
  19 129.818829  62.605057    82.313    82.762  5 54843.58506561 20.467
  20 129.820124  62.607331    81.617    82.485  5 54853.50071495 19.976
  21 129.843544  62.615836    81.174    81.040 12 54863.41636677 19.982
  22 129.847290  62.617757    81.246    81.136 12 54873.33201596 19.521
  23 129.838758  62.614095    81.292    81.103 12 54883.24766116 18.655
  24 129.816445  62.605171    82.478    82.909  5 54893.16330115 18.305
  25 129.813405  62.601994    82.690    82.807  4 54903.07894073 18.456
  26 129.814700  62.602331    81.892    81.227  4 54912.99457971 18.198
  27 129.817485  62.604658    82.730    82.853  5 54922.91021816 16.036
  28 129.818160  62.605726    83.264    83.902  6 54932.82585548 16.240
  29 129.815980  62.603609    80.600    79.441  4 54942.74149039 22.983
  30 129.812382  62.599428   150.573   150.048  4 54952.65712310  2.471
  31 129.813970  62.597973   145.568   153.129  4 54962.57276624  9.894
  32 129.814583  62.599186   151.600   151.437  4 54972.48841502 22.461
  33 129.813850  62.601487   145.947   152.857  4 54982.40406286  7.099
  34 129.813062  62.603599    86.146    86.134  4 54992.31971041 33.720
  35 129.817808  62.605684   146.797   150.176  6 55002.23535773 10.679
  36 129.816160  62.605194   156.395   165.089  5 55012.15100231 23.671
  38 129.839726  62.611749    83.450    83.447  3 55031.98229087 34.018
  39 129.822834  62.608548    84.095    84.912  7 55041.89793063 34.873
  40 129.821391  62.608162    82.013    82.257  7 55051.81357056 45.840
  41 129.849863  62.613572    83.073    83.073  2 55061.72921165 32.091
  43 129.813671  62.600183   151.032   151.455  4 55081.56049845 19.286
  44 129.818470  62.602066    84.068    84.060  3 55091.47614617 31.306
  45 129.817818  62.603971    82.887    82.887  2 55101.39179290 35.173
  47 129.848852  62.613354    81.819    81.819  2 55121.22308707 47.573
  48 129.814636  62.602193    80.521    80.521  4 55131.13872408 43.462
  49 129.818632  62.601216    80.148    80.159  3 55141.05436364 38.129
  50 129.815536  62.600587    79.961    79.967  4 55150.97000176 36.410
  51 129.815095  62.602132    79.965    79.957  3 55160.88564034 34.131
  52 129.818726  62.604502    80.149    80.149  2 55170.80127896 34.717
  53 129.814714  62.603546    80.721    80.763  4 55180.71691508 31.176
  54 129.816074  62.604033    80.793    80.767  4 55190.63256355 31.536
  55 129.830717  62.608845    80.499    80.539  4 55200.54821569 29.820
  56 129.817469  62.606716    80.279    80.335  5 55210.46386392 28.969
  57 129.838858  62.613322    79.852    79.891 10 55220.37951580 26.679
  58 129.832298  62.611280    79.702    79.776  8 55230.29516322 24.689
  59 129.818139  62.606117    79.613    79.684  5 55240.21080640 23.585
  60 129.813737  62.603085    79.938    79.865  4 55250.12644708 22.201
  61 129.815893  62.602626    79.746    79.724  4 55260.04208626 22.060
  62 129.814198  62.602252    79.929    79.853  3 55269.95772425 20.873
  63 129.814360  62.602855    79.835    79.803  4 55279.87336237 21.226
  64 129.815758  62.603065    79.627    79.574  4 55289.78899930 20.888
  65 129.813765  62.601235    79.672    79.661  4 55299.70463332 20.238
  67 129.814580  62.599889   156.995   157.192  3 55319.53592374  1.927
  68 129.813861  62.600603   149.290   148.717  4 55329.45156856 10.403
  69 129.813546  62.602360   151.318   147.001  4 55339.36721325 19.775
  70 129.815769  62.604324   151.368   141.266  5 55349.28285789 13.942
  71 129.816538  62.605032   149.861   148.047  5 55359.19850028 13.821
  73 129.850179  62.613875   134.363   134.363  2 55379.02978291  5.933
  74 129.832607  62.609470    84.954    84.971  4 55388.94541861 38.890
  77 129.813698  62.601596   149.463   149.365  3 55418.69234915 15.855
  78 129.812915  62.600479   148.665   149.439  4 55428.60799622 12.705
  79 129.813524  62.601100    83.539    83.553  4 55438.52364104 42.649
  82 129.813382  62.602589    84.166    84.944  4 55468.27057007 27.005
  83 129.813204  62.601016    84.959    85.339  4 55478.18620902 24.643
  84 129.812762  62.599496    80.557    80.564  4 55488.10184488 46.831
  85 129.814126  62.599303    79.917    79.854  5 55498.01747872 41.030
  86 129.813848  62.600414    80.524    80.451  4 55507.93311687 34.853
  87 129.816084  62.602989    80.578    80.620  4 55517.84876758 31.771
  88 129.815068  62.603980    82.776    83.467  3 55527.76441691 27.075
  89 129.837284  62.610261    80.976    80.938  3 55537.68006698 23.065
  91 129.819197  62.607017    81.666    81.813  5 55557.51135355 20.401
  92 129.832323  62.611349    81.157    81.010  8 55567.42699780 21.083
  93 129.820404  62.607609    81.489    81.652  6 55577.34263819 20.041
  94 129.817388  62.604438    81.007    80.798  5 55587.25827740 20.709
  95 129.811566  62.599853    83.612    83.849  4 55597.17391308 17.444
  96 129.812716  62.598542    83.549    83.994  4 55607.08954685 17.695
  97 129.813881  62.598911    83.171    83.286  4 55617.00517868 17.501
  98 129.814905  62.601145    83.561    83.783  4 55626.92082293 16.214
  99 129.815507  62.602393    83.047    83.143  4 55636.83647466 16.870
 100 129.812898  62.601202    83.706    83.858  4 55646.75212380 16.116
 101 129.815252  62.600444    83.348    83.290  4 55656.66777064 14.794
 102 129.813382  62.599437    83.914    84.284  4 55666.58341274 13.548
 104 129.819221  62.603570   149.835   149.835  2 55686.41469105  5.318
 105 129.814292  62.603224   155.055   156.328  3 55696.33032720 12.495
 106 129.815366  62.602919   161.993   162.545  4 55706.24596265 22.157
 107 129.815239  62.602776    85.861    85.994  4 55716.16161223 29.452
 108 129.814227  62.603212   149.903   149.788  3 55726.07726096  4.431
 109 129.818135  62.605748    85.200    85.940  5 55735.99290849 29.730
 110 129.820217  62.607670    83.878    85.261  5 55745.90855450 32.453
 111 129.818161  62.606796    81.398    81.766  6 55755.82419796 51.389
 112 129.812665  62.602773    80.564    80.567  4 55765.73983834 41.597
 113 129.815714  62.600390    83.962    83.919  4 55775.65547679 28.101
 114 129.813706  62.598247    84.966    84.915  4 55785.57111190 44.339
 115 129.813855  62.599230    83.198    83.082  4 55795.48674558 31.073
 116 129.816236  62.601803    84.204    84.125  4 55805.40238552 29.912
 117 129.812904  62.602137    84.293    84.348  4 55815.31803463 28.974
 119 129.815551  62.599418    82.730    82.770  4 55835.14932361 36.422
 121 129.814924  62.599515    81.424    81.488  4 55854.98059788 37.851
 122 129.814231  62.601776    80.836    80.878  4 55864.89623782 41.877
 123 129.830892  62.608638    81.171    81.135  4 55874.81189315 29.511
 124 129.818750  62.605538    81.138    81.170  5 55884.72753918 27.174
 125 129.812864  62.603059    81.768    81.461  4 55894.64317987 25.356
 126 129.815755  62.602710    81.718    81.651  4 55904.55881627 23.285
 127 129.813762  62.602926    81.740    81.401  4 55914.47445652 23.243
 128 129.818384  62.606237    81.239    80.979  5 55924.39011126 24.160
 129 129.818766  62.606848    81.341    80.836  6 55934.30576223 23.608
 130 129.815735  62.604013    81.216    80.774  5 55944.22140790 22.034
 131 129.812338  62.600150    81.749    80.744  4 55954.13704909 19.954
 132 129.815403  62.599513    82.787    83.087  4 55964.05268825 18.207
 133 129.811796  62.599762    82.503    82.440  4 55973.96832519 18.498
 134 129.812542  62.601889    82.580    82.192  4 55983.88396156 18.457
 135 129.814332  62.602312    82.449    82.304  4 55993.79959564 17.861
 136 129.811604  62.600647    84.689    84.749  4 56003.71524550 13.379
 137 129.813955  62.599455    84.552    84.256  5 56013.63089445 13.408
 138 129.814096  62.599307    83.959    83.603  4 56023.54654010 13.201
 139 129.814638  62.601609    84.749    85.218  4 56033.46218368 13.273
 140 129.830746  62.608482    85.478    86.044  4 56043.37782711 24.075
 141 129.818326  62.606542   142.279   149.000  5 56053.29346438 10.282
 142 129.818866  62.605660   150.226   149.247  5 56063.20909968 18.724
 143 129.812592  62.602437   154.865   154.880  4 56073.12474042 23.835
 144 129.813617  62.602923   143.725   147.984  4 56083.04039062 10.122
 145 129.816042  62.604575   153.905   152.029  5 56092.95603859 24.716
 146 129.838642  62.611543    84.823    84.836  3 56102.87168670 41.191
 147 129.816312  62.605217    85.312    85.659  5 56112.78731485 37.861
 148 129.812312  62.602020    85.155    85.271  4 56122.70295291 31.174
 149 129.815936  62.599881    85.282    85.212  4 56132.61858794 52.924
 150 129.815901  62.598551    86.164    86.201  4 56142.53422497 37.731
 151 129.815372  62.600321    83.120    83.147  4 56152.44987592 50.207
 152 129.814614  62.602661    84.589    84.896  4 56162.36552537 32.299
 153 129.817528  62.604574    84.313    85.477  5 56172.28117318 33.000
 154 129.812971  62.602269    85.255    85.629  4 56182.19681512 27.724
 155 129.814056  62.600585    82.489    81.743  4 56192.11245383 32.789
 156 129.813474  62.599451    84.932    85.483  4 56202.02808971 27.140
 157 129.814644  62.600642    83.122    82.946  4 56211.94372397 33.104
 158 129.814473  62.602162    80.885    80.742  4 56221.85935618 47.070
 159 129.816201  62.605102    81.001    80.997  5 56231.77501058 33.353
 160 129.818599  62.606279    82.675    83.743  6 56241.69066346 27.083
 161 129.816527  62.605216    82.593    83.978  5 56251.60631150 24.776
 162 129.816411  62.604431    82.939    83.972  5 56261.52195512 22.973
 163 129.818012  62.604841    83.341    83.697  5 56271.43759689 21.346
 164 129.812699  62.603567    83.895    83.841  4 56281.35323716 23.060
 165 129.816231  62.604891    82.584    83.535  5 56291.26888996 23.702
 166 129.815402  62.603572    83.133    83.570  4 56301.18453760 19.633
 167 129.816160  62.602106    83.154    83.109  4 56311.10018117 19.549
 168 129.813701  62.600757    83.413    83.243  4 56321.01582216 17.837
 169 129.813874  62.601679    83.266    83.169  4 56330.93146293 17.264
 170 129.813954  62.602759    83.262    83.221  3 56340.84710311 18.098
 171 129.813382  62.602510    83.859    83.937  4 56350.76274084 16.752
 172 129.815798  62.601725    83.675    83.605  4 56360.67837917 16.840
 173 129.813650  62.600839    82.951    82.899  4 56370.59402856 18.271
 175 129.815682  62.604305    83.043    83.112  5 56390.42532115 18.208
 176 129.817467  62.606366    82.775    80.068  5 56400.34096480 26.586
 177 129.858131  62.617344    81.111    81.337  3 56410.25661030 39.926
 178 129.816808  62.605478    82.709    84.746  5 56420.17224110 35.660
 179 129.816030  62.604030    86.912    86.900  4 56430.08787740 53.217
 180 129.817037  62.605175   147.233   145.354  5 56440.00353080 23.223
 181 129.817989  62.606097   160.375   161.940  6 56449.91918167 25.647
 182 129.849153  62.614072    84.217    84.217  2 56459.83483379 56.575
 183 129.818777  62.605007    84.000    85.550  5 56469.75047516 42.344
 184 129.814226  62.602514    85.458    85.855  4 56479.66611576 26.266
 185 129.813897  62.601307    84.026    84.003  3 56489.58175296 46.397
 186 129.815616  62.601397    86.117    86.118  4 56499.49738805 44.177
 187 129.814866  62.600944    84.741    84.657  4 56509.41302164 36.641
 188 129.814583  62.601093    84.813    84.822  4 56519.32866302 32.235
 189 129.813911  62.601632    84.393    84.327  4 56529.24431691 37.856
 190 129.812084  62.601273    85.058    85.390  4 56539.15996649 28.939
 191 129.816772  62.602680    81.412    81.384  3 56549.07561261 46.288
 192 129.813820  62.603074    85.124    85.509  4 56558.99125543 26.401
 193 129.818051  62.605576    84.091    85.167  6 56568.90689816 29.555
 194 129.818177  62.606616    82.864    83.856  6 56578.82253903 35.980
 195 129.831029  62.609218    80.035    80.016  4 56588.73817745 43.642
 196 129.816224  62.604480    80.927    80.893  5 56598.65381917 32.947
 197 129.817348  62.604900    82.204    82.870  5 56608.56947034 24.217
 198 129.831302  62.609221    81.903    81.945  4 56618.48511825 22.557
 199 129.818615  62.606234    81.058    80.814  5 56628.40075972 22.089
 200 129.830901  62.608449    81.340    81.552  4 56638.31640112 21.730
 201 129.814347  62.602150    81.890    81.721  4 56648.23204253 21.438
 202 129.814451  62.601220    82.213    81.594  4 56658.14769419 22.221
 203 129.812122  62.600716    83.104    83.046  4 56668.06334143 20.511
 204 129.813353  62.602545    82.001    81.934  4 56677.97898666 20.543
 205 129.815728  62.604459    81.681    81.854  5 56687.89463063 19.872
 206 129.816546  62.604410    82.059    82.427  5 56697.81027198 19.061
 207 129.816008  62.602441    82.860    82.691  4 56707.72590840 18.569
 208 129.814022  62.600438    82.379    83.268  4 56717.64154456 20.006
 209 129.814564  62.602167    82.608    82.210  4 56727.55719753 18.536
 210 129.816941  62.605476    81.808    81.976  5 56737.47284694 18.510
 211 129.831298  62.611516    81.622    81.683  8 56747.38849422 18.127
 212 129.846750  62.615489    82.444    83.835  7 56757.30413695 17.278
 214 129.816360  62.604167   154.106   154.520  5 56777.13541181  3.948
 215 129.816592  62.605274   152.018   152.033  5 56787.05106820 25.620
 216 129.879378  62.623382    83.695    83.695  2 56796.96672846 49.473
 217 129.841090  62.614448    83.106    82.889  9 56806.88237156 38.743
 218 129.847656  62.614769    82.832    82.827  4 56816.79801347 54.283
 219 129.816104  62.603793    84.139    83.688  4 56826.71364721 35.882
 220 129.814829  62.600717    83.691    83.624  4 56836.62928119 52.172
 222 129.812837  62.601461    84.261    84.248  4 56856.46056209 28.531
 223 129.815850  62.604618    82.365    82.479  5 56866.37621621 38.514
 224 129.817188  62.605505    84.053    85.225  5 56876.29186872 33.136
 225 129.830121  62.608256    81.868    81.929  4 56886.20751937 43.267
 226 129.813497  62.603070    85.132    85.128  4 56896.12316366 26.526
 227 129.817622  62.604952    84.092    85.104  5 56906.03880757 31.971
 228 129.821831  62.608225    82.544    82.236  7 56915.95444939 45.503
 229 129.842355  62.615281    83.838    83.818 11 56925.87009119 37.864
 230 129.838822  62.613976    82.515    82.127 10 56935.78572666 37.556
 231 129.813789  62.604597   145.581   146.013  4 56945.70135403 15.354
 232 129.817901  62.604160    79.970    79.950  3 56955.61700605 39.042
 233 129.817827  62.604056    79.703    79.703  2 56965.53265531 38.957
 234 129.831218  62.608960    79.956    79.954  4 56975.44830197 31.333
 235 129.819028  62.606880    80.147    80.138  5 56985.36394111 30.989
 236 129.817285  62.604989    80.254    80.232  5 56995.27957586 28.196
 237 129.813786  62.601165    81.123    81.032  4 57005.19521674 26.876
 238 129.812075  62.599296    80.897    80.834  4 57015.11087170 25.912
 239 129.814465  62.600537    80.269    80.171  4 57025.02652285 25.724
 240 129.813944  62.603126    80.842    80.762  4 57034.94217157 25.044
 241 129.818755  62.606465    79.632    79.696  6 57044.85781829 24.304
 242 129.818078  62.606179    80.530    81.221  6 57054.77346115 21.361
 243 129.814218  62.602924    81.481    81.328  3 57064.68909854 20.975
 244 129.813915  62.601073    81.956    81.925  3 57074.60473167 20.250
 245 129.815573  62.601261    82.008    81.801  4 57084.52036190 20.322
 246 129.815140  62.604513    81.016    81.332  5 57094.43601515 20.150
 247 129.839402  62.613972    78.899    78.948 10 57104.35167508 21.926
 248 129.841056  62.615057    83.006    82.694 10 57114.26732788 14.292
 249 129.821266  62.608051    83.550    83.649  7 57124.18297168 14.169
 250 129.830235  62.608246    85.085    84.964  4 57134.09861351 14.093
 251 129.813340  62.602576    80.470    78.859  4 57144.01424782 39.685
 252 129.813380  62.602753   151.408   151.402  4 57153.92988159 14.076
 253 129.812461  62.602818   149.932   149.824  4 57163.84551748 22.189
 255 129.813891  62.602771   163.728   168.501  4 57183.67682786 22.693
 256 129.817291  62.602014    85.378    85.378  2 57193.59247769 48.495
 257 129.814005  62.601141   150.246   146.471  4 57203.50812462 16.566
 258 129.814735  62.603164    84.552    84.543  4 57213.42375896 33.295
 259 129.817844  62.605847    84.566    85.343  5 57223.33940344 29.329
 260 129.830425  62.609424    83.768    84.225  4 57233.25504720 34.470
 261 129.817099  62.604687    80.979    80.438  5 57243.17068479 37.985
 262 129.816269  62.602825    82.405    81.738  4 57253.08632125 29.648
 263 129.811835  62.601518    80.542    80.587  4 57263.00195584 50.188
 264 129.815765  62.603952    80.291    79.749  4 57272.91759307 38.949
 265 129.823239  62.608679    80.348    79.669  7 57282.83325159 46.428
 266 129.839755  62.613751    83.004    83.656 10 57292.74890834 34.825
 267 129.819955  62.607422    80.286    80.388  5 57302.66455720 48.949
 268 129.816234  62.604728    81.231    83.579  5 57312.58020413 37.897
 269 129.814326  62.603732    81.164    79.924  3 57322.49584821 35.818
 270 129.817874  62.605360    81.448    83.524  6 57332.41149101 33.304
 271 129.817692  62.606058    80.659    79.708  5 57342.32713138 30.403
 272 129.830911  62.609783    80.646    79.679  4 57352.24278512 28.447
 273 129.818055  62.604750    80.640    79.739  5 57362.15842788 29.263
 274 129.814962  62.601815    81.002    80.384  4 57372.07406846 27.481
 275 129.813847  62.601087    82.205    82.112  4 57381.98970747 25.862
 276 129.815413  62.602395    81.226    80.342  4 57391.90534630 26.652
 277 129.815369  62.603266    80.756    79.908  4 57401.82098395 27.107
 278 129.813619  62.602975    81.344    81.328  4 57411.73662584 26.520
 279 129.813104  62.603053    82.816    83.510  4 57421.65227762 21.057
 280 129.815632  62.604258    81.420    82.532  5 57431.56792718 23.603
 281 129.818332  62.606222    81.376    83.500  6 57441.48357499 21.994
 282 129.830811  62.610904    80.961    81.461  6 57451.39922322 21.853
 283 129.831291  62.611668    81.336    81.439  8 57461.31486839 21.155
 284 129.820270  62.607776    82.737    82.824  6 57471.23050861 18.655
 285 129.817933  62.605188    82.606    82.971  5 57481.14614573 18.972
 286 129.814316  62.602396    84.231    84.454  4 57491.06177964 17.098
 287 129.812792  62.600836    85.827    85.861  4 57500.97741177 26.859
 288 129.814047  62.601753    85.696    85.823  3 57510.89305920 25.239
 289 129.812834  62.602574    81.899    81.841  4 57520.80871462 38.005
 290 129.813391  62.602964    84.329    84.347  4 57530.72436759 50.140
 291 129.815238  62.602849    85.270    85.311  4 57540.64001736 43.266
 292 129.813056  62.601691    86.230    86.240  4 57550.55566387 41.114
 293 129.814425  62.602337    85.507    85.488  4 57560.47130958 51.096
 294 129.814819  62.603581    84.684    84.621  4 57570.38695480 40.511
 295 129.817471  62.605219    84.878    85.718  5 57580.30260008 31.248
 296 129.817789  62.605477    84.735    85.398  5 57590.21824330 36.217
 297 129.830759  62.608579    85.458    85.447  4 57600.13388522 40.111
