# NaN NaN NaN ;Mean Elev.(m), Avg Gradient(m/km), RMS Gradient(m/km) - SRTM1     
#  112.736 -12.768  57.503 ;Mean Elev.(m), Avg Gradient(m/km), RMS Gradient(m/km) - ASTER GDEM
#  102.130 -10.658  56.270 ;Mean Elev.(m), Avg Gradient(m/km), RMS Gradient(m/km) - GMTED2010 
   1 123.218091  60.585594   115.119   114.525 10 54665.10263745 22.004
   2 123.210334  60.584690   180.069   185.886  9 54675.01828134 21.896
   3 123.208250  60.586047    -1.067    -0.927  9 54684.93392456  1.143
   5 123.212063  60.585695     0.782     0.704  9 54704.76520576  2.379
   7 123.224679  60.586085    12.284    12.306 11 54724.59650853  1.443
  10 123.208457  60.586176   113.036   112.961  9 54754.34344924 54.188
  11 123.208428  60.585472   112.362   112.315  9 54764.25909505 53.177
  12 123.217565  60.585673   111.040   111.021 10 54774.17473908 49.354
  13 123.231140  60.588019   110.076   110.089 13 54784.09038112 41.022
  14 123.228936  60.587147   110.929   110.905 13 54794.00601929 32.706
  15 123.226549  60.588036   111.651   111.625 14 54803.92165666 21.871
  16 123.215973  60.585405   112.241   112.277 10 54813.83729242 20.775
  17 123.215129  60.585406   112.081   112.048 10 54823.75293654 18.244
  18 123.217360  60.586091   112.079   112.070 10 54833.66857679 18.340
  19 123.213193  60.585614   112.866   112.178  9 54843.58422628 16.000
  20 123.205680  60.585204   112.277   112.431  9 54853.49987454 18.056
  21 123.200742  60.586117   112.429   112.108  8 54863.41552300 14.341
  22 123.195746  60.585388   115.430   115.297  8 54873.33117113 13.249
  23 123.200950  60.585676   111.835   111.552  8 54883.24681802 13.341
  24 123.210315  60.585676   118.759   117.995  9 54893.16246187 14.225
  25 123.218256  60.586010   119.067   118.874 10 54903.07810284 16.155
  26 123.216211  60.585305   113.644   114.579 10 54912.99374138 18.396
  27 123.212247  60.585537   108.636   108.754 10 54922.90937896 21.356
  28 123.211795  60.586102   116.706   116.655  9 54932.82501611 21.896
  29 123.215277  60.585340   111.838   112.404 10 54942.74065163 22.637
  30 123.232139  60.587541   294.089   293.305 13 54952.65628689 10.813
  31 123.225184  60.583138   306.212   302.395  7 54962.57192884  2.300
  32 123.233915  60.587567   116.529   115.690 12 54972.48757878 45.427
  33 123.228447  60.588372   288.733   291.078 13 54982.40322607 11.433
  34 123.213763  60.585625   297.241   296.434  9 54992.31887179  2.333
  35 123.211227  60.585680   118.647   118.631 10 55002.23451825 23.844
  36 123.210886  60.585598   123.067   123.430  9 55012.15016301 18.468
  37 123.213100  60.586032   117.788   117.827  9 55022.06580661 21.276
  38 123.209272  60.585564   115.988   115.845  9 55031.98144857 23.283
  39 123.206149  60.585638   115.737   115.531  9 55041.89708992 24.585
  40 123.209228  60.586476   116.513   115.861  9 55051.81273038 23.511
  41 123.213464  60.585635   116.396   116.386 10 55061.72836856 51.801
  42 123.226457  60.587603   116.775   116.806 13 55071.64401281 53.138
  43 123.228800  60.587209   114.756   114.670 13 55081.55966165 38.693
  44 123.229677  60.588449   164.153   162.038 13 55091.47530899 20.584
  45 123.214134  60.585274   114.870   114.895 10 55101.39095379 45.102
  46 123.208737  60.585279   114.972   114.851  9 55111.30659952 35.974
  47 123.211589  60.585675   114.694   114.979  9 55121.22224402 21.157
  48 123.219825  60.586115   111.986   112.013 10 55131.13788617 40.904
  49 123.230247  60.587668   110.861   110.871 13 55141.05352663 43.462
  50 123.229908  60.587723   114.004   113.304 13 55150.96916508 19.817
  51 123.225463  60.587746   115.906   115.650 14 55160.88480311 18.587
  52 123.216501  60.585819   113.916   113.504 10 55170.80044006 18.793
  53 123.214412  60.584920   113.029   113.052 10 55180.71607633 20.179
  54 123.214407  60.585262   115.601   115.694 10 55190.63172465 16.685
  55 123.212532  60.586003   114.906   115.612 10 55200.54737486 13.938
  56 123.207268  60.585761   116.750   116.854  9 55210.46302403 16.367
  57 123.203511  60.585580   113.917   113.983  8 55220.37867291 14.252
  58 123.205653  60.585998   113.836   113.032  8 55230.29432143 14.138
  59 123.209160  60.585655   116.433   116.661 10 55240.20996674 12.385
  60 123.213018  60.585090   114.294   113.655 10 55250.12560844 14.650
  61 123.218414  60.586027   113.985   113.591 10 55260.04124809 15.744
  62 123.215933  60.585194   116.188   115.903 10 55269.95688591 12.961
  63 123.215428  60.585445   116.336   115.944 10 55279.87252391 13.581
  64 123.217657  60.585788   116.465   116.116 10 55289.78816090 13.287
  65 123.226352  60.587142   118.364   118.699 13 55299.70379623 14.872
  66 123.231607  60.587807   113.407   113.122 13 55309.61944149 32.701
  67 123.232134  60.587778   114.408   113.352 13 55319.53508729 36.594
  69 123.217872  60.585826   121.944   122.289 10 55339.36637511 25.337
  70 123.213930  60.585798   122.288   122.467 10 55349.28201899 23.231
  71 123.212131  60.585594   121.293   120.645  9 55359.19766106 21.233
  72 123.213143  60.586008   117.365   117.530  9 55369.11330128 24.628
  73 123.212794  60.585928   116.558   115.678  9 55379.02893979 22.466
  74 123.211783  60.585665   167.468   163.703 10 55388.94457742 21.284
  75 123.213066  60.585365   114.078   113.909 10 55398.86021424 25.581
  76 123.215335  60.584852   114.099   114.156 10 55408.77586002 48.183
  77 123.226351  60.587523   115.311   115.268 13 55418.69151201 50.122
  78 123.227934  60.587372   113.735   113.191 13 55428.60715939 52.432
  79 123.227566  60.587986   115.431   115.440 13 55438.52280413 36.531
  80 123.216910  60.585665   114.706   114.777 10 55448.43844627 26.012
  81 123.213372  60.585074   116.924   117.054 10 55458.35408902 22.124
  82 123.218073  60.586185   116.373   115.341 10 55468.26973202 23.582
  83 123.226966  60.587538   160.481   158.545 13 55478.18537217 19.714
  84 123.232808  60.587965   112.594   111.896 13 55488.10100884 51.716
  85 123.233915  60.587666   111.080   110.788 13 55498.01664265 46.235
  86 123.231672  60.588121   110.792   110.755 13 55507.93228054 47.092
  87 123.218103  60.585608   113.437   113.439 11 55517.84792921 31.174
  88 123.214297  60.585637   115.959   114.809 10 55527.76357816 18.390
  89 123.213901  60.586069   119.590   119.922 10 55537.67922553 15.235
  90 123.210651  60.585493   118.418   118.479 10 55547.59487030 13.394
  91 123.207647  60.585647   118.688   119.161  9 55557.51051347 14.763
  92 123.204982  60.585735   115.867   115.851  9 55567.42615585 17.553
  93 123.208238  60.586103   116.575   116.708  9 55577.34179810 16.229
  94 123.214894  60.585744   117.815   117.807 10 55587.25743851 15.381
  95 123.230325  60.587750   119.732   119.947 13 55597.17307690 14.297
  96 123.233477  60.587043   119.945   120.187 12 55607.08871091 14.461
  97 123.234650  60.587428   120.373   120.418 12 55617.00434274 13.528
  98 123.228989  60.587602   119.505   119.903 13 55626.91998614 14.254
  99 123.226405  60.587984   121.005   120.878 14 55636.83563747 12.668
 100 123.228414  60.588208   122.707   122.716 13 55646.75128715 11.795
 101 123.230301  60.587483   121.429   121.497 13 55656.66693391 15.923
 102 123.231757  60.587508   118.906   119.858 13 55666.58257639 21.044
 103 123.229544  60.587752   114.485   114.899 12 55676.49821578 40.674
 104 123.204033  60.580417   479.634   476.347  4 55686.41385032  2.392
 105 123.217542  60.586033   116.236   116.277 10 55696.32948892 54.228
 106 123.219611  60.585854   114.410   114.444 10 55706.24512449 52.309
 107 123.218947  60.585601   117.666   117.351 10 55716.16077402 42.183
 108 123.216221  60.585594   118.191   118.439 10 55726.07642254 27.228
 109 123.212175  60.585966   116.555   115.849  9 55735.99206912 23.500
 110 123.207404  60.585844   113.672   113.690  9 55745.90771426 44.872
 111 123.207717  60.585584   113.019   113.052  9 55755.82335797 53.555
 112 123.214365  60.585049   112.866   112.840 10 55765.73899979 30.570
 113 123.232144  60.587847   116.481   116.480 13 55775.65464018 54.219
 114 123.234672  60.586946   117.096   117.008 12 55785.57027580 52.688
 115 123.233445  60.587412   116.736   115.825 13 55795.48590932 29.983
 116 123.227836  60.587438   119.967   121.079 13 55805.40154829 29.798
 117 123.219601  60.585870   115.492   114.298 10 55815.31719675 27.764
 118 123.227681  60.587287   118.325   117.505 13 55825.23284449 28.503
 119 123.234328  60.587471   117.992   117.909 12 55835.14848740 30.175
 120 123.236990  60.587395   116.722   115.939 11 55845.06412625 28.977
 121 123.235128  60.587939   113.176   112.878 12 55854.97976186 43.235
 122 123.226752  60.587530   112.060   112.069 13 55864.89540079 48.009
 123 123.214169  60.585973   111.329   111.278  9 55874.81105251 50.491
 124 123.213020  60.585667   113.108   113.110  9 55884.72669981 27.649
 125 123.216806  60.585954   112.166   112.149 10 55894.64234167 24.477
 126 123.226100  60.587921   112.462   112.457 13 55904.55797893 22.122
 127 123.219112  60.586222   113.094   113.110 10 55914.47361850 19.695
 128 123.211047  60.585927   114.510   114.968  9 55924.38927172 15.556
 129 123.207462  60.585358   114.106   114.859  9 55934.30492222 14.095
 130 123.213779  60.585477   112.666   112.319 10 55944.22056909 15.099
 131 123.228529  60.587550   111.114   111.361 13 55954.13621263 21.081
 132 123.233485  60.587777   111.547   111.459 12 55964.05185206 24.534
 133 123.230611  60.587973   111.722   111.589 13 55973.96748905 22.606
 134 123.217605  60.585193   109.889   110.003 10 55983.88312356 21.893
 135 123.226615  60.587967   111.610   111.335 13 55993.79875856 18.086
 136 123.226630  60.587070   111.597   111.403 13 56003.71440871 18.397
 137 123.233246  60.587726   112.171   112.195 12 56013.63005823 18.326
 138 123.232122  60.587365   112.044   112.093 13 56023.54570372 16.734
 139 123.226702  60.587849   112.633   111.994 14 56033.46134658 16.570
 140 123.212941  60.585717   112.535   112.908 10 56043.37698630 12.260
 141 123.208025  60.585148   110.925   110.935  9 56053.29262440 40.524
 142 123.213973  60.585916   472.568   472.980  9 56063.20826041  1.269
 143 123.216546  60.585110   122.222   122.044 10 56073.12390220 25.481
 144 123.217480  60.585959   119.469   119.440 10 56083.03955245 53.908
 145 123.213610  60.585824   119.522   119.540 10 56092.95519963 50.338
 146 123.210036  60.585711   117.245   117.219  9 56102.87084458 38.730
 147 123.212170  60.585858   119.837   119.865 10 56112.78647562 39.303
 148 123.217004  60.585156   116.408   116.391 10 56122.70211471 54.843
 149 123.233501  60.587566   118.366   118.342 13 56132.61775143 50.771
 150 123.238537  60.587896   164.398   164.414 12 56142.53338910 23.396
 151 123.232052  60.587878   116.587   115.842 13 56152.44903934 24.299
 152 123.215761  60.584899   114.351   114.386 10 56162.36468678 41.164
 153 123.214917  60.585809   114.886   114.808  9 56172.28033419 49.360
 154 123.218944  60.585972   116.758   116.765 10 56182.19597720 22.740
 155 123.241668  60.591934   190.237   189.312  7 56192.11161885  7.145
 156 123.231483  60.587279   114.574   113.833 12 56202.02725339 53.620
 157 123.229792  60.587458   113.841   113.868 13 56211.94288728 40.571
 158 123.226064  60.587454   111.761   111.742 13 56221.85851899 50.090
 159 123.212781  60.585520   110.914   110.931  9 56231.77417144 42.176
 160 123.211569  60.585855   112.508   112.506  9 56241.68982388 28.268
 161 123.212948  60.585997   112.489   112.474 10 56251.60547236 25.255
 162 123.213148  60.585378   112.266   112.295 10 56261.52111602 22.710
 163 123.212992  60.585314   113.343   113.193 10 56271.43675760 16.997
 164 123.213158  60.585396   113.162   112.940  9 56281.35239854 16.966
 165 123.213107  60.585953   115.154   115.872 10 56291.26805098 16.525
 166 123.213437  60.585019   113.586   112.569 10 56301.18369878 15.010
 167 123.225646  60.587689   116.135   116.309 14 56311.09934390 15.656
 168 123.227687  60.587702   118.533   118.539 13 56321.01498545 15.215
 169 123.226697  60.588222   117.772   117.704 14 56330.93062605 17.329
 170 123.216660  60.585588   117.770   117.691 10 56340.84626483 13.141
 171 123.218206  60.585730   121.018   121.358 10 56350.76190277 12.599
 172 123.230119  60.588278   122.299   122.384 13 56360.67754234 12.490
 173 123.228281  60.587592   122.631   122.766 13 56370.59319175 11.841
 175 123.212958  60.585717   122.484   122.552  9 56390.42448216 12.668
 176 123.208105  60.585551   118.950   117.909  9 56400.34012499 18.319
 177 123.209441  60.586212   110.631   110.606  9 56410.25576584 41.148
 179 123.214797  60.585234   118.737   118.731 10 56430.08703857 53.686
 180 123.212427  60.585745   123.168   123.062 10 56440.00269160 25.101
 181 123.210746  60.586106   119.324   118.096  9 56449.91834215 26.296
 182 123.209902  60.585686   116.252   116.315  9 56459.83399043 51.849
 183 123.212671  60.585395   114.542   114.503 10 56469.74963572 39.709
 184 123.217530  60.585661   121.159   122.940 10 56479.66527745 23.338
 185 123.226156  60.587450   115.470   115.044 13 56489.58091581 38.888
 186 123.228799  60.587858   119.304   119.665 13 56499.49655103 28.222
 187 123.230227  60.587813   118.603   118.205 13 56509.41218488 34.805
 188 123.230039  60.587818   115.981   115.593 13 56519.32782629 33.543
 189 123.226372  60.587439   120.739   121.775 13 56529.24347983 22.401
 190 123.227402  60.588065   119.080   118.084 13 56539.15912981 24.256
 191 123.226700  60.588204   114.002   113.794 14 56549.07477532 53.097
 192 123.214472  60.585291   118.383   118.757 10 56558.99041689 22.149
 193 123.212696  60.586179   113.142   113.088  9 56568.90605890 28.598
 194 123.207913  60.585370   112.052   112.018  9 56578.82169910 51.035
 195 123.211410  60.585448   111.031   111.029  9 56588.73733637 52.315
 196 123.214929  60.585659   110.457   110.491  9 56598.65298028 44.575
 197 123.213413  60.585563   110.627   110.617 10 56608.56863115 32.019
 198 123.211339  60.585789   111.358   111.336 10 56618.48427718 26.482
 199 123.210622  60.585921   111.557   111.561 10 56628.39992011 20.226
 200 123.213895  60.585884   112.524   111.601 10 56638.31556047 19.202
 201 123.226923  60.588259   113.369   112.965 13 56648.23120558 17.658
 202 123.226002  60.587118   115.527   115.516 13 56658.14685713 14.767
 203 123.227519  60.587960   113.452   113.286 13 56668.06250489 15.481
 204 123.217229  60.586004   112.421   112.231 10 56677.97814862 14.447
 205 123.212528  60.585657   115.378   115.384 10 56687.89379167 14.052
 206 123.212990  60.585355   111.834   111.813 10 56697.80943293 19.279
 207 123.227139  60.588140   111.274   110.929 13 56707.72507122 21.506
 208 123.229670  60.587297   112.027   111.987 13 56717.64070787 22.822
 210 123.210866  60.585844   111.260   110.768  9 56737.47200755 17.623
 211 123.204945  60.586267   110.086   110.115  9 56747.38765240 18.456
 212 123.205559  60.586219   115.548   116.527  9 56757.30329337 23.602
 213 123.211831  60.585865   112.812   110.976 10 56767.21892893 35.910
 214 123.202977  60.581249   470.091   470.091  2 56777.13457137  3.000
 215 123.211454  60.585780   116.123   116.101  9 56787.05022897 54.425
 216 123.205744  60.586015   118.484   118.609  9 56796.96588107 27.621
 217 123.201357  60.585695   117.496   118.045  9 56806.88152814 23.294
 218 123.204925  60.585330   115.232   115.240  9 56816.79716966 40.522
 219 123.213571  60.585201   117.157   117.168 10 56826.71280819 52.570
 221 123.231590  60.587206   114.957   114.998 12 56846.54407588 44.534
 222 123.227241  60.588096   115.555   116.311 13 56856.45972521 26.492
 223 123.213265  60.585848   112.481   112.419 10 56866.37537718 35.412
 224 123.210766  60.585662   113.318   113.335  9 56876.29102925 38.234
 225 123.212984  60.585898   116.093   115.750 10 56886.20667869 21.711
 226 123.213056  60.585110   113.353   113.360 10 56896.12232497 49.034
 227 123.211082  60.585375   117.434   117.062 10 56906.03796817 22.250
 228 123.204825  60.585508   116.569   115.334  9 56915.95360869 22.632
 229 123.201448  60.585980   117.882   118.795  9 56925.86924760 24.406
 230 123.202667  60.585668   113.249   113.265  8 56935.78488359 54.101
 231 123.213648  60.586043   111.938   111.836  9 56945.70051526 40.306
 232 123.214744  60.584994   110.457   110.464 10 56955.61616691 47.272
 233 123.214575  60.585101   112.302   112.254 10 56965.53181620 29.792
 234 123.211532  60.585682   117.534   117.843 10 56975.44746093 15.130
 235 123.207849  60.585478   115.939   114.991  9 56985.36310106 15.224
 236 123.213944  60.585814   116.678   117.739 10 56995.27873681 14.686
 237 123.228202  60.587624   118.098   119.108 13 57005.19437998 15.429
 238 123.231042  60.587421   112.467   112.390 13 57015.11003555 18.573
 239 123.228295  60.587344   117.981   118.281 13 57025.02568609 17.255
 240 123.214750  60.585537   114.882   115.431  9 57034.94133310 15.644
 241 123.209557  60.585853   110.235   108.832  9 57044.85697857 18.821
 242 123.210426  60.585904   111.055   109.607 10 57054.77262157 18.937
 243 123.214909  60.584940   109.504   109.498 10 57064.68825993 19.518
 244 123.230492  60.588429   113.353   112.753 13 57074.60389512 17.386
 245 123.231223  60.588174   116.786   117.653 13 57084.51952522 18.904
 246 123.213799  60.585815   116.359   116.444 10 57094.43517629 19.060
 247 123.204654  60.586185   116.838   116.826  9 57104.35083223 15.570
 248 123.201008  60.585683   113.677   114.020  9 57114.26648439 18.609
 249 123.206929  60.585809   116.333   117.037  9 57124.18213131 19.573
 250 123.212218  60.585409   117.091   117.391  9 57134.09777274 17.028
 251 123.216840  60.585570   113.137   111.237 10 57144.01340963 34.934
 252 123.200161  60.579597   470.507   470.507  2 57153.92904108  4.666
 253 123.218851  60.586331   116.774   116.764 10 57163.84467957 50.736
 254 123.212708  60.585272   290.950   292.298 10 57173.76033561 11.921
 255 123.216869  60.585632   118.951   118.984 10 57183.67598949 52.146
 256 123.227180  60.587705   117.141   117.102 14 57193.59164028 50.807
 257 123.228757  60.588370   121.615   121.687 13 57203.50728783 28.244
 258 123.215034  60.585460   116.648   116.815 10 57213.42292028 23.836
 259 123.211133  60.585933   113.730   113.641 10 57223.33856392 51.017
 260 123.208724  60.585241   112.812   112.908  9 57233.25420588 45.957
 261 123.213298  60.585416   114.540   115.263  9 57243.16984565 22.686
 262 123.218948  60.585605   113.267   113.952 10 57253.08548294 24.403
 263 123.225793  60.587752   112.521   111.919 14 57263.00111896 52.010
 264 123.216583  60.585786   114.606   115.072 10 57272.91675447 20.905
 265 123.208547  60.586082   118.773   118.399  9 57282.83241109 18.497
 266 123.206663  60.586383   112.621   112.655  9 57292.74806565 52.125
 267 123.208050  60.585802   111.543   111.476  9 57302.66371702 54.304
 268 123.212818  60.585847   115.260   115.562  9 57312.57936501 20.851
 269 123.214377  60.586032   110.036   109.993 10 57322.49500955 49.020
 270 123.211573  60.585797   110.142   110.124 10 57332.41065159 46.532
 271 123.208444  60.585314   111.129   111.122  9 57342.32629159 30.988
 272 123.208403  60.585733   111.120   111.122 10 57352.24194382 27.517
 273 123.213043  60.585549   113.729   113.396 10 57362.15758871 20.762
 274 123.225651  60.587715   115.785   115.767 14 57372.07323133 17.459
 275 123.227596  60.587864   116.737   116.531 13 57381.98887071 15.913
 276 123.220994  60.586275   115.840   116.167 12 57391.90450844 16.285
 277 123.215948  60.585092   114.312   114.241 10 57401.82014537 14.993
 278 123.219238  60.586266   115.139   115.968 10 57411.73578787 14.921
 279 123.216850  60.585893   111.340   110.622 10 57421.65143940 16.987
 280 123.213062  60.585453   110.737   111.044 10 57431.56708820 17.308
 281 123.208880  60.585525   109.734   110.050  9 57441.48273518 17.282
 282 123.205493  60.585841   112.136   111.687  9 57451.39838153 14.509
 283 123.203314  60.585623   118.970   119.919  9 57461.31402637 12.278
 284 123.205933  60.585239   107.820   107.996  9 57471.22966821 24.499
 285 123.212799  60.585409   116.035   116.803  9 57481.14530649 20.702
 286 123.221758  60.586545   112.727   111.662 11 57491.06094199 22.637
 287 123.227723  60.587254   117.809   118.304 13 57500.97657504 18.306
 288 123.227602  60.587921   112.312   111.661 13 57510.89222231 40.069
 289 123.217354  60.585713   115.474   115.470 10 57520.80787649 40.535
 290 123.217128  60.586013   116.108   116.125 10 57530.72352936 52.212
 291 123.219043  60.586170   117.068   117.012 10 57540.63917914 51.632
 292 123.219971  60.585990   119.841   119.846 10 57550.55482602 52.767
 293 123.218458  60.585853   117.447   117.437 10 57560.47047138 50.896
 294 123.213969  60.585469   115.882   115.855 10 57570.38611601 43.827
 295 123.212538  60.585866   115.693   115.106  9 57580.30176081 26.932
 296 123.210972  60.585351   118.557   118.101  9 57590.21740379 24.271
 297 123.212473  60.585545   122.406   122.761  9 57600.13304437 18.420
