# NaN NaN NaN ;Mean Elev.(m), Avg Gradient(m/km), RMS Gradient(m/km) - SRTM1     
#   21.786  -2.057   5.958 ;Mean Elev.(m), Avg Gradient(m/km), RMS Gradient(m/km) - ASTER GDEM
#   25.065  -1.062   5.114 ;Mean Elev.(m), Avg Gradient(m/km), RMS Gradient(m/km) - GMTED2010 
   1 124.244608  65.838188    39.700    39.744 12 54667.21541817 24.214
   2 124.231196  65.839937    40.310    40.209 16 54677.13106135 24.137
   3 124.217315  65.842657    -9.834    -9.594 17 54687.04670314 14.605
   4 124.223757  65.843527    41.536    41.483 17 54696.96234509 55.252
   5 124.224917  65.842763    -7.514    -7.489 17 54706.87798599 10.046
   6 124.265035  65.837478    63.170    45.229  9 54716.79364193 17.901
   7 124.215911  65.838048     2.357     3.914 19 54726.70928702 12.079
   8 124.206113  65.837843    40.390    40.375 17 54736.62493399 55.295
   9 124.205002  65.839164   102.437   101.596 14 54746.54058110 21.826
  10 124.217565  65.839863    38.386    38.400 19 54756.45622904 42.963
  11 124.222566  65.839589    37.546    37.554 19 54766.37187460 47.589
  12 124.215329  65.838268    37.209    37.137 19 54776.28751599 41.945
  13 124.218736  65.836221    38.614    37.734 19 54786.20315595 21.586
  14 124.218679  65.836210    39.238    37.793 19 54796.11879428 20.058
  15 124.216150  65.838552    39.384    37.571 19 54806.03443186 19.220
  16 124.221864  65.840352    40.354    41.960 19 54815.95006962 18.380
  17 124.218640  65.841284    40.142    37.961 17 54825.86571666 18.146
  18 124.222321  65.840129    40.216    38.399 19 54835.78135647 16.191
  19 124.215792  65.840175    39.893    37.967 18 54845.69700553 16.348
  20 124.219644  65.840435    40.294    39.281 20 54855.61265481 15.233
  21 124.222787  65.841585    40.158    39.673 18 54865.52830390 15.179
  22 124.222958  65.842015    40.028    39.704 18 54875.44395231 15.055
  23 124.219525  65.841383    40.158    38.873 20 54885.35959763 14.632
  24 124.222619  65.838937    40.400    40.366 19 54895.27524018 13.568
  25 124.215959  65.837395    40.904    41.271 20 54905.19087916 13.155
  26 124.217804  65.836968    40.785    40.697 20 54915.10651777 13.450
  27 124.217768  65.838137    40.817    40.732 18 54925.02215580 12.793
  28 124.219037  65.839422    40.358    39.520 19 54934.93779321 12.089
  30 124.218470  65.838664    39.274    39.051 19 54954.76906158 29.823
  31 124.238609  65.835683    38.927    38.750 12 54964.68470990 41.575
  32 124.216410  65.836940    45.593    45.580 20 54974.60035598 44.487
  34 124.193739  65.841791    43.941    43.866 11 54994.43164905 28.199
  35 124.230196  65.840263    42.895    42.648 16 55004.34729871 23.626
  36 124.218190  65.840886    42.219    42.066 19 55014.26294178 26.159
  37 124.224833  65.840065    42.048    42.418 18 55024.17858522 22.931
  38 124.222319  65.840791    41.733    41.133 19 55034.09422720 23.112
  39 124.218531  65.841943    40.709    40.506 17 55044.00986834 26.301
  40 124.218182  65.842231    40.495    40.087 17 55053.92550818 26.969
  41 124.273857  65.837319    53.146    41.608  7 55063.84115106 27.381
  42 124.218222  65.839082    86.869    86.789 18 55073.75679182 27.224
  43 124.218073  65.837594    39.783    39.279 18 55083.67243993 28.938
  44 124.216758  65.837619    39.476    39.035 20 55093.58808628 32.144
  46 124.215551  65.839026    41.539    41.553 19 55113.41937852 27.597
  47 124.218146  65.838595    39.238    38.689 19 55123.33502241 47.334
  48 124.217738  65.837769    37.846    37.817 18 55133.25066317 46.284
  49 124.219308  65.836831    38.155    37.459 18 55143.16630203 37.056
  50 124.217770  65.837295    40.251    40.990 20 55153.08194001 27.848
  51 124.220075  65.838447    40.547    41.734 19 55162.99757867 25.680
  52 124.217037  65.840251    40.595    42.007 19 55172.91321652 23.576
  53 124.222831  65.840803    40.030    39.443 18 55182.82885389 22.727
  54 124.224592  65.840608    40.688    41.628 18 55192.74450534 22.681
  55 124.217038  65.841171    40.340    41.711 19 55202.66015466 21.624
  56 124.218983  65.841449    40.019    37.723 17 55212.57580419 21.385
  57 124.224734  65.841226    39.571    38.629 18 55222.49145361 20.200
  58 124.223570  65.840384    39.474    39.017 18 55232.40710109 19.822
  59 124.218062  65.839131    39.941    38.999 19 55242.32274500 18.373
  60 124.214350  65.837866    40.614    40.652 20 55252.23838571 17.395
  61 124.219526  65.837023    40.018    38.676 18 55262.15402501 17.107
  62 124.220115  65.837825    40.346    41.743 19 55272.06966293 16.478
  63 124.219134  65.838711    39.987    39.187 19 55281.98530055 16.018
  64 124.217781  65.838865    39.725    38.727 18 55291.90093699 15.940
  65 124.219250  65.838136    39.726    39.168 19 55301.81657172 15.253
  66 124.216522  65.837337    38.135    37.278 19 55311.73221932 22.077
  67 124.221195  65.837017    36.938    36.752 19 55321.64786520 31.496
  68 124.210041  65.838680   100.969   103.129 16 55331.56350838 10.687
  69 124.222354  65.839113    92.697    92.808 19 55341.47915371 27.598
  70 124.218456  65.840029    42.941    42.977 19 55351.39479733 44.339
  71 124.216099  65.840450    41.418    41.383 18 55361.31043895 55.028
  72 124.221997  65.840339    87.664    87.650 19 55371.22607924 27.452
  73 124.218854  65.841310    40.655    40.641 17 55381.14171724 54.628
  74 124.220032  65.842154    41.108    41.065 17 55391.05735493 55.878
  75 124.222947  65.842120    39.935    39.917 19 55400.97299159 55.467
  76 124.231110  65.840047    39.932    40.080 16 55410.88864145 25.689
  77 124.216593  65.838594    41.378    41.198 21 55420.80429020 24.699
  78 124.216697  65.837017    39.437    38.819 20 55430.71993724 34.565
  79 124.216560  65.837383    40.170    40.273 20 55440.63558182 27.741
  80 124.214427  65.838859    39.444    39.423 20 55450.55122466 45.809
  81 124.217885  65.839439    38.897    38.902 19 55460.46686746 47.999
  82 124.219374  65.838663    40.489    40.207 20 55470.38250903 29.121
  83 124.216276  65.837546    39.932    40.086 20 55480.29814716 29.271
  84 124.215445  65.836878    36.909    36.958 20 55490.21378291 40.701
  85 124.214861  65.837750    35.722    36.070 20 55500.12941650 42.960
  86 124.218088  65.839231    36.680    36.699 19 55510.04505834 33.279
  87 124.218050  65.840406    37.783    36.966 19 55519.96070817 26.575
  88 124.215561  65.840899    37.623    36.952 18 55529.87635683 22.626
  89 124.217143  65.840392    37.956    36.907 19 55539.79200416 20.914
  90 124.219626  65.840071    37.941    36.780 20 55549.70764935 18.671
  91 124.215146  65.841007    38.713    37.014 18 55559.62329216 17.470
  92 124.222705  65.841619    38.318    36.889 18 55569.53893522 16.705
  93 124.223207  65.841686    39.252    37.188 18 55579.45457670 15.658
  94 124.219877  65.840218    39.272    37.216 17 55589.37021527 15.393
  95 124.217971  65.837843    39.287    37.475 18 55599.28585095 14.143
  96 124.217035  65.836559    39.695    39.008 20 55609.20148427 14.731
  97 124.217197  65.837461    39.771    37.474 20 55619.11711602 14.115
  98 124.222679  65.839154    39.729    38.592 19 55629.03276520 12.807
  99 124.217907  65.840420    39.807    38.921 19 55638.94841586 12.043
 100 124.218812  65.839247    40.060    39.139 20 55648.86406488 11.840
 101 124.216683  65.837080    40.185    40.209 19 55658.77971053 11.237
 102 124.218289  65.835852    40.528    39.869 20 55668.69535261 10.350
 103 124.211246  65.837551    38.270    38.216 19 55678.61099138 33.765
 104 124.247758  65.837677    55.263    49.367 11 55688.52663221 36.799
 105 124.223879  65.841166    41.241    41.185 18 55698.44226605 41.978
 106 124.225183  65.841255    43.501    44.078 18 55708.35790270 26.111
 107 124.220121  65.840489    42.577    42.725 17 55718.27355315 24.026
 108 124.220688  65.839981    42.612    42.223 17 55728.18920155 21.681
 109 124.219248  65.840709    42.549    43.498 17 55738.10484821 25.667
 110 124.224466  65.841328    40.658    40.318 18 55748.02049426 27.442
 111 124.225110  65.841221    39.765    39.776 18 55757.93613769 56.183
 112 124.217593  65.840127    39.148    38.288 19 55767.85177770 29.643
 113 124.214966  65.837934    38.859    38.140 20 55777.76741511 40.748
 114 124.216891  65.836445    40.803    40.923 20 55787.68305030 26.847
 115 124.217290  65.837422    40.185    40.663 20 55797.59868377 30.979
 116 124.217232  65.839328    40.398    40.330 19 55807.51432698 26.412
 117 124.242137  65.838993    38.906    38.715 10 55817.42997820 25.353
 118 124.222208  65.839482    40.983    40.637 19 55827.34562171 22.216
 119 124.217716  65.837916    38.868    38.884 18 55837.26126233 47.472
 120 124.216622  65.836615    37.990    37.941 19 55847.17690013 40.907
 121 124.216357  65.837813    37.942    37.427 19 55857.09253558 43.375
 122 124.218258  65.840076    37.300    37.306 19 55867.00818004 39.736
 123 124.220265  65.841847    40.154    39.707 18 55876.92383240 21.423
 124 124.217843  65.842193    39.597    38.554 17 55886.83947817 18.271
 125 124.224720  65.840852    41.056    41.912 18 55896.75511909 15.268
 126 124.217934  65.840539    41.673    42.553 19 55906.67075359 14.081
 127 124.224331  65.840316    41.427    41.974 18 55916.58639915 13.927
 128 124.222089  65.841045    41.669    42.204 19 55926.50205238 13.199
 129 124.220817  65.841145    41.863    42.650 18 55936.41770236 12.970
 130 124.216172  65.839784    41.774    41.639 18 55946.33334720 12.475
 131 124.218823  65.837326    41.308    41.126 18 55956.24898823 12.142
 132 124.216341  65.836307    41.556    40.915 20 55966.16462621 11.772
 133 124.217881  65.837202    41.782    41.123 20 55976.08026344 11.868
 134 124.219461  65.839190    41.453    42.331 19 55985.99589986 11.722
 135 124.215690  65.840754    41.571    41.634 18 55995.91153554 11.349
 136 124.218057  65.839624    41.326    42.170 19 56005.82718764 10.455
 137 124.217756  65.837637    41.030    40.746 18 56015.74283551 11.041
 138 124.217204  65.836776    41.297    41.049 20 56025.65848033 10.742
 139 124.217037  65.837946    41.695    41.306 21 56035.57412327 10.137
 140 124.224840  65.839773    40.712    39.726 18 56045.48976487  9.170
 141 124.223524  65.841640    96.745    97.312 18 56055.40540282 18.112
 142 124.273762  65.838732    56.279    44.957  7 56065.32104168 36.413
 143 124.223798  65.841090    92.259    92.328 18 56075.23668240 27.009
 144 124.217319  65.840797    43.024    43.038 19 56085.15233124 29.882
 145 124.223919  65.840220    42.410    42.447 18 56095.06797893 46.005
 146 124.219133  65.840764    41.201    41.195 17 56104.98362344 55.773
 147 124.217772  65.840330    42.404    42.450 19 56114.89925380 25.604
 148 124.217162  65.839465    42.063    42.009 19 56124.81489203 25.006
 149 124.217904  65.838140    40.174    40.195 18 56134.73052640 43.111
 150 124.220463  65.837372    42.449    42.358 19 56144.64616738 22.343
 151 124.228999  65.837106    39.572    39.595 16 56154.56181826 29.032
 152 124.217371  65.838965    86.813    86.901 18 56164.47746608 27.624
 153 124.216990  65.839721   107.303   110.864 18 56174.39311282 12.399
 154 124.219614  65.839340    40.317    40.368 20 56184.30875475 50.303
 155 124.213626  65.838701   101.421    98.544 13 56194.22439214  7.697
 156 124.226485  65.837436    40.601    40.466 16 56204.14002845 29.156
 157 124.266771  65.835879    63.243    44.457  9 56214.05566575 35.717
 158 124.222336  65.840997    38.297    38.279 19 56223.97129655 49.381
 159 124.222544  65.842098    38.510    37.460 19 56233.88695254 47.145
 160 124.222781  65.841984    40.496    41.455 19 56243.80260460 25.932
 161 124.218227  65.841390    40.058    39.758 17 56253.71825143 25.954
 162 124.219639  65.840795    40.304    40.001 20 56263.63389445 23.963
 163 124.218873  65.840854    40.063    39.232 17 56273.54953537 23.763
 164 124.224014  65.840354    40.733    41.068 18 56283.46517934 19.697
 165 124.221840  65.839516    40.572    40.148 19 56293.38083065 19.076
 166 124.215627  65.838365    40.540    39.500 19 56303.29647722 17.838
 167 124.216784  65.837332    40.549    40.492 19 56313.21212036 16.227
 168 124.215003  65.837780    40.636    40.993 20 56323.12776111 15.793
 169 124.217826  65.838770    40.393    39.985 18 56333.04340168 15.179
 170 124.217328  65.839510    40.968    42.551 19 56342.95904147 13.713
 171 124.217223  65.839496    40.959    41.126 19 56352.87467902 13.410
 172 124.219169  65.838637    40.718    40.556 19 56362.79032108 13.115
 173 124.217967  65.838244    40.242    39.919 18 56372.70597014 12.841
 175 124.222451  65.839919    40.785    40.899 19 56392.53726119 12.003
 176 124.223325  65.840965    38.124    38.302 18 56402.45290386 21.311
 177 124.219910  65.841685    36.440    36.352 18 56412.36854333 47.009
 178 124.218954  65.841613    37.463    37.034 17 56422.28417808 47.043
 179 124.272558  65.837843    59.206    48.175  7 56432.19982434 31.685
 180 124.216945  65.841270    42.877    42.850 19 56442.11547178 55.445
 181 124.230805  65.840328    42.573    42.472 16 56452.03112318 22.408
 182 124.215976  65.840571    42.604    42.825 18 56461.94676949 34.989
 183 124.226746  65.838424    39.765    40.101 16 56471.86241491 27.709
 184 124.229019  65.836942    39.274    39.286 15 56481.77805603 30.192
 185 124.214634  65.837714    41.448    41.536 20 56491.69369178 25.698
 186 124.230423  65.837706   112.207   122.657 14 56501.60932777 12.198
 187 124.218752  65.839961    42.263    41.993 19 56511.52495964 23.365
 188 124.216056  65.840474    42.243    42.216 18 56521.44060499 51.007
 189 124.221818  65.839269    96.733    95.017 18 56531.35625847 16.522
 191 124.215977  65.838467    40.813    40.621 19 56551.18755208 25.683
 192 124.216358  65.839711    39.085    39.085 18 56561.10319482 46.929
 193 124.219385  65.841287    40.559    40.253 17 56571.01883671 32.561
 194 124.225750  65.842123    37.796    37.801 17 56580.93447741 41.332
 195 124.228259  65.841788    37.238    37.314 17 56590.85011367 46.692
 196 124.218155  65.841240    37.043    37.107 17 56600.76576055 35.826
 197 124.217765  65.840390    36.846    36.931 19 56610.68141067 27.594
 198 124.223175  65.840578    37.042    37.059 18 56620.59705658 22.718
 199 124.218960  65.841563    37.002    37.114 17 56630.51269850 21.840
 200 124.219473  65.841147    37.075    37.181 17 56640.42833726 21.298
 201 124.218015  65.839213    37.392    37.368 19 56650.34398385 20.984
 202 124.217241  65.837080    37.638    37.337 19 56660.25963451 18.873
 203 124.216280  65.836757    37.675    37.219 20 56670.17528158 18.411
 204 124.213812  65.838749    38.600    37.208 20 56680.09092629 16.474
 205 124.222403  65.840077    37.767    36.997 19 56690.00657032 18.250
 206 124.218006  65.840750    38.483    37.092 19 56699.92221008 16.416
 207 124.217989  65.839489    38.647    37.084 18 56709.83784561 15.824
 208 124.216056  65.838357    38.978    37.197 19 56719.75348671 14.845
 209 124.141668  65.843288    43.509    43.653  7 56729.66913199 10.317
 210 124.216221  65.840307    39.554    37.908 18 56739.58478717 12.807
 211 124.227885  65.841694    40.075    39.248 17 56749.50043248 12.155
 212 124.226620  65.842599    37.252    37.010 17 56759.41607184 27.626
 213 124.228421  65.841782    37.135    37.121 17 56769.33170524 29.382
 214 124.219579  65.840677    38.648    37.331 17 56779.24735402 23.226
 215 124.216973  65.839929    40.776    40.343 18 56789.16300939 33.676
 216 124.224167  65.839722    92.369    92.305 18 56799.07866227 27.166
 217 124.229448  65.840258    42.701    42.511 16 56808.99430881 23.720
 218 124.215178  65.841038    42.711    42.183 18 56818.90994807 25.873
 219 124.216996  65.839378    41.249    41.232 18 56828.82558515 54.574
 220 124.162450  65.841068    46.593    43.658  8 56838.74121379 26.731
 221 124.216268  65.837351    39.851    39.681 20 56848.65685018 51.247
 222 124.216405  65.838647    41.722    41.193 21 56858.57250469 22.595
 223 124.219422  65.840476    38.863    38.802 17 56868.48815837 55.544
 224 124.222426  65.840824    38.951    38.940 19 56878.40381005 49.686
 225 124.224757  65.839476    39.737    39.270 18 56888.31945842 27.097
 226 124.215360  65.838380    40.574    40.579 19 56898.23510303 24.262
 227 124.217545  65.838235    38.609    38.579 18 56908.15074616 54.892
 228 124.272944  65.836566    57.419    41.220  6 56918.06639221 25.270
 229 124.227681  65.842083    41.390    41.091 17 56927.98202686 25.051
 230 124.225561  65.843302    41.507    42.045 16 56937.89766153 30.422
 231 124.226442  65.842332    37.510    37.500 17 56947.81329413 50.778
 232 124.215967  65.840751    36.419    36.614 18 56957.72894680 39.447
 233 124.217277  65.839446    35.703    35.885 19 56967.64459514 34.214
 234 124.222492  65.839673    37.069    36.871 19 56977.56023975 27.680
 235 124.221078  65.840969    37.471    37.150 18 56987.47587921 25.019
 236 124.224734  65.840905    37.668    37.063 18 56997.39151318 22.688
 237 124.222141  65.839434    37.763    37.104 19 57007.30715987 21.775
 238 124.217208  65.837589    37.642    36.976 21 57017.22281317 20.026
 239 124.217323  65.836950    37.954    36.927 19 57027.13846340 18.922
 240 124.219759  65.838298    38.737    37.415 19 57037.05411196 16.457
 241 124.218685  65.840250    39.149    38.182 19 57046.96975763 15.888
 242 124.218107  65.841179    37.912    36.775 17 57056.88539976 17.173
 243 124.217245  65.840395    38.291    37.239 19 57066.80103653 16.384
 244 124.221389  65.839370    38.531    36.999 19 57076.71666936 15.416
 245 124.221801  65.839696    38.822    37.214 19 57086.63229931 14.184
 246 124.219811  65.841231    39.021    37.431 20 57096.54795795 13.747
 247 124.228238  65.842216    39.005    37.838 17 57106.46361471 12.296
 248 124.224153  65.842953    39.141    38.376 17 57116.37926560 12.449
 249 124.217658  65.842213    38.961    37.608 17 57126.29491008 12.134
 250 124.217803  65.840567    39.706    38.409 19 57136.21054985 12.299
 251 124.217306  65.839793    37.738    36.712 19 57146.12618539 19.062
 252 124.217254  65.840277    37.389    37.367 19 57156.04181854 38.896
 253 124.231434  65.840032    45.524    45.506 16 57165.95746180 43.362
 254 124.218990  65.840698    89.888    89.915 17 57175.87311727 28.231
 255 124.218820  65.839419    42.370    42.679 19 57185.78877008 26.994
 256 124.231119  65.837100    42.630    42.581 15 57195.70441996 21.566
 257 124.214672  65.837722    41.376    41.488 20 57205.62005343 28.710
 258 124.213739  65.838913    40.212    40.213 20 57215.53569850 47.195
 259 124.216722  65.840322    39.846    39.111 19 57225.45134256 33.940
 260 124.221973  65.840847    40.370    40.316 19 57235.36698490 26.621
 261 124.223429  65.840453    38.583    38.598 18 57245.28262352 47.274
 262 124.217064  65.840311    40.603    40.638 19 57255.19825887 28.299
 263 124.232739  65.839810    48.657    47.148 14 57265.11389497 40.527
 264 124.228128  65.841510    37.571    37.553 17 57275.02953624 54.261
 265 124.224653  65.842699    38.543    37.538 17 57284.94519306 32.329
 266 124.223674  65.842424    39.917    40.504 15 57294.86084729 26.000
 267 124.218480  65.841495    39.406    39.970 17 57304.77649752 39.387
 268 124.224747  65.839683    36.660    36.690 18 57314.69214494 45.970
 269 124.217200  65.839612    36.087    36.175 18 57324.60778779 42.375
 270 124.218674  65.839683    39.367    38.546 19 57334.52342951 25.883
 271 124.216843  65.840168    38.259    37.666 18 57344.43906896 25.065
 272 124.218058  65.839369    40.788    41.117 18 57354.35472299 19.966
 273 124.213548  65.838917    41.447    41.667 20 57364.27036642 18.094
 274 124.217557  65.838023    41.364    41.290 18 57374.18600727 17.084
 275 124.218574  65.838376    41.477    42.374 19 57384.10164602 16.515
 276 124.222535  65.839102    41.631    42.191 19 57394.01728464 15.405
 277 124.216841  65.840624    41.889    42.760 19 57403.93292146 15.405
 279 124.222227  65.840305    41.622    41.637 19 57423.76421963 14.713
 280 124.219687  65.840452    41.519    41.380 17 57433.67986805 13.953
 281 124.218519  65.841269    41.615    41.807 17 57443.59551476 13.654
 282 124.217410  65.842283    41.053    41.600 17 57453.51116076 13.504
 283 124.225219  65.842176    41.619    42.033 17 57463.42680589 13.831
 284 124.224387  65.841522    41.728    42.359 18 57473.34244661 12.401
 285 124.217227  65.840936    41.458    42.690 19 57483.25808304 12.669
 286 124.219603  65.840073    41.517    41.548 20 57493.17371738 11.764
 287 124.224485  65.840269    40.619    40.135 18 57503.08934993 10.094
 288 124.217212  65.840882    37.974    36.581 19 57513.00500145 31.094
 289 124.220196  65.840157    37.587    37.576 17 57522.92065670 43.209
 290 124.221893  65.838826    90.012    90.502 18 57532.83630951 18.451
 291 124.214746  65.838232    42.481    42.525 20 57542.75195828 45.447
 292 124.235875  65.836807    42.978    42.912 15 57552.66760684 21.033
 293 124.218204  65.838973    94.960    90.498 18 57562.58325021 19.801
 294 124.219651  65.839982    41.336    41.519 20 57572.49889491 24.510
 295 124.233868  65.839367    40.366    40.354 14 57582.41454071 20.222
 296 124.218173  65.840204    88.254    87.941 19 57592.33018190 27.739
 297 124.216071  65.840284    41.958    41.386 18 57602.24582180 24.168
