-157477.315   237.618     0.00   11.08
-157190.042   233.020   -16.01   11.11
-156902.787   229.797   -11.22   10.86
-156615.551   225.672   -14.36   10.72
-156328.333   220.069   -19.51   11.38
-156041.134   214.192   -20.46   11.12
-155753.953   208.872   -18.53   10.54
-155466.790   206.424    -8.52    9.53
-155179.646   207.476     3.66   11.43
-154892.521   211.956    15.60   17.40
-154605.413   217.567    19.55   20.75
-154318.325   223.911    22.10   20.60
-154031.254   229.144    18.23   18.62
-153744.202   235.860    23.40   15.91
-153457.168   237.684     6.36   18.32
-153170.153   237.253    -1.50   22.30
-152883.156   236.783    -1.64   24.96
-152596.178   236.306    -1.66   25.37
-152309.218   239.396    10.77   25.59
-152022.276   243.798    15.34   25.37
-151735.352   247.566    13.13   24.67
-151448.447   254.667    24.75   24.04
-151161.561   261.690    24.48   22.47
-150874.692   265.300    12.58   22.39
-150587.842   266.423     3.92   23.77
-150301.011   263.846    -8.99   24.49
-150014.197   259.293   -15.88   23.62
-149727.403   257.284    -7.00   21.35
-149440.626   256.814    -1.64   19.72
-149153.868   257.716     3.14   21.19
-148867.128   261.554    13.38   22.77
-148580.406   266.113    15.90   24.83
-148293.703   271.124    17.48   24.83
-148007.018   276.635    19.22   23.31
-147720.351   280.092    12.06   20.94
-147433.703   281.324     4.30   17.77
-147147.072   280.506    -2.86   14.16
-146860.461   278.509    -6.97   12.35
-146573.867   279.489     3.42    8.94
-146287.292   280.379     3.11    7.54
-146000.735   279.861    -1.81    7.62
-145714.196   280.683     2.87    7.61
-145427.676   281.291     2.12    7.35
-145141.174   281.617     1.14    7.23
-144854.690   282.321     2.46    6.72
-144568.224   281.526    -2.77    7.50
-144281.777   281.212    -1.10    8.81
-143995.348   280.982    -0.80   10.01
-143708.937   281.991     3.52   11.92
-143422.545   285.090    10.82   12.96
-143136.170   286.641     5.42   12.68
-142849.814   287.875     4.31   11.74
-142563.477   288.266     1.36    9.89
-142277.157   286.513    -6.12    9.66
-141990.856   282.842   -12.82    9.80
-141704.572   277.490   -18.69    9.00
-141418.307   272.628   -16.99    8.38
-141132.061   268.245   -15.31    8.43
-140845.832   263.012   -18.28    9.24
-140559.622   258.380   -16.19   10.00
-140273.430   254.032   -15.19    9.67
-139987.256   251.266    -9.67    9.42
-139701.100   251.613     1.21   12.37
-139414.963   253.497     6.58   15.83
-139128.843   256.307     9.82   18.19
-138842.742   260.388    14.26   18.88
-138556.659   264.347    13.84   17.99
-138270.594   267.421    10.75   15.52
-137984.548   268.278     3.00   11.85
-137698.519   267.476    -2.80    9.39
-137412.509   264.801    -9.35   10.40
-137126.517   260.594   -14.71   10.90
-136840.543   258.388    -7.71   10.53
-136554.587   256.966    -4.97   11.71
-136268.649   258.186     4.27   14.50
-135982.730   261.115    10.24   17.59
-135696.828   265.220    14.36   19.16
-135410.945   271.624    22.40   19.90
-135125.080   274.921    11.53   18.21
-134839.233   276.942     7.07   15.22
-134553.404   277.102     0.56   12.54
-134267.593   273.692   -11.93   13.04
-133981.800   269.924   -13.18   13.94
-133696.026   265.249   -16.36   14.32
-133410.269   259.612   -19.73   13.12
-133124.531   254.329   -18.49   11.11
-132838.810   250.237   -14.32    8.62
-132553.108   248.367    -6.55    7.51
-132267.424   248.278    -0.31    8.38
-131981.758   251.091     9.85   10.17
-131696.110   255.435    15.21   12.84
-131410.480   261.903    22.65   16.23
-131124.869   268.356    22.60   18.02
-130839.275   275.160    23.82   19.54
-130553.699   281.580    22.48   18.83
-130268.142   284.999    11.97   16.82
-129982.602   286.922     6.74   15.20
-129697.081   285.480    -5.05   13.63
-129411.577   282.063   -11.97   13.01
-129126.092   276.266   -20.31   12.81
-128840.624   269.749   -22.83   13.14
-128555.175   263.526   -21.80   13.48
-128269.744   256.421   -24.89   13.08
-127984.330   252.423   -14.01   11.40
-127698.935   249.699    -9.55   10.19
-127413.558   249.622    -0.27   11.40
-127128.199   251.224     5.61   13.30
-126842.858   252.585     4.77   13.98
-126557.534   254.139     5.45   13.52
-126272.229   254.820     2.39   12.27
-125986.942   256.911     7.33   12.15
-125701.673   262.091    18.16   14.37
-125416.422   268.121    21.14   18.26
-125131.188   271.903    13.26   19.27
-124845.973   275.454    12.45   18.25
-124560.776   277.741     8.02   15.76
-124275.597   280.788    10.69   11.77
-123990.435   282.336     5.43   12.19
-123705.292   284.944     9.15   15.79
-123420.167   288.552    12.66   18.65
-123135.059   292.524    13.93   17.90
-122849.970   295.430    10.19   17.15
-122564.898   294.077    -4.75   17.06
-122279.845   290.407   -12.87   18.58
-121994.809   287.474   -10.29   18.07
-121709.791   289.298     6.40   21.29
-121424.792   293.682    15.38   26.36
-121139.810   302.936    32.47   28.28
-120854.846   310.160    25.35   25.92
-120569.900   316.245    21.36   19.49
-120284.972   316.160    -0.30   18.11
-120000.062   309.082   -24.84   21.32
-119715.170   300.575   -29.86   21.54
-119430.295   290.442   -35.57   18.01
-119145.439   282.486   -27.93   13.36
-118860.600   278.068   -15.51    9.53
-118575.780   277.241    -2.91   10.98
-118290.977   280.559    11.65   15.78
-118006.192   284.991    15.56   19.45
-117721.425   289.832    17.00   19.79
-117436.676   292.830    10.53   17.54
-117151.945   294.887     7.22   14.03
-116865.871   293.896    -3.46   13.73
-116577.170   289.033   -16.85   14.99
-116288.488   283.009   -20.87   14.19
-115999.825   277.173   -20.22   11.60
-115711.182   271.682   -19.03    9.06
-115422.558   267.798   -13.46    8.36
-115133.953   264.937    -9.91    8.61
-114845.367   262.275    -9.23    8.94
-114556.800   258.926   -11.61    9.32
-114268.252   255.836   -10.71    9.09
-113979.724   253.052    -9.65    9.10
-113691.215   250.043   -10.43    8.62
-113402.725   250.513     1.63   10.17
-113114.254   251.122     2.11   12.22
-112825.802   254.341    11.16   15.64
-112537.369   258.480    14.35   16.79
-112248.955   261.123     9.16   15.86
-111960.561   262.741     5.61   14.48
-111672.186   260.898    -6.39   14.46
-111383.830   255.854   -17.49   15.81
-111095.492   249.453   -22.20   16.08
-110807.174   243.487   -20.69   13.04
-110518.876   242.941    -1.89   13.92
-110230.596   245.914    10.32   19.00
-109942.335   251.470    19.27   23.44
-109654.093   257.976    22.57   24.21
-109365.871   264.613    23.03   21.93
-109077.668   270.413    20.12   16.33
-108789.483   275.080    16.19   11.89
-108501.318   274.921    -0.55   13.40
-108213.172   273.027    -6.57   13.43
-107925.045   271.833    -4.14   13.23
-107636.936   271.022    -2.82   12.30
-107348.847   272.058     3.60   12.48
-107060.777   274.189     7.40   11.72
-106772.727   277.162    10.32   13.11
-106484.695   278.708     5.37   14.23
-106196.682   278.648    -0.21   13.70
-105908.688   277.346    -4.52   12.43
-105620.713   273.674   -12.75   11.25
-105332.757   269.592   -14.18   10.54
-105044.821   264.749   -16.82    9.55
-104756.903   261.667   -10.71    9.52
-104469.004   259.412    -7.83   10.48
-104181.125   256.283   -10.87   11.61
-103893.264   253.807    -8.60   13.67
-103605.422   251.675    -7.41   13.37
-103317.599   251.191    -1.68   13.08
-103029.796   253.144     6.79   14.73
-102742.011   255.427     7.93   16.25
-102454.245   260.799    18.67   17.97
-102166.499   267.541    23.43   18.76
-101878.771   273.650    21.23   17.87
-101591.062   278.855    18.09   15.93
-101303.372   282.507    12.70   14.66
-101015.701   285.027     8.76   13.18
-100728.049   290.600    19.38   11.17
-100440.416   294.999    15.29    9.19
-100152.802   297.582     8.98    7.81
 -99865.207   297.451    -0.46    7.56
 -99577.631   295.484    -6.84    8.85
 -99290.073   292.463   -10.51    9.94
 -99002.535   290.099    -8.22    9.10
 -98715.016   288.290    -6.29    7.57
 -98427.515   288.484     0.68    6.48
 -98140.034   289.549     3.70    7.27
 -97852.571   292.137     9.00    9.21
 -97565.127   295.204    10.67   10.91
 -97277.702   297.917     9.44   11.54
 -96990.296   302.724    16.73   15.18
 -96702.909   306.962    14.75   17.94
 -96415.541   310.321    11.69   19.11
 -96128.192   316.215    20.52   22.65
 -95840.862   320.031    13.28   24.64
 -95553.550   323.159    10.89   25.36
 -95266.257   326.116    10.29   26.13
 -94978.984   328.091     6.88   26.15
 -94691.729   330.113     7.04   25.71
 -94404.493   332.615     8.71   24.86
 -94117.275   336.590    13.84   22.48
 -93830.077   339.180     9.02   20.00
 -93542.897   342.999    13.30   15.68
 -93255.737   345.000     6.97   11.62
 -92968.595   345.071     0.25    9.60
 -92681.472   343.839    -4.29    9.44
 -92394.368   342.674    -4.06    9.33
 -92107.282   341.949    -2.53    9.28
 -91820.216   341.455    -1.72    9.30
 -91533.168   341.143    -1.09    9.43
 -91246.139   340.647    -1.73   10.02
 -90959.129   340.643    -0.01   11.03
 -90672.138   340.873     0.80   10.80
 -90385.165   340.396    -1.66   10.11
 -90098.212   340.033    -1.27    9.32
 -89811.277   339.126    -3.16    8.04
 -89524.360   337.765    -4.74    6.52
 -89237.463   336.052    -5.97    5.98
 -88950.585   334.136    -6.68    6.31
 -88663.725   332.715    -4.95    7.28
 -88376.884   332.322    -1.37    9.66
 -88090.061   332.188    -0.47   11.21
 -87803.258   331.989    -0.69   11.73
 -87516.473   331.543    -1.55   12.09
 -87229.707   330.152    -4.85   12.45
 -86942.960   328.997    -4.03   13.17
 -86656.231   326.207    -9.73   13.81
 -86369.521   321.868   -15.14   13.07
 -86082.830   317.060   -16.77   11.75
 -85796.158   313.339   -12.98   10.52
 -85509.504   311.021    -8.09    8.84
 -85222.870   309.570    -5.06    8.11
 -84936.253   309.294    -0.96    8.57
 -84649.656   309.672     1.32   10.63
 -84363.077   310.216     1.90   13.75
 -84076.517   309.448    -2.68   15.91
 -83789.976   309.091    -1.25   16.32
 -83503.453   309.623     1.86   15.85
 -83216.949   310.357     2.56   13.88
 -82930.464   310.066    -1.02   10.43
 -82643.997   312.724     9.28   11.31
 -82357.549   317.846    17.88   14.44
 -82071.120   322.946    17.80   15.31
 -81784.709   329.388    22.49   14.59
 -81498.317   334.023    16.19   12.76
 -81211.944   337.659    12.70   10.95
 -80925.590   340.271     9.12    9.90
 -80639.254   339.220    -3.67   11.01
 -80352.936   339.527     1.07   10.46
 -80066.638   339.912     1.34    9.97
 -79780.358   339.989     0.27   10.56
 -79494.096   338.470    -5.31   13.39
 -79207.854   336.650    -6.36   15.34
 -78921.629   334.185    -8.61   16.70
 -78635.424   332.521    -5.82   17.43
 -78349.237   332.515    -0.02   17.27
 -78063.069   333.594     3.77   16.60
 -77776.919   336.421     9.88   15.78
 -77490.788   340.098    12.85   13.80
 -77204.675   343.989    13.60   11.55
 -76918.582   345.955     6.87   10.87
 -76632.506   345.964     0.03   12.26
 -76346.450   344.410    -5.43   13.82
 -76060.412   341.966    -8.55   15.22
 -75774.392   339.220    -9.60   15.98
 -75488.391   336.253   -10.38   16.23
 -75202.409   332.663   -12.55   16.19
 -74916.445   328.093   -15.98   15.30
 -74630.500   323.241   -16.97   13.81
 -74344.573   319.119   -14.42   11.82
 -74058.665   315.326   -13.27    8.21
 -73772.775   314.352    -3.40    7.13
 -73486.904   313.892    -1.61    7.21
 -73201.052   315.211     4.62    9.37
 -72915.218   318.245    10.61   11.12
 -72629.402   321.232    10.45   11.82
 -72343.605   324.026     9.77   10.60
 -72057.827   325.741     6.00    9.93
 -71772.067   326.444     2.46    9.02
 -71486.326   325.354    -3.82    8.52
 -71200.603   323.944    -4.93    8.54
 -70914.899   321.055   -10.11    7.99
 -70629.213   319.021    -7.12    7.68
 -70343.545   318.605    -1.45    8.89
 -70057.897   319.099     1.73   10.17
 -69772.266   320.007     3.18   11.00
 -69486.654   320.858     2.98   11.05
 -69201.061   319.823    -3.63   11.78
 -68915.486   318.740    -3.79   11.80
 -68629.930   317.948    -2.78   11.66
 -68344.392   316.873    -3.77   11.20
 -68058.872   316.633    -0.84   10.58
 -67773.371   317.114     1.68   10.61
 -67487.889   319.063     6.83   10.14
 -67202.424   320.049     3.45   10.62
 -66916.979   318.951    -3.85   12.71
 -66631.552   317.482    -5.15   14.74
 -66346.143   314.874    -9.14   16.46
 -66060.752   311.212   -12.83   18.69
 -65775.381   306.749   -15.64   20.40
 -65490.027   304.191    -8.97   21.33
 -65204.692   302.383    -6.34   21.94
 -64919.375   299.487   -10.15   20.80
 -64634.077   298.077    -4.94   19.18
 -64348.797   295.454    -9.20   15.80
 -64063.536   295.169    -1.00   13.53
 -63778.293   297.343     7.62   12.67
 -63493.068   300.374    10.63   13.05
 -63207.862   305.575    18.24   15.71
 -62922.674   312.724    25.07   19.30
 -62637.505   321.857    32.03   21.35
 -62352.354   331.691    34.49   20.23
 -62067.221   340.800    31.94   16.19
 -61782.107   349.371    30.06   13.06
 -61497.011   357.019    26.83   13.14
 -61211.933   364.674    26.85   14.72
 -60926.874   372.279    26.68   16.09
 -60641.833   378.462    21.69   15.08
 -60356.811   384.182    20.07   11.96
 -60071.806   388.648    15.67    8.18
 -59786.821   389.997     4.73    6.28
 -59501.853   389.157    -2.95    7.07
 -59216.904   385.936   -11.31    9.72
 -58931.973   380.567   -18.84   12.84
 -58647.061   375.101   -19.18   14.05
 -58362.167   369.951   -18.08   13.86
 -58077.291   365.571   -15.37   11.11
 -57792.433   364.052    -5.33    8.90
 -57507.594   364.418     1.29    8.69
 -57222.773   367.046     9.23    8.58
 -56937.971   369.608     9.00    8.58
 -56653.186   371.599     6.99    7.55
 -56368.420   371.949     1.23    6.52
 -56083.673   371.833    -0.41    6.49
 -55798.943   371.220    -2.15    7.16
 -55514.232   370.029    -4.18    8.29
 -55229.539   368.514    -5.32    9.54
 -54942.970   366.488    -7.07   10.92
 -54654.221   362.873   -12.52   12.85
 -54365.492   357.750   -17.74   14.28
 -54076.782   353.644   -14.22   15.95
 -53788.092   350.055   -12.43   16.24
 -53499.421   347.190    -9.92   17.00
 -53210.770   344.783    -8.34   17.86
 -52922.139   343.454    -4.61   19.40
 -52633.527   341.153    -7.97   19.88
 -52344.935   338.241   -10.09   19.48
 -52056.362   335.573    -9.25   18.89
 -51767.809   332.716    -9.90   18.38
 -51479.275   329.344   -11.68   16.98
 -51190.761   325.682   -12.70   16.99
 -50902.267   324.443    -4.29   18.44
 -50613.792   324.724     0.97   20.09
 -50325.336   325.801     3.73   21.35
 -50036.901   326.852     3.64   21.48
 -49748.484   330.937    14.16   22.35
 -49460.087   336.592    19.61   22.24
 -49171.710   343.852    25.18   19.21
 -48883.352   352.391    29.61   14.28
 -48595.014   358.424    20.93   10.26
 -48306.696   361.963    12.28    7.34
 -48018.396   364.276     8.02    5.13
 -47730.117   365.161     3.07    4.67
 -47441.856   365.791     2.19    5.00
 -47153.616   366.054     0.91    5.28
 -46865.394   366.608     1.92    4.71
 -46577.193   366.503    -0.37    4.46
 -46289.010   365.732    -2.67    5.02
 -46000.848   363.051    -9.30    7.69
 -45712.704   359.586   -12.03    9.31
 -45424.580   357.204    -8.27    9.39
 -45136.476   355.241    -6.81    9.76
 -44848.391   354.459    -2.71   11.56
 -44560.326   356.068     5.59   12.41
 -44272.279   358.165     7.28   13.17
 -43984.253   361.441    11.37   11.05
 -43696.246   363.300     6.46    9.02
 -43408.258   363.363     0.22    7.55
 -43120.290   362.356    -3.49    7.67
 -42832.341   358.869   -12.11   10.41
 -42544.411   353.421   -18.92   14.70
 -42256.501   346.355   -24.54   21.51
 -41968.611   340.870   -19.05   24.58
 -41680.739   334.624   -21.70   31.03
 -41392.887   328.896   -19.90   35.80
 -41105.055   323.934   -17.24   37.50
 -40817.242   309.978   -48.49   50.33
 -40529.448   295.617   -49.90   64.58
 -40241.674   278.542   -59.33   73.27
 -39953.919   257.012   -74.82   76.71
 -39666.183   236.570   -71.05   68.92
 -39378.467   228.361   -28.53   60.47
 -39090.770   221.077   -25.32   53.15
 -38803.093   220.063    -3.52   52.52
 -38515.435   224.245    14.54   56.16
 -38227.796   228.632    15.25   58.89
 -37940.177   234.573    20.65   60.10
 -37652.577   243.573    31.29   59.55
 -37364.996   242.188    -4.82   62.14
 -37077.435   233.068   -31.71   63.18
 -36789.893   221.948   -38.68   67.47
 -36502.370   211.109   -37.70   77.50
 -36214.866   204.044   -24.58   84.32
 -35927.382   196.382   -26.65   86.54
 -35639.917   198.819     8.48   95.47
 -35352.472   207.598    30.54  103.62
 -35065.046   224.166    57.64  107.22
 -34777.639   241.674    60.92  107.77
 -34490.251   266.640    86.87  100.43
 -34202.883   287.162    71.42   91.10
 -33915.534   310.476    81.14   71.02
 -33628.204   331.878    74.49   45.84
 -33340.894   337.939    21.10   33.94
 -33053.602   335.187    -9.58   33.14
 -32766.331   322.207   -45.19   45.14
 -32479.078   295.321   -93.60   62.85
 -32191.844   262.134  -115.54   81.21
 -31904.630   229.951  -112.05   87.12
 -31617.435   197.879  -111.67   82.57
 -31330.260   169.949   -97.26   70.05
 -31043.103   153.947   -55.73   57.83
 -30755.966   144.681   -32.27   49.86
 -30468.848   148.000    11.56   56.68
 -30181.749   158.057    35.03   72.17
 -29894.670   167.069    31.39   79.53
 -29607.609   173.816    23.50   84.55
 -29320.568   173.825     0.03   88.27
 -29033.546   167.825   -20.90   89.23
 -28746.543   162.327   -19.16   86.86
 -28459.560   155.168   -24.95   80.94
 -28172.596   146.249   -31.08   77.72
 -27885.650   147.913     5.80   82.23
 -27598.724   157.077    31.94   92.37
 -27311.818   179.470    78.05  101.18
 -27024.930   202.823    81.40  102.02
 -26738.062   223.279    71.31   95.97
 -26451.212   251.553    98.57   73.86
 -26164.382   262.534    38.29   53.41
 -25877.571   272.257    33.90   29.77
 -25590.779   271.029    -4.28   26.40
 -25304.007   263.978   -24.59   27.80
 -25017.253   255.549   -29.40   30.20
 -24730.519   243.767   -41.09   35.83
 -24443.804   220.450   -81.32   50.09
 -24157.107   195.317   -87.67   59.57
 -23870.431   166.932   -99.01   63.62
 -23583.773   143.054   -83.30   60.74
 -23297.134   121.287   -75.94   51.31
 -23010.514   106.388   -51.98   44.00
 -22723.914    97.926   -29.53   39.00
 -22437.332   103.913    20.89   52.97
 -22150.770   122.781    65.84   70.57
 -21864.227   140.659    62.39   79.93
 -21577.703   162.301    75.54   83.24
 -21291.198   185.616    81.38   75.31
 -21004.712   195.716    35.26   65.30
 -20718.245   193.447    -7.92   63.57
 -20431.797   179.348   -49.22   72.82
 -20145.368   149.924  -102.73   78.22
 -19858.958   120.882  -101.40   70.74
 -19572.568    91.151  -103.81   52.19
 -19286.196    71.262   -69.45   34.37
 -18999.844    69.708    -5.43   39.75
 -18713.510    77.522    27.29   48.31
 -18427.196    88.715    39.09   54.76
 -18140.900    99.466    37.55   61.55
 -17854.624   105.507    21.10   63.80
 -17568.366   110.083    15.98   64.31
 -17282.128   116.305    21.74   61.66
 -16995.909   119.060     9.63   57.69
 -16709.709   111.782   -25.43   55.56
 -16423.527   100.319   -40.06   54.02
 -16137.365    88.085   -42.75   51.11
 -15851.222    79.273   -30.80   46.06
 -15565.097    75.767   -12.25   41.18
 -15278.992    74.425    -4.69   34.48
 -14992.906    78.765    15.17   34.33
 -14706.838    88.757    34.93   33.35
 -14420.790    99.045    35.97   28.50
 -14134.761   102.430    11.83   26.74
 -13848.750   105.321    10.11   29.50
 -13562.759   109.621    15.04   35.34
 -13276.786   114.301    16.37   43.15
 -12990.833   117.567    11.42   46.08
 -12704.898   115.470    -7.34   50.75
 -12418.983   107.455   -28.03   54.98
 -12133.086   103.641   -13.34   54.71
 -11847.208    99.825   -13.35   53.86
 -11561.350    99.126    -2.45   56.01
 -11275.510   106.655    26.34   63.63
 -10989.689   120.306    47.76   68.76
 -10703.887   136.522    56.74   66.98
 -10418.104   149.086    43.96   59.75
 -10132.339   149.952     3.03   56.45
  -9846.594   144.394   -19.45   60.21
  -9560.868   132.267   -42.44   65.84
  -9275.160   109.262   -80.52   66.82
  -8989.472    99.516   -34.12   65.25
  -8703.802    95.024   -15.72   61.98
  -8418.151    94.362    -2.32   62.02
  -8132.519   111.699    60.70   64.73
  -7846.906   129.856    63.57   61.55
  -7561.312   147.502    61.78   51.80
  -7275.737   165.232    62.09   30.09
  -6990.181   174.385    32.05    6.08
  -6704.643   175.004     2.17    3.16
  -6419.124   173.131    -6.56    5.57
  -6133.624   167.382   -20.14   12.74
  -5848.143   157.215   -35.61   24.37
  -5562.681   150.066   -25.05   27.85
  -5277.238   139.672   -36.41   36.00
  -4991.813   129.394   -36.01   41.68
  -4706.408   121.097   -29.07   45.08
  -4421.021   110.724   -36.35   50.08
  -4135.653   101.063   -33.85   56.13
  -3850.304    89.327   -41.13   59.20
  -3564.973    74.957   -50.37   56.90
  -3279.662    57.842   -59.99   51.91
  -2994.369    44.274   -47.56   44.86
  -2709.095    32.120   -42.60   34.09
  -2423.840    20.344   -41.28   23.23
  -2138.604    14.944   -18.93   19.38
  -1853.386     9.270   -19.89   11.98
  -1568.187     5.370   -13.67    6.49
  -1283.007     3.099    -7.96    4.23
   -997.846     2.011    -3.82    3.30
   -712.703     0.896    -3.91    1.92
   -427.580     0.305    -2.07    1.41
   -142.475     0.077    -0.80    1.22
    142.611     0.363     1.00    2.40
    427.679     1.266     3.17    4.63
    712.728    14.351    45.90   44.18
    997.758    35.416    73.90   78.61
   1282.769    53.560    63.66   92.63
   1567.761    83.370   104.60  109.29
   1852.735   102.909    68.56  109.34
   2137.690   112.826    34.80  101.40
   2422.626   122.980    35.64   89.62
   2707.544   131.376    29.47   74.02
   2992.443   135.099    13.07   59.98
   3277.323   138.577    12.21   55.79
   3562.184   136.194    -8.37   57.32
   3847.027   139.298    10.90   60.16
   4131.851   148.524    32.39   61.72
   4416.657   163.508    52.61   64.11
   4701.443   184.544    73.86   71.20
   4986.211   210.329    90.55   74.71
   5270.960   240.974   107.62   70.80
   5555.691   270.834   104.87   54.67
   5840.403   287.507    58.56   37.55
   6125.096   294.463    24.43   32.41
   6409.771   297.017     8.97   34.04
   6694.427   300.474    12.15   35.28
   6981.524   304.600    14.37   34.85
   7270.312   308.982    15.17   34.16
   7559.079   318.844    34.15   28.45
   7847.827   327.346    29.44   19.73
   8136.554   329.782     8.44   18.26
   8425.262   326.314   -12.01   24.09
   8713.949   319.112   -24.95   31.43
   9002.617   311.032   -27.99   32.54
   9291.264   306.178   -16.82   31.38
   9579.892   305.337    -2.91   28.86
   9868.500   307.870     8.78   25.86
  10157.087   311.922    14.04   25.70
  10445.655   320.749    30.59   21.48
  10734.203   329.891    31.68   17.18
  11022.731   336.927    24.39   13.91
  11311.239   341.410    15.54   10.43
  11599.727   344.681    11.34    7.54
  11888.195   345.561     3.05    9.51
  12176.643   344.976    -2.03   12.96
  12465.071   344.457    -1.80   14.71
  12753.480   343.474    -3.41   14.83
  13041.868   343.811     1.17   13.42
  13330.237   342.493    -4.57   13.14
  13618.585   341.270    -4.24   11.81
  13906.914   338.801    -8.56   10.10
  14195.223   336.784    -7.00    7.92
  14483.512   335.350    -4.97    7.44
  14771.781   334.527    -2.85    6.98
  15060.030   334.413    -0.40    7.48
  15348.260   335.775     4.72    8.48
  15636.469   337.922     7.45    9.23
  15924.659   339.873     6.77    9.29
  16212.829   341.163     4.48    8.13
  16500.979   342.203     3.61    6.17
  16789.109   343.216     3.51    4.88
  17077.219   344.489     4.42    5.00
  17365.310   346.267     6.17    6.12
  17653.380   349.966    12.84    8.57
  17941.431   355.162    18.04   10.27
  18229.462   360.413    18.23   10.67
  18517.473   365.551    17.84    9.97
  18805.465   368.463    10.11    8.12
  19093.436   369.632     4.06    6.88
  19381.388   370.094     1.61    7.13
  19669.320   369.388    -2.46    8.15
  19957.232   368.597    -2.75    8.58
  20245.124   367.884    -2.48    8.80
  20532.997   367.989     0.37    9.18
  20820.850   368.767     2.70    9.12
  21108.683   368.842     0.26    9.32
  21396.496   367.715    -3.91   10.14
  21684.290   364.037   -12.78   13.13
  21972.063   358.326   -19.85   15.40
  22259.817   352.104   -21.62   16.38
  22547.552   345.648   -22.44   16.80
  22835.266   338.622   -24.42   17.24
  23122.961   331.317   -25.39   18.10
  23410.636   323.016   -28.86   20.66
  23698.291   312.958   -34.96   24.74
  23985.927   302.211   -37.36   26.46
  24273.543   293.382   -30.70   24.78
  24561.139   286.682   -23.30   20.87
  24848.715   284.517    -7.53   18.36
  25136.272   285.655     3.96   21.22
  25423.809   288.858    11.14   23.89
  25711.327   292.899    14.05   24.40
  25998.824   295.978    10.71   23.39
  26286.302   294.957    -3.55   20.69
  26573.760   296.446     5.18   19.84
  26861.199   296.724     0.97   19.34
  27148.618   298.663     6.75   20.40
  27436.017   304.548    20.47   23.00
  27723.397   314.257    33.79   23.85
  28010.757   326.088    41.17   20.33
  28298.097   336.448    36.05   15.89
  28585.418   342.336    20.49   13.02
  28872.719   344.931     9.03   11.44
  29160.000   346.980     7.13   11.60
  29447.262   345.586    -4.85   15.59
  29734.504   344.593    -3.46   17.85
  30021.726   344.799     0.72   18.66
  30308.929   345.991     4.15   18.11
  30596.112   347.500     5.25   16.91
  30883.276   351.501    13.93   14.25
  31170.420   353.999     8.70   10.99
  31457.544   354.827     2.88    9.51
  31744.649   354.631    -0.68   10.52
  32031.734   352.641    -6.93   12.93
  32318.800   349.080   -12.40   14.98
  32605.846   344.793   -14.93   17.01
  32892.872   338.332   -22.51   19.48
  33179.879   332.030   -21.96   21.47
  33466.866   325.332   -23.34   22.49
  33753.834   319.454   -20.48   23.47
  34040.782   311.424   -27.98   24.12
  34327.711   303.741   -26.78   23.85
  34614.620   296.872   -23.94   23.38
  34901.510   291.991   -17.01   22.74
  35188.380   289.149    -9.91   23.49
  35475.230   286.900    -7.84   25.19
  35762.061   286.443    -1.60   25.75
  36048.872   289.699    11.35   27.70
  36335.664   296.997    25.45   29.53
  36622.436   305.168    28.49   29.44
  36909.189   314.810    33.62   27.81
  37195.922   326.554    40.96   24.13
  37482.636   337.139    36.92   17.88
  37769.331   343.706    22.91   11.64
  38056.005   346.405     9.41    8.05
  38342.661   346.682     0.97    7.40
  38629.296   344.343    -8.16    9.73
  38915.913   339.297   -17.61   13.13
  39202.510   332.367   -24.18   15.99
  39489.087   322.941   -32.89   20.59
  39775.645   311.741   -39.08   23.84
  40062.183   300.497   -39.24   23.86
  40348.702   291.168   -32.56   20.62
  40635.202   286.162   -17.47   18.62
  40921.682   285.155    -3.52   20.10
  41208.142   286.091     3.27   23.32
  41494.584   289.707    12.62   26.54
  41781.005   295.842    21.42   27.64
  42067.408   302.327    22.64   26.68
  42353.791   307.750    18.93   22.16
  42640.154   311.539    13.23   16.95
  42926.498   310.673    -3.02   18.04
  43212.823   303.801   -24.00   27.27
  43499.128   290.267   -47.27   37.48
  43785.414   270.782   -68.06   45.90
  44071.680   254.707   -56.15   45.90
  44357.927   246.564   -28.44   43.01
  44644.155   240.510   -21.15   44.64
  44930.363   244.598    14.28   49.16
  45216.552   255.315    37.45   54.60
  45502.721   269.408    49.24   52.83
  45788.871   285.826    57.37   41.52
  46075.002   294.275    29.53   26.52
  46361.114   294.465     0.67   20.19
  46647.206   287.150   -25.57   22.57
  46933.278   273.341   -48.27   30.06
  47219.331   255.292   -63.10   38.17
  47505.365   236.809   -64.62   41.27
  47791.380   218.580   -63.73   46.76
  48077.375   204.391   -49.61   46.16
  48363.351   194.094   -36.00   42.33
  48649.308   187.120   -24.39   38.90
  48935.245   177.186   -34.74   38.71
  49221.163   163.004   -49.60   43.09
  49507.062   145.146   -62.46   46.75
  49792.941   132.106   -45.61   45.39
  50078.801   125.537   -22.98   40.19
  50364.642   127.105     5.48   43.04
  50650.463   140.279    46.09   56.48
  50936.266   158.211    62.74   69.21
  51222.048   182.559    85.19   76.85
  51507.812   216.741   119.61   79.04
  51793.556   249.792   115.66   74.37
  52079.281   274.334    85.89   61.55
  52364.987   289.537    53.21   48.16
  52650.674   295.793    21.90   37.14
  52936.341   297.051     4.40   29.83
  53221.989   297.071     0.07   28.87
  53507.618   297.623     1.93   27.87
  53793.227   299.502     6.58   29.50
  54078.817   308.801    32.56   30.56
  54364.388   320.939    42.50   27.60
  54649.940   333.690    44.65   20.00
  54935.473   342.784    31.85   13.08
  55220.986   346.326    12.40   10.47
  55506.480   347.029     2.46   12.37
  55791.955   346.906    -0.43   14.14
  56077.411   346.146    -2.66   15.85
  56362.847   345.961    -0.65   16.37
  56648.264   346.215     0.89   16.98
  56933.662   346.672     1.60   17.04
  57219.041   345.612    -3.72   17.61
  57504.401   345.509    -0.36   17.71
  57789.741   345.622     0.40   16.20
  58075.063   346.122     1.75   13.78
  58360.365   347.198     3.77   12.07
  58645.648   349.529     8.17   11.77
  58930.912   352.906    11.84   12.20
  59216.156   356.132    11.31   13.00
  59501.382   359.724    12.59   12.84
  59786.588   364.461    16.61   13.18
  60071.775   368.553    14.35   14.12
  60356.943   372.612    14.23   12.83
  60642.092   374.732     7.44   11.31
  60927.222   375.544     2.85   10.57
  61212.333   374.927    -2.16   10.89
  61497.424   371.732   -11.21   13.37
  61782.497   366.875   -17.04   14.31
  62067.550   360.567   -22.13   14.12
  62352.584   355.715   -17.02   14.55
  62637.599   352.724   -10.49   15.49
  62922.595   351.553    -4.11   15.45
  63207.572   352.508     3.35   15.63
  63492.530   354.637     7.47   15.11
  63777.468   357.187     8.95   15.01
  64062.388   361.655    15.68   13.72
  64347.289   365.587    13.80   12.17
  64632.170   369.326    13.12   12.68
  64917.032   369.715     1.37   17.52
  65201.876   366.932    -9.77   24.70
  65486.700   362.376   -16.00   33.07
  65771.505   357.190   -18.21   36.46
  66056.291   351.237   -20.90   38.22
  66341.058   346.245   -17.53   36.93
  66625.806   341.876   -15.34   34.63
  66910.535   339.187    -9.45   31.33
  67195.245   339.138    -0.17   29.82
  67479.936   340.809     5.87   29.97
  67764.608   341.531     2.53   29.21
  68049.261   345.249    13.06   29.94
  68333.895   350.370    17.99   29.97
  68618.510   356.367    21.07   28.30
  68906.151   363.800    25.84   25.54
  69194.989   369.388    19.34   22.98
  69483.806   375.031    19.54   19.96
  69772.603   379.448    15.29   18.36
  70061.379   381.648     7.62   17.58
  70350.135   383.249     5.54   17.49
  70638.871   385.127     6.50   16.80
  70927.587   386.478     4.68   15.97
  71216.282   389.499    10.46   15.03
  71504.957   392.924    11.86   14.62
  71793.611   396.925    13.86   14.54
  72082.245   401.185    14.76   14.23
  72370.859   405.366    14.49   12.33
  72659.453   407.666     7.97   10.57
  72948.026   409.028     4.72    9.34
  73236.579   408.176    -2.95    9.37
  73525.112   404.783   -11.76   11.78
  73813.624   400.241   -15.74   14.70
  74102.116   394.115   -21.23   17.36
  74390.588   388.207   -20.48   17.66
  74679.039   382.203   -20.81   15.83
  74967.471   378.374   -13.27   13.55
  75255.882   377.198    -4.08   12.59
  75544.272   378.724     5.29   12.97
  75832.643   381.867    10.90   14.32
  76120.993   386.808    17.14   14.68
  76409.323   391.872    17.56   14.10
  76697.633   398.388    22.60   12.07
  76985.922   402.438    14.05   11.87
  77274.192   406.332    13.51   10.96
  77562.441   408.957     9.10   10.52
  77850.669   412.127    11.00   10.13
  78138.878   414.334     7.66   10.02
  78427.066   416.455     7.36    9.38
  78715.235   419.297     9.86    8.51
  79003.383   422.329    10.52    6.41
  79291.510   423.622     4.49    5.77
  79579.618   424.027     1.40    5.13
  79867.705   423.091    -3.25    6.72
  80155.773   421.960    -3.93    8.60
  80443.820   421.579    -1.33   10.72
  80731.846   420.548    -3.58   12.58
  81019.853   418.544    -6.95   13.95
  81307.840   416.767    -6.17   14.98
  81595.806   417.037     0.94   16.15
  81883.752   417.460     1.47   16.45
  82171.678   416.425    -3.59   15.75
  82459.584   415.267    -4.02   14.52
  82747.470   414.621    -2.24   13.38
  83035.336   412.873    -6.07   12.55
  83323.181   410.912    -6.81   11.54
  83611.007   408.066    -9.89   10.74
  83898.812   404.527   -12.29    9.47
  84186.597   401.559   -10.31    7.34
  84474.362   400.006    -5.40    5.50
  84762.107   400.075     0.24    5.86
  85049.832   400.987     3.17    8.25
  85337.537   402.906     6.67   11.01
  85625.221   405.885    10.35   12.44
  85912.886   408.189     8.01   13.61
  86200.531   410.571     8.28   14.84
  86488.155   413.057     8.64   14.95
  86775.759   416.006    10.25   14.52
  87063.344   417.776     6.16   13.77
  87350.908   421.219    11.97   13.79
  87638.452   425.088    13.45   12.69
  87925.976   428.963    13.48   10.62
  88213.480   431.741     9.66    8.19
  88500.964   434.126     8.29    6.90
  88788.428   435.478     4.71    6.90
  89075.872   435.741     0.91    8.43
  89363.296   435.000    -2.58   10.37
  89650.700   434.160    -2.92   13.60
  89938.084   431.978    -7.59   16.74
  90225.448   429.419    -8.91   19.38
  90512.792   426.329   -10.75   20.59
  90800.116   422.134   -14.60   21.20
  91087.420   419.232   -10.10   21.08
  91374.703   416.373    -9.95   21.50
  91661.967   412.732   -12.67   21.38
  91949.211   410.872    -6.48   21.42
  92236.435   408.040    -9.86   22.00
  92523.639   406.032    -6.99   22.60
  92810.823   402.408   -12.62   21.77
  93097.987   399.275   -10.91   21.04
  93385.131   393.195   -21.17   21.51
  93672.255   386.946   -21.76   22.07
  93959.359   377.965   -31.28   23.85
  94246.444   369.194   -30.55   23.78
  94533.508   357.774   -39.78   23.87
  94820.552   346.698   -38.58   22.44
  95107.577   338.478   -28.64   20.99
  95394.581   330.724   -27.02   18.02
  95681.566   326.005   -16.44   15.67
  95968.530   322.182   -13.32   14.40
  96255.475   319.460    -9.48   13.72
  96542.400   319.190    -0.94   13.52
  96829.305   319.749     1.95   12.84
  97116.190   320.100     1.22   10.63
  97403.055   322.390     7.98   10.51
  97689.900   326.604    14.69   11.99
  97976.726   332.732    21.36   13.88
  98263.531   339.367    23.13   15.72
  98550.317   348.267    31.03   18.49
  98837.082   357.144    30.95   19.74
  99123.828   366.436    32.40   19.63
  99410.554   375.852    32.84   18.15
  99697.260   385.181    32.54   16.09
  99983.947   393.539    29.15   13.36
 100270.613   400.108    22.92   12.10
 100557.260   403.776    12.79   12.98
 100843.886   407.417    12.70   15.16
 101130.493   408.080     2.31   18.54
 101417.080   406.985    -3.82   21.97
 101703.648   402.417   -15.94   25.89
 101990.195   397.153   -18.37   27.86
 102276.723   392.356   -16.74   27.45
 102563.231   386.521   -20.37   24.59
 102849.719   382.272   -14.83   20.38
 103136.187   381.132    -3.98   16.30
 103422.636   381.869     2.57   15.47
 103709.064   385.487    12.63   16.17
 103995.473   391.118    19.66   18.51
 104281.862   397.298    21.58   20.19
 104568.231   404.391    24.77   20.95
 104854.581   412.139    27.06   21.33
 105140.911   420.141    27.94   20.47
 105427.221   426.741    23.05   17.61
 105713.511   432.466    19.99   14.02
 105999.782   435.949    12.17   11.60
 106286.032   437.671     6.02   10.60
 106572.263   439.022     4.72   11.19
 106858.475   439.169     0.52   12.27
 107144.666   438.043    -3.93   13.27
 107430.838   435.898    -7.50   14.31
 107716.990   433.689    -7.72   16.05
 108003.123   429.396   -15.00   16.52
 108289.235   425.379   -14.04   16.76
 108575.328   421.487   -13.61   15.02
 108861.402   419.996    -5.21   12.26
 109147.455   420.199     0.71   11.99
 109433.489   422.611     8.43   13.31
 109719.503   424.947     8.17   14.72
 110005.498   428.050    10.85   14.72
 110291.473   433.719    19.82   14.41
