-102712.832   144.293     0.00   12.03
-102426.800   147.201    10.17   14.43
-102140.761   149.754     8.92   16.66
-101854.713   151.335     5.53   17.88
-101568.658   152.649     4.59   19.77
-101282.594   153.368     2.51   20.20
-100996.522   150.997    -8.29   20.90
-100710.442   148.348    -9.26   20.89
-100424.354   146.099    -7.86   20.05
-100138.258   143.917    -7.63   19.74
 -99852.154   144.577     2.31   22.17
 -99566.042   145.470     3.12   23.45
 -99279.922   147.063     5.57   23.83
 -98993.794   149.778     9.49   24.07
 -98707.657   151.135     4.74   23.27
 -98421.513   151.625     1.71   21.86
 -98135.361   152.473     2.96   21.26
 -97849.200   156.077    12.60   20.85
 -97563.031   161.085    17.50   19.11
 -97276.855   165.353    14.91   18.51
 -96990.670   170.128    16.69   16.96
 -96704.477   175.146    17.54   12.50
 -96418.276   175.616     1.64   11.77
 -96132.067   174.430    -4.14   12.40
 -95845.850   170.901   -12.33   12.49
 -95559.625   167.107   -13.26   10.40
 -95273.392   162.897   -14.71    7.25
 -94987.150   160.654    -7.84    6.82
 -94700.901   159.219    -5.01    8.09
 -94414.643   155.806   -11.92   10.33
 -94128.378   150.592   -18.21   14.00
 -93842.104   144.526   -21.19   16.29
 -93555.822   138.898   -19.66   16.40
 -93269.533   133.475   -18.94   16.32
 -92983.235   128.675   -16.76   15.23
 -92696.929   123.086   -19.52   13.14
 -92410.615   119.012   -14.23   10.92
 -92124.292   116.864    -7.50    8.91
 -91837.962   116.574    -1.01    8.01
 -91551.624   117.743     4.08    9.60
 -91265.277   120.806    10.70   10.94
 -90978.923   124.480    12.83   11.32
 -90692.560   127.334     9.97    9.85
 -90406.189   129.704     8.28    8.83
 -90119.810   131.994     8.00    8.96
 -89833.423   134.065     7.23   10.53
 -89547.028   135.757     5.91   10.92
 -89260.625   135.465    -1.02   10.99
 -88974.214   134.492    -3.40   12.42
 -88687.795   130.558   -13.73   15.23
 -88401.367   124.835   -19.98   17.22
 -88114.932   118.142   -23.37   16.67
 -87828.488   110.834   -25.51   12.43
 -87542.036   105.996   -16.89    8.72
 -87255.576   102.606   -11.83    6.73
 -86969.108    99.730   -10.04    7.11
 -86682.632    98.093    -5.72    7.17
 -86396.148    97.541    -1.92    7.79
 -86109.656    96.735    -2.82    8.42
 -85823.155    95.056    -5.86    9.60
 -85536.647    93.931    -3.93   10.06
 -85250.130    93.605    -1.14   10.63
 -84963.606    94.342     2.57   10.74
 -84677.073    95.791     5.06   10.49
 -84390.532    97.026     4.31   10.13
 -84103.983    99.635     9.10    9.27
 -83817.425   101.492     6.48    7.97
 -83530.860   103.430     6.76    5.47
 -83244.287   105.274     6.43    4.16
 -82957.705   106.944     5.83    5.59
 -82671.115   108.926     6.92    6.93
 -82384.518   111.806    10.05    7.30
 -82097.912   115.096    11.48    7.25
 -81811.298   117.640     8.88    6.39
 -81524.676   118.729     3.80    5.83
 -81238.045   118.255    -1.65    6.60
 -80951.407   117.581    -2.35    6.96
 -80664.760   116.116    -5.11    7.15
 -80378.106   114.210    -6.65    6.32
 -80091.443   113.328    -3.08    6.11
 -79804.772   113.000    -1.14    5.88
 -79518.093   113.463     1.61    5.61
 -79231.406   113.719     0.89    5.08
 -78944.710   114.216     1.73    4.95
 -78658.007   114.897     2.38    5.27
 -78371.295   116.313     4.94    5.48
 -78084.576   117.657     4.69    5.73
 -77797.848   117.934     0.96    5.77
 -77511.112   118.959     3.58    5.77
 -77224.368   121.306     8.18    5.39
 -76937.615   123.282     6.89    4.26
 -76650.855   124.494     4.23    3.47
 -76364.087   124.922     1.49    3.34
 -76077.310   125.380     1.60    3.08
 -75790.525   125.368    -0.04    3.40
 -75503.732   125.215    -0.53    4.38
 -75216.931   124.694    -1.81    4.99
 -74930.122   124.892     0.69    6.24
 -74643.304   125.139     0.86    6.83
 -74356.479   125.558     1.46    6.97
 -74069.645   125.999     1.54    6.44
 -73782.803   126.382     1.34    5.79
 -73495.953   128.210     6.37    5.71
 -73209.095   130.430     7.74    5.31
 -72922.229   131.987     5.43    5.41
 -72635.354   133.320     4.65    6.21
 -72348.472   134.672     4.71    6.52
 -72061.581   135.944     4.43    5.96
 -71774.682   136.927     3.43    5.34
 -71487.775   136.964     0.13    5.17
 -71200.860   137.204     0.84    5.07
 -70913.937   136.741    -1.62    4.84
 -70627.005   135.556    -4.13    4.82
 -70340.065   135.032    -1.83    4.99
 -70053.118   135.244     0.74    5.38
 -69766.162   136.077     2.91    5.18
 -69479.198   136.367     1.01    4.70
 -69192.225   136.609     0.84    4.54
 -68905.245   136.445    -0.57    4.52
 -68618.256   136.929     1.69    4.31
 -68331.259   136.806    -0.43    4.03
 -68044.254   136.186    -2.16    3.32
 -67757.241   135.563    -2.17    3.14
 -67470.220   134.541    -3.56    3.89
 -67183.190   132.827    -5.97    6.73
 -66896.153   132.391    -1.52    6.60
 -66609.107   133.299     3.16    6.15
 -66322.053   134.885     5.53    5.73
 -66034.991   136.422     5.35    5.37
 -65747.921   137.637     4.23    5.32
 -65460.842   138.770     3.95    4.47
 -65173.755   139.106     1.17    4.16
 -64886.661   139.047    -0.21    4.07
 -64599.557   139.088     0.15    4.17
 -64312.446   139.014    -0.26    4.03
 -64025.327   139.317     1.05    3.55
 -63738.199   138.931    -1.34    3.51
 -63451.064   138.299    -2.20    3.92
 -63163.920   136.999    -4.53    7.41
 -62876.768   135.365    -5.69   10.74
 -62589.607   133.757    -5.60   12.83
 -62302.439   132.180    -5.49   14.39
 -62015.262   131.617    -1.96   14.40
 -61728.077   130.954    -2.31   14.27
 -61440.884   130.600    -1.23   13.23
 -61153.683   131.659     3.69   10.08
 -60866.474   130.728    -3.24    8.79
 -60579.256   129.538    -4.14    6.63
 -60292.030   127.516    -7.04    6.47
 -60004.796   124.513   -10.45    6.94
 -59717.554   121.261   -11.32    7.53
 -59430.304   119.098    -7.53    6.78
 -59143.045   118.394    -2.45    5.99
 -58855.779   118.863     1.63    5.90
 -58568.504   118.240    -2.17    5.62
 -58281.221   118.959     2.50    6.41
 -57993.929   120.073     3.88    7.07
 -57706.630   120.920     2.95    7.22
 -57419.322   121.552     2.20    7.08
 -57132.360   122.068     1.80    7.08
 -56846.714   122.430     1.27    7.21
 -56561.061   121.747    -2.39    6.84
 -56275.400   121.076    -2.35    8.80
 -55989.732   120.729    -1.21   12.86
 -55704.057   122.987     7.90   15.95
 -55418.374   124.951     6.87   17.01
 -55132.684   126.989     7.13   17.81
 -54846.987   127.299     1.08   17.71
 -54561.282   126.887    -1.44   17.61
 -54275.570   125.040    -6.46   15.77
 -53989.851   121.996   -10.65   11.25
 -53704.124   120.236    -6.16    6.70
 -53418.390   120.183    -0.19    5.59
 -53132.649   121.237     3.69    5.77
 -52846.900   121.708     1.65    5.40
 -52561.144   122.400     2.42    5.14
 -52275.381   123.970     5.49    5.32
 -51989.610   124.670     2.45    5.62
 -51703.832   126.039     4.79    6.34
 -51418.047   127.980     6.79    6.46
 -51132.255   129.221     4.34    6.31
 -50846.455   131.292     7.25    6.34
 -50560.647   133.639     8.21    7.34
 -50274.833   135.430     6.27    7.76
 -49989.011   136.677     4.36    8.30
 -49703.181   137.806     3.95    9.61
 -49417.345   138.623     2.86   10.92
 -49131.501   140.653     7.10   12.90
 -48845.649   140.806     0.53   13.06
 -48559.791   139.567    -4.33   12.31
 -48273.925   138.327    -4.34   10.14
 -47988.051   138.259    -0.24    7.66
 -47702.171   140.233     6.91    6.14
 -47416.283   141.587     4.73    3.92
 -47130.387   141.954     1.28    4.30
 -46844.484   142.685     2.56    4.64
 -46558.574   144.407     6.02    6.83
 -46272.657   146.546     7.48    8.05
 -45986.732   148.243     5.94    8.21
 -45700.800   150.156     6.69    8.00
 -45414.861   151.958     6.30    7.17
 -45128.914   154.692     9.56    5.05
 -44842.959   155.785     3.82    4.53
 -44556.998   154.328    -5.10    6.01
 -44271.029   152.079    -7.86    7.59
 -43985.053   149.540    -8.88    9.43
 -43699.069   147.682    -6.50   10.32
 -43413.078   145.997    -5.89   10.39
 -43127.080   143.338    -9.30   11.02
 -42841.074   140.927    -8.43   11.78
 -42555.061   138.161    -9.67   12.20
 -42269.041   134.926   -11.31   12.06
 -41983.013   131.452   -12.14   11.80
 -41696.978   127.357   -14.32   10.72
 -41410.935   124.558    -9.79    9.65
 -41124.886   121.785    -9.69    8.69
 -40838.828   119.511    -7.95    7.57
 -40552.764   118.477    -3.61    7.35
 -40266.692   119.215     2.58    7.10
 -39980.613   121.475     7.90    8.67
 -39694.526   122.248     2.70    9.75
 -39408.432   122.538     1.01   11.24
 -39122.330   121.834    -2.46   12.38
 -38836.222   122.425     2.06   12.64
 -38550.106   124.419     6.97   13.49
 -38263.982   126.179     6.15   15.38
 -37977.851   129.596    11.94   16.30
 -37691.713   134.230    16.20   15.96
 -37405.567   140.256    21.06   12.64
 -37119.414   145.061    16.79    8.36
 -36833.254   148.259    11.17    5.03
 -36547.086   149.594     4.66    3.57
 -36260.911   150.090     1.73    3.91
 -35974.729   150.348     0.90    5.69
 -35688.539   151.295     3.31    6.59
 -35402.342   151.125    -0.59    7.94
 -35116.137   150.519    -2.12    8.70
 -34829.925   148.204    -8.09   10.28
 -34543.706   145.770    -8.51   12.27
 -34257.479   142.116   -12.76   13.65
 -33971.245   138.359   -13.13   13.25
 -33685.003   135.419   -10.27   12.16
 -33398.754   133.480    -6.77   12.34
 -33112.498   133.517     0.13   12.97
 -32826.234   134.219     2.45   12.78
 -32539.963   136.291     7.24   12.73
 -32253.685   136.902     2.13   13.01
 -31967.399   138.188     4.49   11.65
 -31681.106   139.284     3.83    8.98
 -31394.805   139.359     0.26    7.61
 -31108.497   138.749    -2.13    5.95
 -30822.182   137.726    -3.57    5.32
 -30535.859   135.653    -7.24    5.54
 -30249.529   131.855   -13.26    7.35
 -29963.192   127.446   -15.40    9.76
 -29676.847   122.175   -18.41   12.16
 -29390.494   116.954   -18.23   12.42
 -29104.135   111.370   -19.50   10.91
 -28817.768   107.233   -14.45    8.57
 -28531.393   105.193    -7.13    6.61
 -28245.011   104.891    -1.05    8.25
 -27958.622   107.229     8.16   11.38
 -27672.225   109.921     9.40   12.74
 -27385.821   112.497     8.99   12.42
 -27099.410   113.666     4.08   11.73
 -26812.991   112.740    -3.23   10.52
 -26526.565   110.593    -7.50   11.02
 -26240.131   105.927   -16.29   11.16
 -25953.690   101.006   -17.18   10.84
 -25667.241    96.255   -16.59   10.69
 -25380.786    90.976   -18.43   10.01
 -25094.322    86.834   -14.46    9.42
 -24807.852    83.661   -11.08    8.34
 -24521.373    82.935    -2.53    8.66
 -24234.888    82.533    -1.40    9.72
 -23948.395    83.266     2.56   10.83
 -23661.895    84.973     5.96   11.41
 -23375.387    87.359     8.33   11.04
 -23088.872    89.631     7.93   10.53
 -22802.349    90.806     4.10    9.50
 -22515.819    92.192     4.84    7.90
 -22229.282    93.459     4.42    6.21
 -21942.737    94.461     3.50    4.49
 -21656.185    94.654     0.67    3.84
 -21369.626    93.537    -3.90    4.27
 -21083.059    91.017    -8.79    5.00
 -20796.484    88.317    -9.42    5.70
 -20509.902    85.990    -8.12    5.99
 -20223.313    83.730    -7.89    6.24
 -19936.716    80.654   -10.73    6.06
 -19650.112    77.487   -11.05    5.33
 -19363.501    74.982    -8.74    4.94
 -19076.882    73.100    -6.57    4.97
 -18790.256    71.893    -4.21    4.83
 -18503.622    71.563    -1.15    5.59
 -18216.981    71.274    -1.01    6.85
 -17930.332    70.412    -3.01    7.94
 -17643.676    69.516    -3.12    8.46
 -17357.013    70.663     4.00    9.72
 -17070.342    70.906     0.85    9.86
 -16783.663    70.596    -1.08   10.07
 -16496.978    69.024    -5.48   10.42
 -16210.285    67.770    -4.37   10.75
 -15923.584    66.502    -4.43   11.37
 -15636.876    64.623    -6.55   11.72
 -15350.161    62.602    -7.05   12.35
 -15063.438    60.524    -7.25   12.47
 -14776.707    58.675    -6.45   12.50
 -14489.970    56.522    -7.51   12.21
 -14203.225    54.121    -8.38   10.16
 -13916.472    51.426    -9.40    6.90
 -13629.712    49.276    -7.50    4.74
 -13342.945    48.271    -3.51    4.70
 -13056.170    46.777    -5.21    4.41
 -12769.387    45.705    -3.74    4.65
 -12482.598    44.884    -2.87    4.79
 -12195.800    44.056    -2.88    4.83
 -11908.996    42.784    -4.44    5.03
 -11622.184    41.266    -5.29    4.99
 -11335.364    40.435    -2.90    5.16
 -11048.537    39.022    -4.93    4.19
 -10761.703    38.023    -3.48    3.56
 -10474.861    37.468    -1.94    3.14
 -10188.012    37.023    -1.55    3.08
  -9901.155    36.633    -1.36    3.09
  -9614.291    36.551    -0.29    3.50
  -9327.419    35.703    -2.96    3.57
  -9040.540    35.103    -2.09    3.48
  -8753.654    34.633    -1.64    3.52
  -8466.760    33.855    -2.71    3.41
  -8179.858    34.189     1.16    3.69
  -7892.950    34.616     1.49    3.51
  -7606.033    35.207     2.06    3.58
  -7319.110    36.264     3.68    3.89
  -7032.178    37.639     4.79    3.84
  -6745.240    38.733     3.81    3.48
  -6458.294    39.005     0.95    3.23
  -6171.340    38.896    -0.38    3.01
  -5884.379    37.604    -4.50    4.12
  -5597.411    35.359    -7.82    6.35
  -5310.435    31.813   -12.36    8.94
  -5023.452    27.958   -13.43   10.67
  -4736.461    24.434   -12.28   10.50
  -4449.462    21.310   -10.88    9.29
  -4162.457    17.955   -11.69    7.69
  -3875.444    15.371    -9.00    6.05
  -3588.423    14.482    -3.10    4.72
  -3301.395    15.067     2.04    5.25
  -3014.359    16.521     5.07    6.03
  -2727.316    16.273    -0.86    6.37
  -2440.266    14.912    -4.74    8.31
  -2153.208    12.742    -7.56   10.11
  -1866.142    10.374    -8.25   11.05
  -1579.070     6.729   -12.70   10.57
  -1291.989     3.084   -12.70    7.38
  -1004.901     0.531    -8.89    3.09
   -717.806    -0.187    -2.50    0.00
   -430.703    -0.145     0.15    0.50
   -143.593     0.020     0.58    1.26
    143.525     0.023     0.01    1.26
    430.650     0.299     0.96    2.34
    717.782     1.568     4.42    6.41
   1004.922     4.360     9.72   10.23
   1292.070     5.771     4.91   10.84
   1579.225     6.723     3.32   10.85
   1866.388     7.922     4.17   11.17
   2153.557     7.820    -0.35   11.18
   2440.735     7.243    -2.01   11.01
   2727.920     4.617    -9.14    9.22
   3015.112     1.514   -10.81    5.08
   3302.312     0.012    -5.23    1.42
   3589.520    -0.187    -0.69    0.00
   3876.734    -0.187     0.00    0.00
   4163.957    -0.187     0.00    0.00
   4451.187    -0.003     0.64    1.16
   4737.999     0.163     0.58    1.77
   5023.718     0.197     0.12    1.81
   5309.444     0.194    -0.01    1.80
   5595.177     1.072     3.07    4.01
   5880.916     3.239     7.58    6.87
   6166.662     6.125    10.10    8.80
   6452.415     9.384    11.40    9.95
   6738.174    12.031     9.27    9.87
   7023.940    12.669     2.23    9.78
   7309.712    13.052     1.34    9.58
   7595.491    13.076     0.08   10.07
   7881.277    12.639    -1.53    9.98
   8167.070    13.125     1.70    9.42
   8452.869    12.514    -2.14    9.20
   8738.674    12.792     0.97    9.23
   9024.486    13.423     2.21    8.74
   9310.305    11.185    -7.83    9.06
   9596.131     7.849   -11.67    8.09
   9881.963     5.133    -9.50    6.86
  10167.802     3.362    -6.19    6.14
  10453.647     2.799    -1.97    5.82
  10739.500     2.115    -2.39    4.98
  11025.358     2.806     2.42    6.62
  11311.224     6.102    11.53    9.89
  11597.096     9.368    11.42   11.33
  11882.974    11.656     8.00   11.54
  12168.860    13.184     5.34   11.60
  12454.752    15.146     6.87   10.73
  12740.650    16.270     3.93   10.43
  13026.555    15.692    -2.02   10.29
  13312.467    14.620    -3.75    9.48
  13598.386    13.827    -2.77    8.46
  13884.311    14.734     3.17    7.90
  14170.243    16.107     4.80    6.13
  14456.181    16.592     1.70    3.90
  14742.127    16.320    -0.95    5.16
  15028.078    16.422     0.35    8.49
  15314.037    16.778     1.25   13.46
  15600.002    19.207     8.50   17.52
  15885.974    22.103    10.13   20.16
  16171.952    26.103    13.99   20.97
  16457.937    29.038    10.26   20.11
  16743.929    32.884    13.45   18.46
  17029.927    35.870    10.44   16.77
  17315.932    37.828     6.84   14.71
  17601.944    38.388     1.96   11.37
  17887.962    37.192    -4.18    9.21
  18173.987    35.284    -6.67    9.12
  18460.019    32.642    -9.24    9.87
  18746.057    29.338   -11.55   10.39
  19032.102    26.577    -9.65    8.91
  19318.153    25.597    -3.43    8.59
  19604.212    27.671     7.25   11.71
  19890.277    31.205    12.35   14.57
  20176.348    34.720    12.29   14.94
  20462.426    36.849     7.44   14.41
  20748.511    39.442     9.06   13.59
  21034.603    42.035     9.06   12.01
  21320.701    43.791     6.14    9.99
  21606.806    43.907     0.40    9.20
  21892.917    43.491    -1.45    9.93
  22179.036    42.112    -4.82   11.71
  22465.160    41.719    -1.37   11.16
  22751.292    39.994    -6.03   11.05
  23037.430    39.376    -2.16    9.27
  23323.575    39.212    -0.57    5.92
  23609.727    38.200    -3.54    5.04
  23895.885    37.023    -4.11    4.86
  24182.050    35.671    -4.72    5.16
  24468.221    34.334    -4.67    5.62
  24754.399    33.043    -4.51    5.88
  25040.584    31.104    -6.78    5.92
  25326.776    29.344    -6.15    5.11
  25612.974    28.834    -1.78    4.36
  25899.179    29.511     2.36    5.60
  26185.391    31.177     5.82    6.63
  26471.609    33.243     7.22    7.25
  26757.834    36.233    10.45    7.11
  27044.065    39.045     9.82    6.46
  27330.304    41.651     9.10    5.03
  27616.549    42.636     3.44    4.17
  27902.800    42.675     0.14    3.91
  28189.058    43.122     1.56    3.78
  28475.323    43.327     0.71    3.59
  28761.595    42.448    -3.07    4.45
  29047.873    40.480    -6.87    5.66
  29334.158    39.233    -4.35    5.99
  29620.450    39.139    -0.33    6.22
  29906.748    40.135     3.48    6.86
  30193.054    40.668     1.86    6.75
  30479.365    40.935     0.93    6.05
  30765.684    41.708     2.70    5.59
  31052.009    43.623     6.69    4.83
  31338.341    44.871     4.36    3.82
  31624.679    43.942    -3.25    4.66
  31911.024    42.682    -4.40    4.92
  32197.376    43.685     3.50    6.41
  32483.735    46.137     8.56    8.77
  32770.100    48.484     8.20   10.19
  33056.472    51.168     9.37   11.29
  33342.850    54.690    12.30   11.82
  33629.235    58.516    13.36   11.43
  33915.627    61.806    11.49   10.75
  34202.026    64.401     9.06    8.72
  34488.431    66.576     7.59    6.45
  34774.843    68.921     8.19    5.05
  35061.262    70.998     7.25    4.87
  35347.688    71.910     3.19    4.79
  35634.120    71.683    -0.79    4.80
  35920.559    71.002    -2.38    5.33
  36207.004    70.533    -1.63    5.77
  36493.456    70.095    -1.53    6.24
  36779.915    69.492    -2.10    5.85
  37066.381    68.849    -2.25    4.74
  37352.853    69.387     1.88    4.47
  37639.332    70.841     5.08    3.84
  37925.818    71.980     3.97    2.92
  38212.310    72.114     0.47    3.32
  38498.809    71.650    -1.62    3.73
  38785.315    71.626    -0.08    3.72
  39071.827    72.059     1.51    3.91
  39358.346    73.198     3.97    4.35
  39644.872    74.834     5.71    4.94
  39931.405    76.740     6.65    5.05
  40217.944    78.567     6.37    5.63
  40504.490    80.402     6.40    5.80
  40791.043    80.631     0.80    6.25
  41077.602    80.245    -1.35    7.15
  41364.168    79.335    -3.18    7.21
  41650.741    78.114    -4.26    7.13
  41937.321    76.123    -6.95    6.20
  42223.907    75.074    -3.66    5.25
  42510.500    74.525    -1.91    5.21
  42797.099    75.044     1.81    7.27
  43083.706    75.560     1.80   10.33
  43370.319    76.922     4.75   13.85
  43656.938    78.834     6.67   17.60
  43943.565    80.040     4.21   20.09
  44230.198    78.399    -5.73   20.60
  44516.838    75.113   -11.46   20.63
  44803.485    71.091   -14.03   18.68
  45090.138    68.882    -7.71   16.34
  45376.798    67.755    -3.93   14.85
  45663.465    67.212    -1.90   14.34
  45950.138    68.510     4.53   13.60
  46236.818    69.165     2.28   12.23
  46523.505    71.088     6.71    9.63
  46810.199    72.784     5.91    7.80
  47096.899    72.106    -2.37    8.18
  47383.606    69.031   -10.72    8.73
  47670.320    65.740   -11.48    9.99
  47957.040    61.588   -14.48   12.36
  48243.768    57.505   -14.24   13.38
  48530.501    56.687    -2.85   12.39
  48817.242    57.468     2.72   11.71
  49103.989    61.643    14.56   14.22
  49390.744    67.923    21.90   16.74
  49677.504    73.306    18.77   17.95
  49964.272    80.230    24.15   15.99
  50251.046    86.116    20.52   12.82
  50537.827    90.700    15.99   10.49
  50824.615    93.915    11.21    9.13
  51111.409    98.654    16.52   10.04
  51398.210   103.077    15.42   11.20
  51685.018   108.700    19.61   11.87
  51971.833   114.209    19.21   12.21
  52258.654   119.646    18.96   11.20
  52545.482   124.616    17.33    9.02
  52832.317   127.876    11.37    7.04
  53119.159   129.929     7.16    5.24
  53406.007   130.625     2.43    5.31
  53692.862   129.100    -5.32    8.89
  53979.723   128.546    -1.93    9.02
  54266.592   128.266    -0.98    8.28
  54553.467   128.442     0.61    7.23
  54840.349   129.002     1.95    6.83
  55127.238   130.785     6.21    6.68
  55414.133   132.442     5.78    6.51
  55701.035   134.953     8.75    7.18
  55987.944   138.251    11.50    8.08
  56274.860   141.675    11.93    8.75
  56561.782   144.987    11.54    8.99
  56848.711   147.700     9.46    9.49
  57135.647   150.799    10.80    9.49
  57422.589   154.238    11.98    9.26
  57709.539   156.427     7.63    9.14
  57996.495   157.863     5.00   10.54
  58283.457   159.982     7.39   11.29
  58570.427   162.719     9.54   11.04
  58857.403   164.052     4.65   10.45
  59144.386   165.205     4.02    9.26
  59431.376   165.376     0.60    8.27
  59718.372   165.741     1.27    7.39
  60005.376   165.934     0.67    6.59
  60292.386   165.627    -1.07    6.07
  60579.402   166.459     2.90    6.53
  60866.426   168.922     8.58    7.99
  61153.456   171.982    10.66    9.25
  61440.493   175.560    12.46    9.36
  61727.537   178.791    11.26    8.78
  62014.587   182.349    12.40    7.71
  62301.644   185.834    12.14    6.73
  62588.708   188.983    10.97    7.56
  62875.779   191.777     9.73    8.58
  63162.856   193.533     6.11    8.53
  63449.941   195.501     6.86    8.70
  63737.032   196.694     4.16    8.47
  64024.129   198.422     6.02    8.75
  64311.234   199.202     2.72    9.78
  64598.345   201.241     7.10   10.18
  64885.463   204.431    11.11   11.08
  65172.588   208.956    15.76   12.34
  65459.719   212.799    13.38   13.19
  65746.857   216.224    11.93   12.67
  66034.002   219.602    11.76   11.20
  66321.154   223.248    12.70    9.84
  66607.840   225.862     9.12    9.33
  66893.636   226.512     2.27    9.61
  67179.437   226.589     0.27   10.23
  67465.244   226.878     1.01    9.98
  67751.057   226.835    -0.15    9.49
  68036.877   226.677    -0.55    8.41
  68322.702   224.560    -7.41    7.07
  68608.533   223.065    -5.23    6.37
  68894.370   222.619    -1.56    5.98
  69180.212   223.058     1.54    7.07
  69466.061   224.369     4.59    9.30
  69751.916   226.654     7.99   11.76
  70037.777   230.117    12.12   13.14
  70323.643   234.792    16.35   13.56
  70609.516   240.700    20.67   13.54
  70895.394   246.623    20.72   12.01
  71181.279   252.407    20.23   11.85
  71467.169   257.678    18.44   13.40
  71753.065   260.594    10.20   14.70
  72038.968   261.749     4.04   15.24
  72324.876   261.154    -2.08   16.56
  72610.790   259.489    -5.82   17.82
  72896.710   257.184    -8.06   18.22
  73182.636   253.596   -12.55   15.97
  73468.568   251.985    -5.64   11.89
  73754.506   251.175    -2.83    9.56
  74040.450   251.010    -0.58    8.16
  74326.400   250.841    -0.59    7.46
  74612.355   251.209     1.28    8.73
  74898.317   253.599     8.36   11.47
  75184.285   258.310    16.47   15.78
  75470.258   263.395    17.78   17.55
  75756.238   269.813    22.44   17.19
  76042.223   275.435    19.66   14.91
  76328.214   278.919    12.19   12.61
  76614.212   280.310     4.86   12.26
  76900.215   280.042    -0.93   11.92
  77186.224   280.127     0.30   10.57
  77472.239   280.704     2.02   10.82
  77758.261   283.672    10.38   11.75
  78044.288   288.567    17.11   13.59
  78330.321   294.561    20.96   14.83
  78616.360   300.051    19.19   13.63
  78902.405   305.135    17.77   12.70
  79188.456   307.163     7.09   12.60
  79474.512   306.742    -1.47   13.29
  79760.575   303.971    -9.68   14.12
  80046.644   300.544   -11.98   13.73
  80332.719   299.475    -3.73   12.62
  80618.799   299.544     0.24   11.54
  80904.886   300.223     2.38   12.40
  81190.978   301.285     3.71   12.77
  81477.077   303.191     6.66   14.28
  81763.181   306.729    12.37   15.48
  82049.292   312.320    19.54   15.23
  82335.408   316.619    15.02   16.88
  82621.531   322.306    19.88   17.92
  82907.659   327.581    18.43   16.85
  83193.793   332.432    16.95   14.82
  83479.933   335.435    10.49   12.03
  83766.080   336.091     2.29   11.65
  84052.232   333.895    -7.67   13.77
  84338.390   329.623   -14.93   15.62
  84624.554   323.542   -21.25   15.77
  84910.724   316.884   -23.26   14.70
  85196.900   310.491   -22.34   14.55
  85483.082   305.345   -17.98   14.86
  85769.270   299.749   -19.55   15.92
  86055.464   292.204   -26.36   17.59
  86341.664   285.499   -23.43   18.83
  86627.869   280.430   -17.71   18.19
  86914.081   277.031   -11.88   16.78
  87200.299   272.621   -15.41   15.29
