# NaN NaN NaN ;Mean Elev.(m), Avg Gradient(m/km), RMS Gradient(m/km) - SRTM1     
#   20.253   1.152   7.011 ;Mean Elev.(m), Avg Gradient(m/km), RMS Gradient(m/km) - ASTER GDEM
#   28.551  -1.371  10.084 ;Mean Elev.(m), Avg Gradient(m/km), RMS Gradient(m/km) - GMTED2010 
   1    44.705 54665.18388385 21.87 124.232290  65.948040  7.990 -100.00 -100.00 -100.00
   1    45.071 54665.18388444 20.98 124.238672  65.948377  7.737 -100.00 -100.00 -100.00
   2    41.758 54675.09952828 23.91 124.229038  65.949053 13.884  240.81  241.42  243.36
   2    41.980 54675.09952887 23.37 124.235421  65.949391 12.026  240.81  241.42  243.36
   2    44.419 54675.09952946 20.72 124.241804  65.949728  8.018  240.81  241.42  243.36
   3    -4.350 54685.01517142 10.98 124.227080  65.950601  2.065 -100.00 -100.00 -100.00
   3    -4.618 54685.01517201 10.86 124.233463  65.950938  2.053 -100.00 -100.00 -100.00
   3    -4.878 54685.01517260 10.87 124.239847  65.951276  2.153 -100.00 -100.00 -100.00
   4    41.020 54694.93081316 50.03 124.226494  65.951419   -100  236.78  238.20  238.54
   4    41.183 54694.93081375 51.27 124.232878  65.951757   -100  236.78  238.20  238.54
   4    41.118 54694.93081434 53.23 124.239261  65.952095   -100  236.78  238.20  238.54
   5    -6.165 54704.84645262 11.82 124.228992  65.950523  2.305 -100.00 -100.00 -100.00
   5    -6.751 54704.84645321 11.47 124.235375  65.950861  2.029 -100.00 -100.00 -100.00
   5    -7.256 54704.84645380 11.25 124.241758  65.951199  2.011 -100.00 -100.00 -100.00
   6    40.148 54714.76210424 25.38 124.231666  65.948318  7.990 -100.00 -100.00 -100.00
   6    41.302 54714.76210483 25.24 124.238048  65.948656  8.400 -100.00 -100.00 -100.00
   7    -3.689 54724.67775421 16.38 124.228672  65.946013  7.521 -100.00 -100.00 -100.00
   7    -1.000 54724.67775480 19.32 124.235053  65.946351  6.763 -100.00 -100.00 -100.00
   7     3.021 54724.67775539 17.17 124.241435  65.946688  5.290 -100.00 -100.00 -100.00
   8    39.921 54734.59340286 29.82 124.233343  65.945918 16.417 -100.00 -100.00 -100.00
   8    44.348 54734.59340345 28.71 124.239724  65.946256 11.099 -100.00 -100.00 -100.00
   9    39.269 54744.50904960 25.03 124.229522  65.947381 16.281  232.80  231.94  236.38
   9    44.748 54744.50905019 22.91 124.235905  65.947719 10.811  232.80  231.94  236.38
   9    44.984 54744.50905078 25.13 124.242287  65.948056 14.877  232.80  231.94  236.38
  10    38.111 54754.42469667 45.24 124.233518  65.949112   -100  242.32  241.02  243.57
  10    37.742 54754.42469726 49.38 124.239901  65.949449 25.715  242.32  241.02  243.57
  11    36.993 54764.34034230 41.71 124.232485  65.948713   -100 -100.00 -100.00 -100.00
  11    37.017 54764.34034289 39.51 124.238868  65.949050   -100 -100.00 -100.00 -100.00
  12    36.323 54774.25598514 27.70 124.231437  65.946465 15.730  244.74  242.60  242.75
  12    43.717 54774.25598573 27.80 124.237820  65.946802 15.333  244.74  242.60  242.75
  13    43.973 54784.17162560 18.99 124.232798  65.944675  5.633 -100.00 -100.00 -100.00
  13    43.761 54784.17162619 19.85 124.239181  65.945013  6.817 -100.00 -100.00 -100.00
  14    44.077 54794.08726388 17.06 124.230820  65.944747  4.057  241.83  239.16  233.80
  14    44.281 54794.08726447 18.37 124.237202  65.945084  6.448  241.83  239.16  233.80
  14    44.632 54794.08726506 17.56 124.243584  65.945422  5.525  241.83  239.16  233.80
  15    44.273 54804.00290154 16.32 124.231510  65.946816  4.432 -100.00 -100.00 -100.00
  15    44.481 54804.00290213 17.33 124.237892  65.947153  5.987 -100.00 -100.00 -100.00
  16    44.359 54813.91853877 17.05 124.231980  65.948548  6.383 -100.00 -100.00 -100.00
  16    44.567 54813.91853936 15.88 124.238363  65.948886  4.383 -100.00 -100.00 -100.00
  17    44.388 54823.83418302 14.65 124.230270  65.948810  3.627 -100.00 -100.00 -100.00
  17    44.484 54823.83418361 15.50 124.236653  65.949148  4.371 -100.00 -100.00 -100.00
  17    44.919 54823.83418420 15.06 124.243036  65.949485  4.380 -100.00 -100.00 -100.00
  18    44.407 54833.74982321 14.18 124.232436  65.948138  3.369  242.19  236.80  223.07
  18    44.593 54833.74982380 13.96 124.238818  65.948475  3.348  242.19  236.80  223.07
  19    44.260 54843.66547284 13.83 124.228876  65.947951  3.573 -100.00 -100.00 -100.00
  19    44.417 54843.66547343 13.92 124.235258  65.948289  3.330 -100.00 -100.00 -100.00
  19    44.957 54843.66547402 13.49 124.241641  65.948627  3.391 -100.00 -100.00 -100.00
  20    44.318 54853.58112203 12.74 124.230743  65.949296  3.331  237.89  230.37  213.78
  20    44.735 54853.58112262 12.97 124.237125  65.949634  3.274  237.89  230.37  213.78
  20    44.727 54853.58112321 13.13 124.243508  65.949971  4.034  237.89  230.37  213.78
  21    43.739 54863.49677019 13.13 124.223982  65.950831  3.328  234.91  226.85  207.70
  21    44.393 54863.49677078 12.95 124.230365  65.951169  3.633  234.91  226.85  207.70
  21    44.836 54863.49677137 12.62 124.236749  65.951507  3.008  234.91  226.85  207.70
  21    44.783 54863.49677196 12.53 124.243132  65.951844  2.680  234.91  226.85  207.70
  22    44.340 54873.41241894 12.51 124.225547  65.951663  2.924 -100.00 -100.00 -100.00
  22    44.554 54873.41241953 12.52 124.231930  65.952001  2.937 -100.00 -100.00 -100.00
  22    44.614 54873.41242012 12.24 124.238314  65.952339  2.819 -100.00 -100.00 -100.00
  23    44.258 54883.32806525 12.17 124.226466  65.950526  3.437  233.66  224.54  204.23
  23    44.526 54883.32806584 12.04 124.232850  65.950864  2.826  233.66  224.54  204.23
  23    44.861 54883.32806643 12.29 124.239234  65.951201  3.427  233.66  224.54  204.23
  24    44.361 54893.24370849 12.25 124.231084  65.948072  3.569  235.91  226.53  206.63
  24    44.889 54893.24370908 11.99 124.237468  65.948410  2.904  235.91  226.53  206.63
  25    44.602 54903.15934877 12.01 124.233022  65.945962  2.814  239.24  229.67  210.07
  25    44.780 54903.15934936 12.08 124.239404  65.946300  3.381  239.24  229.67  210.07
  26    44.298 54913.07498733 12.73 124.229864  65.945732  3.324  237.72  227.26  205.86
  26    44.648 54913.07498792 12.51 124.236246  65.946070  3.091  237.72  227.26  205.86
  26    44.885 54913.07498851 12.78 124.242629  65.946407  3.826  237.72  227.26  205.86
  27    44.414 54922.99062559 11.19 124.231871  65.947374  3.115 -100.00 -100.00 -100.00
  27    44.775 54922.99062618 11.20 124.238254  65.947712  2.560 -100.00 -100.00 -100.00
  28    44.424 54932.90626255 11.22 124.228441  65.948482  4.095  242.01  231.77  210.81
  28    44.733 54932.90626314 10.75 124.234823  65.948820  2.704  242.01  231.77  210.81
  28    44.857 54932.90626373 10.94 124.241206  65.949157  2.669  242.01  231.77  210.81
  29    39.762 54942.82189796 20.36 124.228481  65.947924 13.313 -100.00 -100.00 -100.00
  29    39.491 54942.82189855 18.35 124.234863  65.948262  8.571 -100.00 -100.00 -100.00
  29    39.003 54942.82189914 19.31 124.241245  65.948600 11.811 -100.00 -100.00 -100.00
  30    35.793 54952.73753173 36.26 124.231597  65.946004 30.234 -100.00 -100.00 -100.00
  30    35.522 54952.73753232 34.68 124.237978  65.946342   -100 -100.00 -100.00 -100.00
  31    36.976 54962.65317510 39.38 124.232548  65.944282   -100 -100.00 -100.00 -100.00
  31    36.991 54962.65317569 37.61 124.238929  65.944620   -100 -100.00 -100.00 -100.00
  32    90.697 54972.56882338  5.17 124.229088  65.944526  7.827  240.41  240.79  244.40
  32    91.284 54972.56882456 13.95 124.241851  65.945202 14.943  240.41  240.79  244.40
  33    42.976 54982.48447112 32.87 124.229711  65.946533  8.000  226.32  226.46  230.15
  33    44.744 54982.48447171 31.89 124.236092  65.946871  7.012  226.32  226.46  230.15
  33    45.166 54982.48447230 32.25 124.242474  65.947208  8.258  226.32  226.46  230.15
  34    43.277 54992.40011865 29.89 124.231226  65.948660 15.219  228.14  230.54  234.50
  34    44.429 54992.40011924 28.62 124.237608  65.948997 13.777  228.14  230.54  234.50
  35    42.518 55002.31576551 30.01 124.233982  65.949457 24.175 -100.00 -100.00 -100.00
  35    42.353 55002.31576610 30.10 124.240365  65.949794 22.174 -100.00 -100.00 -100.00
  36    41.197 55012.23141007 53.42 124.232319  65.949086   -100  248.00  249.95  249.12
  36    41.151 55012.23141066 54.42 124.238702  65.949424 32.563  248.00  249.95  249.12
  37    44.939 55022.14705354 23.01 124.234349  65.948662 12.585 -100.00 -100.00 -100.00
  37    44.759 55022.14705413 31.40 124.240732  65.948999   -100 -100.00 -100.00 -100.00
  38    40.109 55032.06269561 48.31 124.230676  65.949141   -100 -100.00 -100.00 -100.00
  38    39.901 55032.06269620 53.39 124.237059  65.949479 27.379 -100.00 -100.00 -100.00
  38    39.828 55032.06269679 54.45 124.243442  65.949816   -100 -100.00 -100.00 -100.00
  39    43.878 55041.97833726 20.30 124.229993  65.950324  8.855 -100.00 -100.00 -100.00
  39    44.262 55041.97833786 20.46 124.236376  65.950662  8.790 -100.00 -100.00 -100.00
  39    44.491 55041.97833845 19.60 124.242759  65.950999  7.693 -100.00 -100.00 -100.00
  40    41.374 55051.89397706 24.32 124.225934  65.950633  9.508 -100.00 -100.00 -100.00
  40    44.181 55051.89397765 22.70 124.232317  65.950971  9.529 -100.00 -100.00 -100.00
  40    44.312 55051.89397824 22.56 124.238700  65.951309 10.549 -100.00 -100.00 -100.00
  41    44.410 55061.80961566 25.62 124.232993  65.949732 12.876 -100.00 -100.00 -100.00
  41    44.921 55061.80961625 24.32 124.239376  65.950069  9.477 -100.00 -100.00 -100.00
  42    39.071 55071.72525871 44.21 124.234370  65.947447   -100 -100.00 -100.00 -100.00
  42    39.063 55071.72525930 46.10 124.240752  65.947785   -100 -100.00 -100.00 -100.00
  43    38.374 55081.64090718 28.59 124.232825  65.945472 15.963  240.62  243.23  245.27
  43    44.332 55081.64090777 26.81 124.239207  65.945809 10.961  240.62  243.23  245.27
  44    38.203 55091.55655430 42.15 124.233822  65.945500   -100 -100.00 -100.00 -100.00
  44    38.002 55091.55655489 42.95 124.240204  65.945837   -100 -100.00 -100.00 -100.00
  45    39.207 55101.47220084 50.45 124.233760  65.946991   -100 -100.00 -100.00 -100.00
  45    39.197 55101.47220143 54.08 124.240142  65.947328   -100 -100.00 -100.00 -100.00
  46    38.660 55111.38784694 43.89 124.233199  65.948513   -100 -100.00 -100.00 -100.00
  46    39.101 55111.38784753 45.18 124.239581  65.948850 30.888 -100.00 -100.00 -100.00
  47    38.280 55121.30349072 40.77 124.230586  65.948170   -100 -100.00 -100.00 -100.00
  47    38.299 55121.30349131 43.99 124.236969  65.948507   -100 -100.00 -100.00 -100.00
  47    44.307 55121.30349191 46.46 124.243352  65.948845   -100 -100.00 -100.00 -100.00
  48    38.003 55131.21913194 45.21 124.231100  65.946429 32.154 -100.00 -100.00 -100.00
  48    37.732 55131.21913253 48.02 124.237483  65.946766   -100 -100.00 -100.00 -100.00
  49    35.925 55141.13477092 41.27 124.229103  65.944575   -100 -100.00 -100.00 -100.00
  49    36.172 55141.13477151 42.06 124.235485  65.944913   -100 -100.00 -100.00 -100.00
  49    35.845 55141.13477210 39.87 124.241868  65.945250   -100 -100.00 -100.00 -100.00
  50    35.660 55151.05040936 36.18 124.228757  65.944737 28.587  240.58  238.19  235.63
  50    35.609 55151.05040995 36.82 124.235139  65.945075   -100  240.58  238.19  235.63
  50    43.795 55151.05041054 34.21 124.241522  65.945412 20.854  240.58  238.19  235.63
  51    43.561 55160.96604805 29.01 124.230216  65.946613 12.819  232.76  229.51  223.74
  51    43.815 55160.96604864 29.11 124.236599  65.946951 13.324  232.76  229.51  223.74
  51    44.272 55160.96604923 28.02 124.242981  65.947288 10.992  232.76  229.51  223.74
  52    43.813 55170.88168658 26.55 124.234204  65.948646 11.436  232.50  228.96  222.23
  52    44.459 55170.88168717 26.39 124.240587  65.948984 11.105  232.50  228.96  222.23
  53    44.144 55180.79732298 22.23 124.231215  65.949137  6.151 -100.00 -100.00 -100.00
  53    44.557 55180.79732357 23.98 124.237597  65.949475  7.295 -100.00 -100.00 -100.00
  54    44.054 55190.71297119 21.76 124.228717  65.948690  6.441 -100.00 -100.00 -100.00
  54    44.456 55190.71297178 21.86 124.235099  65.949028  6.578 -100.00 -100.00 -100.00
  54    44.804 55190.71297237 21.78 124.241482  65.949366  5.559 -100.00 -100.00 -100.00
  55    44.426 55200.62862184 20.29 124.232513  65.949024  4.694  230.85  226.03  215.27
  55    44.672 55200.62862243 20.74 124.238896  65.949361  5.074  230.85  226.03  215.27
  56    44.555 55210.54427150 19.78 124.232817  65.949688  5.499  230.73  225.69  214.34
  56    44.949 55210.54427210 20.34 124.239200  65.950025  5.156  230.73  225.69  214.34
  57    44.362 55220.45992057 18.50 124.231473  65.950404  3.882  231.66  225.95  213.76
  57    44.528 55220.45992116 19.29 124.237857  65.950741  4.954  231.66  225.95  213.76
  58    44.258 55230.37556864 17.98 124.230715  65.950024  4.269  233.94  228.16  215.52
  58    44.598 55230.37556923 18.34 124.237098  65.950362  4.529  233.94  228.16  215.52
  58    44.710 55230.37556982 18.69 124.243482  65.950699  5.663  233.94  228.16  215.52
  59    44.346 55240.29121377 17.17 124.233246  65.948899  4.565 -100.00 -100.00 -100.00
  59    44.605 55240.29121436 18.88 124.239629  65.949237  5.643 -100.00 -100.00 -100.00
  60    44.256 55250.20685488 16.51 124.231268  65.947004  3.509 -100.00 -100.00 -100.00
  60    44.552 55250.20685547 18.65 124.237651  65.947342  7.055 -100.00 -100.00 -100.00
  61    44.379 55260.12249411 17.97 124.233771  65.946029  6.734 -100.00 -100.00 -100.00
  61    44.714 55260.12249470 16.44 124.240153  65.946367  4.505 -100.00 -100.00 -100.00
  62    44.415 55270.03813205 15.12 124.230655  65.945984  3.508  235.68  228.61  213.10
  62    44.535 55270.03813264 15.98 124.237037  65.946322  4.509  235.68  228.61  213.10
  62    44.790 55270.03813323 16.81 124.243420  65.946659  4.831  235.68  228.61  213.10
  63    44.403 55279.95377012 14.93 124.229818  65.946779  3.386 -100.00 -100.00 -100.00
  63    44.521 55279.95377071 15.37 124.236200  65.947117  4.482 -100.00 -100.00 -100.00
  63    44.771 55279.95377130 15.42 124.242583  65.947454  3.704 -100.00 -100.00 -100.00
  64    44.654 55289.86940745 14.98 124.234634  65.947509  4.317 -100.00 -100.00 -100.00
  64    44.809 55289.86940804 14.59 124.241016  65.947847  3.930 -100.00 -100.00 -100.00
  65    44.450 55299.78504181 13.92 124.233326  65.947038  3.980 -100.00 -100.00 -100.00
  65    44.732 55299.78504240 14.59 124.239708  65.947376  4.239 -100.00 -100.00 -100.00
  66    35.592 55309.70068668 42.05 124.233211  65.945915   -100 -100.00 -100.00 -100.00
  66    35.539 55309.70068727 41.23 124.239592  65.946253   -100 -100.00 -100.00 -100.00
  67    38.482 55319.61633210 20.94 124.229507  65.944973  7.967 -100.00 -100.00 -100.00
  67    38.251 55319.61633269 22.26 124.235888  65.945311 11.057 -100.00 -100.00 -100.00
  67    38.745 55319.61633328 22.10 124.242269  65.945648 11.501 -100.00 -100.00 -100.00
  69    44.101 55339.44762176 31.86 124.233471  65.947154 19.013  250.31  250.53  252.26
  69    44.269 55339.44762235 35.52 124.239852  65.947492 26.960  250.31  250.53  252.26
  70    42.885 55349.36326586 28.45 124.232297  65.948516 14.680  241.30  249.13  254.23
  70    44.949 55349.36326645 27.00 124.238680  65.948853 11.989  241.30  249.13  254.23
  71    40.799 55359.27890793 51.52 124.230902  65.949120 15.641  241.39  242.71  243.18
  71    41.040 55359.27890852 56.27 124.237284  65.949458   -100  241.39  242.71  243.18
  71    40.958 55359.27890911 52.87 124.243667  65.949795 15.973  241.39  242.71  243.18
  72    44.572 55369.19454818 21.43 124.233277  65.949300  8.344 -100.00 -100.00 -100.00
  72    44.839 55369.19454877 21.87 124.239659  65.949637  9.221 -100.00 -100.00 -100.00
  73    41.768 55379.11018654 26.68 124.231354  65.949243  7.818 -100.00 -100.00 -100.00
  73    44.712 55379.11018713 26.28 124.237737  65.949581  7.846 -100.00 -100.00 -100.00
  74    39.552 55389.02582455 25.38 124.233573  65.949704 11.089  246.68  247.96  247.57
  74    43.651 55389.02582514 27.27 124.239955  65.950041 15.818  246.68  247.96  247.57
  75    39.473 55398.94146125 27.05 124.232416  65.949697 23.035  248.90  254.33  250.20
  75    45.013 55398.94146184 25.71 124.238799  65.950035 17.593  248.90  254.33  250.20
  76    44.633 55408.85710723 20.22 124.233885  65.948961  6.710 -100.00 -100.00 -100.00
  76    44.866 55408.85710782 21.15 124.240267  65.949299  7.209 -100.00 -100.00 -100.00
  77    38.809 55418.77275744 33.09 124.228979  65.947155 28.127 -100.00 -100.00 -100.00
  77    38.739 55418.77275803 34.65 124.235360  65.947493   -100 -100.00 -100.00 -100.00
  77    44.618 55418.77275862 35.35 124.241742  65.947831   -100 -100.00 -100.00 -100.00
  78    38.545 55428.68840499 47.29 124.232156  65.945950   -100 -100.00 -100.00 -100.00
  78    38.432 55428.68840558 53.63 124.238537  65.946288 31.258 -100.00 -100.00 -100.00
  79    37.749 55438.60404933 27.01 124.228619  65.945638 19.766 -100.00 -100.00 -100.00
  79    44.222 55438.60404992 23.93 124.235000  65.945976 13.702 -100.00 -100.00 -100.00
  79    40.227 55438.60405051 29.00 124.241382  65.946313 24.383 -100.00 -100.00 -100.00
  80    44.079 55448.51969307 24.57 124.233137  65.946735 12.696 -100.00 -100.00 -100.00
  80    44.656 55448.51969366 24.80 124.239518  65.947073 10.521 -100.00 -100.00 -100.00
  81    39.071 55458.43533624 46.52 124.234628  65.947481 26.698 -100.00 -100.00 -100.00
  81    38.310 55458.43533683 53.67 124.241010  65.947818   -100 -100.00 -100.00 -100.00
  82    41.313 55468.35097810 22.98 124.230206  65.947165 11.255 -100.00 -100.00 -100.00
  82    44.546 55468.35097869 20.55 124.236588  65.947503  6.844 -100.00 -100.00 -100.00
  82    44.736 55468.35097928 21.84 124.242971  65.947841  8.775 -100.00 -100.00 -100.00
  83    44.222 55478.26661730 31.85 124.232429  65.946326 20.565 -100.00 -100.00 -100.00
  83    44.400 55478.26661789 33.21 124.238811  65.946663 26.742 -100.00 -100.00 -100.00
  84    36.467 55488.18225320 39.84 124.231810  65.945423   -100 -100.00 -100.00 -100.00
  84    36.176 55488.18225379 42.12 124.238192  65.945761   -100 -100.00 -100.00 -100.00
  85    35.539 55498.09788694 34.39 124.232385  65.945260   -100  245.05  242.41  242.22
  85    35.537 55498.09788754 30.83 124.238767  65.945598 25.961  245.05  242.41  242.22
  86    43.986 55508.01352526 19.64 124.233197  65.946384  4.894 -100.00 -100.00 -100.00
  86    43.861 55508.01352585 21.27 124.239579  65.946722  7.582 -100.00 -100.00 -100.00
  87    44.379 55517.92917513 16.60 124.228454  65.947447  3.332 -100.00 -100.00 -100.00
  87    44.767 55517.92917572 17.05 124.234837  65.947785  4.304 -100.00 -100.00 -100.00
  87    44.841 55517.92917631 16.41 124.241219  65.948122  3.569 -100.00 -100.00 -100.00
  88    43.674 55527.84482507 16.87 124.234396  65.948729  5.235 -100.00 -100.00 -100.00
  88    44.363 55527.84482566 16.36 124.240778  65.949066  4.149 -100.00 -100.00 -100.00
  89    44.093 55537.76047241 15.32 124.233483  65.949005  3.849  242.17  237.86  228.22
  89    44.359 55537.76047300 15.23 124.239866  65.949343  3.116  242.17  237.86  228.22
  90    43.942 55547.67611757 15.22 124.233318  65.949196  4.198 -100.00 -100.00 -100.00
  90    44.250 55547.67611816 15.18 124.239700  65.949533  3.757 -100.00 -100.00 -100.00
  91    44.661 55557.59176092 13.64 124.232639  65.949722  3.045  243.52  238.75  224.95
  91    44.818 55557.59176151 13.58 124.239022  65.950060  2.748  243.52  238.75  224.95
  92    44.646 55567.50740339 13.57 124.231746  65.950366  3.403  243.45  237.02  222.59
  92    44.834 55567.50740398 13.55 124.238129  65.950703  2.950  243.45  237.02  222.59
  93    44.106 55577.42304484 12.78 124.228137  65.949869  2.898 -100.00 -100.00 -100.00
  93    44.764 55577.42304543 12.85 124.234520  65.950207  3.303 -100.00 -100.00 -100.00
  93    44.797 55577.42304602 12.76 124.240903  65.950544  2.783 -100.00 -100.00 -100.00
  94    44.544 55587.33868478 12.37 124.231138  65.948338  2.642 -100.00 -100.00 -100.00
  94    44.789 55587.33868537 12.57 124.237521  65.948676  2.915 -100.00 -100.00 -100.00
  95    44.312 55597.25432110 11.90 124.228670  65.945960  3.081  236.70  227.39  206.43
  95    44.435 55597.25432169 12.08 124.235052  65.946298  3.074  236.70  227.39  206.43
  95    44.750 55597.25432228 12.30 124.241435  65.946635  3.349  236.70  227.39  206.43
  96    44.284 55607.16995498 11.56 124.230247  65.944878  2.724  235.25  225.29  203.63
  96    44.614 55607.16995557 11.72 124.236629  65.945216  2.595  235.25  225.29  203.63
  96    44.707 55607.16995616 11.79 124.243012  65.945554  2.936  235.25  225.29  203.63
  97    44.222 55617.08558672 11.13 124.230463  65.945202  2.580  237.67  227.43  206.64
  97    44.673 55617.08558731 11.59 124.236846  65.945540  2.827  237.67  227.43  206.64
  97    44.831 55617.08558790 11.50 124.243228  65.945877  3.111  237.67  227.43  206.64
  98    44.562 55627.00123130 11.55 124.234561  65.946975  3.029  238.47  228.24  206.18
  98    44.959 55627.00123189 11.39 124.240943  65.947313  2.752  238.47  228.24  206.18
  99    44.269 55636.91688239 10.85 124.228645  65.947311  2.850  242.51  234.04  214.00
  99    44.888 55636.91688298 10.83 124.235027  65.947649  2.606  242.51  234.04  214.00
  99    44.816 55636.91688357 10.84 124.241410  65.947987  2.549  242.51  234.04  214.00
 100    44.549 55646.83253234 10.45 124.232857  65.946933  2.840 -100.00 -100.00 -100.00
 100    44.773 55646.83253293 10.46 124.239239  65.947271  2.502 -100.00 -100.00 -100.00
 101    44.284 55656.74817866 10.63 124.228566  65.945313  2.772 -100.00 -100.00 -100.00
 101    44.506 55656.74817925 10.69 124.234948  65.945651  3.110 -100.00 -100.00 -100.00
 101    44.733 55656.74817984 10.76 124.241329  65.945988  2.759 -100.00 -100.00 -100.00
 102    44.098 55666.66382108 10.01 124.228736  65.944716  2.561  243.67  234.09  215.09
 102    44.232 55666.66382167 10.21 124.235117  65.945054  2.492  243.67  234.09  215.09
 102    44.756 55666.66382226 10.02 124.241498  65.945391  2.230  243.67  234.09  215.09
 103    42.688 55676.57946074 24.75 124.229659  65.945530  9.891 -100.00 -100.00 -100.00
 103    44.171 55676.57946133 25.98 124.236040  65.945868 12.806 -100.00 -100.00 -100.00
 103    44.576 55676.57946192 26.34 124.242421  65.946205 16.304 -100.00 -100.00 -100.00
 104    42.844 55686.49509842 24.68 124.228701  65.947136 12.561 -100.00 -100.00 -100.00
 104    42.662 55686.49509902 21.90 124.235083  65.947474  8.000 -100.00 -100.00 -100.00
 104    44.960 55686.49509961 20.63 124.241465  65.947812  7.250 -100.00 -100.00 -100.00
 105    42.403 55696.41073499 32.77 124.228322  65.948365 17.522  246.71  248.29  251.00
 105    38.283 55696.41073558 39.01 124.234704  65.948703   -100  246.71  248.29  251.00
 105    45.368 55696.41073617 36.85 124.241087  65.949041 32.149  246.71  248.29  251.00
 106    90.817 55706.32637078 26.98 124.233637  65.948775 28.480 -100.00 -100.00 -100.00
 106    90.368 55706.32637137 24.69 124.240019  65.949112   -100 -100.00 -100.00 -100.00
 107    44.789 55716.24202028 22.47 124.231687  65.948325  8.724  238.17  236.99  241.63
 107    45.125 55716.24202087 25.15 124.238069  65.948663 14.323  238.17  236.99  241.63
 108    44.637 55726.15766883 23.24 124.229666  65.948335  9.935  234.20  233.09  238.22
 108    44.977 55726.15766942 24.31 124.236048  65.948672 12.669  234.20  233.09  238.22
 108    45.253 55726.15767001 32.51 124.242431  65.949010   -100  234.20  233.09  238.22
 109    44.763 55736.07331617 20.40 124.233860  65.949469  5.725  239.47  243.64  242.69
 109    45.223 55736.07331676 21.14 124.240243  65.949807  6.851  239.47  243.64  242.69
 110    39.843 55745.98896119 26.81 124.226625  65.950069 18.950 -100.00 -100.00 -100.00
 110    44.249 55745.98896178 24.57 124.233008  65.950406 14.447 -100.00 -100.00 -100.00
 110    44.873 55745.98896237 23.31 124.239391  65.950744 12.415 -100.00 -100.00 -100.00
 111    39.274 55755.90460533 50.72 124.230535  65.950005   -100 -100.00 -100.00 -100.00
 111    39.214 55755.90460592 55.79 124.236918  65.950343 16.055 -100.00 -100.00 -100.00
 111    39.520 55755.90460651 51.62 124.243301  65.950680   -100 -100.00 -100.00 -100.00
 112    44.076 55765.82024675 22.73 124.231885  65.948092 10.968 -100.00 -100.00 -100.00
 112    44.234 55765.82024734 24.92 124.238267  65.948430 16.104 -100.00 -100.00 -100.00
 113    42.081 55775.73588528 24.36 124.233492  65.945668 12.976  241.30  241.48  242.71
 113    41.990 55775.73588588 31.66 124.239874  65.946006   -100  241.30  241.48  242.71
 114    38.724 55785.65152041 28.45 124.229539  65.944190 27.050 -100.00 -100.00 -100.00
 114    44.604 55785.65152100 21.44 124.235920  65.944528  8.606 -100.00 -100.00 -100.00
 114    42.065 55785.65152159 32.64 124.242301  65.944865 27.267 -100.00 -100.00 -100.00
 115    44.091 55795.56715402 22.90 124.230076  65.945288 10.188  241.76  242.69  243.23
 115    44.349 55795.56715461 24.96 124.236457  65.945625 13.557  241.76  242.69  243.23
 115    44.699 55795.56715520 31.13 124.242838  65.945963 22.982  241.76  242.69  243.23
 116    38.900 55805.48279359 45.72 124.230114  65.947160 21.969 -100.00 -100.00 -100.00
 116    38.332 55805.48279418 47.80 124.236496  65.947498   -100 -100.00 -100.00 -100.00
 116    37.978 55805.48279477 53.91 124.242878  65.947836   -100 -100.00 -100.00 -100.00
 117    37.668 55815.39844303 30.44 124.231653  65.948148 22.127 -100.00 -100.00 -100.00
 117    44.343 55815.39844362 28.30 124.238036  65.948486 15.701 -100.00 -100.00 -100.00
 118    44.157 55825.31408975 22.89 124.232932  65.947004  7.221  236.40  235.51  240.43
 118    44.721 55825.31409034 25.88 124.239314  65.947342 13.069  236.40  235.51  240.43
 119    44.130 55835.22973199 32.28 124.234783  65.945317 28.009 -100.00 -100.00 -100.00
 119    44.303 55835.22973258 33.99 124.241165  65.945655   -100 -100.00 -100.00 -100.00
 120    44.323 55845.14537040 23.24 124.233622  65.944411  8.220  240.54  240.99  244.16
 120    44.610 55845.14537099 23.72 124.240004  65.944749  7.911  240.54  240.99  244.16
 121    36.960 55855.06100605 41.58 124.232652  65.945627 28.689 -100.00 -100.00 -100.00
 121    36.590 55855.06100664 43.41 124.239035  65.945965   -100 -100.00 -100.00 -100.00
 122    44.237 55864.97664620 18.87 124.233938  65.947926  5.523  239.26  235.90  233.00
 122    44.957 55864.97664679 18.39 124.240321  65.948264  4.604  239.26  235.90  233.00
 123    44.743 55874.89229940 15.69 124.234455  65.949682  4.058  243.42  240.01  236.35
 123    44.917 55874.89229999 17.03 124.240839  65.950019  6.228  243.42  240.01  236.35
 124    44.471 55884.80794656 13.39 124.231207  65.949472  3.252  240.16  237.10  231.68
 124    44.752 55884.80794716 12.95 124.237590  65.949809  3.264  240.16  237.10  231.68
 125    44.372 55894.72358815 12.87 124.232503  65.948803  3.333  237.37  233.32  224.71
 125    44.698 55894.72358874 13.34 124.238886  65.949141  3.682  237.37  233.32  224.71
 126    44.203 55904.63922422 12.57 124.231856  65.948141  2.916  239.55  234.97  223.44
 126    44.777 55904.63922481 13.12 124.238239  65.948479  3.934  239.55  234.97  223.44
 127    44.574 55914.55486498 13.26 124.233936  65.948894  3.625 -100.00 -100.00 -100.00
 127    44.932 55914.55486557 13.14 124.240319  65.949232  3.332 -100.00 -100.00 -100.00
 128    44.420 55924.47051854 11.84 124.229921  65.949807  3.070  236.10  229.50  213.06
 128    44.994 55924.47051913 12.41 124.236304  65.950144  3.875  236.10  229.50  213.06
 128    45.051 55924.47051972 16.98 124.242687  65.950482  9.182  236.10  229.50  213.06
 129    44.574 55934.38616926 11.99 124.229393  65.949888  2.983  235.88  227.53  208.12
 129    44.833 55934.38616985 12.09 124.235776  65.950226  3.419  235.88  227.53  208.12
 129    45.045 55934.38617044 12.07 124.242159  65.950563  3.674  235.88  227.53  208.12
 130    44.450 55944.30181525 11.48 124.228314  65.947932  3.015 -100.00 -100.00 -100.00
 130    44.892 55944.30181584 11.66 124.234697  65.948270  2.695 -100.00 -100.00 -100.00
 130    44.851 55944.30181643 13.79 124.241080  65.948607  6.404 -100.00 -100.00 -100.00
 131    44.211 55954.21745722 11.21 124.230881  65.945442  3.212 -100.00 -100.00 -100.00
 131    44.689 55954.21745781 11.50 124.237263  65.945780  3.302 -100.00 -100.00 -100.00
 131    44.899 55954.21745840 11.61 124.243646  65.946117  3.539 -100.00 -100.00 -100.00
 132    44.475 55964.13309625 10.77 124.232524  65.944266  2.937  236.33  225.96  204.63
 132    44.713 55964.13309684 11.31 124.238906  65.944604  4.037  236.33  225.96  204.63
 133    44.262 55974.04873327 10.51 124.229333  65.945246  2.552  235.48  224.72  202.34
 133    44.518 55974.04873387 11.32 124.235715  65.945584  4.397  235.48  224.72  202.34
 133    44.710 55974.04873446 10.65 124.242098  65.945921  2.782  235.48  224.72  202.34
 134    44.346 55983.96436942 11.01 124.228416  65.947384  2.710  231.42  218.61  194.26
 134    44.477 55983.96437001 11.12 124.234799  65.947722  2.712  231.42  218.61  194.26
 134    44.833 55983.96437060 10.78 124.241181  65.948060  2.626  231.42  218.61  194.26
 135    44.728 55993.88000382  9.86 124.233007  65.948455  2.414  231.40  217.34  193.53
 135    44.846 55993.88000441 10.20 124.239390  65.948793  2.775  231.40  217.34  193.53
 136    44.467 56003.79565392  9.19 124.228744  65.947143  2.611 -100.00 -100.00 -100.00
 136    44.620 56003.79565451  9.25 124.235126  65.947481  2.502 -100.00 -100.00 -100.00
 136    44.762 56003.79565510  9.40 124.241508  65.947819  2.796 -100.00 -100.00 -100.00
 137    44.530 56013.71130315 10.50 124.233093  65.945263  3.685 -100.00 -100.00 -100.00
 137    44.590 56013.71130374 10.53 124.239474  65.945601  3.692 -100.00 -100.00 -100.00
 138    44.403 56023.62694840  9.55 124.228914  65.944342  2.547  237.24  224.75  202.48
 138    44.362 56023.62694899 11.84 124.235295  65.944679  5.734  237.24  224.75  202.48
 138    44.739 56023.62694958  9.85 124.241676  65.945017  2.761  237.24  224.75  202.48
 139    44.398 56033.54259193  9.22 124.231265  65.946115  2.575 -100.00 -100.00 -100.00
 139    44.330 56033.54259252  9.21 124.237646  65.946453  2.432 -100.00 -100.00 -100.00
 140    44.516 56043.45823292  9.21 124.228435  65.948552  2.496 -100.00 -100.00 -100.00
 140    44.870 56043.45823351  9.67 124.234817  65.948890  3.482 -100.00 -100.00 -100.00
 140    44.911 56043.45823410  9.15 124.241199  65.949227  2.314 -100.00 -100.00 -100.00
 141    43.916 56053.37387134 37.02 124.226720  65.950053   -100  260.47  261.31  261.68
 141    44.081 56053.37387193 37.18 124.233103  65.950391 30.007  260.47  261.31  261.68
 141    44.274 56053.37387252 40.19 124.239485  65.950729   -100  260.47  261.31  261.68
 142    39.853 56063.28950677 37.72 124.228792  65.949850   -100 -100.00 -100.00 -100.00
 142    39.747 56063.28950736 38.46 124.235175  65.950188   -100 -100.00 -100.00 -100.00
 142    39.867 56063.28950795 40.49 124.241558  65.950526   -100 -100.00 -100.00 -100.00
 143   124.158 56073.20514854  2.11 124.229333  65.948559  2.831  207.34  207.79  211.58
 143   119.675 56073.20514913  2.52 124.235715  65.948897  2.879  207.34  207.79  211.58
 143   114.671 56073.20514972  4.33 124.242098  65.949235  4.732  207.34  207.79  211.58
 144    42.568 56083.12079900 30.31 124.233988  65.948356 18.056  226.71  229.47  230.04
 144    45.211 56083.12079959 26.31 124.240370  65.948694  9.071  226.71  229.47  230.04
 145    41.693 56093.03644614 51.12 124.228954  65.948617 23.600 -100.00 -100.00 -100.00
 145    41.675 56093.03644673 54.05 124.235337  65.948954 27.433 -100.00 -100.00 -100.00
 145    41.634 56093.03644732 54.06 124.241719  65.949292 31.042 -100.00 -100.00 -100.00
 146    42.011 56102.95209144 25.81 124.228053  65.949492  5.135  236.67  236.22  239.80
 146    41.075 56102.95209203 31.44 124.234436  65.949830 12.867  236.67  236.22  239.80
 146    41.063 56102.95209262 34.35 124.240818  65.950167 19.876  236.67  236.22  239.80
 147    39.865 56112.86772285 28.62 124.233377  65.949452 25.072 -100.00 -100.00 -100.00
 147    44.831 56112.86772344 27.46 124.239759  65.949790 18.110 -100.00 -100.00 -100.00
 148    44.390 56122.78336133 20.52 124.230372  65.947697  7.631  232.13  231.92  235.32
 148    44.729 56122.78336192 20.82 124.236753  65.948035  8.487  232.13  231.92  235.32
 148    45.035 56122.78336252 20.13 124.243135  65.948373  6.555  232.13  231.92  235.32
 149    39.159 56132.69899643 54.10 124.232731  65.945509   -100  239.39  242.23  241.21
 149    39.102 56132.69899702 55.11 124.239112  65.945847   -100  239.39  242.23  241.21
 150    40.338 56142.61463355 29.86 124.230961  65.944382 19.680 -100.00 -100.00 -100.00
 150    40.461 56142.61463414 35.99 124.237342  65.944720   -100 -100.00 -100.00 -100.00
 150    42.163 56142.61463473 36.02 124.243722  65.945058 32.109 -100.00 -100.00 -100.00
 151    42.891 56152.53028426 21.49 124.230271  65.945421  7.132  244.78  250.85  253.57
 151    43.846 56152.53028485 23.20 124.236652  65.945759 10.107  244.78  250.85  253.57
 151    42.017 56152.53028544 32.07 124.243034  65.946096   -100  244.78  250.85  253.57
 152    86.417 56162.44593367 23.66 124.232040  65.947485 17.809 -100.00 -100.00 -100.00
 152    86.001 56162.44593426 26.76 124.238422  65.947823 21.203 -100.00 -100.00 -100.00
 153    40.498 56172.36158070 48.58 124.229572  65.948419   -100  235.69  234.58  238.63
 153    40.501 56172.36158129 53.12 124.235954  65.948757   -100  235.69  234.58  238.63
 153    40.379 56172.36158188 51.60 124.242337  65.949095  5.840  235.69  234.58  238.63
 154    44.335 56182.27722331 21.30 124.231303  65.947732  8.007  237.44  238.57  243.56
 154    44.926 56182.27722390 23.40 124.237685  65.948069 10.218  237.44  238.57  243.56
 155    38.638 56192.19286225 29.08 124.234414  65.946220 20.146 -100.00 -100.00 -100.00
 155    40.478 56192.19286284 33.89 124.240796  65.946558   -100 -100.00 -100.00 -100.00
 156    38.399 56202.10849824 56.06 124.234775  65.945367 21.138 -100.00 -100.00 -100.00
 156    38.347 56202.10849883 53.66 124.241157  65.945705 21.003 -100.00 -100.00 -100.00
 157    43.825 56212.02413227 40.36 124.234364  65.946470 25.020  237.29  236.66  240.66
 157    44.249 56212.02413286 41.14 124.240747  65.946807   -100  237.29  236.66  240.66
 158    37.849 56221.93976426 42.91 124.232449  65.948509   -100  237.85  236.18  238.95
 158    37.825 56221.93976485 43.53 124.238832  65.948847   -100  237.85  236.18  238.95
 159    44.122 56231.85541794 24.42 124.226445  65.950071 11.440 -100.00 -100.00 -100.00
 159    36.060 56231.85541853 30.86 124.232828  65.950409 30.894 -100.00 -100.00 -100.00
 159    36.085 56231.85541912 30.81 124.239211  65.950747   -100 -100.00 -100.00 -100.00
 160    36.679 56241.77107071 31.60 124.228625  65.950281 21.012 -100.00 -100.00 -100.00
 160    36.751 56241.77107130 32.31 124.235007  65.950619 22.721 -100.00 -100.00 -100.00
 160    44.436 56241.77107189 26.12 124.241390  65.950957  8.866 -100.00 -100.00 -100.00
 161    36.555 56251.68671913 32.54 124.229908  65.949423 25.213 -100.00 -100.00 -100.00
 161    36.734 56251.68671972 32.78 124.236291  65.949761 19.770 -100.00 -100.00 -100.00
 161    44.536 56251.68672031 26.90 124.242674  65.950099 10.908 -100.00 -100.00 -100.00
 162    36.731 56261.60236262 32.69 124.228292  65.948429 28.016 -100.00 -100.00 -100.00
 162    36.946 56261.60236321 33.74 124.234675  65.948767 27.534 -100.00 -100.00 -100.00
 162    36.885 56261.60236380 33.00 124.241057  65.949105 27.493 -100.00 -100.00 -100.00
 163    36.764 56271.51800429 31.63 124.229945  65.948509 23.756  233.55  229.22  221.78
 163    36.898 56271.51800488 32.61 124.236328  65.948846 26.778  233.55  229.22  221.78
 163    43.916 56271.51800547 28.14 124.242711  65.949184 13.637  233.55  229.22  221.78
 164    36.964 56281.43364542 27.09 124.232178  65.948921 15.411  232.72  227.54  218.75
 164    36.853 56281.43364601 27.33 124.238561  65.949259 16.325  232.72  227.54  218.75
 165    43.866 56291.34929783 23.17 124.234029  65.949035  9.164  233.88  228.70  219.14
 165    44.263 56291.34929842 22.50 124.240412  65.949373  6.756  233.88  228.70  219.14
 166    43.996 56301.26494550 19.54 124.233492  65.947767  4.850  230.09  224.35  213.33
 166    42.350 56301.26494609 22.48 124.239875  65.948104  9.353  230.09  224.35  213.33
 167    43.944 56311.18058897 18.59 124.232820  65.946067  6.238  233.98  228.73  217.83
 167    43.967 56311.18058956 19.57 124.239202  65.946405  7.016  233.98  228.73  217.83
 168    44.082 56321.09623011 17.31 124.230800  65.945275  4.249 -100.00 -100.00 -100.00
 168    44.095 56321.09623070 18.37 124.237182  65.945613  6.248 -100.00 -100.00 -100.00
 168    42.115 56321.09623129 19.80 124.243565  65.945950  7.896 -100.00 -100.00 -100.00
 169    44.081 56331.01187114 17.08 124.234110  65.946351  5.256 -100.00 -100.00 -100.00
 169    44.504 56331.01187173 17.20 124.240492  65.946688  4.698 -100.00 -100.00 -100.00
 170    44.007 56340.92751096 15.90 124.230238  65.947485  4.143  231.05  224.02  209.15
 170    44.501 56340.92751155 15.62 124.236620  65.947822  4.128  231.05  224.02  209.15
 170    44.550 56340.92751215 17.15 124.243003  65.948160  5.693  231.05  224.02  209.15
 171    44.288 56350.84314890 14.59 124.230504  65.948058  4.052 -100.00 -100.00 -100.00
 171    44.462 56350.84314949 15.21 124.236886  65.948396  4.246 -100.00 -100.00 -100.00
 171    44.787 56350.84315008 15.50 124.243269  65.948734  4.578 -100.00 -100.00 -100.00
 172    44.004 56360.75878735 14.12 124.231266  65.947254  4.074 -100.00 -100.00 -100.00
 172    44.371 56360.75878794 14.31 124.237648  65.947592  4.440 -100.00 -100.00 -100.00
 173    44.226 56370.67443693 13.48 124.230138  65.946236  4.100 -100.00 -100.00 -100.00
 173    44.408 56370.67443752 13.27 124.236520  65.946574  3.178 -100.00 -100.00 -100.00
 173    44.668 56370.67443811 13.59 124.242901  65.946911  3.423 -100.00 -100.00 -100.00
 175    44.215 56390.50572904 12.95 124.231284  65.947914  3.910 -100.00 -100.00 -100.00
 175    44.469 56390.50572963 13.33 124.237666  65.948251  4.876 -100.00 -100.00 -100.00
 176    44.139 56400.42137227 12.83 124.231179  65.949595  4.186 -100.00 -100.00 -100.00
 176    44.373 56400.42137286 13.53 124.237562  65.949933  4.785 -100.00 -100.00 -100.00
 177    39.589 56410.33701264 33.22 124.229009  65.950334 17.418 -100.00 -100.00 -100.00
 177    43.445 56410.33701323 33.88 124.235392  65.950672 23.138 -100.00 -100.00 -100.00
 177    44.304 56410.33701382 31.64 124.241775  65.951010 13.920 -100.00 -100.00 -100.00
 180    42.751 56440.08393817 53.99 124.228641  65.948982  4.732 -100.00 -100.00 -100.00
 180    42.706 56440.08393876 56.23 124.235023  65.949319 27.867 -100.00 -100.00 -100.00
 180    42.671 56440.08393935 56.92 124.241406  65.949657   -100 -100.00 -100.00 -100.00
 181    42.817 56449.99958896 28.28 124.229542  65.949071 19.215 -100.00 -100.00 -100.00
 181    45.005 56449.99958956 24.24 124.235925  65.949408 11.054 -100.00 -100.00 -100.00
 181    45.402 56449.99959015 23.40 124.242308  65.949746  9.110 -100.00 -100.00 -100.00
 182    42.646 56459.91523743 24.33 124.229475  65.948859 11.212  239.00  242.42  241.90
 182    44.823 56459.91523802 22.53 124.235857  65.949197  8.635  239.00  242.42  241.90
 182    45.131 56459.91523861 27.75 124.242240  65.949534 19.782  239.00  242.42  241.90
 183    42.112 56469.83088291 27.35 124.233249  65.948091 13.769  231.19  229.62  234.19
 183    39.994 56469.83088350 35.55 124.239631  65.948428   -100  231.19  229.62  234.19
 184    42.045 56479.74652413 23.69 124.232295  65.947031 11.849  248.30  254.89  257.60
 184    41.902 56479.74652472 26.45 124.238677  65.947368 19.854  248.30  254.89  257.60
 185    43.605 56489.66216169 24.15 124.234613  65.946377 14.115 -100.00 -100.00 -100.00
 185    41.871 56489.66216228 27.94 124.240994  65.946715 20.951 -100.00 -100.00 -100.00
 186    40.546 56499.57779608 27.94 124.229139  65.946140  7.709 -100.00 -100.00 -100.00
 186    41.425 56499.57779667 26.94 124.235520  65.946477  5.967 -100.00 -100.00 -100.00
 186    41.627 56499.57779726 28.81 124.241902  65.946815  8.903 -100.00 -100.00 -100.00
 187    42.030 56509.49342966 20.88 124.228698  65.946532 10.983 -100.00 -100.00 -100.00
 187    44.631 56509.49343025 19.63 124.235079  65.946870  8.159 -100.00 -100.00 -100.00
 187    44.849 56509.49343084 24.46 124.241461  65.947207 16.190 -100.00 -100.00 -100.00
 188    41.757 56519.40907112 23.55 124.228414  65.947066 14.995 -100.00 -100.00 -100.00
 188    42.019 56519.40907171 22.48 124.234796  65.947404 10.194 -100.00 -100.00 -100.00
 188    44.154 56519.40907230 23.63 124.241178  65.947742 14.568 -100.00 -100.00 -100.00
 189    39.896 56529.32472521 51.30 124.231669  65.947472 11.166 -100.00 -100.00 -100.00
 189    39.816 56529.32472580 53.83 124.238051  65.947810 24.845 -100.00 -100.00 -100.00
 190    44.449 56539.24037490 22.08 124.231736  65.947270  8.553 -100.00 -100.00 -100.00
 190    44.530 56539.24037549 28.47 124.238119  65.947607 22.634 -100.00 -100.00 -100.00
 191    38.451 56549.15602048 47.02 124.233080  65.947094   -100 -100.00 -100.00 -100.00
 191    38.451 56549.15602107 52.23 124.239463  65.947432 18.190 -100.00 -100.00 -100.00
 192    41.502 56559.07166328 22.07 124.230357  65.947573 10.736  232.03  231.31  236.52
 192    44.493 56559.07166387 20.89 124.236740  65.947911  7.346  232.03  231.31  236.52
 192    44.771 56559.07166446 22.36 124.243123  65.948248  9.906  232.03  231.31  236.52
 193    44.244 56568.98730530 31.42 124.229307  65.948699 17.113 -100.00 -100.00 -100.00
 193    44.373 56568.98730589 35.95 124.235690  65.949037   -100 -100.00 -100.00 -100.00
 193    44.785 56568.98730648 35.23 124.242073  65.949374 27.650 -100.00 -100.00 -100.00
 194    38.225 56578.90294620 42.95 124.230135  65.950015 21.563  242.80  240.18  241.13
 194    37.830 56578.90294679 47.19 124.236518  65.950353   -100  242.80  240.18  241.13
 194    37.455 56578.90294738 51.64 124.242902  65.950691 31.392  242.80  240.18  241.13
 195    36.106 56588.81858291 27.59 124.227007  65.950002 11.996 -100.00 -100.00 -100.00
 195    36.003 56588.81858350 28.08 124.233390  65.950340 14.222 -100.00 -100.00 -100.00
 195    35.935 56588.81858409 26.10 124.239773  65.950678 10.161 -100.00 -100.00 -100.00
 196    44.022 56598.73422716 18.75 124.232288  65.949706  4.667  244.70  241.44  239.95
 196    44.639 56598.73422775 17.75 124.238671  65.950044  3.913  244.70  241.44  239.95
 197    43.879 56608.64987825 14.71 124.233396  65.949190  3.572 -100.00 -100.00 -100.00
 197    44.732 56608.64987884 14.20 124.239779  65.949527  2.703 -100.00 -100.00 -100.00
 198    36.344 56618.56552444 19.97 124.234137  65.949358  9.993 -100.00 -100.00 -100.00
 198    36.258 56618.56552503 18.92 124.240519  65.949696  8.867 -100.00 -100.00 -100.00
 199    44.313 56628.48116691 14.21 124.229953  65.949324  3.302 -100.00 -100.00 -100.00
 199    44.139 56628.48116750 14.22 124.236336  65.949662  4.165 -100.00 -100.00 -100.00
 199    44.441 56628.48116809 14.24 124.242719  65.949999  4.498 -100.00 -100.00 -100.00
 200    44.486 56638.39680714 13.44 124.233514  65.948990  2.864 -100.00 -100.00 -100.00
 200    44.790 56638.39680773 13.34 124.239897  65.949328  2.499 -100.00 -100.00 -100.00
 201    43.878 56648.31245067 13.07 124.232891  65.947481  3.035  247.30  242.69  231.65
 201    44.359 56648.31245126 13.42 124.239274  65.947819  3.486  247.30  242.69  231.65
 202    44.087 56658.22810207 12.30 124.230621  65.946036  2.716 -100.00 -100.00 -100.00
 202    44.300 56658.22810266 12.25 124.237004  65.946373  2.979 -100.00 -100.00 -100.00
 202    44.907 56658.22810325 12.23 124.243387  65.946711  2.889 -100.00 -100.00 -100.00
 203    43.907 56668.14374938 12.31 124.228999  65.945628  2.697 -100.00 -100.00 -100.00
 203    44.475 56668.14374997 12.51 124.235382  65.945966  3.020 -100.00 -100.00 -100.00
 203    44.695 56668.14375056 12.59 124.241765  65.946304  2.766 -100.00 -100.00 -100.00
 204    44.590 56678.05939484 12.10 124.234182  65.947064  2.645 -100.00 -100.00 -100.00
 204    44.754 56678.05939543 11.96 124.240565  65.947402  2.389 -100.00 -100.00 -100.00
 205    44.247 56687.97503807 11.98 124.229785  65.948118  2.812 -100.00 -100.00 -100.00
 205    44.629 56687.97503866 11.68 124.236168  65.948455  2.525 -100.00 -100.00 -100.00
 205    44.822 56687.97503925 12.05 124.242551  65.948793  3.018 -100.00 -100.00 -100.00
 206    44.011 56697.89067936 10.98 124.229247  65.948258  2.807 -100.00 -100.00 -100.00
 206    44.532 56697.89067995 10.72 124.235630  65.948596  2.477 -100.00 -100.00 -100.00
 206    44.708 56697.89068054 10.91 124.242013  65.948933  2.660 -100.00 -100.00 -100.00
 207    44.511 56707.80631625 10.91 124.231334  65.947373  2.553 -100.00 -100.00 -100.00
 207    44.626 56707.80631684 11.22 124.237716  65.947710  2.928 -100.00 -100.00 -100.00
 208    44.677 56717.72195286 10.20 124.229669  65.946325  2.261 -100.00 -100.00 -100.00
 208    44.606 56717.72195345 10.47 124.236050  65.946662  2.632 -100.00 -100.00 -100.00
 208    44.894 56717.72195404 10.50 124.242432  65.947000  2.822 -100.00 -100.00 -100.00
 209    44.240 56727.63760578 10.54 124.231207  65.946959 11.216  239.62  229.79  210.03
 209    44.811 56727.63760637 10.68 124.237589  65.947297  9.576  239.62  229.79  210.03
 210    44.488 56737.55325489  9.96 124.234041  65.948855  2.588  246.40  238.34  220.18
 210    44.761 56737.55325548 10.31 124.240423  65.949192  2.565  246.40  238.34  220.18
 211    44.580 56747.46889944  9.97 124.226064  65.950302  2.629  243.36  233.64  213.97
 211    44.631 56747.46890003 10.32 124.232447  65.950640  2.513  243.36  233.64  213.97
 211    44.857 56747.46890062 10.79 124.238830  65.950977  3.583  243.36  233.64  213.97
 212    44.458 56757.38454042  9.69 124.227989  65.950830  2.447 -100.00 -100.00 -100.00
 212    44.971 56757.38454101  9.69 124.234372  65.951168  2.435 -100.00 -100.00 -100.00
 212    45.255 56757.38454160  9.61 124.240755  65.951505  2.455 -100.00 -100.00 -100.00
 213    43.533 56767.30017534 25.86 124.228529  65.949919 12.517 -100.00 -100.00 -100.00
 213    43.915 56767.30017593 25.12 124.234912  65.950257 12.920 -100.00 -100.00 -100.00
 213    44.552 56767.30017652 24.94 124.241295  65.950594 13.926 -100.00 -100.00 -100.00
 214    42.122 56777.21581955 26.34 124.230966  65.948909 15.074 -100.00 -100.00 -100.00
 214    41.615 56777.21582014 25.21 124.237349  65.949247 13.697 -100.00 -100.00 -100.00
 215    37.463 56787.13147605 44.14 124.233974  65.949073  1.047 -100.00 -100.00 -100.00
 215    37.322 56787.13147664 47.05 124.240358  65.949410   -100 -100.00 -100.00 -100.00
 217    42.384 56806.96277583 33.53 124.229152  65.950117 14.423  229.56  229.76  233.48
 217    44.525 56806.96277642 31.56 124.235535  65.950454  9.424  229.56  229.76  233.48
 217    44.960 56806.96277701 33.91 124.241918  65.950792 15.707  229.56  229.76  233.48
 218    41.387 56816.87841744 55.56 124.232472  65.949429   -100 -100.00 -100.00 -100.00
 218    41.343 56816.87841803 56.56 124.238855  65.949766   -100 -100.00 -100.00 -100.00
 219    40.893 56826.79405522 53.19 124.232561  65.947554   -100 -100.00 -100.00 -100.00
 219    40.805 56826.79405581 51.99 124.238943  65.947891 17.955 -100.00 -100.00 -100.00
 220    40.204 56836.70968943 53.22 124.230333  65.945618   -100 -100.00 -100.00 -100.00
 220    40.199 56836.70969002 52.63 124.236714  65.945956   -100 -100.00 -100.00 -100.00
 220    40.221 56836.70969061 53.25 124.243096  65.946293   -100 -100.00 -100.00 -100.00
 221    39.457 56846.62532089 49.30 124.230827  65.945522   -100 -100.00 -100.00 -100.00
 221    39.073 56846.62532148 54.45 124.237208  65.945860 21.753 -100.00 -100.00 -100.00
 221    39.034 56846.62532207 56.53 124.243589  65.946198   -100 -100.00 -100.00 -100.00
 222    39.963 56856.54097073 33.25 124.231268  65.947021 17.185 -100.00 -100.00 -100.00
 222    40.288 56856.54097132 36.89 124.237650  65.947359 27.298 -100.00 -100.00 -100.00
 223    38.456 56866.45662420 43.96 124.231074  65.948701   -100  247.18  246.09  247.89
 223    38.416 56866.45662479 51.23 124.237456  65.949038   -100  247.18  246.09  247.89
 224    44.183 56876.37227621 23.01 124.229222  65.948806 11.270 -100.00 -100.00 -100.00
 224    44.714 56876.37227680 22.73 124.235605  65.949143  9.622 -100.00 -100.00 -100.00
 224    44.805 56876.37227739 32.56 124.241987  65.949481   -100 -100.00 -100.00 -100.00
 225    43.949 56886.28792523 24.39 124.228949  65.948006 12.945 -100.00 -100.00 -100.00
 225    44.497 56886.28792582 22.59 124.235332  65.948343 11.412 -100.00 -100.00 -100.00
 225    44.826 56886.28792641 28.88 124.241714  65.948681 27.346 -100.00 -100.00 -100.00
 226    40.025 56896.20357142 23.39 124.228422  65.946963 12.153 -100.00 -100.00 -100.00
 226    44.545 56896.20357201 21.07 124.234805  65.947300  8.775 -100.00 -100.00 -100.00
 226    44.859 56896.20357261 25.05 124.241187  65.947638 15.716 -100.00 -100.00 -100.00
 227    43.888 56906.11921477 23.36 124.228773  65.947445 11.858 -100.00 -100.00 -100.00
 227    44.329 56906.11921536 22.97 124.235156  65.947782 11.002 -100.00 -100.00 -100.00
 227    44.798 56906.11921595 26.14 124.241539  65.948120 17.297 -100.00 -100.00 -100.00
 228    44.549 56916.03485635 22.22 124.233390  65.949529 10.370  237.72  239.68  242.11
 228    44.750 56916.03485694 28.77 124.239773  65.949866 31.456  237.72  239.68  242.11
 229    44.336 56925.95049523 24.69 124.229225  65.951185 14.294 -100.00 -100.00 -100.00
 229    44.601 56925.95049582 25.47 124.235609  65.951522 15.566 -100.00 -100.00 -100.00
 229    44.797 56925.95049641 33.64 124.241992  65.951860   -100 -100.00 -100.00 -100.00
 230    38.672 56935.86613070 42.03 124.223863  65.951311 32.382 -100.00 -100.00 -100.00
 230    38.960 56935.86613129 41.93 124.230246  65.951649 23.263 -100.00 -100.00 -100.00
 230    38.356 56935.86613188 47.38 124.236629  65.951987  1.438 -100.00 -100.00 -100.00
 230    38.464 56935.86613247 47.14 124.243013  65.952324   -100 -100.00 -100.00 -100.00
 231    37.762 56945.78176186 42.21 124.229780  65.950166 19.512 -100.00 -100.00 -100.00
 231    37.337 56945.78176245 44.19 124.236163  65.950504 31.558 -100.00 -100.00 -100.00
 231    36.944 56945.78176304 49.50 124.242546  65.950842 11.759 -100.00 -100.00 -100.00
 232    35.634 56955.69741406 37.18 124.233445  65.948639   -100 -100.00 -100.00 -100.00
 232    35.703 56955.69741465 37.53 124.239827  65.948976 28.439 -100.00 -100.00 -100.00
 233    43.892 56965.61306301 20.69 124.230536  65.947819  4.294  242.67  240.24  239.86
 233    44.552 56965.61306360 21.25 124.236918  65.948157  4.804  242.67  240.24  239.86
 233    44.709 56965.61306419 20.54 124.243300  65.948494  4.497  242.67  240.24  239.86
 234    43.639 56975.52870789 18.87 124.230632  65.948749  5.166  244.37  242.19  239.78
 234    44.036 56975.52870848 17.94 124.237014  65.949086  4.053  244.37  242.19  239.78
 234    44.496 56975.52870907 17.92 124.243397  65.949424  4.128  244.37  242.19  239.78
 235    43.405 56985.44434797 18.10 124.227164  65.949675  3.590  244.57  241.32  236.72
 235    43.561 56985.44434856 17.83 124.233547  65.950013  3.757  244.57  241.32  236.72
 235    44.284 56985.44434915 18.14 124.239930  65.950351  4.436  244.57  241.32  236.72
 236    44.010 56995.35998351 15.59 124.233558  65.949447  3.338  242.33  238.85  231.00
 236    44.569 56995.35998410 15.51 124.239941  65.949784  2.848  242.33  238.85  231.00
 237    43.643 57005.27562504 15.45 124.232142  65.947172  2.920  238.97  233.53  222.55
 237    44.563 57005.27562563 15.35 124.238524  65.947509  2.841  238.97  233.53  222.55
 238    43.940 57015.19128039 15.49 124.234427  65.945354  2.963 -100.00 -100.00 -100.00
 238    44.198 57015.19128098 15.71 124.240809  65.945692  3.822 -100.00 -100.00 -100.00
 239    43.710 57025.10693075 14.38 124.229982  65.945109  2.912 -100.00 -100.00 -100.00
 239    44.004 57025.10693134 14.46 124.236364  65.945446  3.649 -100.00 -100.00 -100.00
 239    44.624 57025.10693193 14.34 124.242747  65.945784  2.882 -100.00 -100.00 -100.00
 240    44.156 57035.02257968 12.90 124.233604  65.947459  3.369  239.45  233.53  218.97
 240    44.448 57035.02258027 12.71 124.239987  65.947796  2.527  239.45  233.53  218.97
 241    44.575 57044.93822575 12.76 124.233804  65.949443  2.965  243.29  237.38  222.44
 241    44.606 57044.93822634 12.56 124.240187  65.949780  2.662  243.29  237.38  222.44
 242    44.061 57054.85386839 11.72 124.229957  65.949472  2.485 -100.00 -100.00 -100.00
 242    44.604 57054.85386898 11.60 124.236340  65.949809  2.306 -100.00 -100.00 -100.00
 242    44.749 57054.85386957 11.87 124.242723  65.950147  2.607 -100.00 -100.00 -100.00
 243    44.071 57064.76950641 11.64 124.229352  65.947824  2.697  240.32  233.60  217.19
 243    44.116 57064.76950700 12.03 124.235735  65.948162  2.839  240.32  233.60  217.19
 243    44.676 57064.76950759 11.69 124.242117  65.948499  2.871  240.32  233.60  217.19
 244    43.824 57074.68513989 11.58 124.230941  65.946708  2.390 -100.00 -100.00 -100.00
 244    44.409 57074.68514048 11.59 124.237322  65.947046  2.633 -100.00 -100.00 -100.00
 244    44.694 57074.68514107 11.50 124.243704  65.947383  2.510 -100.00 -100.00 -100.00
 245    44.119 57084.60077031 10.89 124.234758  65.947260  2.489 -100.00 -100.00 -100.00
 245    44.566 57084.60077090 10.90 124.241139  65.947598  2.500 -100.00 -100.00 -100.00
 246    44.491 57094.51642348 10.29 124.234280  65.949633  2.720 -100.00 -100.00 -100.00
 246    44.679 57094.51642408 10.43 124.240662  65.949971  2.548 -100.00 -100.00 -100.00
 247    43.686 57104.43207940  9.90 124.225886  65.951334  2.753 -100.00 -100.00 -100.00
 247    44.299 57104.43207999 10.00 124.232270  65.951672  2.869 -100.00 -100.00 -100.00
 247    44.745 57104.43208058 10.10 124.238653  65.952009  2.676 -100.00 -100.00 -100.00
 248    44.004 57114.34773196 10.86 124.227246  65.951782  2.589 -100.00 -100.00 -100.00
 248    44.871 57114.34773255 10.98 124.233629  65.952120  2.732 -100.00 -100.00 -100.00
 248    44.884 57114.34773314 10.72 124.240013  65.952458  2.351 -100.00 -100.00 -100.00
 249    44.151 57124.26337818 10.54 124.227456  65.950187  2.449  241.71  233.48  218.10
 249    44.657 57124.26337877 10.46 124.233839  65.950525  2.653  241.71  233.48  218.10
 249    44.854 57124.26337936 10.67 124.240222  65.950862  2.568  241.71  233.48  218.10
 250    43.837 57134.17901925 10.32 124.229535  65.948431  2.399 -100.00 -100.00 -100.00
 250    44.082 57134.17901984 10.16 124.235918  65.948769  2.431 -100.00 -100.00 -100.00
 250    44.920 57134.17902043 10.12 124.242300  65.949106  2.154 -100.00 -100.00 -100.00
 251    44.120 57144.09465605 20.17 124.233665  65.947791  7.573  249.42  244.15  230.75
 251    44.370 57144.09465664 22.87 124.240048  65.948128 10.812  249.42  244.15  230.75
 252    42.097 57154.01028975 22.98 124.232530  65.948357  9.307 -100.00 -100.00 -100.00
 252    39.869 57154.01029034 20.65 124.238913  65.948694  6.246 -100.00 -100.00 -100.00
 253   113.208 57163.92592603  3.24 124.232389  65.949133  3.030 -100.00 -100.00 -100.00
 253    88.292 57163.92592662  7.42 124.238772  65.949471  4.203 -100.00 -100.00 -100.00
 254    44.774 57173.84158306 27.02 124.234456  65.949376 10.328 -100.00 -100.00 -100.00
 254    45.246 57173.84158365 27.14 124.240839  65.949714 10.632 -100.00 -100.00 -100.00
 255    42.227 57183.75723630 55.74 124.231814  65.947736   -100 -100.00 -100.00 -100.00
 255    42.217 57183.75723689 55.30 124.238195  65.948074 29.523 -100.00 -100.00 -100.00
 256    44.582 57193.67288599 24.70 124.233201  65.946002 13.288 -100.00 -100.00 -100.00
 256    42.255 57193.67288658 27.01 124.239582  65.946340 19.189 -100.00 -100.00 -100.00
 257    41.349 57203.58853316 44.72 124.231962  65.945623   -100 -100.00 -100.00 -100.00
 257    41.595 57203.58853375 46.45 124.238343  65.945961   -100 -100.00 -100.00 -100.00
 258    41.576 57213.50416727 27.91 124.232738  65.947235  8.462 -100.00 -100.00 -100.00
 258    44.677 57213.50416786 26.80 124.239120  65.947572  7.980 -100.00 -100.00 -100.00
 259    41.664 57223.41981108 23.26 124.231801  65.949139  8.818 -100.00 -100.00 -100.00
 259    44.415 57223.41981167 21.90 124.238183  65.949477  7.481 -100.00 -100.00 -100.00
 260    43.967 57233.33545310 22.52 124.230229  65.949700  9.360 -100.00 -100.00 -100.00
 260    44.902 57233.33545369 22.81 124.236612  65.950038  9.894 -100.00 -100.00 -100.00
 260    45.173 57233.33545428 31.33 124.242995  65.950375 32.520 -100.00 -100.00 -100.00
 261    40.058 57243.25109220 25.30 124.229407  65.948777 14.805 -100.00 -100.00 -100.00
 261    44.839 57243.25109279 24.08 124.235790  65.949115 11.698 -100.00 -100.00 -100.00
 261    44.903 57243.25109338 31.04 124.242173  65.949453   -100 -100.00 -100.00 -100.00
 262    40.068 57253.16672893 24.31 124.230467  65.947545 12.209 -100.00 -100.00 -100.00
 262    44.575 57253.16672952 22.70 124.236849  65.947882  9.029 -100.00 -100.00 -100.00
 262    44.855 57253.16673011 25.32 124.243232  65.948220 15.117 -100.00 -100.00 -100.00
 263    39.777 57263.08236433 24.06 124.233591  65.947843 13.100 -100.00 -100.00 -100.00
 263    44.905 57263.08236492 22.36 124.239973  65.948181  7.942 -100.00 -100.00 -100.00
 264    37.189 57272.99800086 37.45 124.229738  65.949306   -100 -100.00 -100.00 -100.00
 264    37.214 57272.99800145 37.77 124.236120  65.949644   -100 -100.00 -100.00 -100.00
 264    37.525 57272.99800204 39.26 124.242503  65.949982 30.876 -100.00 -100.00 -100.00
 265    40.179 57282.91365791 32.95 124.225586  65.951070 24.521  234.17  233.95  237.64
 265    36.391 57282.91365850 34.53 124.231969  65.951408 31.894  234.17  233.95  237.64
 265    36.116 57282.91365909 40.45 124.238352  65.951746   -100  234.17  233.95  237.64
 266    36.973 57292.82931279 41.34 124.226842  65.951475   -100 -100.00 -100.00 -100.00
 266    39.804 57292.82931338 34.09 124.233225  65.951813 28.262 -100.00 -100.00 -100.00
 266    37.007 57292.82931397 40.91 124.239609  65.952150   -100 -100.00 -100.00 -100.00
 267    43.623 57302.74496435 39.27 124.229509  65.950193   -100 -100.00 -100.00 -100.00
 267    44.401 57302.74496494 34.70 124.235891  65.950531 29.850 -100.00 -100.00 -100.00
 267    44.602 57302.74496553 39.25 124.242274  65.950869   -100 -100.00 -100.00 -100.00
 268    36.930 57312.66061212 41.27 124.232621  65.948446 16.377 -100.00 -100.00 -100.00
 268    36.435 57312.66061272 43.21 124.239004  65.948784 24.910 -100.00 -100.00 -100.00
 269    44.159 57322.57625659 27.04 124.234634  65.947753  9.695 -100.00 -100.00 -100.00
 269    44.027 57322.57625718 30.34 124.241016  65.948091 16.347 -100.00 -100.00 -100.00
 270    44.116 57332.49189860 26.24 124.232264  65.948210  8.685  243.64  240.81  238.20
 270    44.346 57332.49189919 27.08 124.238646  65.948547  9.150  243.64  240.81  238.20
 271    44.178 57342.40753862 21.40 124.229890  65.949086  5.221 -100.00 -100.00 -100.00
 271    44.458 57342.40753921 22.59 124.236273  65.949424  6.349 -100.00 -100.00 -100.00
 271    44.583 57342.40753980 24.91 124.242656  65.949761 10.923 -100.00 -100.00 -100.00
 272    44.082 57352.32319073 21.15 124.229845  65.949043  5.917  241.67  238.69  231.96
 272    44.416 57352.32319132 21.24 124.236228  65.949380  6.388  241.67  238.69  231.96
 272    44.735 57352.32319191 20.96 124.242612  65.949718  5.291  241.67  238.69  231.96
 273    44.620 57362.23883527 18.28 124.232250  65.947805  4.293 -100.00 -100.00 -100.00
 273    44.793 57362.23883586 18.71 124.238633  65.948143  4.677 -100.00 -100.00 -100.00
 274    44.019 57372.15447598 16.55 124.228680  65.945876  4.121  241.62  237.53  227.20
 274    44.051 57372.15447657 16.86 124.235063  65.946214  4.001  241.62  237.53  227.20
 274    44.766 57372.15447716 16.65 124.241446  65.946551  4.068  241.62  237.53  227.20
 275    44.142 57382.07011515 16.49 124.228654  65.945675  3.809  235.50  229.99  216.49
 275    44.625 57382.07011574 17.07 124.235037  65.946013  4.017  235.50  229.99  216.49
 275    44.543 57382.07011633 17.05 124.241420  65.946350  4.340  235.50  229.99  216.49
 276    43.719 57391.98575388 16.06 124.229756  65.946953  3.504 -100.00 -100.00 -100.00
 276    44.296 57391.98575447 16.23 124.236139  65.947291  3.995 -100.00 -100.00 -100.00
 276    44.747 57391.98575506 16.10 124.242522  65.947628  3.842 -100.00 -100.00 -100.00
 277    43.958 57401.90139185 15.46 124.232866  65.948604  3.452  238.06  231.27  215.09
 277    44.646 57401.90139244 15.68 124.239249  65.948942  3.376  238.06  231.27  215.09
 278    44.258 57411.81703375 15.09 124.228347  65.948893  3.661 -100.00 -100.00 -100.00
 278    44.586 57411.81703434 15.27 124.234730  65.949231  3.860 -100.00 -100.00 -100.00
 278    44.787 57411.81703493 15.22 124.241113  65.949569  3.479 -100.00 -100.00 -100.00
 279    44.511 57421.73268587 14.67 124.231179  65.948689  3.409 -100.00 -100.00 -100.00
 279    44.691 57421.73268646 14.93 124.237562  65.949027  3.811 -100.00 -100.00 -100.00
 280    44.449 57431.64833518 13.89 124.232390  65.948536  3.149 -100.00 -100.00 -100.00
 280    44.793 57431.64833577 14.30 124.238772  65.948874  3.732 -100.00 -100.00 -100.00
 281    44.511 57441.56398254 13.47 124.232572  65.949174  3.475  236.94  227.65  207.93
 281    44.913 57441.56398313 13.66 124.238954  65.949512  3.438  236.94  227.65  207.93
 282    44.329 57451.47962871 13.01 124.228245  65.950204  3.241 -100.00 -100.00 -100.00
 282    44.670 57451.47962930 13.37 124.234628  65.950542  3.822 -100.00 -100.00 -100.00
 282    44.847 57451.47962989 13.45 124.241011  65.950879  3.185 -100.00 -100.00 -100.00
 283    44.483 57461.39527354 13.79 124.226572  65.950935  2.931 -100.00 -100.00 -100.00
 283    44.603 57461.39527413 13.68 124.232955  65.951273  3.166 -100.00 -100.00 -100.00
 283    44.713 57461.39527472 13.84 124.239339  65.951610  3.113 -100.00 -100.00 -100.00
 284    44.513 57471.31091522 12.81 124.228151  65.950617  3.053 -100.00 -100.00 -100.00
 284    44.562 57471.31091581 13.75 124.234534  65.950955  4.414 -100.00 -100.00 -100.00
 284    44.720 57471.31091640 14.15 124.240918  65.951293  4.606 -100.00 -100.00 -100.00
 285    44.487 57481.22655302 12.78 124.231226  65.949429  2.897 -100.00 -100.00 -100.00
 285    44.686 57481.22655361 13.03 124.237609  65.949766  3.106 -100.00 -100.00 -100.00
 286    44.368 57491.14218765 12.28 124.232900  65.948085  2.688 -100.00 -100.00 -100.00
 286    44.750 57491.14218824 12.51 124.239283  65.948423  2.789 -100.00 -100.00 -100.00
 287    44.335 57501.05781969 10.33 124.228579  65.947246  2.822 -100.00 -100.00 -100.00
 287    44.465 57501.05782028 10.28 124.234961  65.947584  2.471 -100.00 -100.00 -100.00
 287    44.746 57501.05782087 10.46 124.241344  65.947922  2.790 -100.00 -100.00 -100.00
 288    35.735 57510.97346727 37.41 124.229580  65.947613   -100 -100.00 -100.00 -100.00
 288    35.147 57510.97346786 38.17 124.235963  65.947951   -100 -100.00 -100.00 -100.00
 288    35.010 57510.97346845 39.97 124.242345  65.948289   -100 -100.00 -100.00 -100.00
 289    36.075 57520.88912303 39.90 124.232188  65.948217   -100 -100.00 -100.00 -100.00
 289    35.812 57520.88912362 39.71 124.238570  65.948555   -100 -100.00 -100.00 -100.00
 290    43.104 57530.80477607 40.00 124.232947  65.948167   -100 -100.00 -100.00 -100.00
 290    43.146 57530.80477666 37.48 124.239329  65.948504   -100 -100.00 -100.00 -100.00
 291    89.179 57540.72042559 26.48 124.231633  65.947328 18.493 -100.00 -100.00 -100.00
 291    88.277 57540.72042618 31.01 124.238015  65.947665  5.575 -100.00 -100.00 -100.00
 292    42.777 57550.63607254 53.62 124.232922  65.946638   -100 -100.00 -100.00 -100.00
 292    42.556 57550.63607313 52.69 124.239303  65.946975  8.771 -100.00 -100.00 -100.00
 293    42.335 57560.55171799 53.95 124.232643  65.946698   -100 -100.00 -100.00 -100.00
 293    42.326 57560.55171858 55.93 124.239025  65.947036   -100 -100.00 -100.00 -100.00
 294    43.932 57570.46736306 21.13 124.233243  65.947736  9.503 -100.00 -100.00 -100.00
 294    44.717 57570.46736365 20.98 124.239625  65.948073 10.971 -100.00 -100.00 -100.00
 295    43.788 57580.38300776 21.63 124.231945  65.948708 11.707  237.77  235.72  240.07
 295    44.645 57580.38300835 21.19 124.238327  65.949046  9.760  237.77  235.72  240.07
 296    44.286 57590.29865071 19.87 124.230289  65.949075  9.908 -100.00 -100.00 -100.00
 296    44.815 57590.29865130 19.07 124.236672  65.949412  7.725 -100.00 -100.00 -100.00
 296    45.031 57590.29865189 26.46 124.243055  65.949750 24.180 -100.00 -100.00 -100.00
 297    40.026 57600.21429087 53.65 124.228517  65.948858  0.362  245.83  245.59  247.24
 297    39.909 57600.21429146 55.96 124.234900  65.949196 32.503  245.83  245.59  247.24
 297    39.885 57600.21429205 56.95 124.241283  65.949534   -100  245.83  245.59  247.24
