-154394.824    68.704     0.00    4.36
-154108.357    68.935     0.81    4.22
-153821.904    68.439    -1.73    4.12
-153535.465    68.048    -1.37    4.43
-153249.040    67.412    -2.22    4.64
-152962.629    66.762    -2.27    4.40
-152676.233    66.368    -1.38    4.19
-152389.851    66.822     1.59    3.97
-152103.482    66.990     0.58    4.41
-151817.128    68.602     5.63    5.39
-151530.788    69.439     2.92    6.18
-151244.463    71.928     8.69    7.74
-150958.151    74.920    10.45    8.39
-150671.853    78.289    11.77    8.81
-150385.570    81.432    10.98    8.44
-150099.301    85.014    12.52    7.77
-149813.046    87.761     9.60    7.42
-149526.804    90.092     8.14    6.12
-149240.577    91.101     3.53    5.73
-148954.365    91.880     2.72    5.26
-148668.166    92.198     1.11    4.61
-148381.981    92.967     2.68    3.96
-148095.811    92.995     0.10    3.62
-147809.654    93.263     0.94    3.16
-147523.512    93.116    -0.52    3.00
-147237.384    93.240     0.43    2.84
-146951.269    93.050    -0.66    2.98
-146665.169    92.981    -0.24    2.89
-146379.083    92.966    -0.05    3.02
-146093.011    92.943    -0.08    3.21
-145806.954    93.154     0.74    3.32
-145520.910    93.025    -0.45    3.63
-145234.880    92.728    -1.04    4.09
-144948.865    92.274    -1.59    4.30
-144662.863    91.758    -1.80    4.46
-144376.876    90.889    -3.04    4.55
-144090.902    90.110    -2.73    4.37
-143804.943    89.229    -3.08    4.08
-143518.998    88.305    -3.23    3.62
-143233.066    87.319    -3.45    3.78
-142947.149    86.749    -1.99    3.67
-142661.246    85.582    -4.08    4.23
-142375.357    84.766    -2.85    5.30
-142089.482    83.767    -3.49    6.20
-141803.621    82.716    -3.68    6.41
-141517.774    81.697    -3.56    6.27
-141231.941    81.401    -1.04    6.42
-140946.122    80.709    -2.42    5.76
-140660.318    80.401    -1.08    5.60
-140374.527    80.412     0.04    5.08
-140088.750    80.047    -1.28    5.14
-139802.987    79.638    -1.43    4.32
-139517.239    78.995    -2.25    4.55
-139231.504    78.431    -1.97    4.41
-138945.783    77.844    -2.05    4.41
-138660.077    77.644    -0.70    3.97
-138374.384    77.544    -0.35    3.76
-138088.705    78.069     1.84    3.42
-137803.041    78.329     0.91    3.24
-137517.390    78.735     1.42    3.40
-137231.754    78.805     0.24    3.77
-136946.131    78.493    -1.09    3.89
-136660.522    78.271    -0.77    3.80
-136374.928    78.018    -0.89    3.76
-136089.347    77.510    -1.78    3.44
-135803.780    76.867    -2.25    3.17
-135518.228    75.864    -3.51    2.86
-135232.689    74.883    -3.44    3.19
-134947.164    73.778    -3.87    3.42
-134661.654    72.244    -5.37    3.91
-134376.157    70.170    -7.26    4.34
-134090.674    68.304    -6.54    5.06
-133805.206    66.664    -5.74    5.19
-133519.751    65.289    -4.82    4.73
-133234.310    63.656    -5.72    4.34
-132948.883    62.187    -5.15    4.27
-132663.470    60.928    -4.41    3.89
-132378.071    60.287    -2.25    4.06
-132092.686    59.153    -3.97    4.14
-131807.315    57.770    -4.85    3.80
-131521.958    56.769    -3.51    3.62
-131236.615    56.521    -0.87    4.40
-130951.286    56.206    -1.10    4.88
-130665.971    54.187    -7.08    7.25
-130380.670    50.683   -12.28    9.87
-130095.382    47.699   -10.46   11.68
-129810.109    44.274   -12.01   12.48
-129524.849    40.099   -14.63   12.31
-129239.604    35.382   -16.54    9.73
-128954.372    32.158   -11.30    7.44
-128669.155    30.357    -6.32    6.05
-128383.951    29.075    -4.50    4.88
-128098.761    27.882    -4.18    3.35
-127813.585    26.645    -4.34    3.08
-127528.423    26.132    -1.80    3.46
-127243.275    26.281     0.52    3.73
-126958.141    26.479     0.69    3.73
-126673.021    26.753     0.96    4.38
-126387.914    28.162     4.94    5.25
-126102.822    30.241     7.29    6.50
-125817.743    32.670     8.52    6.40
-125532.679    33.807     3.99    6.26
-125246.718    34.904     3.83    5.94
-124958.549    35.378     1.65    5.92
-124670.396    36.084     2.45    5.63
-124382.257    36.281     0.69    5.77
-124094.133    37.306     3.56    5.69
-123806.025    39.486     7.56    5.87
-123517.931    41.477     6.91    6.02
-123229.853    43.774     7.97    6.52
-122941.789    45.882     7.32    6.42
-122653.741    47.912     7.05    5.84
-122365.708    49.108     4.15    4.98
-122077.690    49.521     1.43    5.13
-121789.686    49.027    -1.72    6.05
-121501.698    47.720    -4.54    6.69
-121213.725    46.329    -4.83    7.22
-120925.767    44.883    -5.02    7.51
-120637.824    43.240    -5.71    8.51
-120349.896    41.200    -7.08    9.30
-120061.982    38.416    -9.67   10.42
-119774.084    35.326   -10.73   10.70
-119486.201    31.796   -12.26   10.04
-119198.333    28.075   -12.93    9.17
-118910.480    24.866   -11.15    8.65
-118622.642    21.518   -11.63    7.91
-118334.819    19.382    -7.42    7.30
-118047.011    17.077    -8.01    6.66
-117759.218    14.663    -8.39    6.23
-117471.440    12.607    -7.14    5.22
-117183.677    11.205    -4.87    4.24
-116895.929    10.370    -2.90    3.51
-116608.195     9.644    -2.52    2.65
-116320.477     9.523    -0.42    2.55
-116032.774     9.795     0.94    2.63
-115745.086    10.868     3.73    3.19
-115457.413    11.904     3.60    3.88
-115169.754    13.668     6.13    4.69
-114882.111    15.526     6.46    5.26
-114594.483    17.210     5.86    4.83
-114306.869    18.454     4.33    4.05
-114019.271    18.563     0.38    3.96
-113731.687    18.108    -1.58    4.47
-113444.119    17.685    -1.47    4.86
-113156.565    16.700    -3.43    5.14
-112869.027    15.967    -2.55    4.62
-112581.503    15.882    -0.29    4.37
-112293.994    16.353     1.64    4.35
-112006.500    17.858     5.24    4.91
-111719.021    19.928     7.20    5.26
-111431.557    22.156     7.75    5.04
-111144.108    24.132     6.88    5.45
-110856.674    27.230    10.78    5.22
-110569.255    29.897     9.28    5.20
-110281.851    32.648     9.57    5.32
-109994.461    35.251     9.06    6.42
-109707.087    38.411    11.00    6.72
-109419.727    42.431    13.99    7.16
-109132.383    45.497    10.67    6.68
-108845.053    48.443    10.25    6.32
-108557.738    50.458     7.01    5.63
-108270.438    52.256     6.26    4.52
-107983.153    53.816     5.43    4.23
-107695.883    56.211     8.34    4.43
-107408.628    58.364     7.50    4.99
-107121.387    61.710    11.65    7.04
-106834.162    65.088    11.76    7.85
-106546.951    69.137    14.10    7.71
-106259.755    72.364    11.24    6.87
-105972.574    73.867     5.23    5.84
-105685.408    73.832    -0.12    5.82
-105398.257    72.424    -4.90    6.99
-105111.121    69.334   -10.76    8.12
-104824.000    66.051   -11.43    7.99
-104536.893    63.044   -10.47    7.10
-104249.801    59.819   -11.23    5.59
-103962.725    57.897    -6.70    4.77
-103675.663    56.842    -3.68    4.14
-103388.616    56.836    -0.02    4.41
-103101.583    57.967     3.94    5.10
-102814.566    59.064     3.82    5.44
-102527.563    59.888     2.87    5.16
-102240.576    60.974     3.78    4.62
-101953.603    61.851     3.06    3.31
-101666.645    62.021     0.59    2.54
-101379.701    61.033    -3.44    2.76
-101092.773    60.093    -3.28    3.14
-100805.859    59.003    -3.80    4.00
-100518.961    57.626    -4.80    5.00
-100232.077    55.576    -7.14    6.27
 -99945.207    52.746    -9.87    7.38
 -99658.353    49.617   -10.91    8.54
 -99371.514    44.981   -16.16   10.17
 -99084.689    40.137   -16.89   10.63
 -98797.879    36.131   -13.97    9.50
 -98511.084    33.699    -8.48    7.58
 -98224.304    31.981    -5.99    5.63
 -97937.538    31.818    -0.57    4.74
 -97650.787    33.259     5.02    5.35
 -97364.051    36.037     9.69    7.18
 -97077.330    39.812    13.17    8.18
 -96790.624    43.218    11.88    8.75
 -96503.932    46.545    11.60    8.47
 -96217.255    49.657    10.86    8.13
 -95930.593    52.967    11.55    7.76
 -95643.946    55.496     8.82    7.42
 -95357.314    57.709     7.72    7.53
 -95070.696    59.371     5.80    7.50
 -94784.093    61.581     7.71    7.26
 -94497.505    63.220     5.72    6.95
 -94210.931    64.959     6.07    6.37
 -93924.373    66.431     5.14    5.84
 -93637.829    67.071     2.23    5.74
 -93351.300    67.873     2.80    5.27
 -93064.785    68.200     1.14    5.23
 -92778.286    69.083     3.08    4.76
 -92491.801    69.928     2.95    4.82
 -92205.331    71.266     4.67    4.28
 -91918.875    72.561     4.52    4.11
 -91632.434    74.124     5.46    3.93
 -91346.008    75.424     4.54    3.64
 -91059.597    76.379     3.34    3.52
 -90773.201    77.802     4.97    3.43
 -90486.819    78.695     3.12    3.76
 -90200.452    79.772     3.76    4.06
 -89914.099    80.837     3.72    4.74
 -89627.762    82.795     6.84    4.90
 -89341.439    84.670     6.55    4.74
 -89055.131    86.675     7.00    4.93
 -88768.837    88.261     5.54    4.97
 -88482.558    89.481     4.26    5.01
 -88196.294    91.108     5.69    5.18
 -87910.045    91.364     0.89    5.47
 -87623.810    91.013    -1.22    5.64
 -87337.590    91.103     0.31    5.64
 -87051.384    90.912    -0.67    5.32
 -86765.194    91.340     1.50    4.98
 -86479.018    91.943     2.11    4.64
 -86192.857    93.111     4.08    4.89
 -85906.710    94.155     3.65    4.90
 -85620.578    95.227     3.75    4.77
 -85334.461    95.416     0.66    5.22
 -85048.358    94.740    -2.36    5.60
 -84762.270    93.172    -5.48    5.81
 -84476.197    90.850    -8.12    5.28
 -84190.138    88.337    -8.79    4.55
 -83904.094    85.990    -8.20    3.94
 -83618.065    84.335    -5.79    3.60
 -83332.050    83.320    -3.55    3.42
 -83046.050    82.156    -4.07    3.07
 -82760.065    81.416    -2.59    2.86
 -82474.094    80.795    -2.17    2.82
 -82188.138    80.676    -0.42    2.99
 -81902.197    80.881     0.72    3.46
 -81616.270    81.776     3.13    4.62
 -81330.358    82.502     2.54    5.08
 -81044.461    84.548     7.15    6.41
 -80758.578    86.834     8.00    7.31
 -80472.709    89.090     7.89    7.16
 -80186.856    90.582     5.22    6.30
 -79901.017    91.975     4.87    5.13
 -79615.192    92.450     1.66    4.49
 -79329.383    92.662     0.74    4.03
 -79043.588    91.413    -4.37    4.34
 -78757.807    89.605    -6.33    4.22
 -78472.041    87.765    -6.44    4.06
 -78186.290    86.542    -4.28    4.43
 -77900.553    84.888    -5.79    4.90
 -77614.831    82.514    -8.31    5.65
 -77329.123    79.896    -9.16    5.94
 -77043.430    78.064    -6.41    5.36
 -76757.752    76.529    -5.37    4.86
 -76472.088    76.086    -1.55    5.20
 -76186.439    77.431     4.71    6.22
 -75900.804    79.517     7.30    7.42
 -75615.184    81.431     6.70    7.47
 -75329.579    83.358     6.75    6.89
 -75043.988    83.851     1.73    6.44
 -74758.412    84.140     1.01    6.54
 -74472.850    82.882    -4.41    7.06
 -74187.303    80.818    -7.23    7.45
 -73901.770    78.676    -7.50    6.37
 -73616.252    78.031    -2.26    5.64
 -73330.749    77.935    -0.33    5.52
 -73045.260    78.634     2.45    5.64
 -72759.785    80.534     6.66    6.51
 -72474.325    82.920     8.36    7.25
 -72188.880    85.230     8.09    6.76
 -71903.449    86.439     4.24    6.17
 -71618.033    87.021     2.04    5.86
 -71332.631    87.012    -0.03    6.02
 -71047.244    86.157    -2.99    5.99
 -70761.872    86.337     0.63    6.44
 -70476.514    86.447     0.39    6.18
 -70191.170    87.029     2.04    5.65
 -69905.841    87.108     0.28    5.20
 -69620.527    86.648    -1.61    5.61
 -69335.227    85.212    -5.03    6.64
 -69049.941    83.062    -7.54    7.26
 -68764.670    80.496    -9.00    6.55
 -68479.414    78.319    -7.63    5.72
 -68194.172    76.210    -7.39    5.09
 -67908.944    74.589    -5.68    4.57
 -67623.731    72.943    -5.77    4.24
 -67338.533    71.486    -5.11    4.27
 -67053.349    70.170    -4.62    3.97
 -66768.180    68.943    -4.30    3.48
 -66483.025    67.443    -5.26    4.34
 -66197.884    65.377    -7.25    5.26
 -65912.758    63.841    -5.39    5.75
 -65627.647    62.216    -5.70    5.84
 -65342.550    61.099    -3.92    5.53
 -65057.467    60.117    -3.45    5.01
 -64772.399    59.560    -1.95    4.68
 -64487.346    58.635    -3.25    5.37
 -64202.306    56.364    -7.97    6.74
 -63917.282    53.271   -10.85    7.08
 -63632.272    51.517    -6.16    6.60
 -63345.988    51.101    -1.45    5.80
 -63057.760    51.306     0.71    6.16
 -62769.548    53.617     8.02    8.37
 -62481.351    56.868    11.28   10.35
 -62193.170    61.679    16.70   11.59
 -61905.005    67.005    18.48   11.88
 -61616.855    72.067    17.57   11.63
 -61328.721    77.717    19.61   10.64
 -61040.603    81.943    14.67    8.92
 -60752.500    85.849    13.56    6.68
 -60464.413    88.281     8.44    4.71
 -60176.341    90.140     6.45    2.72
 -59888.286    90.927     2.73    1.96
 -59600.245    90.874    -0.18    2.31
 -59312.221    90.060    -2.83    3.56
 -59024.212    88.829    -4.27    4.40
 -58736.218    87.266    -5.43    4.92
 -58448.240    85.126    -7.43    5.28
 -58160.278    82.826    -7.99    5.31
 -57872.331    80.360    -8.56    5.50
 -57584.400    78.269    -7.27    5.20
 -57296.485    76.573    -5.89    5.43
 -57008.585    74.256    -8.05    5.94
 -56720.700    72.103    -7.48    5.75
 -56432.832    69.615    -8.65    5.70
 -56144.979    67.362    -7.83    5.99
 -55857.141    64.321   -10.56    7.70
 -55569.319    60.541   -13.13    9.18
 -55281.512    56.723   -13.27    9.98
 -54993.722    53.725   -10.42    9.58
 -54705.946    50.881    -9.88    8.07
 -54418.186    49.494    -4.82    5.87
 -54130.442    48.749    -2.59    4.29
 -53842.714    50.150     4.87    4.86
 -53555.000    52.413     7.87    5.02
 -53267.303    55.156     9.54    4.61
 -52979.621    57.828     9.29    5.04
 -52691.954    60.451     9.12    4.76
 -52404.303    62.848     8.33    4.59
 -52116.668    64.889     7.10    4.66
 -51829.048    67.274     8.29    4.42
 -51541.444    69.325     7.13    4.28
 -51253.855    71.411     7.26    4.19
 -50966.282    73.752     8.14    4.49
 -50678.724    76.183     8.46    4.78
 -50391.181    78.602     8.41    4.73
 -50103.655    81.218     9.10    5.26
 -49816.143    83.864     9.21    6.22
 -49528.648    86.747    10.03    7.29
 -49241.167    89.668    10.16    7.60
 -48953.703    92.888    11.20    7.85
 -48666.253    96.307    11.90    7.66
 -48378.820    99.396    10.74    7.53
 -48091.401   101.935     8.84    7.41
 -47803.999   104.022     7.26    6.99
 -47516.611   105.822     6.27    6.50
 -47229.239   107.455     5.68    6.07
 -46941.883   108.991     5.35    5.77
 -46654.542   110.035     3.63    5.97
 -46367.217   110.920     3.08    6.07
 -46079.907   112.306     4.83    6.33
 -45792.612   113.126     2.85    6.12
 -45505.333   114.340     4.23    5.69
 -45218.070   115.412     3.73    5.35
 -44930.822   116.693     4.46    5.08
 -44643.589   118.041     4.69    4.31
 -44356.372   118.943     3.14    3.93
 -44069.170   119.935     3.45    3.93
 -43781.984   120.778     2.93    3.54
 -43494.813   121.498     2.51    2.79
 -43207.658   121.982     1.69    1.91
 -42920.518   122.185     0.71    2.09
 -42633.393   122.447     0.91    2.32
 -42346.284   122.605     0.55    2.80
 -42059.190   123.266     2.30    3.40
 -41772.112   123.841     2.00    3.74
 -41485.049   124.316     1.66    4.00
 -41198.002   125.416     3.83    4.00
 -40910.970   126.059     2.24    3.91
 -40623.953   126.859     2.79    3.85
 -40336.952   127.515     2.28    3.78
 -40049.966   128.676     4.05    3.62
 -39762.996   129.625     3.31    3.14
 -39476.041   130.699     3.74    2.67
 -39189.101   131.462     2.66    2.56
 -38902.177   132.138     2.36    2.61
 -38615.268   133.096     3.34    2.87
 -38328.375   133.668     1.99    2.77
 -38041.497   134.351     2.38    3.22
 -37754.634   134.393     0.15    3.74
 -37467.787   134.150    -0.85    4.16
 -37180.955   134.073    -0.27    4.65
 -36894.138   134.021    -0.18    4.78
 -36607.337   134.027     0.02    5.51
 -36320.551   134.142     0.40    5.62
 -36033.781   134.581     1.53    5.32
 -35747.026   134.236    -1.20    5.55
 -35460.286   133.195    -3.63    6.27
 -35173.562   132.447    -2.61    6.97
 -34886.853   131.809    -2.22    7.34
 -34600.159   131.474    -1.17    7.39
 -34313.481   131.605     0.45    7.05
 -34026.818   131.007    -2.09    7.67
 -33740.170   130.413    -2.07    8.16
 -33453.538   131.248     2.91    8.09
 -33166.921   132.134     3.09    8.70
 -32880.319   133.815     5.87    8.85
 -32593.733   135.392     5.50    9.05
 -32307.162   135.775     1.34    8.92
 -32020.606   135.778     0.01    8.59
 -31734.066   136.889     3.88    8.84
 -31447.541   139.538     9.25    8.31
 -31161.031   140.641     3.85    8.26
 -30874.537   141.959     4.60    7.64
 -30588.058   143.592     5.70    6.83
 -30301.594   145.230     5.72    5.96
 -30015.145   145.816     2.05    5.57
 -29728.712   145.043    -2.70    5.69
 -29442.294   145.000    -0.15    5.71
 -29155.891   144.851    -0.52    5.80
 -28869.504   144.562    -1.01    6.04
 -28583.132   143.581    -3.43    6.24
 -28296.775   142.826    -2.64    6.88
 -28010.434   143.215     1.36    7.60
 -27724.108   143.528     1.09    8.25
 -27437.797   144.078     1.92    8.26
 -27151.501   143.508    -1.99    8.32
 -26865.220   143.486    -0.07    8.09
 -26578.955   143.523     0.13    7.53
 -26292.705   142.849    -2.35    7.60
 -26006.471   141.642    -4.22    7.58
 -25720.251   141.080    -1.96    7.96
 -25434.047   141.052    -0.10    8.84
 -25147.858   140.805    -0.86    9.31
 -24861.685   140.324    -1.68    9.20
 -24575.526   139.966    -1.25    9.01
 -24289.383   140.106     0.49    8.85
 -24003.255   139.313    -2.77    7.97
 -23717.143   137.500    -6.34    7.09
 -23431.045   136.292    -4.22    6.48
 -23144.963   134.981    -4.58    6.55
 -22858.896   134.792    -0.66    6.79
 -22572.844   133.982    -2.83    6.92
 -22286.808   134.101     0.41    7.14
 -22000.786   134.292     0.67    6.73
 -21714.780   135.178     3.10    6.57
 -21428.789   135.668     1.71    6.22
 -21142.814   136.610     3.29    5.73
 -20856.853   136.745     0.47    5.23
 -20570.908   135.935    -2.83    5.02
 -20284.978   135.485    -1.58    5.07
 -19999.063   134.660    -2.89    4.14
 -19713.163   134.088    -2.00    4.05
 -19427.279   133.161    -3.24    2.86
 -19141.409   132.548    -2.15    2.93
 -18855.555   132.380    -0.59    3.50
 -18569.716   132.636     0.90    3.71
 -18283.892   133.412     2.71    4.31
 -17998.084   134.355     3.30    4.70
 -17712.290   135.811     5.10    4.98
 -17426.512   136.031     0.77    5.10
 -17140.749   135.905    -0.44    6.81
 -16855.001   133.872    -7.11   10.71
 -16569.268   127.743   -21.45   18.15
 -16283.550   117.552   -35.67   29.85
 -15997.848   100.116   -61.03   41.99
 -15712.161    84.178   -55.79   45.04
 -15426.488    66.557   -61.68   43.99
 -15140.831    49.890   -58.35   36.79
 -14855.190    36.439   -47.09   24.93
 -14569.563    27.770   -30.35   10.17
 -14283.951    24.714   -10.70    3.33
 -13998.355    24.205    -1.78    2.44
 -13712.773    23.867    -1.19    2.36
 -13427.207    23.794    -0.26    2.37
 -13141.656    23.765    -0.10    2.16
 -12856.120    23.864     0.35    2.10
 -12570.599    24.165     1.06    2.00
 -12285.093    24.597     1.51    2.08
 -11999.603    24.967     1.30    1.95
 -11714.127    25.057     0.32    2.02
 -11428.667    24.911    -0.51    2.34
 -11143.221    24.349    -1.97    2.55
 -10857.791    23.636    -2.50    2.59
 -10572.376    22.740    -3.14    2.54
 -10286.976    21.896    -2.96    2.24
 -10001.591    21.097    -2.80    3.24
  -9716.221    19.548    -5.43    5.81
  -9430.867    17.503    -7.16    8.41
  -9145.527    15.866    -5.74    9.68
  -8860.202    14.030    -6.43   10.67
  -8574.893    11.689    -8.20   11.37
  -8289.598     9.373    -8.12   11.61
  -8004.319     6.872    -8.77   11.32
  -7719.055     5.057    -6.36   10.58
  -7433.806     2.769    -8.02    8.96
  -7148.571     1.687    -3.79    7.84
  -6863.352     1.070    -2.16    7.43
  -6578.148     1.258     0.66    7.55
  -6292.959     1.431     0.61    7.66
  -6007.785     2.046     2.16    8.24
  -5722.626     3.676     5.71    9.46
  -5437.483     5.723     7.18   10.56
  -5152.354     8.342     9.18   11.36
  -4867.240    11.495    11.06   11.52
  -4582.141    13.713     7.78   11.06
  -4297.058    16.210     8.76   10.49
  -4011.989    16.384     0.61   10.59
  -3726.935    15.431    -3.34   11.06
  -3441.897    13.161    -7.96   11.88
  -3156.873    10.478    -9.41   12.51
  -2871.865     6.848   -12.74   12.16
  -2586.871     3.532   -11.63   10.69
  -2301.892     0.234   -11.57    7.15
  -2016.929    -1.678    -6.71    2.47
  -1731.980    -2.065    -1.36    0.00
  -1445.361    -2.065     0.00    0.00
  -1157.063    -2.065     0.00    0.00
   -868.781    -2.065     0.00    0.00
   -580.515    -2.065     0.00    0.00
   -292.265    -2.065     0.00    0.00
     -4.032    -2.065     0.00    0.00
    284.185    -2.065     0.00    0.00
    572.386    -2.065     0.00    0.00
    860.571    -2.065     0.00    0.00
   1148.740    -2.065     0.00    0.00
   1436.892    -1.493     1.98    3.22
   1725.028     1.168     9.24    8.25
   2013.148     5.046    13.46   12.30
   2301.252    12.242    24.98   17.77
   2589.340    19.676    25.80   20.71
   2877.411    28.777    31.59   21.02
   3165.467    37.035    28.67   18.19
   3453.506    44.240    25.02   13.07
   3741.529    49.221    17.29    9.14
   4029.536    52.264    10.56    6.10
   4317.526    53.594     4.62    4.20
   4605.501    53.315    -0.97    4.03
   4893.459    52.959    -1.24    4.08
   5181.402    52.758    -0.70    4.37
   5469.328    51.783    -3.39    4.70
   5757.238    51.581    -0.70    4.79
   6045.131    51.529    -0.18    5.16
   6333.009    52.920     4.83    5.41
   6620.871    54.693     6.16    5.27
   6908.716    56.523     6.36    5.20
   7196.545    58.753     7.75    4.88
   7484.358    61.248     8.67    4.38
   7772.155    63.036     6.21    3.61
   8059.936    63.872     2.91    3.01
   8347.701    63.470    -1.40    3.80
   8635.450    61.838    -5.67    5.71
   8923.182    60.052    -6.21    6.70
   9210.899    58.668    -4.81    6.58
   9498.599    57.618    -3.65    5.96
   9786.283    56.805    -2.83    5.24
  10073.952    56.500    -1.06    5.25
  10361.604    57.199     2.43    5.29
  10649.240    57.896     2.42    4.81
  10936.860    58.423     1.83    3.43
  11224.463    57.224    -4.17    5.52
  11512.051    55.807    -4.93    7.62
  11799.623    54.340    -5.10    9.26
  12087.178    52.626    -5.96   10.90
  12374.718    52.006    -2.15   11.66
  12662.241    51.997    -0.03   12.30
  12949.749    53.784     6.22   11.50
  13237.240    55.615     6.37   10.89
  13524.715    57.371     6.11    9.19
  13812.175    59.491     7.38    5.86
  14099.618    60.428     3.26    3.60
  14387.045    60.848     1.46    3.11
  14674.456    60.805    -0.15    2.78
  14961.851    60.626    -0.62    2.82
  15249.230    60.076    -1.91    2.99
  15536.593    59.488    -2.04    3.12
  15823.940    59.134    -1.23    2.86
  16111.271    58.653    -1.67    2.54
  16398.586    58.324    -1.14    2.46
  16685.885    58.229    -0.33    2.32
  16973.168    58.428     0.69    2.15
  17260.435    58.707     0.97    1.87
  17547.686    58.928     0.77    1.80
  17834.921    58.806    -0.42    2.23
  18122.140    58.715    -0.32    2.71
  18409.342    58.735     0.07    3.20
  18696.529    58.111    -2.17    3.92
  18983.700    57.357    -2.63    5.09
  19270.855    56.419    -3.27    5.66
  19557.994    55.817    -2.10    5.72
  19845.117    54.959    -2.99    5.91
  20132.224    53.500    -5.08    6.17
  20419.315    53.029    -1.64    6.83
  20706.390    53.134     0.36    7.01
  20993.449    53.528     1.37    7.40
  21280.492    53.673     0.51    7.81
  21567.519    54.199     1.83    8.20
  21854.530    55.788     5.54    8.32
  22141.525    57.487     5.92    7.58
  22428.505    59.597     7.35    6.81
  22715.468    61.242     5.73    5.92
  23002.415    62.494     4.36    5.07
  23289.346    63.836     4.68    4.62
  23576.262    64.663     2.88    4.50
  23863.161    65.897     4.30    4.73
  24150.045    67.005     3.86    4.77
  24436.913    68.161     4.03    4.80
  24723.764    69.645     5.17    4.72
  25010.600    70.455     2.82    4.45
  25297.420    71.498     3.64    3.79
  25584.224    71.889     1.36    4.06
  25871.012    71.967     0.27    4.64
  26157.784    71.858    -0.38    5.14
  26444.540    71.177    -2.37    5.93
  26731.281    70.342    -2.91    6.53
  27018.005    69.463    -3.06    7.23
  27304.713    67.800    -5.80    7.68
  27591.406    67.085    -2.50    7.71
  27878.083    66.226    -3.00    7.21
  28164.744    66.121    -0.36    6.87
  28451.389    66.271     0.52    6.74
  28738.018    66.311     0.14    6.91
  29024.631    65.501    -2.83    8.40
  29311.228    62.777    -9.51   10.46
  29597.809    60.248    -8.82   11.43
  29884.375    57.613    -9.20   10.53
  30170.925    55.685    -6.73    9.84
  30457.459    55.253    -1.51    9.21
  30743.976    56.792     5.37    8.67
  31030.479    58.485     5.91    8.22
  31316.965    60.340     6.48    7.52
  31603.435    61.723     4.83    7.80
  31889.890    61.717    -0.02    8.79
  32176.328    60.975    -2.59   10.09
  32462.751    59.289    -5.89   11.20
  32749.158    58.806    -1.69   10.99
  33035.550    57.455    -4.72   10.75
  33321.925    56.703    -2.63   11.15
  33608.284    55.024    -5.86   11.11
  33894.628    55.537     1.79   10.97
  34180.956    57.290     6.12   11.68
  34467.268    59.253     6.86   11.78
  34753.564    61.110     6.49   11.40
  35039.845    63.000     6.60   10.00
  35326.109    64.935     6.76    8.57
  35612.358    66.542     5.61    7.20
  35898.591    66.973     1.51    7.17
  36184.808    67.495     1.82    6.59
  36471.010    68.046     1.93    5.33
  36757.195    68.981     3.27    4.38
  37043.365    68.783    -0.69    4.17
  37329.519    68.558    -0.79    5.07
  37615.658    68.157    -1.40    5.73
  37901.780    68.419     0.92    6.03
  38187.887    69.435     3.55    6.38
  38473.978    70.229     2.77    6.93
  38760.053    71.509     4.47    7.63
  39046.112    72.837     4.64    7.99
  39332.156    75.189     8.22    6.96
  39618.184    77.084     6.62    6.58
  39904.196    78.048     3.37    7.49
  40190.192    78.501     1.58    8.12
  40476.173    78.800     1.05    8.37
  40762.138    79.563     2.67    8.29
  41048.087    80.015     1.58    8.49
  41334.020    80.935     3.22    7.77
  41619.938    81.369     1.52    7.07
  41905.839    81.223    -0.51    6.96
  42191.726    80.843    -1.33    7.00
  42477.596    80.602    -0.84    6.65
  42763.451    79.287    -4.60    7.15
  43049.290    78.096    -4.17    7.65
  43335.113    77.250    -2.96    7.73
  43620.920    76.990    -0.91    8.21
  43906.712    77.131     0.49    8.41
  44192.488    76.463    -2.34    8.78
  44478.249    76.098    -1.28    8.60
  44763.993    76.500     1.41    8.24
  45049.722    77.092     2.07    7.40
  45335.436    78.213     3.93    6.55
  45621.133    79.491     4.47    5.42
  45906.815    80.349     3.01    4.85
  46192.481    80.919     2.00    4.92
  46478.132    79.335    -5.55    6.94
  46763.767    78.097    -4.34    7.88
  47049.386    76.424    -5.86    8.77
  47334.989    76.451     0.09    9.05
  47620.577    76.447    -0.01    8.50
  47906.149    76.378    -0.24    8.17
  48191.706    75.348    -3.61    8.66
  48477.246    75.578     0.81    9.64
  48762.772    75.157    -1.48   10.99
  49048.281    72.919    -7.84   11.94
  49333.775    70.560    -8.26   12.29
  49619.253    68.298    -7.92   11.67
  49904.716    69.982     5.90   12.26
  50190.162    72.435     8.59   12.61
  50475.594    75.870    12.03   12.44
  50761.009    78.685     9.86   11.59
  51046.409    81.078     8.38    9.98
  51331.794    83.305     7.80    8.47
  51617.162    85.031     6.05    7.34
  51902.515    86.427     4.89    7.50
  52187.853    87.112     2.40    7.50
  52473.175    87.324     0.74    7.23
  52758.481    87.431     0.38    5.73
  53043.771    86.459    -3.41    5.84
  53329.046    86.365    -0.33    5.27
  53614.306    86.312    -0.18    5.10
  53899.549    85.471    -2.95    4.89
  54184.778    84.162    -4.59    5.03
  54469.990    84.032    -0.46    5.45
  54755.187    84.818     2.76    5.52
  55040.368    85.792     3.42    5.50
  55325.534    84.935    -3.01    5.44
  55610.684    84.300    -2.23    5.57
  55895.819    84.071    -0.80    5.62
  56180.938    84.279     0.73    5.14
  56466.042    83.743    -1.88    5.05
  56751.129    83.139    -2.12    5.38
  57036.202    84.067     3.26    6.05
  57321.259    86.040     6.92    6.50
  57606.300    87.323     4.50    6.44
  57891.325    88.025     2.46    6.31
  58176.335    89.134     3.89    5.87
  58461.330    88.967    -0.59    6.22
  58746.309    87.847    -3.93    6.79
  59031.272    86.623    -4.29    7.41
  59316.220    86.551    -0.25    7.84
  59601.152    86.726     0.61    7.57
  59886.069    86.247    -1.68    7.03
  60170.970    86.356     0.38    6.52
  60457.993    87.302     3.30    6.45
  60746.348    87.355     0.18    5.88
  61034.688    87.316    -0.13    5.29
  61323.010    88.195     3.05    6.01
  61611.316    89.471     4.43    6.95
  61899.605    89.842     1.29    7.82
  62187.877    89.983     0.49    8.66
  62476.132    90.661     2.35    8.70
  62764.371    92.563     6.60    8.44
  63052.593    93.097     1.85    8.09
  63340.798    93.015    -0.28    9.09
  63628.986    93.889     3.03    9.77
  63917.158    94.879     3.43   10.10
  64205.313    96.404     5.29    9.11
  64493.451    96.657     0.88    8.85
  64781.573    95.356    -4.52    8.93
  65069.678    94.263    -3.79    9.56
  65357.766    93.048    -4.22   10.32
  65645.837    91.059    -6.90   11.49
  65933.892    89.381    -5.83   12.20
  66221.930    88.669    -2.47   11.61
  66509.951    88.633    -0.13   10.91
  66797.956    87.790    -2.93   10.41
  67085.944    87.276    -1.78    8.98
  67373.915    86.467    -2.81    6.98
  67661.870    86.239    -0.79    5.17
  67949.807    85.620    -2.15    4.44
  68237.729    83.817    -6.26    4.25
  68525.633    81.959    -6.45    3.27
  68813.521    80.881    -3.75    2.60
  69101.392    80.239    -2.23    2.40
  69389.247    79.855    -1.33    2.34
  69677.084    78.881    -3.38    3.42
  69964.905    77.371    -5.25    4.87
  70252.710    75.615    -6.10    5.30
  70540.498    74.207    -4.89    5.21
  70828.269    73.431    -2.70    5.27
  71116.024    74.841     4.90    7.18
  71403.762    78.201    11.68   10.00
  71691.483    81.896    12.84   10.81
  71979.187    85.626    12.96   10.10
  72266.876    88.158     8.80    9.29
  72554.547    89.978     6.33    9.10
  72842.202    90.680     2.44    9.59
  73129.840    89.226    -5.05   10.59
