# NaN NaN NaN ;Mean Elev.(m), Avg Gradient(m/km), RMS Gradient(m/km) - SRTM1     
#   80.937  -0.605   5.623 ;Mean Elev.(m), Avg Gradient(m/km), RMS Gradient(m/km) - ASTER GDEM
#   70.000  -1.173   5.499 ;Mean Elev.(m), Avg Gradient(m/km), RMS Gradient(m/km) - GMTED2010 
   1 129.661930  61.766268    90.006    90.009  7 54668.06999580 48.498
   2 129.666218  61.768906   213.151   213.245  8 54677.98564083  9.240
   3 129.670870  61.771973     7.813     7.856  9 54687.90128464  7.432
   4 129.668263  61.771527   213.407   213.448  9 54697.81692545  9.410
   5 129.669070  61.770159     8.690     8.850  9 54707.73256727  5.480
   6 129.666328  61.767591   213.107   212.867  8 54717.64821848  8.387
   7 129.660187  61.764116    11.365    11.369  6 54727.56386677  4.198
   8 129.658501  61.763949   212.939   212.985  6 54737.47951431 10.843
   9 129.662866  61.767266   212.954   213.142  8 54747.39516254 16.017
  10 129.669884  61.771193    88.689    88.690  9 54757.31081071 48.501
  11 129.668163  61.770473    88.447    88.445  8 54767.22645558 49.894
  12 129.663760  61.766795    87.604    87.623  7 54777.14209659 41.440
  13 129.656595  61.762347    89.800    89.587  6 54787.05773481 25.411
  14 129.658762  61.762511    90.844    90.706  6 54796.97337323 23.454
  15 129.661183  61.764555    90.003    89.847  8 54806.88901154 22.066
  16 129.660987  61.765578    89.008    88.811  7 54816.80464888 22.018
  17 129.661626  61.766980    89.219    88.981  7 54826.72029767 20.440
  18 129.663924  61.768199    88.808    88.510  8 54836.63593713 20.187
  19 129.670453  61.771333    88.783    88.782  9 54846.55158756 19.191
  20 129.669157  61.772319    89.087    88.792  9 54856.46723646 18.719
  21 129.669156  61.773853    88.501    88.479  9 54866.38288558 18.120
  22 129.671240  61.774668    88.909    89.318  9 54876.29853431 17.618
  23 129.671449  61.773338    88.812    88.642  9 54886.21417968 17.493
  24 129.668207  61.770164    89.517    89.608  8 54896.12982107 17.096
  25 129.662638  61.766965    89.071    89.013  7 54906.04545953 16.240
  26 129.666031  61.767684    90.848    91.117  8 54915.96109802 15.036
  27 129.663089  61.767287    90.694    90.979  8 54925.87673553 15.230
  28 129.666979  61.768422    91.022    91.449  8 54935.79237315 15.092
  29 129.663722  61.766113   211.821   211.935  7 54945.70800780 14.571
  30 129.656926  61.761384    89.702    89.705  7 54955.62363932 40.031
  31 129.656939  61.760760   212.514   212.578  6 54965.53928687 13.455
  32 129.657190  61.761770    93.416    93.432  7 54975.45493495 41.436
  33 129.659284  61.764450    94.261    94.267  7 54985.37058325 52.787
  35 129.665261  61.768890    93.478    93.507  8 55005.20187844 26.375
  36 129.665171  61.769337    92.546    92.545  8 55015.11752260 24.139
  37 129.669320  61.771033    91.145    91.183  9 55025.03316584 49.207
  38 129.670616  61.772452    90.613    90.446  9 55034.94880821 27.798
  39 129.668742  61.772031    89.422    89.406  9 55044.86444931 43.258
  40 129.668333  61.770316    90.412    90.429  9 55054.78008864 44.105
  41 129.658036  61.764383    91.167    91.185  6 55064.69572433 39.845
  42 129.652135  61.761549    91.763    91.765  4 55074.61137054 57.210
  43 129.658852  61.763993    90.187    90.222  6 55084.52701936 44.016
  44 129.661267  61.766114    91.607    91.567  7 55094.44266625 37.096
  45 129.661435  61.767062    90.231    90.195  7 55104.35831270 44.939
  46 129.665535  61.768381    90.278    90.268  8 55114.27395935 53.561
  47 129.662477  61.766428    88.719    88.742  7 55124.18960252 32.077
  48 129.658581  61.764087    87.921    87.962  6 55134.10524274 42.689
  49 129.658508  61.763410    87.940    87.958  6 55144.02088131 28.984
  50 129.659970  61.764408    88.153    88.074  6 55153.93651950 24.400
  51 129.663446  61.766177    88.302    88.250  7 55163.85215827 23.087
  52 129.661869  61.766135    88.579    88.467  7 55173.76779611 21.012
  53 129.661844  61.765728   168.612   165.995  7 55183.68343422  2.023
  54 129.661470  61.766885    88.550    88.593  7 55193.59908546 19.718
  55 129.667548  61.770632    88.378    88.400  9 55203.51473638 19.271
  56 129.668513  61.772728    88.176    88.168  9 55213.43038604 18.539
  57 129.669934  61.773585    88.467    88.154  9 55223.34603517 16.836
  58 129.667827  61.771531    89.197    88.741  9 55233.26168214 15.662
  59 129.665891  61.768315    89.466    89.376  8 55243.17732577 15.424
  60 129.661540  61.765453    90.569    91.175  7 55253.09296597 14.621
  61 129.662636  61.766161    90.512    91.043  7 55263.00860488 13.932
  62 129.663761  61.767860    91.391    91.296  8 55272.92424289 13.972
  63 129.663438  61.767810    91.392    91.283  8 55282.83988024 13.626
  64 129.658508  61.764443    91.498    91.433  6 55292.75551553 13.020
  65 129.658459  61.761817    88.864    88.549  6 55302.67115084 16.651
  66 129.656245  61.760708    90.137    90.047  6 55312.58679809 28.289
  67 129.656531  61.762014   214.188   214.117  6 55322.50244365 14.381
  68 129.661627  61.765628   213.634   213.555  7 55332.41808875 12.765
  69 129.665945  61.768571   213.738   213.462  8 55342.33373369 10.484
  70 129.665689  61.768605    93.041    93.095  9 55352.24937763 27.066
  71 129.666373  61.768336    91.382    91.382  8 55362.16501943 47.733
  72 129.661070  61.766849    90.970    90.807  7 55372.08065850 27.822
  73 129.669783  61.770354    89.707    89.779  9 55381.99629797 45.132
  74 129.664440  61.769559    91.913    91.901  8 55391.91193489 42.409
  75 129.666250  61.769208    88.929    88.944  8 55401.82757109 44.385
  76 129.666391  61.767588    89.423    89.260  8 55411.74322114 31.822
  77 129.658170  61.762905    91.924    91.312  7 55421.65886939 22.889
  78 129.658616  61.762096    91.376    91.663  6 55431.57451610 24.685
  79 129.658014  61.763634    90.480    90.456  6 55441.49016089 34.347
  80 129.665902  61.768274    89.807    89.856  8 55451.40580535 34.923
  81 129.664858  61.768818    89.447    89.462  8 55461.32144787 30.227
  82 129.662776  61.766454    88.584    88.586  8 55471.23708859 44.609
  83 129.657570  61.762256    88.128    88.165  6 55481.15272588 42.544
  84 129.656911  61.760322    88.000    87.966  6 55491.06836140 46.503
  85 129.656225  61.760560    87.159    87.197  6 55500.98399511 40.526
  86 129.660414  61.764396    88.207    88.224  6 55510.89963897 26.881
  87 129.666817  61.768772    88.741    88.607  8 55520.81528969 26.596
  88 129.664616  61.768896    89.323    89.113  8 55530.73093802 23.075
  89 129.665472  61.768735    89.427    89.402  9 55540.64658497 20.923
  90 129.666241  61.768881    89.696    89.596  8 55550.56222984 19.517
  91 129.668245  61.770739    89.207    89.160  9 55560.47787348 18.878
  92 129.670773  61.772922    89.458    89.635  9 55570.39351644 18.203
  93 129.669983  61.772437    89.373    89.319  9 55580.30915779 17.881
  94 129.666218  61.768498    89.650    89.611  8 55590.22479562 17.690
  95 129.657210  61.761775    89.423    89.238  6 55600.14042950 17.667
  96 129.654986  61.758671    89.169    89.214  7 55610.05606208 17.844
  97 129.655614  61.759298    89.157    89.244  6 55619.97169392 17.269
  98 129.659312  61.764049    88.875    88.776  6 55629.88734538 16.452
  99 129.665844  61.767840    89.601    89.583  8 55639.80299723 15.711
 100 129.661360  61.765396    89.897    89.812  7 55649.71864494 15.300
 101 129.655765  61.761274    89.106    88.871  6 55659.63428903 16.166
 102 129.656377  61.760499    91.030    90.943  7 55669.54993049 11.543
 103 129.659125  61.762770   213.129   212.839  6 55679.46557048 14.159
 104 129.663935  61.766537   212.995   212.936  7 55689.38120896 11.887
 105 129.664850  61.768013    93.367    93.395  8 55699.29684534 53.165
 106 129.660871  61.766221    91.123    91.085  7 55709.21248277 28.473
 107 129.661276  61.766103    92.709    92.732  7 55719.12813340 25.792
 108 129.666507  61.768115    92.107    92.099  8 55729.04378229 51.676
 109 129.664421  61.768601    90.788    90.710  8 55738.95942885 27.793
 110 129.668260  61.770915    89.362    89.434  8 55748.87507490 39.529
 111 129.668600  61.770754    88.504    88.544  9 55758.79071799 39.265
 112 129.665698  61.767827    88.486    88.357  8 55768.70635768 38.520
 113 129.658915  61.762763    91.307    91.321  6 55778.62199360 32.673
 114 129.654691  61.759378    91.873    92.260  6 55788.53762748 28.859
 115 129.657464  61.760319    90.783    90.767  6 55798.45326126 29.765
 116 129.657745  61.762682    90.205    90.019  6 55808.36890659 27.248
 117 129.661912  61.765811    89.701    89.613  7 55818.28455642 38.934
 118 129.659607  61.764280    90.662    91.382  7 55828.20020111 29.322
 119 129.657964  61.761613    89.484    89.464  6 55838.11584134 30.781
 120 129.653998  61.758878    91.594    91.709  6 55848.03147822 24.485
 121 129.657674  61.760756    88.686    88.682  6 55857.94711407 34.713
 122 129.661475  61.764982    88.172    88.206  8 55867.86276104 41.417
 123 129.665801  61.769088    88.668    88.720  9 55877.77841369 24.161
 124 129.666238  61.769662    88.442    88.388  9 55887.69405913 22.602
 125 129.665772  61.768370    88.261    88.226  8 55897.60969857 21.374
 126 129.659883  61.765071    88.568    88.478  7 55907.52533228 19.605
 127 129.660907  61.766238    88.503    88.414  7 55917.44097938 19.717
 128 129.668042  61.769905    88.630    88.573  8 55927.35663383 17.659
 129 129.669589  61.770552    88.550    88.489  9 55937.27228401 17.471
 130 129.661134  61.766407    88.849    88.723  7 55947.18792778 16.870
 131 129.657678  61.763257    88.927    88.674  6 55957.10356754 16.139
 132 129.658883  61.762517    89.705    89.845  6 55967.01920542 15.291
 133 129.658349  61.762908    89.933    89.959  6 55976.93484227 15.233
 134 129.657582  61.763429    90.130    90.168  6 55986.85047838 15.291
 135 129.658363  61.763487    90.449    90.274  6 55996.76611610 15.061
 136 129.660024  61.763816    92.030    91.506  6 56006.68176769 13.927
 137 129.657607  61.762252    92.371    92.333  6 56016.59741460 13.847
 138 129.659542  61.763276    92.166    91.649  6 56026.51305935 13.383
 139 129.662402  61.765807    87.965    88.322  7 56036.42870275 27.110
 140 129.664536  61.768061    87.173    87.184  8 56046.34434410 28.228
 141 129.665452  61.768979   216.220   217.213  8 56056.25998238 15.467
 142 129.661149  61.766761   213.609   213.373  7 56066.17561562 12.558
 143 129.665368  61.768024    92.536    92.473  8 56076.09126318 33.004
 144 129.666238  61.769094    93.711    93.644  8 56086.00691254 33.906
 145 129.665977  61.769404    94.003    94.019  9 56095.92255926 50.085
 146 129.664450  61.768591    92.187    92.179  8 56105.83820359 42.678
 147 129.662727  61.766639    93.786    93.775  7 56115.75383329 39.418
 148 129.660160  61.764102    92.164    92.046  6 56125.66947069 24.958
 149 129.658163  61.761716    93.209    93.216  6 56135.58510422 28.525
 150 129.657801  61.761730    93.246    93.264  6 56145.50074641 25.256
 151 129.659106  61.763526    90.251    90.241  6 56155.41639664 34.457
 152 129.660750  61.765311    90.617    90.458  7 56165.33204592 30.245
 153 129.662999  61.766250    89.842    89.889  7 56175.24769297 35.039
 154 129.657740  61.763866    89.503    89.518  6 56185.16333383 30.741
 155 129.657383  61.762673    91.358    90.689  6 56195.07897146 24.921
 156 129.659495  61.763211    92.797    93.110  6 56204.99460653 22.377
 157 129.660370  61.764233    88.879    88.860  6 56214.91023998 41.638
 158 129.659621  61.765139    87.615    87.675  7 56224.82587712 38.769
 159 129.665663  61.768464    88.347    88.271  8 56234.74153366 26.414
 160 129.667185  61.769306    88.805    88.693  8 56244.65718558 21.890
 161 129.665695  61.768904    89.082    89.071  8 56254.57283214 20.795
 162 129.666064  61.769423    89.109    88.856  9 56264.48847489 20.413
 163 129.669915  61.770875    89.399    89.528  9 56274.40411634 20.078
 164 129.669721  61.770203    90.356    90.688  9 56284.31976091 18.130
 165 129.661771  61.766505    89.643    89.206  7 56294.23541097 18.758
 166 129.657994  61.763748    89.165    88.875  6 56304.15105721 18.546
 167 129.660095  61.764100    88.783    88.408  6 56314.06670040 18.058
 168 129.661064  61.765540    89.323    88.958  7 56323.98234147 17.159
 169 129.666926  61.768410    90.761    90.890  8 56333.89798242 15.907
 170 129.662675  61.766594    90.837    91.321  8 56343.81362123 15.594
 171 129.658259  61.763389    89.846    89.919  6 56353.72925756 16.478
 172 129.655760  61.761531    90.225    90.244  6 56363.64490024 16.456
 173 129.657824  61.763184    90.405    90.365  6 56373.56054955 15.910
 175 129.667215  61.770648    91.574    91.691  9 56393.39184162 13.160
 176 129.668715  61.771588    86.792    86.567  9 56403.30748430 35.818
 177 129.670361  61.771227   215.385   215.424  9 56413.22312395 14.362
 178 129.661603  61.766620    89.818    89.847  7 56423.13875718 42.044
 179 129.662502  61.766818    93.460    93.451  7 56433.05440052 38.751
 180 129.666364  61.769717    92.928    92.947  9 56442.97005357 25.596
 181 129.667878  61.771582   214.297   213.887  9 56452.88570371 12.440
 182 129.669707  61.771440    91.118    91.137  9 56462.80135103 46.168
 183 129.665487  61.767973    90.161    90.164  8 56472.71699409 52.371
 184 129.659351  61.763642    92.921    93.273  7 56482.63263346 22.725
 185 129.657825  61.762463    90.600    90.666  7 56492.54827010 35.237
 186 129.660301  61.763930    93.225    93.255  6 56502.46390504 25.220
 187 129.659975  61.764451    93.011    93.023  6 56512.37953809 33.253
 188 129.663627  61.765950    91.101    91.091  7 56522.29518614 37.230
 189 129.658183  61.763817    91.746    91.583  6 56532.21083806 25.763
 191 129.660101  61.764199    88.873    88.894  6 56552.04213213 33.918
 192 129.666173  61.768407    90.079    89.455  8 56561.95777587 27.520
 193 129.670159  61.771948    88.869    88.843  9 56571.87341813 54.536
 194 129.671834  61.773013    87.806    87.826  9 56581.78905811 47.543
 195 129.666079  61.769010    87.328    87.306  8 56591.70469254 46.355
 196 129.662753  61.766750    88.090    88.033  7 56601.62034131 30.596
 197 129.663139  61.767030    89.276    88.942  8 56611.53599110 18.375
 198 129.666102  61.769382    88.845    89.032  9 56621.45163691 18.235
 199 129.670310  61.771719    89.216    89.501  9 56631.36727987 17.789
 200 129.665693  61.769096    89.763    89.604  8 56641.28291750 17.747
 201 129.663270  61.765980    89.999    89.664  7 56651.19856504 17.901
 202 129.657640  61.762496    89.802    89.682  6 56661.11421443 17.119
 203 129.657212  61.762548    90.433    90.568  6 56671.02986141 16.586
 204 129.662389  61.766604    90.877    91.151  7 56680.94550732 15.365
 205 129.669043  61.770444    90.581    90.717  9 56690.86115141 14.898
 206 129.665722  61.769001    91.793    91.378  9 56700.77679046 15.124
 207 129.662467  61.765215    92.849    91.463  7 56710.69242446 14.591
 208 129.658256  61.762726    91.258    91.384  7 56720.60806671 14.182
 210 129.666255  61.769845    91.421    91.329  9 56740.43936832 13.439
 211 129.671579  61.773976    90.863    90.975  9 56750.35501331 13.429
 212 129.669591  61.773332    88.086    87.156  9 56760.27065217 19.151
 213 129.669572  61.770698   213.937   213.547  9 56770.18628448 18.372
 214 129.664914  61.768269    90.006    89.967  8 56780.10193572 38.442
 215 129.666559  61.769209    93.494    93.499  8 56790.01759120 40.901
 216 129.671192  61.772292    90.997    91.214  9 56799.93324390 31.842
 217 129.668027  61.772675    90.064    90.090  9 56809.84888900 35.297
 218 129.670351  61.772662    90.318    90.408  9 56819.76452939 37.950
 219 129.665897  61.768414    91.944    91.927  8 56829.68016481 32.252
 221 129.657856  61.760769    90.528    90.514  6 56849.51142964 35.752
 222 129.659204  61.764035    90.123    89.536  7 56859.42708473 29.811
 223 129.665858  61.769151    88.238    88.247  9 56869.34273964 42.917
 224 129.670963  61.771894    88.826    88.823  9 56879.25839178 39.634
 225 129.668685  61.770412    89.944    89.622  9 56889.17403928 25.680
 226 129.665604  61.768258    88.826    88.782  8 56899.08968387 35.014
 227 129.665417  61.768822    90.340    90.158  8 56909.00532665 28.997
 228 129.670826  61.772420    90.639    90.646  9 56918.92096840 50.816
 229 129.671257  61.774147    90.553    90.761  9 56928.83660738 27.453
 230 129.671042  61.773457    88.700    88.700  9 56938.75224164 43.704
 231 129.670047  61.770651    87.650    87.604  9 56948.66787568 51.010
 232 129.665354  61.768210    86.773    86.755  8 56958.58352789 37.505
 233 129.666293  61.768262    88.236    88.076  8 56968.49917573 25.759
 234 129.666727  61.768985    88.627    88.178  8 56978.41481974 23.476
 235 129.669677  61.770236    88.348    88.159  9 56988.33045959 21.873
 236 129.661226  61.766180    88.595    88.372  7 56998.24609165 21.537
 237 129.659602  61.764540    88.747    88.552  7 57008.16174065 20.742
 238 129.658835  61.763441    88.788    88.443  6 57018.07739368 19.468
 239 129.658345  61.763572    89.096    88.811  6 57027.99304353 18.417
 240 129.662453  61.766557    88.973    88.659  8 57037.90869233 17.988
 241 129.663997  61.768579    89.158    89.101  8 57047.82433825 17.575
 242 129.669676  61.770436    90.413    90.635  9 57057.73998075 15.524
 243 129.662864  61.766882    90.791    91.017  8 57067.65561593 14.999
 244 129.663102  61.765593    91.146    91.191  7 57077.57124775 14.748
 245 129.660212  61.764297    90.629    90.722  6 57087.48687968 14.409
 246 129.669258  61.770204    90.629    90.680  9 57097.40253994 13.698
 247 129.670176  61.773001    93.548    91.956  9 57107.31819623  8.259
 248 129.667688  61.772673    91.268    91.319  9 57117.23384691 11.077
 249 129.671216  61.772495    90.748    91.166  9 57127.14949192 12.173
 250 129.666164  61.769347    89.891    89.517  9 57137.06513034 12.752
 251 129.665283  61.767784    89.565    89.451  8 57146.98076524 30.849
 252 129.661725  61.765798    95.095    95.093  7 57156.89639735 55.660
 253 129.662619  61.766103    91.955    91.918  8 57166.81204164 50.146
 254 129.666387  61.767894   212.743   212.877  8 57176.72769854 11.915
 255 129.661082  61.765884    93.165    93.189  7 57186.64335021 35.110
 256 129.658174  61.764483    91.974    91.952  6 57196.55899807 31.324
 257 129.664002  61.766518    92.253    92.233  7 57206.47463357 34.374
 258 129.661469  61.766866    90.594    90.591  7 57216.39027847 50.600
 259 129.667124  61.769271    89.416    89.403  8 57226.30592320 32.140
 260 129.664722  61.768417    88.704    88.718  8 57236.22156478 30.854
 261 129.666107  61.768053    88.899    88.403  8 57246.13720327 29.442
 262 129.661028  61.766010    89.096    88.872  7 57256.05283835 26.024
 263 129.666778  61.768226    87.710    87.689  8 57265.96847363 43.614
 264 129.665643  61.769129    87.270    87.276  8 57275.88411729 54.815
 265 129.667079  61.770925    88.089    88.060  9 57285.79977450 33.225
 266 129.669357  61.771471    88.488    88.478  9 57295.71542874 52.575
 267 129.668160  61.770411    88.727    87.980  8 57305.63107884 28.760
 268 129.664685  61.769171    87.047    87.087  8 57315.54672491 44.880
 269 129.669080  61.770951    87.057    87.070  9 57325.46236888 40.873
 270 129.668513  61.770785    87.294    87.284  9 57335.37801023 27.889
 271 129.669750  61.770742    87.020    87.095  9 57345.29365683 26.159
 272 129.663189  61.767732    87.036    86.971  8 57355.20930364 24.700
 273 129.663137  61.766596    88.886    88.773  7 57365.12494733 21.023
 274 129.658182  61.764534    88.858    88.393  6 57375.04058703 20.034
 275 129.662308  61.766119    88.855    88.886  7 57384.95622605 18.626
 276 129.662740  61.766408    89.114    88.973  8 57394.87186407 17.580
 277 129.658234  61.764584    88.497    88.575  6 57404.78750044 17.209
 278 129.658458  61.764517    89.243    89.177  6 57414.70314799 16.006
 279 129.662341  61.766396    89.341    89.035  7 57424.61879990 15.728
 280 129.669407  61.770177    90.483    90.450  9 57434.53444942 14.465
 281 129.667909  61.771903    89.818    89.663  9 57444.45009621 14.337
 282 129.668143  61.773197    90.477    90.512  9 57454.36574244 13.473
 283 129.668591  61.772825    90.436    90.495  9 57464.28138669 13.342
 284 129.668091  61.770076    91.530    91.320  8 57474.19702685 13.106
 286 129.662843  61.765156    90.145    89.905  7 57494.02829666 13.516
 287 129.663272  61.765536    88.819    88.699  7 57503.94392870 27.872
 288 129.662700  61.767091    87.754    87.736  8 57513.85958292 38.493
 289 129.662661  61.767021    89.827    89.822  8 57523.77523737 54.411
 290 129.662842  61.765637    91.527    91.547  7 57533.69088938 29.985
 291 129.656466  61.762816    92.167    92.116  6 57543.60653755 48.544
 292 129.663098  61.765617    93.977    93.956  7 57553.52218501 41.207
 293 129.664931  61.768055    92.120    92.118  8 57563.43783055 31.362
 294 129.664966  61.769407    91.169    91.174  8 57573.35347533 31.734
 295 129.668627  61.770280    90.300    90.356  9 57583.26912017 43.486
 296 129.664545  61.767958    91.452    91.489  8 57593.18476202 25.527
 297 129.665703  61.767811    92.975    92.976  8 57603.10040222 26.455
