# NaN NaN NaN ;Mean Elev.(m), Avg Gradient(m/km), RMS Gradient(m/km) - SRTM1     
#   44.074  -1.610   7.975 ;Mean Elev.(m), Avg Gradient(m/km), RMS Gradient(m/km) - ASTER GDEM
#   29.305  -3.132  11.424 ;Mean Elev.(m), Avg Gradient(m/km), RMS Gradient(m/km) - GMTED2010 
   1 127.353063  63.964602    61.899    61.884 17 54666.11914638 50.254
   2 127.348462  63.965113    61.186    61.184 16 54676.03479060 32.838
   3 127.344265  63.966203     7.683     7.457 17 54685.95043349 13.900
   4 127.344261  63.966971    63.438    63.406 16 54695.86607509 52.194
   5 127.341698  63.964959    11.628    13.711 17 54705.78171384  8.088
   6 127.358339  63.965896    63.166    63.175 16 54715.69736783 28.709
   7 127.359274  63.963973    12.923    12.926 15 54725.61301771 10.057
   8 127.359642  63.964165    65.445    62.389 16 54735.52866586 25.372
   9 127.353294  63.965201    62.720    61.638 17 54745.44431260 27.033
  10 127.345219  63.965592    60.902    60.824 17 54755.35995872 44.502
  11 127.350785  63.966251    60.214    60.195 17 54765.27560481 41.277
  12 127.357689  63.964965    59.683    59.701 15 54775.19124794 45.038
  13 127.360752  63.963272    60.306    60.228 14 54785.10688816 34.437
  14 127.360678  63.963227    60.331    60.280 15 54795.02252659 31.370
  15 127.354595  63.963970    60.102    60.136 17 54804.93816377 28.317
  16 127.352849  63.965128    60.356    60.390 17 54814.85380085 25.243
  17 127.352867  63.965686    60.425    60.432 17 54824.76944656 23.375
  18 127.356999  63.966102    60.283    60.284 16 54834.68508665 23.494
  19 127.353015  63.965836    60.063    60.090 18 54844.60073606 23.508
  20 127.349548  63.966622    59.950    59.984 17 54854.51638480 22.424
  21 127.340589  63.966915    59.710    59.804 18 54864.43203286 21.918
  22 127.336567  63.966855    59.677    59.691 18 54874.34768108 21.614
  23 127.343982  63.967078    59.735    59.885 16 54884.26332778 21.177
  24 127.353801  63.966275    60.003    60.050 17 54894.17897119 20.757
  25 127.357486  63.964801    60.178    60.171 15 54904.09461126 20.524
  26 127.354451  63.963961    60.048    60.130 17 54914.01024956 19.660
  27 127.352835  63.964911    60.149    60.214 17 54923.92588749 18.071
  28 127.348926  63.965114    60.410    60.434 16 54933.84152435 15.029
  29 127.354088  63.965183    61.466    61.671 18 54943.75716009 22.652
  30 127.359082  63.963496    60.492    60.461 15 54953.67279358 36.035
  31 127.361767  63.962319    62.304    62.307 14 54963.58843841 46.516
  32 127.362233  63.963022    66.796    64.946 15 54973.50408694 24.286
  33 127.359733  63.964744    64.747    64.761 16 54983.41973459 46.172
  34 127.342894  63.963677   132.908   132.908  2 54993.33538049  1.557
  35 127.350086  63.966035    64.360    64.400 17 55003.25102784 42.345
  36 127.351055  63.966189    63.623    63.649 18 55013.16667245 45.701
  37 127.353349  63.966288    62.229    62.319 17 55023.08231575 39.180
  38 127.350468  63.966426    63.288    62.576 17 55032.99795781 28.312
  39 127.340015  63.965341    61.358    61.342 17 55042.91359834 34.305
  40 127.344607  63.966043    62.522    61.640 17 55052.82923880 26.148
  41 127.352802  63.965767    61.966    61.984 17 55062.74487731 54.497
  42 127.358352  63.964814    62.743    62.081 15 55072.66052197 24.828
  43 127.358702  63.963758    61.669    61.680 15 55082.57617025 28.961
  44 127.359998  63.964517    62.056    62.065 16 55092.49181724 51.811
  45 127.357025  63.965378    65.905    62.653 17 55102.40746360 27.265
  46 127.349390  63.965170    63.064    62.242 16 55112.32310913 23.789
  47 127.353776  63.965588    61.438    61.265 18 55122.23875351 29.863
  48 127.358279  63.964800    60.344    60.339 15 55132.15439489 47.271
  49 127.360852  63.963766    58.752    58.747 15 55142.07003401 44.325
  50 127.360138  63.963801    59.860    59.835 16 55151.98567225 37.920
  51 127.358525  63.964811    59.799    59.827 15 55161.90131069 31.887
  52 127.351604  63.964742    59.959    60.048 17 55171.81694816 27.503
  53 127.353446  63.965348    59.823    59.866 17 55181.73258492 25.828
  54 127.354255  63.965944    59.863    59.896 17 55191.64823484 24.873
  55 127.348367  63.965779    59.689    59.794 16 55201.56388443 24.696
  56 127.344695  63.966139    59.574    59.665 17 55211.47953367 23.665
  57 127.341407  63.966099    59.417    59.499 18 55221.39518247 22.909
  58 127.348452  63.966777    59.459    59.450 17 55231.31083115 22.014
  59 127.353479  63.966151    59.520    59.432 17 55241.22647630 22.021
  60 127.353185  63.964554    59.557    59.562 17 55251.14211735 21.547
  61 127.357818  63.964820    59.655    59.655 16 55261.05775668 21.098
  62 127.359892  63.965564    59.847    59.857 16 55270.97339490 19.181
  63 127.358342  63.965594    59.934    59.827 16 55280.88903263 19.010
  64 127.359541  63.965417    60.191    60.188 16 55290.80466939 18.188
  65 127.360299  63.964297    60.266    60.325 16 55300.72030371 18.197
  66 127.361414  63.963736    59.686    59.675 15 55310.63595004 27.307
  67 127.360135  63.963461    59.796    59.777 15 55320.55159546 37.739
  68 127.360116  63.964454    60.400    60.347 16 55330.46724006 45.904
  69 127.357896  63.965586    66.830    66.801 16 55340.38288439 54.223
  70 127.354963  63.965972    67.884    68.258 17 55350.29852837 21.134
  71 127.349320  63.965187    63.681    63.680 16 55360.21416989 41.931
  72 127.349190  63.965334    67.596    66.687 16 55370.12980981 22.098
  73 127.349642  63.965823    65.571    62.556 17 55380.04544829 24.274
  74 127.350708  63.966495    63.854    63.837 17 55389.96108611 48.026
  75 127.348932  63.965640    62.595    61.792 17 55399.87672244 28.670
  76 127.356253  63.965670    62.070    61.271 17 55409.79237039 27.042
  77 127.359644  63.964566    62.368    62.344 15 55419.70802096 52.748
  78 127.358749  63.963495    63.538    61.445 15 55429.62366790 24.791
  79 127.358982  63.964367    61.427    61.425 15 55439.53931263 53.660
  80 127.358758  63.965815    62.119    62.180 16 55449.45495597 39.672
  81 127.355691  63.965742    62.401    61.584 17 55459.37059855 32.796
  82 127.358448  63.965396    61.942    61.116 16 55469.28624080 27.305
  83 127.359175  63.963862    60.334    60.363 15 55479.20187957 36.312
  84 127.362053  63.963306    60.129    60.081 15 55489.11751576 43.232
  85 127.361026  63.963180    59.289    59.323 14 55499.03314932 45.359
  86 127.358199  63.964178    60.016    59.941 15 55508.94878886 36.438
  87 127.357016  63.965671    60.245    60.267 16 55518.86443892 25.856
  88 127.353820  63.965900    60.370    60.396 18 55528.78008775 26.238
  89 127.353301  63.965934    60.189    60.221 18 55538.69573498 24.531
  90 127.350927  63.965773    60.007    60.000 17 55548.61137979 19.891
  91 127.345582  63.965769    59.936    59.940 17 55558.52702264 18.252
  92 127.341991  63.966136    59.939    59.889 18 55568.44266485 18.244
  93 127.341028  63.965512    59.861    59.831 17 55578.35830639 17.494
  94 127.356691  63.966187    59.968    59.978 16 55588.27394725 17.240
  95 127.361496  63.963951    60.129    60.101 15 55598.18958380 16.433
  96 127.361458  63.962285    60.165    60.177 14 55608.10521730 16.197
  97 127.360834  63.962572    60.222    60.242 15 55618.02084896 16.010
  98 127.359095  63.964668    60.240    60.288 15 55627.93649514 14.278
  99 127.353114  63.964667    60.358    60.334 17 55637.85214585 13.502
 100 127.357658  63.964677    60.178    60.151 15 55647.76779544 13.732
 101 127.362402  63.963730    60.447    60.459 15 55657.68344206 13.123
 102 127.363609  63.963253    60.397    60.417 15 55667.59908428 12.235
 103 127.361531  63.964052    60.454    60.510 15 55677.51472365 33.485
 104 127.355112  63.964858    60.335    60.386 16 55687.43036077 37.201
 105 127.353828  63.965790    66.850    66.337 18 55697.34599713 39.968
 106 127.355845  63.965572    62.506    62.548 17 55707.26163234 39.990
 107 127.359362  63.965887    63.170    63.165 16 55717.17728392 46.933
 108 127.352285  63.964898    68.537    68.043 17 55727.09293176 19.644
 109 127.349536  63.965695    63.594    62.486 16 55737.00857843 28.904
 110 127.339876  63.965176    61.489    61.473 17 55746.92422308 32.784
 111 127.347052  63.966318    62.052    62.018 18 55756.83986735 53.273
 112 127.357457  63.965993    60.614    60.608 16 55766.75550921 31.104
 113 127.359579  63.963362    60.805    60.822 15 55776.67114715 34.378
 114 127.361618  63.962090    62.251    62.410 14 55786.58678251 30.194
 115 127.361580  63.962981    61.648    61.648 14 55796.50241616 27.997
 116 127.357247  63.964253    61.844    60.884 16 55806.41805721 28.230
 117 127.359122  63.965973    61.620    61.593 16 55816.33370671 27.214
 118 127.359103  63.964702    61.993    62.020 15 55826.24935271 24.548
 119 127.362759  63.963343    62.402    61.576 15 55836.16499460 24.758
 120 127.362945  63.962196    60.682    60.766 14 55846.08063283 37.597
 121 127.361537  63.963108    60.175    60.182 14 55855.99626842 48.360
 122 127.359554  63.965316    59.893    59.876 16 55865.91191038 41.095
 123 127.350499  63.966019    60.417    60.432 17 55875.82756224 37.743
 124 127.348820  63.965811    60.652    60.729 16 55885.74320876 32.657
 125 127.353248  63.965646    60.551    60.578 17 55895.65885003 26.512
 126 127.357780  63.965320    60.469    60.471 16 55905.57448608 23.495
 127 127.356733  63.965770    60.488    60.522 16 55915.49012866 23.102
 128 127.348476  63.965887    60.425    60.492 17 55925.40578167 22.508
 129 127.349903  63.966633    60.346    60.398 17 55935.32143241 20.283
 130 127.352283  63.965279    60.271    60.258 17 55945.23707825 20.146
 131 127.359854  63.963984    60.411    60.418 15 55955.15272016 18.758
 132 127.361069  63.962738    60.404    60.423 15 55965.06835874 19.562
 133 127.363089  63.964130    60.355    60.397 15 55974.98399623 18.782
 134 127.353661  63.964185    60.232    60.172 17 55984.89963156 18.330
 135 127.358548  63.965453    60.258    60.250 16 55994.81526579 18.295
 136 127.356483  63.964335    60.329    60.343 16 56004.73091766 16.968
 137 127.363192  63.963836    60.478    60.543 15 56014.64656653 15.811
 138 127.360735  63.963015    60.524    60.570 15 56024.56221148 15.426
 139 127.358573  63.964452    60.521    60.590 16 56034.47785461 16.000
 140 127.356515  63.966500    60.505    60.497 16 56044.39349574 25.895
 141 127.345560  63.965718    60.475    60.449 17 56054.30913308 46.750
 142 127.351220  63.966119    67.909    67.864 18 56064.22476843 56.088
 143 127.356767  63.966039    64.776    64.874 16 56074.14041235 25.712
 144 127.355072  63.965793    65.925    64.429 17 56084.05606192 21.899
 145 127.352553  63.965864    64.445    64.447 18 56093.97170903 48.674
 146 127.350294  63.966051    62.893    62.854 17 56103.88735399 46.299
 147 127.353084  63.965961    64.895    63.852 18 56113.80298488 18.594
 148 127.358122  63.965288    65.374    62.688 16 56123.71862374 28.716
 149 127.359484  63.963167    62.940    62.916 15 56133.63425820 46.325
 150 127.362468  63.962803    65.620    63.764 14 56143.54989732 19.359
 151 127.359332  63.963467    62.615    61.683 15 56153.46554763 22.724
 152 127.359048  63.965344    62.668    62.680 16 56163.38119697 34.901
 153 127.351500  63.964906    63.601    62.622 17 56173.29684341 27.225
 154 127.354658  63.964799    62.549    62.502 16 56183.21248582 41.419
 155 127.358798  63.964015    63.010    62.237 15 56193.12812450 20.015
 156 127.360932  63.963605    60.913    61.045 15 56203.04376026 27.714
 157 127.357741  63.963752    60.866    60.943 15 56212.95939382 26.838
 158 127.357173  63.965160    60.541    60.551 15 56222.87502599 49.783
 159 127.350549  63.966078    58.947    59.067 17 56232.79068175 42.060
 160 127.350317  63.966530    59.318    59.375 17 56242.70633401 38.511
 161 127.346640  63.965307    59.742    59.773 17 56252.62198136 36.347
 162 127.352415  63.965866    59.709    59.756 18 56262.53762521 33.244
 163 127.353300  63.965963    59.702    59.742 18 56272.45326662 32.079
 164 127.352697  63.965776    59.759    59.823 17 56282.36890875 28.074
 165 127.355021  63.966048    59.642    59.721 17 56292.28456100 26.466
 166 127.354171  63.964728    59.519    59.485 17 56302.20020835 26.658
 167 127.358121  63.964297    59.495    59.550 15 56312.11585197 25.405
 168 127.360363  63.964540    59.407    59.465 15 56322.03149328 24.326
 169 127.358436  63.965015    59.342    59.391 15 56331.94713360 24.968
 170 127.352414  63.964465    59.473    59.616 17 56341.86277298 22.717
 171 127.353046  63.964230    59.512    59.569 17 56351.77841071 22.016
 172 127.359284  63.964387    59.462    59.489 15 56361.69405120 22.567
 173 127.360245  63.964534    59.517    59.519 15 56371.60970065 22.397
 174 127.357512  63.965047    59.725    59.725 16 56381.52534718 21.210
 175 127.350955  63.965616    60.169    60.286 17 56391.44099128 19.724
 176 127.341005  63.964844    61.519    61.586 17 56401.35663334 30.198
 177 127.349172  63.966558    59.944    59.691 17 56411.27227454 43.213
 178 127.348658  63.965509    60.029    60.125 16 56421.18790976 36.244
 179 127.354747  63.966071    66.079    66.172 17 56431.10354915 39.217
 180 127.346521  63.965318    64.816    64.770 17 56441.01920121 44.549
 181 127.348690  63.966262    66.230    64.028 17 56450.93485186 19.678
 182 127.350641  63.966101    64.642    64.651 18 56460.85050006 48.156
 183 127.355682  63.965634    62.602    62.554 17 56470.76614521 54.994
 184 127.357581  63.964620    61.942    61.956 15 56480.68178638 53.869
 185 127.358279  63.964122    63.538    63.492 15 56490.59742359 45.832
 186 127.358617  63.964340    64.866    64.832 16 56500.51305838 39.896
 187 127.358629  63.964483    64.076    64.080 15 56510.42869176 40.409
 188 127.358703  63.964645    65.392    63.833 16 56520.34433528 19.060
 189 127.359280  63.964907    63.142    63.222 16 56530.25998886 31.204
 190 127.359124  63.964676    62.160    62.164 16 56540.17563841 40.211
 191 127.354468  63.964071    61.869    61.846 17 56550.09128317 45.407
 192 127.353681  63.965312    62.367    61.684 18 56560.00692607 24.883
 193 127.350650  63.966292    61.406    61.403 17 56569.92256770 53.647
 194 127.344910  63.966070    60.700    60.741 17 56579.83820762 48.596
 195 127.349073  63.965911    60.029    60.047 17 56589.75384450 48.164
 196 127.353492  63.965795    58.264    58.414 17 56599.66949049 43.886
 197 127.354873  63.966042    59.584    59.714 17 56609.58514123 33.283
 198 127.350082  63.966011    59.262    59.361 17 56619.50078659 24.960
 199 127.350284  63.966641    59.276    59.268 17 56629.41642931 24.197
 200 127.349877  63.965553    59.462    59.578 17 56639.33206863 22.006
 201 127.359017  63.965147    59.506    59.447 16 56649.24771455 22.033
 202 127.360464  63.963973    59.646    59.602 15 56659.16336588 20.063
 203 127.357885  63.963650    59.556    59.570 15 56669.07901295 19.488
 204 127.352452  63.964509    59.432    59.455 17 56678.99465742 19.596
 205 127.350246  63.965640    59.337    59.374 17 56688.91030067 19.008
 206 127.353193  63.965869    59.347    59.440 17 56698.82594168 17.594
 207 127.359916  63.965151    59.468    59.535 16 56708.74157832 17.893
 208 127.359262  63.963696    59.474    59.520 15 56718.65721692 17.097
 210 127.349908  63.965924    59.502    59.637 17 56738.48851731 15.980
 211 127.344405  63.967135    59.579    59.695 16 56748.40416175 15.405
 212 127.339671  63.966241    59.461    59.660 17 56758.31980149 21.735
 213 127.348391  63.965973    61.186    60.842 16 56768.23543645 33.827
 214 127.352891  63.965524    60.125    60.035 18 56778.15108342 36.588
 215 127.351875  63.965872    65.244    65.243 18 56788.06673931 45.197
 216 127.341363  63.965331    64.608    64.576 17 56797.98239070 50.187
 217 127.340956  63.966346    63.382    63.332 18 56807.89803753 54.859
 218 127.349055  63.966898    63.120    63.197 17 56817.81367917 52.809
 219 127.352267  63.964956    63.114    63.117 17 56827.72931659 43.524
 221 127.360604  63.962907    61.887    61.867 15 56847.56058248 30.903
 222 127.354543  63.963969    62.604    62.602 17 56857.47623420 40.503
 223 127.352039  63.965992    61.623    61.601 18 56867.39188764 48.277
 224 127.347328  63.965721    61.919    61.896 19 56877.30753906 48.084
 225 127.350856  63.965537    62.367    61.584 17 56887.22318808 32.750
 226 127.352937  63.964719    61.664    61.636 17 56897.13883419 45.581
 227 127.352625  63.965213    61.564    61.538 17 56907.05447738 37.390
 228 127.348144  63.966510    61.803    61.059 17 56916.97011808 31.917
 229 127.340642  63.967010    63.122    62.460 17 56926.88575646 26.385
 230 127.339999  63.966818    61.222    61.118 18 56936.80139178 39.786
 231 127.348792  63.965974    60.134    60.158 17 56946.71702256 49.704
 232 127.357038  63.966019    59.350    59.364 16 56956.63267736 46.475
 233 127.351835  63.964604    58.745    58.830 17 56966.54832553 41.025
 234 127.348580  63.965128    59.339    59.409 16 56976.46396987 29.488
 235 127.341464  63.964860    59.513    59.560 17 56986.37960931 26.344
 236 127.348351  63.965139    59.388    59.374 16 56996.29524439 21.523
 237 127.356488  63.964389    59.348    59.359 16 57006.21088921 20.212
 238 127.360793  63.963603    59.411    59.385 15 57016.12654407 19.062
 239 127.360092  63.963700    59.501    59.486 16 57026.04219455 18.001
 240 127.353257  63.964727    59.437    59.477 17 57035.95784247 17.333
 241 127.348537  63.965817    59.384    59.403 17 57045.87348798 15.928
 242 127.347053  63.965719    59.717    59.659 17 57055.78913035 14.661
 243 127.356617  63.965702    59.747    59.748 17 57065.70476861 14.811
 244 127.357220  63.964332    59.806    59.748 16 57075.62040141 14.768
 245 127.358901  63.964371    59.777    59.762 15 57085.53603137 14.888
 246 127.349809  63.965609    59.856    59.832 17 57095.45168674 14.732
 247 127.340530  63.966471    60.268    60.297 18 57105.36734239 11.946
 248 127.339607  63.966939    60.890    60.897 17 57115.28299430 11.625
 249 127.344001  63.966244    60.754    60.866 17 57125.19864034 11.442
 250 127.352414  63.965910    61.062    61.065 17 57135.11428145 11.351
 251 127.353953  63.964896    60.116    60.135 17 57145.02991752 29.868
 252 127.358943  63.965821    60.952    60.958 16 57154.94555154 38.458
 253 127.353761  63.965314    65.793    65.802 17 57164.86118985 47.872
 254 127.350707  63.965467    64.254    64.294 17 57174.77684621 41.936
 255 127.351851  63.964669    64.294    64.296 17 57184.69249933 42.362
 256 127.358457  63.964413    64.126    64.114 16 57194.60814902 38.041
 257 127.359763  63.964415    64.461    62.595 16 57204.52378455 25.635
 258 127.352931  63.964600    62.655    62.639 17 57214.43942943 39.305
 259 127.353333  63.966373    63.183    61.380 17 57224.35507356 26.321
 260 127.348512  63.965931    62.167    61.375 17 57234.27071519 26.677
 261 127.352145  63.965664    61.581    61.576 17 57244.18635440 47.792
 262 127.358112  63.965538    61.477    61.486 16 57254.10199128 27.835
 263 127.353689  63.964697    60.845    60.837 17 57264.01762570 37.351
 264 127.353571  63.966060    60.189    60.131 17 57273.93326491 33.583
 265 127.340610  63.965677    60.334    60.402 17 57283.84892096 32.080
 266 127.339267  63.965835    60.732    60.738 17 57293.76457535 52.691
 267 127.349565  63.966782    60.009    59.988 17 57303.68022734 52.457
 268 127.350598  63.965635    59.295    59.366 18 57313.59587447 49.400
 269 127.354582  63.966023    58.880    58.943 17 57323.51151882 48.134
 270 127.353225  63.966079    58.915    58.946 17 57333.42716073 38.387
 271 127.351202  63.965965    59.181    59.248 18 57343.34280063 34.725
 272 127.351407  63.966040    59.162    59.193 18 57353.25845370 33.612
 273 127.352490  63.965046    59.054    59.016 17 57363.17409786 27.512
 274 127.356689  63.964378    59.153    59.184 16 57373.08973897 24.567
 275 127.358145  63.964456    59.194    59.202 16 57383.00537802 21.898
 276 127.357954  63.965040    59.153    59.141 16 57392.92101648 21.350
 277 127.358462  63.965791    59.165    59.130 16 57402.83665408 20.942
 278 127.356095  63.965616    59.168    59.054 17 57412.75229783 20.376
 279 127.353387  63.965425    59.205    59.272 18 57422.66794919 19.538
 280 127.352727  63.965948    59.200    59.211 18 57432.58359808 19.365
 281 127.347369  63.966100    59.202    59.317 17 57442.49924470 18.351
 282 127.341967  63.966170    59.251    59.364 18 57452.41489064 17.491
 283 127.344196  63.966939    59.228    59.316 16 57462.33053571 18.008
 284 127.341059  63.965164    59.332    59.420 17 57472.24617654 17.504
 285 127.348497  63.964933    59.501    59.528 16 57482.16181456 16.491
 286 127.359094  63.965587    59.576    59.636 16 57492.07744989 17.172
 287 127.358164  63.964840    59.712    59.754 16 57501.99308194 27.971
 288 127.357752  63.965343    59.722    59.716 16 57511.90873152 40.398
 289 127.351592  63.964657    60.814    60.790 17 57521.82438609 31.372
 290 127.354787  63.964938    63.891    63.924 16 57531.74003917 46.091
 291 127.357369  63.964833    64.423    64.414 16 57541.65568888 42.373
 292 127.354018  63.964027    64.980    65.006 17 57551.57133516 45.009
 293 127.358376  63.965541    63.692    63.677 16 57561.48698095 39.289
 294 127.356514  63.966229    65.655    63.378 16 57571.40262570 18.891
 295 127.351752  63.965826    62.696    62.014 18 57581.31827001 24.399
 296 127.352435  63.965818    65.566    63.149 18 57591.23391307 20.157
 297 127.354159  63.965958    66.007    63.919 17 57601.14955351 19.977
