# NaN NaN NaN ;Mean Elev.(m), Avg Gradient(m/km), RMS Gradient(m/km) - SRTM1     
#   32.833  -0.714   4.928 ;Mean Elev.(m), Avg Gradient(m/km), RMS Gradient(m/km) - ASTER GDEM
#   25.000  -1.579   9.190 ;Mean Elev.(m), Avg Gradient(m/km), RMS Gradient(m/km) - GMTED2010 
   2 125.603684  64.644808    52.797    52.837  3 54670.10143099 37.708
   3 125.603614  64.645869     4.370     4.196  4 54680.01707506 26.850
   4 125.602102  64.646586   115.283   115.382  3 54689.93271782 27.066
   5 125.603054  64.646630    11.905    11.919  3 54699.84835853 17.162
   6 125.602918  64.645282    53.589    53.561  3 54709.76400331 54.593
   7 125.605561  64.644383    13.248    13.307  4 54719.67965482 15.783
   8 125.605862  64.643362    54.904    54.923  3 54729.59530353 43.746
   9 125.605241  64.643415    53.378    53.195  3 54739.51095069 51.003
  10 125.605086  64.644192    52.985    52.973  3 54749.42659797 40.662
  11 125.604720  64.644872   113.303   112.786  3 54759.34224501  6.714
  12 125.603080  64.644402   117.479   117.479  2 54769.25788953  2.349
  13 125.605458  64.643599    52.582    52.396  3 54779.17353101 19.623
  14 125.607579  64.642621    52.250    52.306  4 54789.08916993 23.152
  15 125.609442  64.642687    52.451    52.441  3 54799.00480782 20.786
  16 125.606833  64.643105    52.910    52.865  4 54808.92044535 17.204
  17 125.605276  64.643849    53.472    53.377  4 54818.83608255 16.216
  18 125.604535  64.644762    53.003    52.822  3 54828.75173451 16.896
  19 125.603484  64.645259    53.472    53.811  3 54838.66737327 15.618
  20 125.602555  64.646118    53.501    53.604  3 54848.58302241 15.103
  21 125.602434  64.647253    53.484    53.704  3 54858.49867117 14.671
  22 125.601712  64.648013    53.914    53.951  4 54868.41431998 13.943
  23 125.601209  64.647398    53.460    53.361  3 54878.32996791 13.855
  24 125.605092  64.646193    53.354    53.299  3 54888.24561309 14.322
  25 125.606126  64.644495    53.367    53.423  4 54898.16125466 14.110
  26 125.605978  64.643953    54.000    53.598  3 54908.07689363 12.581
  27 125.606459  64.644567    54.044    53.908  4 54917.99253144 12.737
  28 125.603961  64.644561    54.842    54.667  3 54927.90816878 11.468
  29 125.605829  64.644075    53.699    53.745  3 54937.82380579 12.067
  30 125.607257  64.642787    53.893    53.924  4 54947.73944096 22.968
  31 125.608981  64.641622    52.587    52.587  4 54957.65507608 43.207
  32 125.607891  64.641822    56.196    55.836  3 54967.57072449 30.304
  33 125.606729  64.642885    55.947    55.945  3 54977.48637198 56.696
  34 125.604931  64.643922    55.926    55.941  3 54987.40201947 54.337
  35 125.603597  64.644374    55.895    55.887  4 54997.31766712 33.958
  36 125.604179  64.644822    55.081    55.100  3 55007.23331321 53.753
  37 125.603419  64.645213    55.139    55.454  3 55017.14895706 27.208
  38 125.604302  64.646343    53.783    53.979  3 55027.06459966 33.625
  39 125.603043  64.647376    53.133    53.080  3 55036.98024157 43.731
  40 125.603262  64.647455    52.720    52.612  3 55046.89588256 33.902
  41 125.604551  64.645874    53.810    53.929  3 55056.81152162 45.292
  42 125.605599  64.643252    52.881    52.898  3 55066.72715822 35.008
  43 125.607819  64.642458    53.043    53.085  3 55076.64280850 52.135
  44 125.608819  64.643258    52.571    52.531  3 55086.55845645 34.718
  45 125.605266  64.644313    53.373    53.353  4 55096.47410241 50.122
  46 125.604465  64.645087    53.152    53.103  4 55106.38974828 37.599
  47 125.604151  64.644403    52.952    52.969  4 55116.30539369 49.695
  48 125.607626  64.643292    52.028    52.003  3 55126.22103707 42.815
  49 125.609646  64.642469   123.126   123.171  4 55136.13667787  3.312
  50 125.608259  64.642424    56.240    56.224  4 55146.05231633 23.858
  51 125.605615  64.643440    55.914    55.846  4 55155.96795397 25.228
  52 125.604200  64.644304    54.691    54.945  3 55165.88359184 25.558
  53 125.605389  64.644765    52.516    52.272  3 55175.79922965 25.508
  54 125.604831  64.644056    52.843    52.856  3 55185.71487096 24.584
  55 125.604440  64.644524    52.487    52.481  3 55195.63052200 22.744
  56 125.602988  64.645864    53.293    53.534  4 55205.54617178 22.213
  57 125.601650  64.647492    53.051    52.892  3 55215.46182098 21.528
  58 125.602539  64.648124    53.773    54.034  3 55225.37746978 21.228
  59 125.604622  64.646725    52.647    52.433  3 55235.29311646 21.069
  60 125.604027  64.643654    52.409    52.318  4 55245.20875945 20.009
  61 125.610014  64.642673    52.138    52.172  3 55255.12440034 20.879
  62 125.608004  64.643040    52.121    52.132  3 55265.04003897 19.920
  63 125.605454  64.644718    52.210    52.248  3 55274.95567675 19.490
  64 125.604972  64.645404    52.942    53.130  3 55284.87131392 18.653
  65 125.605268  64.643746    52.826    52.617  3 55294.78694925 18.195
  66 125.609291  64.641756    52.942    52.992  3 55304.70258779 22.699
  67 125.609964  64.640923    52.615    52.661  4 55314.61823503 29.079
  68 125.608179  64.641964    52.609    52.449  4 55324.53388042 44.520
  69 125.605881  64.644000    52.537    52.561  3 55334.44952459 38.667
  70 125.603502  64.645342    56.882    56.823  3 55344.36516846 29.752
  71 125.604137  64.645437    54.577    54.567  4 55354.28081183 55.933
  72 125.605344  64.644993    55.030    54.968  4 55364.19645312 27.512
  73 125.603524  64.644483    54.351    54.144  4 55374.11209242 31.438
  74 125.603886  64.645304    53.296    53.268  3 55384.02773078 45.397
  75 125.603658  64.646132    54.247    54.192  4 55393.94336824 54.008
  76 125.604316  64.646112    52.789    52.754  3 55403.85900572 37.534
  77 125.604717  64.644884    52.663    52.623  4 55413.77465737 35.251
  78 125.606568  64.642875    53.021    52.984  3 55423.69030614 40.708
  79 125.609365  64.641691    52.406    52.335  3 55433.60595247 40.072
  80 125.607855  64.642325    52.877    52.798  4 55443.52159693 40.139
  81 125.605590  64.644017    52.979    52.893  4 55453.43724008 40.996
  82 125.604337  64.645337    52.644    52.639  4 55463.35288250 37.360
  83 125.604654  64.644360    52.931    52.967  3 55473.26852272 29.819
  84 125.607073  64.642262   125.329   125.586  3 55483.18416018  4.385
  85 125.611383  64.640945    51.397    51.448  3 55493.09979572 25.990
  86 125.609449  64.641140    53.466    53.443  4 55503.01542933 20.373
  87 125.605764  64.643315    52.952    53.269  3 55512.93107590 19.859
  88 125.604232  64.645525    53.644    53.687  4 55522.84672545 16.794
  89 125.602827  64.646028    53.774    53.896  4 55532.76237337 16.069
  90 125.604898  64.645635    53.955    53.817  3 55542.67801987 15.163
  91 125.603596  64.644957    55.218    54.104  3 55552.59366404 14.104
  92 125.603301  64.645670    55.247    55.139  4 55562.50930716 13.505
  93 125.603035  64.646649    55.962    55.998  3 55572.42494965 12.821
  94 125.601694  64.646252    54.289    54.317  3 55582.34059072 12.557
  95 125.605935  64.644829    54.615    54.600  4 55592.25622892 12.465
  96 125.607697  64.642210    55.097    54.738  4 55602.17186349 11.905
  97 125.608962  64.640615    55.290    55.277  4 55612.08749593 11.653
  98 125.609032  64.641030    54.850    54.791  4 55622.00312999 11.613
  99 125.607069  64.643235    54.754    54.597  4 55631.91878280 10.831
 100 125.604793  64.644198    55.449    55.269  4 55641.83443330 10.831
 101 125.605639  64.643750    54.756    54.813  4 55651.75008118 10.978
 102 125.610143  64.642525    54.773    55.161  3 55661.66572541 10.737
 103 125.610409  64.641718    53.084    53.107  4 55671.58136613 30.663
 104 125.609979  64.642518    52.578    52.606  3 55681.49700539 42.258
 105 125.605892  64.643817    52.289    52.303  4 55691.41264268 40.509
 106 125.603505  64.644790    57.112    57.132  3 55701.32827849 45.725
 107 125.605126  64.645348    54.327    54.080  4 55711.24391990 32.111
 108 125.603454  64.644978    55.098    55.169  3 55721.15956956 25.737
 109 125.605757  64.645418    54.584    54.589  4 55731.07521752 52.428
 110 125.602760  64.645286    53.208    53.130  3 55740.99086365 40.590
 111 125.602757  64.645627    53.052    53.101  3 55750.90650883 40.867
 112 125.604429  64.645373    52.514    52.515  3 55760.82215174 40.990
 113 125.604779  64.644078    52.773    52.551  4 55770.73779160 35.257
 114 125.607513  64.642506    52.902    52.866  3 55780.65342825 36.786
 115 125.609275  64.641527    53.189    53.193  4 55790.56906230 50.798
 116 125.610330  64.641655    52.878    52.829  4 55800.48469524 34.305
 117 125.607163  64.642769    52.290    52.208  4 55810.40034367 37.506
 118 125.604909  64.643534    52.960    52.870  4 55820.31599243 32.766
 119 125.605482  64.643196    52.788    52.809  3 55830.23163673 35.729
 120 125.608406  64.642142    53.137    52.818  3 55840.14727664 36.269
 121 125.610203  64.641497    51.546    51.594  3 55850.06291339 33.353
 122 125.608685  64.642030    54.753    54.670  3 55859.97854788 21.031
 123 125.607021  64.644182    51.021    50.834  4 55869.89419837 19.396
 124 125.605119  64.645643    54.341    54.415  4 55879.80984923 16.421
 125 125.605020  64.645947    52.329    52.340  3 55889.72549349 27.603
 126 125.605149  64.645372    54.193    54.409  3 55899.64113189 16.945
 127 125.604412  64.644649    53.206    53.368  3 55909.55676539 18.036
 128 125.603146  64.645264    52.837    52.448  3 55919.47241654 18.934
 129 125.605145  64.645812    52.485    52.488  3 55929.38806948 19.107
 130 125.603423  64.644605    52.502    52.238  4 55939.30371829 21.463
 131 125.606342  64.643383    52.963    52.198  4 55949.21936270 21.018
 132 125.609054  64.642790    53.425    53.272  4 55959.13500276 18.397
 133 125.608096  64.642738    52.768    52.649  3 55969.05064008 16.100
 134 125.607796  64.643383    54.707    54.335  4 55978.96627654 14.378
 135 125.608953  64.643587    55.090    55.034  3 55988.88191237 12.127
 136 125.606676  64.642775    54.418    54.680  3 55998.79755371 13.373
 137 125.607835  64.642566    54.672    54.589  4 56008.71320473 13.340
 138 125.608257  64.642474    55.157    55.029  3 56018.62885152 12.228
 139 125.606690  64.643048    55.447    55.187  3 56028.54449530 11.803
 140 125.606224  64.644368    55.818    55.836  3 56038.46013753 10.813
 141 125.605222  64.645189    52.862    52.914  3 56048.37577775  9.992
 142 125.604692  64.645466    52.567    52.441  3 56058.29141524 47.387
 143 125.604938  64.644796    58.527    58.524  4 56068.20704833 54.708
 144 125.603896  64.645055    55.940    55.897  4 56078.12269927 55.238
 145 125.604582  64.645841    55.327    55.253  3 56088.03834801 28.264
 146 125.604145  64.646269    54.956    54.884  3 56097.95399410 30.176
 147 125.603176  64.645449    53.767    53.767  4 56107.86963780 34.698
 148 125.604284  64.643781    55.375    55.218  3 56117.78526723 23.041
 149 125.609316  64.642555    53.315    53.369  3 56127.70090495 33.184
 150 125.610821  64.641719    53.563    53.558  4 56137.61653874 55.617
 151 125.608050  64.642482    53.980    54.098  3 56147.53218447 32.075
 152 125.603632  64.643450    52.632    52.664  4 56157.44783342 38.051
 153 125.604294  64.644212    53.869    53.860  3 56167.36348188 54.325
 154 125.604719  64.643437    53.598    53.616  4 56177.27912760 35.504
 155 125.608960  64.642827    52.824    52.781  4 56187.19476895 41.934
 156 125.609600  64.642410    53.059    52.983  3 56197.11040633 38.024
 157 125.608250  64.643186    52.662    52.528  4 56207.02604059 37.543
 158 125.605246  64.644302    52.160    52.111  4 56216.94167315 42.121
 159 125.604077  64.645350    51.547    51.633  4 56226.85731522 33.304
 160 125.602590  64.645306    54.256    54.203  3 56236.77296986 22.795
 161 125.603292  64.644938    55.066    54.721  3 56246.68862082 21.982
 162 125.604740  64.645041    54.932    54.948  4 56256.60426682 22.070
 164 125.604011  64.646401    52.916    53.152  3 56276.43554976 21.319
 165 125.602791  64.645739    52.441    52.350  3 56286.35119659 20.814
 166 125.606653  64.644307    53.843    53.693  4 56296.26684685 20.407
 167 125.607325  64.642288    52.268    52.141  3 56306.18249273 20.557
 168 125.607731  64.641997    52.053    52.001  4 56316.09813547 20.126
 169 125.605575  64.643406    52.094    52.057  3 56326.01377630 19.209
 170 125.604767  64.644947    52.812    52.520  4 56335.92941631 18.207
 171 125.605158  64.644850    52.156    52.189  4 56345.84505503 17.854
 172 125.608078  64.643375    52.619    52.789  3 56355.76069149 17.739
 173 125.610117  64.642355    52.316    52.332  3 56365.67633798 17.311
 174 125.607775  64.642485    52.351    52.292  4 56375.59198649 17.002
 176 125.602602  64.646369    52.376    52.421  3 56395.42327584 15.710
 177 125.602085  64.647083    53.152    53.203  3 56405.33891754 34.528
 178 125.603415  64.646463    52.524    52.329  4 56415.25455608 45.769
 179 125.603812  64.644519    51.961    51.941  4 56425.17018961 45.909
 180 125.604707  64.644381    57.015    56.778  4 56435.08583746 28.316
 181 125.604187  64.645425    55.370    55.351  4 56445.00148944 52.872
 182 125.604738  64.646952    54.562    54.702  3 56454.91713908 30.955
 183 125.604120  64.646609    54.591    54.588  3 56464.83278553 51.714
 184 125.605897  64.644770    53.053    53.047  4 56474.74842847 52.667
 185 125.608737  64.642500    52.969    52.922  3 56484.66406805 55.125
 186 125.609755  64.641700    54.842    55.117  4 56494.57970453 26.359
 187 125.606737  64.642458    55.063    55.089  3 56504.49533882 30.859
 188 125.604409  64.643752    55.366    55.380  4 56514.41097166 47.299
 189 125.604305  64.644697    53.713    53.672  3 56524.32662354 36.029
 190 125.604981  64.643780    53.606    53.610  3 56534.24227500 32.632
 192 125.606973  64.642733    52.780    52.621  3 56554.07356740 52.893
 193 125.605255  64.644574    52.529    52.493  3 56563.98921013 36.842
 194 125.604678  64.646945    52.171    52.232  3 56573.90485168 35.513
 195 125.604432  64.647763    51.661    51.755  3 56583.82049061 29.070
 196 125.603427  64.646038    52.251    51.337  3 56593.73612467 19.810
 197 125.605089  64.645126    50.787    50.740  4 56603.65177788 20.067
 198 125.603857  64.644373    51.982    52.029  3 56613.56742644 21.280
 199 125.604847  64.645235    52.016    52.037  3 56623.48307128 19.967
 200 125.604890  64.645959    52.043    52.037  3 56633.39871320 18.986
 201 125.603630  64.645265    52.045    52.042  4 56643.31435024 18.712
 202 125.604879  64.643994    52.090    52.124  3 56653.23000164 17.918
 203 125.606770  64.642560    52.206    52.187  3 56663.14565093 17.326
 204 125.607241  64.642087    52.145    52.117  3 56673.06129735 17.103
 205 125.606106  64.643550    52.191    52.177  4 56682.97694230 16.817
 206 125.604519  64.645016    52.055    52.108  3 56692.89258509 17.341
 207 125.604639  64.645438    52.110    52.115  3 56702.80822378 15.093
 208 125.606527  64.644047    52.134    52.110  4 56712.72385738 15.343
 209 125.606914  64.643183    52.103    52.110  4 56722.63950454 16.243
 210 125.604128  64.643246    52.156    52.189  4 56732.55515535 14.704
 211 125.604480  64.645504    53.039    52.708  4 56742.47080310 13.777
 212 125.603268  64.647433    53.189    52.980  4 56752.38644636 13.288
 213 125.601980  64.647669    53.261    53.244  3 56762.30208426 30.691
 214 125.602771  64.646170    52.308    52.344  4 56772.21771532 43.915
 215 125.603577  64.645536    53.247    53.224  3 56782.13337286 36.705
 216 125.605094  64.645492    58.069    58.091  3 56792.04902729 52.248
 217 125.604407  64.646067    56.159    56.104  3 56801.96467864 38.674
 218 125.603705  64.646491    55.997    55.830  4 56811.88032251 29.595
 219 125.602637  64.645846    55.104    55.303  3 56821.79596214 29.620
 220 125.606129  64.644564    53.946    53.913  3 56831.71159798 35.358
 221 125.607759  64.642619    53.309    53.299  4 56841.62723027 39.735
 222 125.609158  64.642175    52.975    53.017  4 56851.54286816 50.009
 223 125.606166  64.643337    53.041    52.983  3 56861.45852236 37.437
 224 125.604630  64.645031    52.707    52.673  4 56871.37417611 43.468
 225 125.602773  64.645529    53.027    53.055  3 56881.28982683 36.395
 226 125.604994  64.645507    52.957    53.074  4 56891.20547419 35.129
 227 125.606079  64.645000    52.606    52.445  4 56901.12111844 39.659
 228 125.605007  64.645518    53.342    52.864  4 56911.03676055 34.694
 229 125.603516  64.646522    52.719    52.424  3 56920.95240102 34.479
 230 125.602905  64.647493    53.112    53.157  3 56930.86803940 36.669
 231 125.601437  64.646841    52.245    52.282  3 56940.78367255 46.320
 233 125.604680  64.645517    54.727    54.554  3 56960.61496398 21.295
 234 125.604807  64.645289    52.163    52.062  3 56970.53061068 21.915
 235 125.605605  64.645366    52.335    52.133  3 56980.44625353 20.759
 236 125.605510  64.645010    51.791    51.797  4 56990.36189188 20.848
 237 125.607098  64.643915    51.872    51.806  4 57000.27752399 20.424
 238 125.605122  64.643249    51.918    51.960  4 57010.19317878 20.092
 239 125.605591  64.642905    51.947    51.997  3 57020.10883096 19.451
 240 125.606469  64.643490    52.252    52.022  3 57030.02448021 18.265
 241 125.604832  64.644177    52.709    52.862  3 57039.94012748 16.977
 242 125.604831  64.645050    52.122    52.113  4 57049.85577268 17.354
 243 125.605847  64.645085    51.872    51.823  3 57059.77141389 18.053
 244 125.604620  64.644187    52.214    52.029  4 57069.68704917 17.954
 245 125.604868  64.643778    52.881    52.822  4 57079.60268031 15.056
 246 125.603486  64.644340    51.165    52.034  4 57089.51831828 16.457
 247 125.603332  64.646445    53.813    53.913  3 57099.43397653 14.138
 248 125.602309  64.647519    53.745    53.524  3 57109.34963163 13.947
 249 125.602069  64.646984    53.761    53.582  3 57119.26528132 13.745
 250 125.604855  64.646175    53.116    53.197  4 57129.18092526 13.970
 251 125.605036  64.645390    53.338    53.401  4 57139.09656348 29.598
 252 125.605359  64.645313    52.469    52.556  3 57149.01219804 38.827
 253 125.604342  64.644792    54.991    54.987  3 57158.92782969 53.499
 254 125.603688  64.644246    55.433    55.431  4 57168.84347920 54.970
 255 125.605496  64.643753    55.463    55.464  3 57178.75913521 57.367
 256 125.609240  64.643598    57.365    57.390  3 57188.67478735 23.915
 257 125.605008  64.643265    56.330    56.287  3 57198.59043484 25.415
 258 125.603936  64.644198    53.445    53.441  4 57208.50606910 37.406
 259 125.604079  64.645153    53.292    53.313  3 57218.42171364 36.825
 260 125.604484  64.645141    52.647    52.646  4 57228.33735716 42.043
 261 125.606121  64.644778    52.424    52.387  3 57238.25299859 35.500
 262 125.606616  64.644341    52.723    52.535  4 57248.16863666 34.259
 263 125.605819  64.644629    52.610    52.472  3 57258.08427213 35.736
 264 125.605318  64.645763    52.135    52.028  4 57267.99990642 34.158
 265 125.604046  64.647010    54.480    53.789  3 57277.91555469 30.093
 266 125.603232  64.647214    53.161    53.455  3 57287.83121086 35.461
 267 125.604808  64.646531    53.990    54.088  3 57297.74686430 30.363
 268 125.605329  64.645338    51.693    51.701  4 57307.66251401 34.800
 269 125.604185  64.645073    55.631    55.355  4 57317.57815995 22.641
 270 125.602788  64.645602    56.009    56.188  3 57327.49380276 20.283
 271 125.604241  64.646430    54.634    54.476  3 57337.40944373 18.654
 272 125.604216  64.645822    54.747    54.543  3 57347.32509162 18.266
 273 125.604447  64.644134    54.753    54.803  4 57357.24073832 17.904
 274 125.607434  64.643001    55.343    55.252  4 57367.15638185 16.473
 275 125.607038  64.642932    56.073    56.516  3 57377.07202198 15.506
 276 125.605716  64.644119    55.280    55.462  4 57386.98766025 14.891
 277 125.605814  64.645159    54.895    54.682  3 57396.90329792 13.937
 278 125.605958  64.644865    54.914    54.849  4 57406.81893426 13.781
 279 125.606665  64.644237    54.706    54.888  4 57416.73458534 13.135
 280 125.605839  64.643940    55.251    55.044  3 57426.65023623 13.017
 281 125.603367  64.644928    54.670    54.616  3 57436.56588421 12.547
 282 125.602110  64.647069    54.813    54.822  3 57446.48153084 12.302
 283 125.599732  64.648219    56.529    56.353  3 57456.39717640 12.245
 284 125.600289  64.647656    54.918    54.877  3 57466.31281984 11.454
 285 125.603156  64.645466    55.086    55.015  3 57476.22845947 11.610
 286 125.603942  64.643184    55.916    55.714  4 57486.14409556 10.954
 287 125.607794  64.643219    56.572    56.404  3 57496.05972961 11.075
 288 125.606729  64.644257    52.449    52.423  4 57505.97536449 29.353
 289 125.603161  64.645424    51.532    51.489  3 57515.89102055 43.811
 290 125.605323  64.645379    54.509    53.667  4 57525.80667445 36.790
 291 125.605975  64.643443    54.468    54.520  3 57535.72232565 54.994
 292 125.609212  64.642508    57.305    57.396  4 57545.63797437 26.161
 293 125.607099  64.642773    57.091    57.150  4 57555.55362077 23.881
 294 125.605487  64.644689    56.806    57.071  3 57565.46926596 24.572
 295 125.604182  64.646128    53.975    53.963  3 57575.38491045 30.519
 296 125.604418  64.646185    53.534    53.541  4 57585.30055427 37.122
 297 125.605426  64.645229    54.058    54.072  3 57595.21619596 55.165
