# NaN NaN NaN ;Mean Elev.(m), Avg Gradient(m/km), RMS Gradient(m/km) - SRTM1     
#   29.693  -8.014  12.954 ;Mean Elev.(m), Avg Gradient(m/km), RMS Gradient(m/km) - ASTER GDEM
#   25.779  -6.418  13.440 ;Mean Elev.(m), Avg Gradient(m/km), RMS Gradient(m/km) - GMTED2010 
   3   -45.823 54681.11347312  4.79 124.239105  65.343574  1.999 -100.00 -100.00 -100.00
   3   -43.090 54681.11347371  5.11 124.245187  65.342907  2.049 -100.00 -100.00 -100.00
   3   -40.377 54681.11347430  5.24 124.251268  65.342239  1.987 -100.00 -100.00 -100.00
   5   -41.081 54700.94475629 11.39 124.240657  65.344781  2.841 -100.00 -100.00 -100.00
   5   -38.573 54700.94475688 11.85 124.246739  65.344114  2.837 -100.00 -100.00 -100.00
   5   -36.142 54700.94475747 12.83 124.252820  65.343446  3.521 -100.00 -100.00 -100.00
   7   -18.067 54720.77605395  8.06 124.238047  65.341914  2.509 -100.00 -100.00 -100.00
   7   -16.693 54720.77605454 10.03 124.244128  65.341247  3.059 -100.00 -100.00 -100.00
   7   -15.322 54720.77605513  9.07 124.250208  65.340580  2.726 -100.00 -100.00 -100.00
   8    94.819 54730.69170244 26.74 124.235984  65.340410 15.063 -100.00 -100.00 -100.00
   8    94.473 54730.69170303 29.06 124.242065  65.339743 27.267 -100.00 -100.00 -100.00
   8    92.602 54730.69170362 22.20 124.248145  65.339076   -100 -100.00 -100.00 -100.00
   9    91.259 54740.60734960 22.60 124.237978  65.339787 11.543 -100.00 -100.00 -100.00
   9    91.174 54740.60735019 26.51 124.244058  65.339119 19.486 -100.00 -100.00 -100.00
   9    90.501 54740.60735078 18.79 124.250138  65.338452   -100 -100.00 -100.00 -100.00
  10    47.242 54750.52299649 23.12 124.237836  65.340113  9.301 -100.00 -100.00 -100.00
  10    47.395 54750.52299708 21.78 124.243916  65.339445  7.489 -100.00 -100.00 -100.00
  10    47.453 54750.52299767 26.15 124.249997  65.338778 12.994 -100.00 -100.00 -100.00
  11    43.276 54760.43864326 42.08 124.238427  65.340381 20.385 -100.00 -100.00 -100.00
  11    43.075 54760.43864385 48.27 124.244508  65.339714 31.962 -100.00 -100.00 -100.00
  11    42.812 54760.43864444 46.39 124.250589  65.339046   -100 -100.00 -100.00 -100.00
  12    42.581 54770.35428721 37.73 124.234086  65.340559 24.202 -100.00 -100.00 -100.00
  12    42.549 54770.35428780 39.40 124.240167  65.339892 24.145 -100.00 -100.00 -100.00
  12    42.862 54770.35428839 41.99 124.246249  65.339224 25.272 -100.00 -100.00 -100.00
  13    43.140 54780.26992828 21.27 124.233511  65.340024  4.576 -100.00 -100.00 -100.00
  13    43.304 54780.26992887 23.78 124.239592  65.339357  6.428 -100.00 -100.00 -100.00
  13    42.529 54780.26992946 30.93 124.245673  65.338690 18.611 -100.00 -100.00 -100.00
  14    44.349 54790.18556671 19.18 124.231862  65.339668  4.356 -100.00 -100.00 -100.00
  14    43.802 54790.18556730 19.12 124.237944  65.339001  4.140 -100.00 -100.00 -100.00
  14    43.583 54790.18556789 19.51 124.244025  65.338334  4.297 -100.00 -100.00 -100.00
  15    43.645 54800.10120476 19.07 124.237800  65.339517  4.344 -100.00 -100.00 -100.00
  15    45.874 54800.10120535 19.22 124.243882  65.338850  4.356 -100.00 -100.00 -100.00
  15    45.697 54800.10120594 18.93 124.249963  65.338182  4.071 -100.00 -100.00 -100.00
  16    46.993 54810.01684185 17.71 124.233066  65.341246  3.565 -100.00 -100.00 -100.00
  16    43.896 54810.01684244 18.03 124.239148  65.340579  3.887 -100.00 -100.00 -100.00
  16    43.679 54810.01684303 17.96 124.245230  65.339912  3.854 -100.00 -100.00 -100.00
  17    47.264 54819.93248120 17.57 124.238779  65.342065  3.530 -100.00 -100.00 -100.00
  17    46.171 54819.93248179 17.42 124.244861  65.341398  3.887 -100.00 -100.00 -100.00
  17    43.320 54819.93248238 17.56 124.250942  65.340731  4.082 -100.00 -100.00 -100.00
  18    45.847 54829.84813362 16.94 124.239910  65.342190  4.089 -100.00 -100.00 -100.00
  18    43.373 54829.84813421 17.26 124.245992  65.341523  3.951 -100.00 -100.00 -100.00
  18    45.998 54829.84813480 17.10 124.252073  65.340856  4.014 -100.00 -100.00 -100.00
  19    43.694 54839.76377226 16.10 124.238114  65.342339  3.387 -100.00 -100.00 -100.00
  19    43.102 54839.76377285 16.75 124.244196  65.341672  3.854 -100.00 -100.00 -100.00
  19    42.899 54839.76377344 16.68 124.250277  65.341005  4.549 -100.00 -100.00 -100.00
  20    46.875 54849.67942137 15.60 124.238822  65.342491  3.689 -100.00 -100.00 -100.00
  20    43.419 54849.67942196 16.02 124.244904  65.341823  3.983 -100.00 -100.00 -100.00
  20    45.677 54849.67942255 16.26 124.250985  65.341156  4.083 -100.00 -100.00 -100.00
  21    46.298 54859.59506973 14.98 124.237173  65.343417  3.616 -100.00 -100.00 -100.00
  21    43.372 54859.59507032 15.40 124.243255  65.342750  4.109 -100.00 -100.00 -100.00
  21    43.248 54859.59507091 15.18 124.249336  65.342082  3.895 -100.00 -100.00 -100.00
  22    43.499 54869.51071862 15.92 124.239667  65.343726  4.636 -100.00 -100.00 -100.00
  22    46.534 54869.51071921 15.23 124.245749  65.343058  3.490 -100.00 -100.00 -100.00
  22    43.277 54869.51071980 15.14 124.251830  65.342390  3.537 -100.00 -100.00 -100.00
  23    44.269 54879.42636603 14.81 124.237238  65.343279  3.801 -100.00 -100.00 -100.00
  23    44.459 54879.42636662 14.49 124.243320  65.342612  3.738 -100.00 -100.00 -100.00
  23    44.050 54879.42636721 14.65 124.249401  65.341944  3.467 -100.00 -100.00 -100.00
  24    46.876 54889.34201060 13.93 124.237285  65.341466  3.031 -100.00 -100.00 -100.00
  24    44.231 54889.34201119 14.16 124.243366  65.340799  3.525 -100.00 -100.00 -100.00
  24    45.680 54889.34201178 14.21 124.249448  65.340131  3.806 -100.00 -100.00 -100.00
  25    47.026 54899.25765173 14.02 124.234426  65.339815  5.373 -100.00 -100.00 -100.00
  25    44.326 54899.25765232 13.87 124.240507  65.339148  4.393 -100.00 -100.00 -100.00
  25    43.818 54899.25765291 13.98 124.246588  65.338481  5.281 -100.00 -100.00 -100.00
  26    47.173 54909.17329097 13.74 124.236640  65.339168  3.160 -100.00 -100.00 -100.00
  26    43.964 54909.17329156 13.86 124.242721  65.338500  3.116 -100.00 -100.00 -100.00
  26    43.855 54909.17329215 13.95 124.248802  65.337833  2.993 -100.00 -100.00 -100.00
  27    43.938 54919.08892856 13.52 124.235471  65.340317  3.635 -100.00 -100.00 -100.00
  27    43.939 54919.08892915 13.54 124.241552  65.339650  3.647 -100.00 -100.00 -100.00
  27    44.119 54919.08892974 14.16 124.247633  65.338982  4.304 -100.00 -100.00 -100.00
  28    46.622 54929.00456591 13.54 124.234379  65.341479  4.090 -100.00 -100.00 -100.00
  28    44.426 54929.00456651 12.95 124.240460  65.340812  2.970 -100.00 -100.00 -100.00
  28    44.149 54929.00456710 13.37 124.246541  65.340145  3.345 -100.00 -100.00 -100.00
  31    84.703 54958.75147476  1.96 124.234162  65.339753  3.501 -100.00 -100.00 -100.00
  31    83.336 54958.75147535  1.73 124.240242  65.339087  5.257 -100.00 -100.00 -100.00
  31   101.320 54958.75147594  8.35 124.246322  65.338420  6.490 -100.00 -100.00 -100.00
  32    95.294 54968.66712315  9.47 124.232762  65.340106  9.645 -100.00 -100.00 -100.00
  32    92.140 54968.66712374  0.75 124.238843  65.339439  4.830 -100.00 -100.00 -100.00
  32    95.856 54968.66712433  0.46 124.244923  65.338772  4.595 -100.00 -100.00 -100.00
  33    95.808 54978.58277075 24.88 124.235591  65.340899 24.760 -100.00 -100.00 -100.00
  33    95.348 54978.58277135 29.39 124.241672  65.340232 26.097 -100.00 -100.00 -100.00
  33    93.959 54978.58277194 30.04 124.247752  65.339565 26.508 -100.00 -100.00 -100.00
  34    47.536 54988.49841825 28.91 124.237788  65.341594 25.600 -100.00 -100.00 -100.00
  34    47.371 54988.49841884 27.73 124.243868  65.340927   -100 -100.00 -100.00 -100.00
  34    47.865 54988.49841943 31.39 124.249949  65.340260   -100 -100.00 -100.00 -100.00
  36    93.958 55008.32971108 25.75 124.234686  65.342080 12.780 -100.00 -100.00 -100.00
  36    95.544 55008.32971167 27.75 124.240768  65.341413 13.452 -100.00 -100.00 -100.00
  36    95.014 55008.32971226 24.16 124.246849  65.340745   -100 -100.00 -100.00 -100.00
  37    95.286 55018.24535520 23.78 124.238371  65.341932 10.643 -100.00 -100.00 -100.00
  37    94.973 55018.24535579 27.99 124.244452  65.341264 14.605 -100.00 -100.00 -100.00
  37    92.572 55018.24535638 22.22 124.250533  65.340597 28.107 -100.00 -100.00 -100.00
  47    94.671 55117.40179163  7.28 124.236160  65.341035  6.090 -100.00 -100.00 -100.00
  47   113.008 55117.40179222  2.70 124.242241  65.340368  5.272 -100.00 -100.00 -100.00
  48    44.177 55127.31743430 45.48 124.235320  65.339428 18.347 -100.00 -100.00 -100.00
  48    44.146 55127.31743489 46.91 124.241401  65.338761 26.451 -100.00 -100.00 -100.00
  48    44.083 55127.31743548 46.26 124.247482  65.338093 26.620 -100.00 -100.00 -100.00
  49    91.636 55137.23307439 17.38 124.231213  65.338556  8.212 -100.00 -100.00 -100.00
  49    87.492 55137.23307498 20.84 124.237294  65.337889 13.286 -100.00 -100.00 -100.00
  49    87.251 55137.23307557 25.97 124.243375  65.337222   -100 -100.00 -100.00 -100.00
  49    90.202 55137.23307734 22.92 124.261616  65.335218 14.336 -100.00 -100.00 -100.00
  49    91.801 55137.23307793 17.27 124.267695  65.334550 11.467 -100.00 -100.00 -100.00
  50    45.123 55147.14871305 32.89 124.232161  65.338907 14.464 -100.00 -100.00 -100.00
  50    43.874 55147.14871364 34.39 124.238242  65.338240 18.119 -100.00 -100.00 -100.00
  50    41.623 55147.14871423 38.22 124.244323  65.337572 19.871 -100.00 -100.00 -100.00
  50    41.734 55147.14871600 38.90 124.262564  65.335569 30.044 -100.00 -100.00 -100.00
  50    41.074 55147.14871659 34.99 124.268644  65.334901 24.119 -100.00 -100.00 -100.00
  51    45.958 55157.06435136 26.68 124.237062  65.340525  8.317 -100.00 -100.00 -100.00
  51    42.642 55157.06435195 29.84 124.243144  65.339858 12.805 -100.00 -100.00 -100.00
  51    42.212 55157.06435254 34.18 124.249225  65.339191 21.156 -100.00 -100.00 -100.00
  52    42.550 55166.97998903 27.09 124.235581  65.342590 11.430 -100.00 -100.00 -100.00
  52    42.548 55166.97998962 27.58 124.241663  65.341923 11.410 -100.00 -100.00 -100.00
  52    42.527 55166.97999021 27.14 124.247744  65.341256 11.481 -100.00 -100.00 -100.00
  53    42.641 55176.89562687 22.95 124.239350  65.342970  5.952 -100.00 -100.00 -100.00
  53    42.760 55176.89562746 23.24 124.245432  65.342303  6.246 -100.00 -100.00 -100.00
  53    42.585 55176.89562805 24.60 124.251514  65.341636  9.314 -100.00 -100.00 -100.00
  54    43.225 55186.81126981 21.98 124.237218  65.342507  5.254 -100.00 -100.00 -100.00
  54    42.653 55186.81127040 22.05 124.243299  65.341840  6.347 -100.00 -100.00 -100.00
  54    42.799 55186.81127099 21.82 124.249380  65.341173  5.305 -100.00 -100.00 -100.00
  55    43.177 55196.72692059 21.73 124.234831  65.342204  5.749 -100.00 -100.00 -100.00
  55    42.990 55196.72692118 20.95 124.240913  65.341537  4.601 -100.00 -100.00 -100.00
  55    42.717 55196.72692177 22.34 124.246994  65.340870  6.634 -100.00 -100.00 -100.00
  56    42.690 55206.64257061 21.08 124.237654  65.342533  6.311 -100.00 -100.00 -100.00
  56    42.691 55206.64257120 20.63 124.243735  65.341865  4.648 -100.00 -100.00 -100.00
  56    43.731 55206.64257179 20.30 124.249816  65.341198  5.168 -100.00 -100.00 -100.00
  57    44.679 55216.55821974 20.09 124.238150  65.343864  5.602 -100.00 -100.00 -100.00
  57    44.299 55216.55822033 19.51 124.244232  65.343197  4.769 -100.00 -100.00 -100.00
  57    42.746 55216.55822093 19.93 124.250313  65.342530  5.221 -100.00 -100.00 -100.00
  58    43.471 55226.47386812 18.58 124.236581  65.344353  4.721 -100.00 -100.00 -100.00
  58    43.047 55226.47386871 18.44 124.242663  65.343686  4.825 -100.00 -100.00 -100.00
  58    42.281 55226.47386930 19.19 124.248745  65.343018  5.638 -100.00 -100.00 -100.00
  59    42.405 55236.38951418 18.66 124.235675  65.342778  5.764 -100.00 -100.00 -100.00
  59    42.873 55236.38951477 17.54 124.241756  65.342111  3.981 -100.00 -100.00 -100.00
  59    42.053 55236.38951536 18.85 124.247838  65.341444  6.026 -100.00 -100.00 -100.00
  60    44.366 55246.30515695 16.94 124.235170  65.340034  4.145 -100.00 -100.00 -100.00
  60    43.212 55246.30515754 17.96 124.241251  65.339367  6.052 -100.00 -100.00 -100.00
  60    42.623 55246.30515813 17.08 124.247332  65.338699  4.389 -100.00 -100.00 -100.00
  61    43.398 55256.22079710 17.09 124.235170  65.337963  5.117 -100.00 -100.00 -100.00
  61    46.591 55256.22079769 16.30 124.241250  65.337296  3.539 -100.00 -100.00 -100.00
  61    46.483 55256.22079828 16.83 124.247331  65.336628  4.534 -100.00 -100.00 -100.00
  61    45.261 55256.22080005 17.70 124.265570  65.334624  5.273 -100.00 -100.00 -100.00
  62    43.704 55266.13643610 16.52 124.236739  65.338201  4.981 -100.00 -100.00 -100.00
  62    43.152 55266.13643669 16.35 124.242820  65.337533  4.221 -100.00 -100.00 -100.00
  62    44.044 55266.13643728 16.51 124.248900  65.336866  4.119 -100.00 -100.00 -100.00
  62    44.951 55266.13643905 16.27 124.267139  65.334861  4.117  236.86  230.33  217.59
  63    43.653 55276.05207420 16.06 124.237302  65.340365  4.036 -100.00 -100.00 -100.00
  63    43.614 55276.05207479 15.86 124.243383  65.339697  3.820 -100.00 -100.00 -100.00
  63    43.779 55276.05207538 16.20 124.249463  65.339030  4.473 -100.00 -100.00 -100.00
  64    43.868 55285.96771142 15.41 124.238164  65.341894  3.763 -100.00 -100.00 -100.00
  64    43.488 55285.96771201 15.76 124.244246  65.341226  4.100 -100.00 -100.00 -100.00
  64    43.792 55285.96771260 15.96 124.250326  65.340559  4.558 -100.00 -100.00 -100.00
  65    44.225 55295.88334630 15.11 124.234910  65.341884  3.417 -100.00 -100.00 -100.00
  65    43.359 55295.88334689 15.31 124.240991  65.341217  3.744 -100.00 -100.00 -100.00
  65    43.317 55295.88334748 15.35 124.247072  65.340550  4.404 -100.00 -100.00 -100.00
  66    44.034 55305.79898623 15.21 124.235319  65.339740  4.678 -100.00 -100.00 -100.00
  66    43.253 55305.79898682 14.88 124.241400  65.339073  3.969 -100.00 -100.00 -100.00
  66    43.658 55305.79898741 15.05 124.247480  65.338406  4.206 -100.00 -100.00 -100.00
  67    92.540 55315.71463344  4.94 124.236268  65.337948  4.371 -100.00 -100.00 -100.00
  67    92.274 55315.71463403  5.83 124.242348  65.337281  4.972 -100.00 -100.00 -100.00
  67    92.525 55315.71463462  8.73 124.248427  65.336614  7.187 -100.00 -100.00 -100.00
  67    91.539 55315.71463640 11.40 124.266663  65.334611  9.580 -100.00 -100.00 -100.00
  68    46.111 55325.63027845 31.61 124.231604  65.339107 12.989 -100.00 -100.00 -100.00
  68    41.878 55325.63027904 33.20 124.237685  65.338441 15.151 -100.00 -100.00 -100.00
  68    47.666 55325.63027963 35.26 124.243764  65.337774 19.138 -100.00 -100.00 -100.00
  68    41.809 55325.63028141 37.04 124.262002  65.335771 22.850 -100.00 -100.00 -100.00
  68    42.086 55325.63028200 35.47 124.268080  65.335103 18.165 -100.00 -100.00 -100.00
  69    90.410 55335.54592284  2.37 124.233906  65.341109  8.374 -100.00 -100.00 -100.00
  69   111.967 55335.54592343  4.00 124.239986  65.340442  8.292 -100.00 -100.00 -100.00
  69    93.192 55335.54592402 14.08 124.246067  65.339775  7.516 -100.00 -100.00 -100.00
  70   108.833 55345.46156673  1.68 124.235140  65.342874  6.095 -100.00 -100.00 -100.00
  70   114.790 55345.46156732  0.42 124.241221  65.342207  3.030 -100.00 -100.00 -100.00
  70    96.251 55345.46156791 12.40 124.247301  65.341540  3.287 -100.00 -100.00 -100.00
  71    94.851 55355.37721007 26.05 124.240344  65.342590 13.360 -100.00 -100.00 -100.00
  71    94.529 55355.37721066 31.51 124.246425  65.341923 27.768 -100.00 -100.00 -100.00
  71    94.177 55355.37721125 21.25 124.252506  65.341256   -100 -100.00 -100.00 -100.00
  72   111.370 55365.29285077  0.08 124.238657  65.342256  5.161 -100.00 -100.00 -100.00
  72   110.585 55365.29285136  7.57 124.244739  65.341589  3.013 -100.00 -100.00 -100.00
  72    95.649 55365.29285195 12.67 124.250820  65.340921  4.785 -100.00 -100.00 -100.00
  73    83.662 55375.20849020  0.17 124.239775  65.341827  4.183 -100.00 -100.00 -100.00
  73   108.992 55375.20849079  3.04 124.245857  65.341160  2.258 -100.00 -100.00 -100.00
  73   101.297 55375.20849138 11.57 124.251937  65.340492  4.562 -100.00 -100.00 -100.00
  77   109.637 55414.87105646  0.86 124.237216  65.343194  2.292 -100.00 -100.00 -100.00
  77   109.757 55414.87105705  1.33 124.243298  65.342527  2.375 -100.00 -100.00 -100.00
  77   109.614 55414.87105764  2.67 124.249379  65.341860  2.124 -100.00 -100.00 -100.00
  79    87.775 55434.70235061 24.14 124.234045  65.338549 13.422 -100.00 -100.00 -100.00
  79    89.318 55434.70235120 29.27 124.240125  65.337882 26.451 -100.00 -100.00 -100.00
  79    94.491 55434.70235179 24.10 124.246204  65.337215   -100 -100.00 -100.00 -100.00
  79    90.651 55434.70235356 23.98 124.264442  65.335211 12.013 -100.00 -100.00 -100.00
  80   110.716 55444.61799564  0.58 124.241749  65.337717  1.949 -100.00 -100.00 -100.00
  80   100.867 55444.61799623 11.45 124.247829  65.337049  5.114 -100.00 -100.00 -100.00
  81    90.422 55454.53363818 24.41 124.236200  65.340002 18.901 -100.00 -100.00 -100.00
  81    89.755 55454.53363877 28.50 124.242280  65.339334 10.043 -100.00 -100.00 -100.00
  81    95.502 55454.53363936  2.04 124.248361  65.338667 18.286 -100.00 -100.00 -100.00
  82    90.749 55464.44928058 23.95 124.237391  65.341706 12.967 -100.00 -100.00 -100.00
  82    89.988 55464.44928117 24.94 124.243472  65.341039   -100 -100.00 -100.00 -100.00
  82    90.263 55464.44928176 28.60 124.249553  65.340371   -100 -100.00 -100.00 -100.00
  84    42.827 55484.28055732 41.55 124.237690  65.339848 18.145 -100.00 -100.00 -100.00
  84    42.897 55484.28055791 45.77 124.243771  65.339181 24.926 -100.00 -100.00 -100.00
  84    41.812 55484.28055850 50.47 124.249852  65.338514  1.186 -100.00 -100.00 -100.00
  85    43.081 55494.19619162 38.36 124.232090  65.338780 15.611 -100.00 -100.00 -100.00
  85    42.057 55494.19619222 41.47 124.238171  65.338114 27.778 -100.00 -100.00 -100.00
  85    42.194 55494.19619281 47.58 124.244253  65.337447 31.608 -100.00 -100.00 -100.00
  85    42.040 55494.19619458 48.13 124.262494  65.335444   -100 -100.00 -100.00 -100.00
  85    41.076 55494.19619517 43.03 124.268574  65.334776   -100 -100.00 -100.00 -100.00
  86    42.353 55504.11182527 22.24 124.232083  65.339528  4.058 -100.00 -100.00 -100.00
  86    42.720 55504.11182586 23.86 124.238164  65.338862  6.475 -100.00 -100.00 -100.00
  86    42.667 55504.11182645 23.67 124.244246  65.338195  6.053 -100.00 -100.00 -100.00
  87    42.230 55514.02747439 21.00 124.236113  65.341230  4.192 -100.00 -100.00 -100.00
  87    42.280 55514.02747498 20.89 124.242195  65.340563  3.846 -100.00 -100.00 -100.00
  87    42.278 55514.02747557 21.44 124.248276  65.339896  4.174 -100.00 -100.00 -100.00
  89    42.440 55533.85877224 18.64 124.240789  65.343323  3.685 -100.00 -100.00 -100.00
  89    42.633 55533.85877283 19.01 124.246870  65.342656  3.883 -100.00 -100.00 -100.00
  89    42.396 55533.85877342 19.69 124.252951  65.341988  4.413 -100.00 -100.00 -100.00
  90    42.500 55543.77441808 17.39 124.238045  65.342650  3.711 -100.00 -100.00 -100.00
  90    42.328 55543.77441867 17.71 124.244126  65.341983  3.825 -100.00 -100.00 -100.00
  90    42.114 55543.77441926 17.88 124.250207  65.341316  3.530 -100.00 -100.00 -100.00
  91    43.639 55553.69006203 15.99 124.236196  65.342049  3.258 -100.00 -100.00 -100.00
  91    42.535 55553.69006262 16.35 124.242277  65.341382  3.434 -100.00 -100.00 -100.00
  91    42.887 55553.69006321 16.17 124.248358  65.340715  3.354 -100.00 -100.00 -100.00
  92    42.433 55563.60570525 15.49 124.239072  65.342097  3.212 -100.00 -100.00 -100.00
  92    43.066 55563.60570584 15.32 124.245154  65.341429  2.690 -100.00 -100.00 -100.00
  92    42.164 55563.60570643 15.65 124.251234  65.340762  3.484 -100.00 -100.00 -100.00
  93    45.191 55573.52134721 14.68 124.235899  65.343407  3.430 -100.00 -100.00 -100.00
  93    43.502 55573.52134780 14.59 124.241981  65.342740  2.992 -100.00 -100.00 -100.00
  93    42.680 55573.52134839 14.73 124.248062  65.342073  3.033 -100.00 -100.00 -100.00
  94    43.298 55583.43698847 14.35 124.239294  65.343083  3.145 -100.00 -100.00 -100.00
  94    44.124 55583.43698906 14.34 124.245375  65.342415  3.221 -100.00 -100.00 -100.00
  94    43.205 55583.43698965 14.47 124.251457  65.341748  3.308 -100.00 -100.00 -100.00
  95    43.895 55593.35262585 13.44 124.236961  65.342023  3.414 -100.00 -100.00 -100.00
  95    44.462 55593.35262644 13.30 124.243043  65.341356  3.200 -100.00 -100.00 -100.00
  95    43.541 55593.35262703 13.32 124.249124  65.340688  3.063 -100.00 -100.00 -100.00
  96    44.888 55603.26826022 12.88 124.237691  65.340086  3.017 -100.00 -100.00 -100.00
  96    43.875 55603.26826081 13.08 124.243773  65.339419  2.985 -100.00 -100.00 -100.00
  96    44.056 55603.26826140 12.74 124.249854  65.338752  3.187 -100.00 -100.00 -100.00
  97    45.285 55613.18389216 12.55 124.235036  65.339454  3.095 -100.00 -100.00 -100.00
  97    44.144 55613.18389275 12.51 124.241117  65.338788  3.013 -100.00 -100.00 -100.00
  97    44.193 55613.18389334 12.68 124.247198  65.338121  3.039 -100.00 -100.00 -100.00
  98    44.656 55623.09952845 12.68 124.235003  65.340066  3.092 -100.00 -100.00 -100.00
  98    44.739 55623.09952904 12.48 124.241084  65.339399  2.846 -100.00 -100.00 -100.00
  98    44.081 55623.09952963 12.48 124.247165  65.338732  2.553 -100.00 -100.00 -100.00
  99    44.634 55633.01518141 12.37 124.236495  65.341000  3.200 -100.00 -100.00 -100.00
  99    44.102 55633.01518200 12.46 124.242577  65.340333  3.073 -100.00 -100.00 -100.00
  99    43.577 55633.01518259 12.61 124.248658  65.339666  3.529 -100.00 -100.00 -100.00
 103    86.204 55672.67776355  0.95 124.233526  65.339059  2.861 -100.00 -100.00 -100.00
 103    84.627 55672.67776414  0.85 124.239606  65.338393  2.777 -100.00 -100.00 -100.00
 103    83.986 55672.67776473  0.40 124.245686  65.337726  2.272 -100.00 -100.00 -100.00
 104    46.346 55682.59340226 23.76 124.231750  65.339858  8.414 -100.00 -100.00 -100.00
 104    47.367 55682.59340285 21.96 124.237830  65.339191  6.246 -100.00 -100.00 -100.00
 104    48.518 55682.59340344 21.76 124.243910  65.338524  4.715 -100.00 -100.00 -100.00
 105    90.567 55692.50903995  2.61 124.236069  65.341490  4.528 -100.00 -100.00 -100.00
 105   110.827 55692.50904054  2.80 124.242150  65.340823  4.003 -100.00 -100.00 -100.00
 105   106.940 55692.50904113  3.93 124.248230  65.340156  3.377 -100.00 -100.00 -100.00
 106    96.785 55702.42467565 19.59 124.236189  65.343551 24.940 -100.00 -100.00 -100.00
 106    95.095 55702.42467624 31.71 124.242271  65.342884   -100 -100.00 -100.00 -100.00
 106    95.504 55702.42467684 28.46 124.248352  65.342217 15.593 -100.00 -100.00 -100.00
 107    81.148 55712.34031906  1.34 124.240972  65.343749  6.957 -100.00 -100.00 -100.00
 107   108.151 55712.34031965  0.00 124.247053  65.343082  2.579 -100.00 -100.00 -100.00
 107   104.857 55712.34032024  8.35 124.253135  65.342414  8.028 -100.00 -100.00 -100.00
 109   111.111 55732.17161579  0.09 124.238101  65.342825  3.200 -100.00 -100.00 -100.00
 109   111.237 55732.17161638  0.19 124.244183  65.342158  2.830 -100.00 -100.00 -100.00
 109    94.904 55732.17161697 12.94 124.250264  65.341491  8.026 -100.00 -100.00 -100.00
 111    92.033 55752.00290720 22.07 124.240162  65.342494  9.040 -100.00 -100.00 -100.00
 111    91.480 55752.00290779 27.53 124.246243  65.341827 25.604 -100.00 -100.00 -100.00
 111    91.628 55752.00290838 23.70 124.252324  65.341159 31.391 -100.00 -100.00 -100.00
 114    90.571 55781.74982550 22.24 124.233404  65.340317 11.953 -100.00 -100.00 -100.00
 114    90.416 55781.74982609 25.30 124.239485  65.339650 15.871 -100.00 -100.00 -100.00
 114    92.164 55781.74982668 30.53 124.245565  65.338983 26.720 -100.00 -100.00 -100.00
 115    92.311 55791.66545953 22.27 124.236854  65.339580 12.246 -100.00 -100.00 -100.00
 115    91.591 55791.66546012 27.46 124.242934  65.338913 20.442 -100.00 -100.00 -100.00
 115    91.548 55791.66546071 29.22 124.249014  65.338246   -100 -100.00 -100.00 -100.00
 116    89.270 55801.58109205 22.23 124.235720  65.340544 10.500 -100.00 -100.00 -100.00
 116    90.304 55801.58109264 26.23 124.241801  65.339878 20.413 -100.00 -100.00 -100.00
 116    89.998 55801.58109323 18.24 124.247882  65.339211 32.669 -100.00 -100.00 -100.00
 121    92.188 55851.15930963 12.93 124.232112  65.340386  6.221 -100.00 -100.00 -100.00
 121    91.444 55851.15931022 19.05 124.238194  65.339719  9.472 -100.00 -100.00 -100.00
 121    91.086 55851.15931081 23.27 124.244276  65.339053 12.721 -100.00 -100.00 -100.00
 121    88.115 55851.15931140 21.32 124.250357  65.338385   -100 -100.00 -100.00 -100.00
 122    91.256 55861.07494417 19.27 124.236365  65.341166 11.420 -100.00 -100.00 -100.00
 122    90.866 55861.07494476 23.48 124.242447  65.340499 16.076 -100.00 -100.00 -100.00
 122    88.470 55861.07494535 20.73 124.248529  65.339832   -100 -100.00 -100.00 -100.00
 123    42.922 55870.99059705 33.66 124.238158  65.342264 22.936 -100.00 -100.00 -100.00
 123    43.108 55870.99059764 33.84 124.244240  65.341597 26.012 -100.00 -100.00 -100.00
 123    42.892 55870.99059823 32.49 124.250322  65.340929 19.257 -100.00 -100.00 -100.00
 124    42.842 55880.90624754 21.75 124.239462  65.343185  7.365 -100.00 -100.00 -100.00
 124    42.448 55880.90624813 23.05 124.245544  65.342517  9.384 -100.00 -100.00 -100.00
 124    42.545 55880.90624872 23.91 124.251626  65.341850 11.415 -100.00 -100.00 -100.00
 125    43.501 55890.82189110 20.97 124.237446  65.343645  6.732 -100.00 -100.00 -100.00
 125    42.399 55890.82189169 24.02 124.243528  65.342978 11.763 -100.00 -100.00 -100.00
 125    42.612 55890.82189228 22.85 124.249610  65.342311  8.763 -100.00 -100.00 -100.00
 126    45.884 55900.73752937 19.17 124.241081  65.343154  5.425 -100.00 -100.00 -100.00
 126    43.125 55900.73752996 19.59 124.247163  65.342487  6.173 -100.00 -100.00 -100.00
 126    44.885 55900.73753055 19.18 124.253244  65.341820  6.112 -100.00 -100.00 -100.00
 127    45.708 55910.65316214 17.31 124.236887  65.343871  4.067 -100.00 -100.00 -100.00
 127    46.199 55910.65316273 17.16 124.242969  65.343204  4.038 -100.00 -100.00 -100.00
 127    45.865 55910.65316332 17.45 124.249050  65.342537  4.586 -100.00 -100.00 -100.00
 128    46.248 55920.56881578 17.12 124.237694  65.343602  4.125 -100.00 -100.00 -100.00
 128    46.199 55920.56881637 16.94 124.243776  65.342935  3.874 -100.00 -100.00 -100.00
 128    45.914 55920.56881696 16.77 124.249858  65.342268  3.723 -100.00 -100.00 -100.00
 129    45.870 55930.48446822 16.10 124.239723  65.342765  3.916 -100.00 -100.00 -100.00
 129    45.683 55930.48446881 16.44 124.245805  65.342098  4.836 -100.00 -100.00 -100.00
 129    45.640 55930.48446940 15.97 124.251886  65.341430  4.391 -100.00 -100.00 -100.00
 130    46.247 55940.40011643 15.59 124.237607  65.341562  3.297 -100.00 -100.00 -100.00
 130    46.081 55940.40011702 15.55 124.243689  65.340895  3.535 -100.00 -100.00 -100.00
 130    45.999 55940.40011761 15.49 124.249770  65.340228  3.756 -100.00 -100.00 -100.00
 131    46.714 55950.31576012 14.57 124.236318  65.339847  3.247 -100.00 -100.00 -100.00
 131    46.382 55950.31576071 14.87 124.242400  65.339180  3.911 -100.00 -100.00 -100.00
 131    46.502 55950.31576130 14.99 124.248481  65.338513  3.555 -100.00 -100.00 -100.00
 132    46.803 55960.23139974 14.05 124.235418  65.339120  3.141 -100.00 -100.00 -100.00
 132    46.275 55960.23140033 14.29 124.241499  65.338453  3.932 -100.00 -100.00 -100.00
 132    46.272 55960.23140092 14.05 124.247580  65.337785  3.633 -100.00 -100.00 -100.00
 133    46.948 55970.14703709 13.78 124.235658  65.339690  3.723 -100.00 -100.00 -100.00
 133    46.896 55970.14703768 13.91 124.241740  65.339023  3.194 -100.00 -100.00 -100.00
 133    46.514 55970.14703827 13.86 124.247821  65.338356  3.415 -100.00 -100.00 -100.00
 135    46.589 55989.97830888 13.50 124.237256  65.341713  3.419 -100.00 -100.00 -100.00
 135    44.515 55989.97830947 13.60 124.243337  65.341046  3.503 -100.00 -100.00 -100.00
 135    44.992 55989.97831006 13.44 124.249418  65.340379  3.044 -100.00 -100.00 -100.00
 136    46.640 55999.89395255 12.81 124.236289  65.341375  3.422 -100.00 -100.00 -100.00
 136    46.599 55999.89395314 12.64 124.242370  65.340708  3.117 -100.00 -100.00 -100.00
 136    46.036 55999.89395373 12.90 124.248451  65.340041  3.674 -100.00 -100.00 -100.00
 137    46.595 56009.80960356 12.81 124.238124  65.339916  2.939 -100.00 -100.00 -100.00
 137    46.212 56009.80960415 12.77 124.244204  65.339249  3.148 -100.00 -100.00 -100.00
 137    46.185 56009.80960474 12.65 124.250284  65.338582  2.874 -100.00 -100.00 -100.00
 138    47.095 56019.72524982 12.80 124.233622  65.339869  3.194 -100.00 -100.00 -100.00
 138    46.865 56019.72525041 12.73 124.239702  65.339202  3.096 -100.00 -100.00 -100.00
 138    46.675 56019.72525100 12.42 124.245782  65.338535  2.683 -100.00 -100.00 -100.00
 139    46.551 56029.64089340 12.39 124.232923  65.340474  3.252 -100.00 -100.00 -100.00
 139    46.671 56029.64089399 12.33 124.239003  65.339807  3.297 -100.00 -100.00 -100.00
 139    46.020 56029.64089458 12.30 124.245083  65.339140  2.959 -100.00 -100.00 -100.00
 140    44.276 56039.55653571  7.83 124.239313  65.341193  3.275 -100.00 -100.00 -100.00
 140    44.740 56039.55653630  8.09 124.245393  65.340525  3.618 -100.00 -100.00 -100.00
 140    45.227 56039.55653689  7.88 124.251474  65.339858  3.042 -100.00 -100.00 -100.00
 142    95.102 56059.38781251  8.34 124.240757  65.343204  4.295 -100.00 -100.00 -100.00
 142    92.904 56059.38781310 16.83 124.246838  65.342537 10.939 -100.00 -100.00 -100.00
 142    98.528 56059.38781369 16.43 124.252920  65.341869  8.736 -100.00 -100.00 -100.00
 143    96.718 56069.30344728 17.80 124.241039  65.343287 27.429 -100.00 -100.00 -100.00
 143    96.925 56069.30344787 29.27 124.247121  65.342620 27.174 -100.00 -100.00 -100.00
 143    97.333 56069.30344846 25.22 124.253202  65.341953 14.157 -100.00 -100.00 -100.00
 144   113.137 56079.21909822  1.83 124.239278  65.342995  4.371 -100.00 -100.00 -100.00
 144   115.506 56079.21909881  8.85 124.245360  65.342328  2.450 -100.00 -100.00 -100.00
 144   115.682 56079.21909940 11.67 124.251441  65.341660  3.289 -100.00 -100.00 -100.00
 145    95.190 56089.13474674 28.85 124.240604  65.342807 21.560 -100.00 -100.00 -100.00
 145    94.894 56089.13474733 28.87 124.246685  65.342139   -100 -100.00 -100.00 -100.00
 145    93.170 56089.13474792 19.30 124.252766  65.341472   -100 -100.00 -100.00 -100.00
 147    81.498 56108.96603612  1.74 124.239666  65.342825  5.658 -100.00 -100.00 -100.00
 147    80.226 56108.96603671  0.43 124.245747  65.342158  4.836 -100.00 -100.00 -100.00
 147   103.225 56108.96603730  1.02 124.251828  65.341491  3.281 -100.00 -100.00 -100.00
 148    94.373 56118.88166476 19.87 124.234299  65.341849 16.010 -100.00 -100.00 -100.00
 148    93.929 56118.88166536 20.67 124.240380  65.341182 26.637 -100.00 -100.00 -100.00
 148    95.975 56118.88166595  8.52 124.246460  65.340515  6.111 -100.00 -100.00 -100.00
 149    90.040 56128.79730196 22.47 124.235431  65.340023 15.385 -100.00 -100.00 -100.00
 149    91.279 56128.79730255 25.96 124.241511  65.339357 28.229 -100.00 -100.00 -100.00
 149    91.458 56128.79730314 29.19 124.247591  65.338690   -100 -100.00 -100.00 -100.00
 150    93.427 56138.71293558 25.50 124.235749  65.339396 10.498 -100.00 -100.00 -100.00
 150    93.178 56138.71293617 31.12 124.241830  65.338729 30.966 -100.00 -100.00 -100.00
 150    93.625 56138.71293676 20.35 124.247909  65.338062 28.228 -100.00 -100.00 -100.00
 151    91.935 56148.62858352 20.98 124.235373  65.340268 27.043 -100.00 -100.00 -100.00
 151    91.659 56148.62858411  7.80 124.241454  65.339601 20.945 -100.00 -100.00 -100.00
 151    94.499 56148.62858470  0.66 124.247534  65.338934  6.095 -100.00 -100.00 -100.00
 152    89.510 56158.54423265 26.98 124.237090  65.341594 29.663 -100.00 -100.00 -100.00
 152    89.620 56158.54423324 15.62 124.243171  65.340927   -100 -100.00 -100.00 -100.00
 152    91.753 56158.54423383  8.19 124.249251  65.340260 24.000 -100.00 -100.00 -100.00
 153   109.675 56168.45988033  1.99 124.235219  65.342366  9.697 -100.00 -100.00 -100.00
 153    82.303 56168.45988092  0.28 124.241300  65.341699  5.350 -100.00 -100.00 -100.00
 154    93.199 56178.37552513 24.63 124.233422  65.341469 13.683 -100.00 -100.00 -100.00
 154    92.571 56178.37552572 27.80 124.239504  65.340802 20.159 -100.00 -100.00 -100.00
 154    92.422 56178.37552631 21.21 124.245585  65.340135   -100 -100.00 -100.00 -100.00
 155    89.910 56188.29116577 21.41 124.234509  65.339922 20.899 -100.00 -100.00 -100.00
 155    89.724 56188.29116637 23.49 124.240590  65.339255 31.866 -100.00 -100.00 -100.00
 155    95.443 56188.29116696 10.17 124.246671  65.338588  9.356 -100.00 -100.00 -100.00
 156    83.422 56198.20680300  1.72 124.235869  65.339446  5.499 -100.00 -100.00 -100.00
 156    81.082 56198.20680359  2.03 124.241950  65.338779  7.348 -100.00 -100.00 -100.00
 156   101.016 56198.20680418 12.69 124.248032  65.338112  9.351 -100.00 -100.00 -100.00
 157   103.944 56208.12243697 12.65 124.233893  65.341342 12.562 -100.00 -100.00 -100.00
 157   104.333 56208.12243756 13.38 124.239975  65.340675 12.899 -100.00 -100.00 -100.00
 157   107.136 56208.12243815 17.99 124.246057  65.340008 14.930 -100.00 -100.00 -100.00
 158    90.583 56218.03806983 17.18 124.237713  65.343459  7.673 -100.00 -100.00 -100.00
 158    88.948 56218.03807042 15.75 124.243795  65.342792 13.216 -100.00 -100.00 -100.00
 158    91.070 56218.03807101  4.99 124.249877  65.342125  9.648 -100.00 -100.00 -100.00
 159    90.840 56227.95371473 20.20 124.239836  65.344564  9.218 -100.00 -100.00 -100.00
 159    90.272 56227.95371532 25.32 124.245918  65.343897 24.657 -100.00 -100.00 -100.00
 159    90.009 56227.95371591 16.93 124.252000  65.343230   -100 -100.00 -100.00 -100.00
 160    43.172 56237.86936907 36.83 124.239620  65.343943 22.519 -100.00 -100.00 -100.00
 160    43.256 56237.86936966 37.91 124.245702  65.343276 18.508 -100.00 -100.00 -100.00
 160    42.843 56237.86937026 37.05 124.251783  65.342608 24.330 -100.00 -100.00 -100.00
 161    42.036 56247.78501918 28.01 124.235264  65.343200 10.245 -100.00 -100.00 -100.00
 161    42.627 56247.78501977 31.59 124.241346  65.342533 15.871 -100.00 -100.00 -100.00
 161    41.835 56247.78502036 34.56 124.247427  65.341866 25.999 -100.00 -100.00 -100.00
 162    43.084 56257.70066480 26.36 124.236656  65.342415  6.849 -100.00 -100.00 -100.00
 162    42.686 56257.70066539 28.63 124.242737  65.341748 10.865 -100.00 -100.00 -100.00
 162    42.658 56257.70066598 29.87 124.248818  65.341080 12.763 -100.00 -100.00 -100.00
 163    43.044 56267.61630677 24.23 124.235469  65.343246  6.172 -100.00 -100.00 -100.00
 163    43.492 56267.61630736 24.17 124.241551  65.342579  6.328 -100.00 -100.00 -100.00
 163    42.777 56267.61630795 26.89 124.247632  65.341912  9.916 -100.00 -100.00 -100.00
 164    43.201 56277.53194753 23.02 124.239268  65.343555  6.098 -100.00 -100.00 -100.00
 164    42.880 56277.53194812 24.83 124.245350  65.342888  9.106 -100.00 -100.00 -100.00
 164    42.725 56277.53194871 24.39 124.251431  65.342220  7.836 -100.00 -100.00 -100.00
 165    44.065 56287.44759564 20.34 124.238318  65.343195  4.530 -100.00 -100.00 -100.00
 165    43.054 56287.44759623 21.00 124.244400  65.342528  6.227 -100.00 -100.00 -100.00
 165    42.785 56287.44759682 21.25 124.250481  65.341860  5.560 -100.00 -100.00 -100.00
 166    44.669 56297.36324461 19.22 124.233862  65.341470  4.369 -100.00 -100.00 -100.00
 166    43.202 56297.36324520 19.22 124.239944  65.340803  4.593 -100.00 -100.00 -100.00
 166    42.932 56297.36324579 19.97 124.246025  65.340136  5.190 -100.00 -100.00 -100.00
 167    43.755 56307.27888987 18.48 124.231823  65.339305  4.666 -100.00 -100.00 -100.00
 167    43.359 56307.27889047 18.96 124.237905  65.338638  5.921 -100.00 -100.00 -100.00
 167    43.054 56307.27889106 18.10 124.243986  65.337971  3.960 -100.00 -100.00 -100.00
 168    44.847 56317.19453248 16.61 124.232131  65.338472  3.235 -100.00 -100.00 -100.00
 168    44.028 56317.19453307 16.83 124.238212  65.337805  3.205 -100.00 -100.00 -100.00
 168    43.255 56317.19453366 17.04 124.244293  65.337138  4.085 -100.00 -100.00 -100.00
 168    43.647 56317.19453544 17.55 124.262533  65.335134  3.990 -100.00 -100.00 -100.00
 168    42.995 56317.19453603 17.43 124.268613  65.334466  4.551 -100.00 -100.00 -100.00
 169    44.437 56327.11017401 16.36 124.237711  65.339504  3.530 -100.00 -100.00 -100.00
 169    43.402 56327.11017460 17.09 124.243792  65.338836  4.748 -100.00 -100.00 -100.00
 169    42.943 56327.11017519 17.26 124.249872  65.338169  4.858 -100.00 -100.00 -100.00
 170    44.579 56337.02581400 15.96 124.238033  65.341712  4.576 -100.00 -100.00 -100.00
 170    43.349 56337.02581459 16.41 124.244114  65.341045  4.390 -100.00 -100.00 -100.00
 170    43.469 56337.02581518 16.55 124.250195  65.340378  4.603 -100.00 -100.00 -100.00
 171    44.439 56346.94145243 15.00 124.237953  65.342712  3.817 -100.00 -100.00 -100.00
 171    43.691 56346.94145302 15.25 124.244035  65.342045  4.974 -100.00 -100.00 -100.00
 171    43.491 56346.94145361 14.96 124.250116  65.341378  3.654 -100.00 -100.00 -100.00
 172    44.757 56356.85708826 13.87 124.236166  65.341904  3.254 -100.00 -100.00 -100.00
 172    44.379 56356.85708885 14.24 124.242248  65.341237  3.918 -100.00 -100.00 -100.00
 172    43.692 56356.85708944 14.17 124.248329  65.340570  3.545 -100.00 -100.00 -100.00
 173    45.028 56366.77273607 14.26 124.231941  65.340274  4.305 -100.00 -100.00 -100.00
 173    44.961 56366.77273666 14.09 124.238022  65.339607  3.375 -100.00 -100.00 -100.00
 173    43.722 56366.77273725 14.48 124.244102  65.338940  4.158 -100.00 -100.00 -100.00
 173    43.659 56366.77273784 13.89 124.250182  65.338273  3.195 -100.00 -100.00 -100.00
 176    44.505 56396.51967442 13.22 124.240668  65.342829  3.505 -100.00 -100.00 -100.00
 176    43.409 56396.51967502 13.54 124.246749  65.342162  4.106 -100.00 -100.00 -100.00
 176    43.251 56396.51967561 13.14 124.252829  65.341494  3.729 -100.00 -100.00 -100.00
 177    42.590 56406.43531554 16.96 124.239585  65.344410  5.489 -100.00 -100.00 -100.00
 177    42.716 56406.43531613 16.37 124.245667  65.343742  4.419 -100.00 -100.00 -100.00
 177    42.534 56406.43531672 16.83 124.251748  65.343075  4.368 -100.00 -100.00 -100.00
 178    86.923 56416.35095332 20.34 124.239682  65.344244 10.504 -100.00 -100.00 -100.00
 178    87.532 56416.35095391 23.64 124.245763  65.343577   -100 -100.00 -100.00 -100.00
 178    87.656 56416.35095450 11.40 124.251845  65.342910 20.317 -100.00 -100.00 -100.00
 179   110.854 56426.26658647  3.43 124.240284  65.343064  5.793 -100.00 -100.00 -100.00
 179   109.922 56426.26658706  1.49 124.246366  65.342397  3.810 -100.00 -100.00 -100.00
 179    95.536 56426.26658765 16.95 124.252447  65.341730  9.218 -100.00 -100.00 -100.00
 180   108.565 56436.18223639  2.35 124.237448  65.342227  8.767 -100.00 -100.00 -100.00
 180    94.948 56436.18223698  1.38 124.243529  65.341560  5.084 -100.00 -100.00 -100.00
 180   102.847 56436.18223758  9.07 124.249611  65.340893  4.904 -100.00 -100.00 -100.00
 181    94.577 56446.09788802 27.72 124.235896  65.342386 20.858 -100.00 -100.00 -100.00
 181    94.365 56446.09788861 28.15 124.241977  65.341719   -100 -100.00 -100.00 -100.00
 181    94.926 56446.09788920 29.35 124.248059  65.341051   -100 -100.00 -100.00 -100.00
 182    82.189 56456.01353758  1.36 124.237529  65.343099  5.758 -100.00 -100.00 -100.00
 182    80.165 56456.01353817  0.68 124.243610  65.342432  5.264 -100.00 -100.00 -100.00
 182   104.086 56456.01353876  0.42 124.249692  65.341765  2.506 -100.00 -100.00 -100.00
 183    94.375 56465.92918394 17.26 124.237385  65.342902 17.125 -100.00 -100.00 -100.00
 183    94.515 56465.92918453 15.41 124.243466  65.342235 16.000 -100.00 -100.00 -100.00
 183    94.792 56465.92918512 17.80 124.249547  65.341568 12.794 -100.00 -100.00 -100.00
 185    83.392 56485.76046557  2.12 124.236804  65.339087  8.127 -100.00 -100.00 -100.00
 185   100.173 56485.76046616  1.25 124.242884  65.338420  4.872 -100.00 -100.00 -100.00
 185   102.761 56485.76046675 12.94 124.248964  65.337753  7.768 -100.00 -100.00 -100.00
 186    84.047 56495.67610124  3.42 124.232239  65.338977  7.216 -100.00 -100.00 -100.00
 186    83.429 56495.67610183  1.19 124.238319  65.338311  5.342 -100.00 -100.00 -100.00
 186   101.977 56495.67610242  4.76 124.244399  65.337644  7.374 -100.00 -100.00 -100.00
 186    75.396 56495.67610419  0.41 124.262637  65.335641  8.127 -100.00 -100.00 -100.00
 187   108.032 56505.59173562  1.46 124.232933  65.340609 13.838 -100.00 -100.00 -100.00
 187    81.239 56505.59173621  0.19 124.239014  65.339942  7.385 -100.00 -100.00 -100.00
 188   112.415 56515.50736892  2.31 124.238558  65.342755  8.533 -100.00 -100.00 -100.00
 188    93.915 56515.50736951 15.08 124.244640  65.342088 16.016 -100.00 -100.00 -100.00
 188    95.520 56515.50737010 13.06 124.250721  65.341421  6.153 -100.00 -100.00 -100.00
 189   111.187 56525.42302383  0.61 124.247176  65.342429  4.406 -100.00 -100.00 -100.00
 189    98.632 56525.42302442  0.98 124.253258  65.341762  3.183 -100.00 -100.00 -100.00
 192    93.303 56555.16996456 19.49 124.232243  65.340114  8.399 -100.00 -100.00 -100.00
 192    92.540 56555.16996515 22.75 124.238325  65.339447  9.489 -100.00 -100.00 -100.00
 192    91.643 56555.16996574 29.04 124.244406  65.338780 21.006 -100.00 -100.00 -100.00
 194    43.796 56575.00124931 44.32 124.239704  65.343596 23.999 -100.00 -100.00 -100.00
 194    43.453 56575.00124990 48.12 124.245786  65.342928   -100 -100.00 -100.00 -100.00
 194    43.536 56575.00125049 49.17 124.251867  65.342261   -100 -100.00 -100.00 -100.00
 195    43.240 56584.91688792 43.21 124.241347  65.345082 21.663 -100.00 -100.00 -100.00
 195    42.852 56584.91688851 46.38 124.247430  65.344415 28.561 -100.00 -100.00 -100.00
 195    42.856 56584.91688910 47.28 124.253511  65.343748   -100 -100.00 -100.00 -100.00
 196    43.001 56594.83252377 40.14 124.239106  65.345087 20.233 -100.00 -100.00 -100.00
 196    42.652 56594.83252436 43.16 124.245188  65.344420 29.385 -100.00 -100.00 -100.00
 196    42.505 56594.83252495 43.05 124.251270  65.343753 32.350 -100.00 -100.00 -100.00
 197    90.870 56604.74817670 15.57 124.237850  65.343256  9.519 -100.00 -100.00 -100.00
 197    90.048 56604.74817729 13.49 124.243932  65.342589 26.049 -100.00 -100.00 -100.00
 198    91.791 56614.66382507 10.12 124.239661  65.341673 10.730 -100.00 -100.00 -100.00
 198    90.020 56614.66382566  7.24 124.245742  65.341006  9.709 -100.00 -100.00 -100.00
 201    42.707 56644.41074742 18.38 124.237199  65.343133  6.443 -100.00 -100.00 -100.00
 201    42.565 56644.41074801 19.40 124.243281  65.342466  9.128 -100.00 -100.00 -100.00
 201    42.455 56644.41074860 19.63 124.249363  65.341799  8.895 -100.00 -100.00 -100.00
 204    44.114 56674.15769469 15.08 124.231818  65.339153  4.391 -100.00 -100.00 -100.00
 204    43.388 56674.15769528 15.29 124.237900  65.338486  3.737 -100.00 -100.00 -100.00
 204    43.045 56674.15769587 15.68 124.243981  65.337818  5.259 -100.00 -100.00 -100.00
 204    42.152 56674.15769764 15.98 124.262222  65.335815  4.586 -100.00 -100.00 -100.00
 204    41.835 56674.15769823 16.67 124.268302  65.335147  5.837  238.18  230.10  212.67
 205    47.930 56684.07334003  4.19 124.237570  65.339626 10.521 -100.00 -100.00 -100.00
 205    47.279 56684.07334062  4.14 124.243652  65.338958 10.217 -100.00 -100.00 -100.00
 205    47.010 56684.07334121  6.11 124.249732  65.338291 13.665 -100.00 -100.00 -100.00
 207    72.859 56703.90462118  2.83 124.238866  65.342689  6.643 -100.00 -100.00 -100.00
 207    71.404 56703.90462177  3.26 124.244948  65.342022  6.900 -100.00 -100.00 -100.00
 207    47.312 56703.90462236  4.71 124.251029  65.341354  8.336 -100.00 -100.00 -100.00
 209    46.298 56723.73590386 10.50 124.238095  65.340838 14.314 -100.00 -100.00 -100.00
 209    47.553 56723.73590445  7.25 124.244176  65.340171 11.657 -100.00 -100.00 -100.00
 209    47.283 56723.73590504  5.19 124.250256  65.339504 10.204 -100.00 -100.00 -100.00
 213    90.801 56763.39848127  7.41 124.237717  65.345206  7.826 -100.00 -100.00 -100.00
 213    91.076 56763.39848186  7.40 124.243799  65.344539  8.420 -100.00 -100.00 -100.00
 213    90.958 56763.39848245  8.26 124.249881  65.343872  9.085 -100.00 -100.00 -100.00
 215   111.402 56783.22977233  2.88 124.238572  65.342931  2.522 -100.00 -100.00 -100.00
 215   112.679 56783.22977292  7.10 124.244654  65.342264  4.106 -100.00 -100.00 -100.00
 215    87.422 56783.22977351 10.71 124.250735  65.341597  6.517 -100.00 -100.00 -100.00
 216    97.639 56793.14542635 27.19 124.239643  65.341474 11.088 -100.00 -100.00 -100.00
 216    95.765 56793.14542694 32.48 124.245724  65.340807   -100 -100.00 -100.00 -100.00
 216    95.691 56793.14542753 21.21 124.251805  65.340139   -100 -100.00 -100.00 -100.00
 217    96.181 56803.06107697 25.83 124.235052  65.341654 10.707 -100.00 -100.00 -100.00
 217    94.326 56803.06107756 26.97 124.241133  65.340987 11.871 -100.00 -100.00 -100.00
 217    93.778 56803.06107815 24.60 124.247214  65.340319 25.810 -100.00 -100.00 -100.00
 218    95.578 56812.97672033 29.14 124.237673  65.341714 18.510 -100.00 -100.00 -100.00
 218    93.206 56812.97672092 32.52 124.243754  65.341047   -100 -100.00 -100.00 -100.00
 218    93.145 56812.97672151 20.61 124.249834  65.340379   -100 -100.00 -100.00 -100.00
 219    83.272 56822.89235961  1.37 124.234173  65.341953  7.853 -100.00 -100.00 -100.00
 219    82.756 56822.89236020  0.45 124.240254  65.341286  6.121 -100.00 -100.00 -100.00
 220    47.548 56832.80799509 27.23 124.234364  65.341211 16.906 -100.00 -100.00 -100.00
 220    45.259 56832.80799568 27.81 124.240444  65.340544   -100 -100.00 -100.00 -100.00
 220    47.799 56832.80799627 27.21 124.246524  65.339877   -100 -100.00 -100.00 -100.00
 222    89.855 56852.63926753 24.14 124.236093  65.340446 14.287 -100.00 -100.00 -100.00
 222    91.526 56852.63926812 27.08 124.242173  65.339780 19.637 -100.00 -100.00 -100.00
 222    90.891 56852.63926871 19.29 124.248253  65.339113   -100 -100.00 -100.00 -100.00
 225    91.730 56882.38622564 22.19 124.237546  65.341793  9.014 -100.00 -100.00 -100.00
 225    91.426 56882.38622623 27.35 124.243627  65.341126 23.877 -100.00 -100.00 -100.00
 225    91.479 56882.38622682 18.62 124.249708  65.340459 28.038 -100.00 -100.00 -100.00
 228    44.659 56912.13315787 47.41 124.234408  65.341600 24.540 -100.00 -100.00 -100.00
 228    44.778 56912.13315846 47.47 124.240489  65.340933 21.810 -100.00 -100.00 -100.00
 228    44.189 56912.13315905 49.97 124.246570  65.340266   -100 -100.00 -100.00 -100.00
 229   108.513 56922.04879910  0.77 124.244730  65.341709  2.495 -100.00 -100.00 -100.00
 229   110.521 56922.04879969  1.88 124.250811  65.341041  2.860 -100.00 -100.00 -100.00
 232    42.576 56951.79571148 40.29 124.236194  65.344483 23.813 -100.00 -100.00 -100.00
 232    43.017 56951.79571207 41.30 124.242276  65.343816 20.166 -100.00 -100.00 -100.00
 232    42.697 56951.79571266 44.27 124.248357  65.343149 27.155 -100.00 -100.00 -100.00
 232    42.299 56951.79571325 43.72 124.254438  65.342481   -100 -100.00 -100.00 -100.00
 233    42.127 56961.71136296 41.38 124.238939  65.342797 24.646 -100.00 -100.00 -100.00
 233    42.102 56961.71136355 45.35 124.245020  65.342130 28.364 -100.00 -100.00 -100.00
 233    41.528 56961.71136414 46.52 124.251101  65.341462   -100 -100.00 -100.00 -100.00
 234    42.063 56971.62700880 34.87 124.235101  65.342509 30.651 -100.00 -100.00 -100.00
 234    41.287 56971.62700939 35.78 124.241182  65.341842   -100 -100.00 -100.00 -100.00
 234    41.933 56971.62700998 30.75 124.247263  65.341175 17.564 -100.00 -100.00 -100.00
 235    42.319 56981.54265126 28.45 124.239271  65.342065 17.555 -100.00 -100.00 -100.00
 235    42.215 56981.54265185 27.45 124.245352  65.341397 15.175 -100.00 -100.00 -100.00
 235    42.021 56981.54265244 27.58 124.251433  65.340730 13.539 -100.00 -100.00 -100.00
 236    42.411 56991.45828865 22.62 124.237378  65.342405  8.444 -100.00 -100.00 -100.00
 236    42.754 56991.45828924 21.65 124.243460  65.341738  6.540 -100.00 -100.00 -100.00
 236    42.479 56991.45828983 23.25 124.249541  65.341070  9.905 -100.00 -100.00 -100.00
 237    42.548 57001.37392053 21.02 124.238638  65.342002  6.308 -100.00 -100.00 -100.00
 237    42.427 57001.37392112 21.03 124.244720  65.341335  6.680 -100.00 -100.00 -100.00
 237    42.436 57001.37392171 21.89 124.250802  65.340668  7.742 -100.00 -100.00 -100.00
 238    42.285 57011.28957811 21.35 124.238343  65.340635  8.347 -100.00 -100.00 -100.00
 238    42.344 57011.28957870 21.85 124.244425  65.339968  9.191 -100.00 -100.00 -100.00
 238    42.493 57011.28957929 20.22 124.250506  65.339301  6.714 -100.00 -100.00 -100.00
 239    42.454 57021.20522965 18.35 124.236136  65.339968  5.746 -100.00 -100.00 -100.00
 239    42.584 57021.20523024 18.35 124.242217  65.339301  6.170 -100.00 -100.00 -100.00
 239    42.613 57021.20523083 17.98 124.248299  65.338634  5.473 -100.00 -100.00 -100.00
 240    42.908 57031.12087848 17.49 124.235936  65.340388  4.906 -100.00 -100.00 -100.00
 240    42.495 57031.12087907 17.95 124.242017  65.339721  5.701 -100.00 -100.00 -100.00
 240    42.548 57031.12087966 17.50 124.248098  65.339054  5.049 -100.00 -100.00 -100.00
 241    75.410 57041.03652546  1.78 124.236151  65.341223  7.356 -100.00 -100.00 -100.00
 241    78.462 57041.03652664  2.22 124.248313  65.339888  6.996 -100.00 -100.00 -100.00
 242    42.659 57050.95217065 16.16 124.239534  65.341626  5.388 -100.00 -100.00 -100.00
 242    42.696 57050.95217125 15.68 124.245615  65.340959  4.907 -100.00 -100.00 -100.00
 242    42.510 57050.95217184 15.84 124.251696  65.340291  4.937 -100.00 -100.00 -100.00
 247    84.592 57100.53037609  1.68 124.238510  65.344304  3.058 -100.00 -100.00 -100.00
 247    83.030 57100.53037668  1.68 124.244591  65.343637  3.339 -100.00 -100.00 -100.00
 247    81.819 57100.53037727  1.30 124.250673  65.342969  2.984 -100.00 -100.00 -100.00
 248    85.127 57110.44603060  2.69 124.238307  65.344651  2.890 -100.00 -100.00 -100.00
 248    83.634 57110.44603119  2.37 124.244388  65.343984  2.797 -100.00 -100.00 -100.00
 248    81.944 57110.44603178  2.43 124.250470  65.343316  3.064 -100.00 -100.00 -100.00
 249    85.036 57120.36167959  1.44 124.238397  65.343841  2.546 -100.00 -100.00 -100.00
 249    83.368 57120.36168018  1.44 124.244479  65.343173  2.655 -100.00 -100.00 -100.00
 249    81.653 57120.36168077  1.16 124.250560  65.342506  2.856 -100.00 -100.00 -100.00
 250    85.261 57130.27732285  0.62 124.238920  65.342482  3.131 -100.00 -100.00 -100.00
 250    83.297 57130.27732344  0.47 124.245001  65.341814  2.777 -100.00 -100.00 -100.00
 250    81.802 57130.27732403  0.45 124.251082  65.341147  2.443 -100.00 -100.00 -100.00
 251    96.051 57140.19296073  2.23 124.238966  65.342080  2.652 -100.00 -100.00 -100.00
 251    94.614 57140.19296132  5.11 124.245048  65.341412  4.939 -100.00 -100.00 -100.00
 251    97.008 57140.19296191  3.78 124.251129  65.340745  4.549 -100.00 -100.00 -100.00
 252   109.871 57150.10859495  6.45 124.237762  65.342927  5.162 -100.00 -100.00 -100.00
 252    90.165 57150.10859554  7.53 124.243844  65.342260  6.150 -100.00 -100.00 -100.00
 252    90.840 57150.10859614  7.14 124.249925  65.341593  4.482 -100.00 -100.00 -100.00
 253   110.417 57160.02422667 25.22 124.241429  65.343356 12.485 -100.00 -100.00 -100.00
 253    93.754 57160.02422726 28.54 124.247511  65.342689   -100 -100.00 -100.00 -100.00
 253    93.961 57160.02422785 21.82 124.253592  65.342022   -100 -100.00 -100.00 -100.00
 254    83.402 57169.93987883  4.24 124.236702  65.342952  6.169 -100.00 -100.00 -100.00
 254    81.413 57169.93987942  3.55 124.242783  65.342285  5.147 -100.00 -100.00 -100.00
 254   100.715 57169.93988001  3.05 124.248864  65.341618  4.393 -100.00 -100.00 -100.00
 255    94.981 57179.85553461 28.31 124.238138  65.340944 18.420 -100.00 -100.00 -100.00
 255    94.750 57179.85553520 31.27 124.244218  65.340277 30.070 -100.00 -100.00 -100.00
 255    94.703 57179.85553579 18.87 124.250298  65.339610   -100 -100.00 -100.00 -100.00
 256    94.898 57189.77118576 25.20 124.233562  65.339933 12.066 -100.00 -100.00 -100.00
 256    94.658 57189.77118635 28.16 124.239642  65.339266 20.774 -100.00 -100.00 -100.00
 256    94.336 57189.77118694 17.83 124.245722  65.338599   -100 -100.00 -100.00 -100.00
 257    83.371 57199.68683376  0.41 124.235008  65.339881  6.737 -100.00 -100.00 -100.00
 257    99.454 57199.68683494 12.43 124.247168  65.338547  9.145 -100.00 -100.00 -100.00
 258    93.022 57209.60246810 26.25 124.237839  65.340871 15.407 -100.00 -100.00 -100.00
 258    92.782 57209.60246869 26.32 124.243919  65.340204 26.940 -100.00 -100.00 -100.00
 258    92.898 57209.60246928 10.51 124.249999  65.339536 16.696 -100.00 -100.00 -100.00
 259    93.864 57219.51811184 23.41 124.235185  65.342428  7.856 -100.00 -100.00 -100.00
 259    91.805 57219.51811243 27.27 124.241266  65.341761 16.180 -100.00 -100.00 -100.00
 259    91.223 57219.51811302 21.87 124.247347  65.341093   -100 -100.00 -100.00 -100.00
 260    90.709 57229.43375495 19.83 124.236257  65.342441 10.579 -100.00 -100.00 -100.00
 260    91.937 57229.43375554 24.24 124.242338  65.341773 16.756 -100.00 -100.00 -100.00
 260    91.038 57229.43375613 11.18 124.248419  65.341106   -100 -100.00 -100.00 -100.00
 261    91.498 57239.34939587 22.22 124.237446  65.341868  9.970 -100.00 -100.00 -100.00
 261    90.532 57239.34939646 26.29 124.243528  65.341201 16.352 -100.00 -100.00 -100.00
 261    90.104 57239.34939705 25.01 124.249609  65.340534   -100 -100.00 -100.00 -100.00
 262    89.045 57249.26503361 21.96 124.236767  65.341684 11.451 -100.00 -100.00 -100.00
 262    90.500 57249.26503420 24.13 124.242849  65.341017 13.638 -100.00 -100.00 -100.00
 262    90.883 57249.26503479 27.59 124.248930  65.340350   -100 -100.00 -100.00 -100.00
 264    89.344 57269.09630360 13.31 124.241652  65.343960 14.334 -100.00 -100.00 -100.00
 264    91.315 57269.09630419 11.12 124.247734  65.343293 11.979 -100.00 -100.00 -100.00
 264    92.442 57269.09630478  9.37 124.253816  65.342626  6.976 -100.00 -100.00 -100.00
 266   101.880 57288.92761035 13.91 124.242266  65.344816 16.641 -100.00 -100.00 -100.00
 266    94.213 57288.92761094 14.49 124.248347  65.344148 26.438 -100.00 -100.00 -100.00
 267   111.089 57298.84326328  2.57 124.240376  65.343441  2.290 -100.00 -100.00 -100.00
 267   110.761 57298.84326387  1.29 124.246458  65.342773  2.281 -100.00 -100.00 -100.00
 267   111.069 57298.84326446  4.15 124.252539  65.342106  2.811 -100.00 -100.00 -100.00
 268    43.107 57308.75891230 41.41 124.235462  65.342044 15.124 -100.00 -100.00 -100.00
 268    42.640 57308.75891290 44.65 124.241543  65.341377 22.365 -100.00 -100.00 -100.00
 268    42.392 57308.75891349 49.91 124.247624  65.340710   -100 -100.00 -100.00 -100.00
 269    42.097 57318.67455811 41.50 124.235153  65.341337 20.640 -100.00 -100.00 -100.00
 269    41.738 57318.67455870 44.34 124.241234  65.340670 29.635 -100.00 -100.00 -100.00
 269    41.858 57318.67455929 44.03 124.247314  65.340002   -100 -100.00 -100.00 -100.00
 270    42.519 57328.59020077 31.01 124.235467  65.341824 14.336 -100.00 -100.00 -100.00
 270    42.098 57328.59020136 32.14 124.241548  65.341157 17.525 -100.00 -100.00 -100.00
 270    42.195 57328.59020195 31.12 124.247629  65.340489 15.132 -100.00 -100.00 -100.00
 271    42.121 57338.50584114 24.51 124.235109  65.343050  7.481 -100.00 -100.00 -100.00
 271    41.932 57338.50584173 25.47 124.241191  65.342383  9.014 -100.00 -100.00 -100.00
 271    41.999 57338.50584232 25.84 124.247272  65.341715  9.585 -100.00 -100.00 -100.00
 272    42.410 57348.42149013 23.92 124.238603  65.342168  8.647 -100.00 -100.00 -100.00
 272    42.446 57348.42149072 25.75 124.244685  65.341500 11.579 -100.00 -100.00 -100.00
 272    42.079 57348.42149131 26.73 124.250766  65.340833 13.792 -100.00 -100.00 -100.00
 273    46.761 57358.33713626 21.10 124.237593  65.340484  6.293 -100.00 -100.00 -100.00
 273    45.985 57358.33713685 22.27 124.243674  65.339817  6.964 -100.00 -100.00 -100.00
 273    42.239 57358.33713744 22.81 124.249755  65.339149  8.375 -100.00 -100.00 -100.00
 274    47.212 57368.25277870 18.88 124.232273  65.339296  4.179 -100.00 -100.00 -100.00
 274    47.002 57368.25277929 18.86 124.238354  65.338629  4.761 -100.00 -100.00 -100.00
 274    46.328 57368.25277988 18.98 124.244435  65.337962  4.547 -100.00 -100.00 -100.00
 275    47.053 57378.16841909 18.22 124.236006  65.339047  5.064 -100.00 -100.00 -100.00
 275    46.651 57378.16841968 18.09 124.242087  65.338380  4.603 -100.00 -100.00 -100.00
 275    45.802 57378.16842027 18.04 124.248168  65.337713  4.275 -100.00 -100.00 -100.00
 276    46.163 57388.08405754 17.45 124.237550  65.341078  3.985 -100.00 -100.00 -100.00
 276    44.322 57388.08405813 17.72 124.243632  65.340411  4.133 -100.00 -100.00 -100.00
 276    45.977 57388.08405872 18.39 124.249713  65.339744  4.766 -100.00 -100.00 -100.00
 277    46.943 57397.99969488 16.56 124.235963  65.343484  4.715 -100.00 -100.00 -100.00
 277    46.577 57397.99969547 16.55 124.242045  65.342817  4.372 -100.00 -100.00 -100.00
 277    45.774 57397.99969606 16.51 124.248127  65.342150  4.039 -100.00 -100.00 -100.00
 278    46.818 57407.91533135 16.45 124.240372  65.343711  3.846 -100.00 -100.00 -100.00
 278    45.705 57407.91533194 16.51 124.246454  65.343044  3.918 -100.00 -100.00 -100.00
 278    45.282 57407.91533253 16.12 124.252536  65.342377  3.820 -100.00 -100.00 -100.00
 279    46.717 57417.83098413 15.82 124.237986  65.342383  3.893 -100.00 -100.00 -100.00
 279    46.274 57417.83098473 15.88 124.244068  65.341716  3.988 -100.00 -100.00 -100.00
 279    45.806 57417.83098532 15.61 124.250149  65.341049  3.938 -100.00 -100.00 -100.00
 280    45.883 57427.74663465 15.67 124.235065  65.341450  3.728 -100.00 -100.00 -100.00
 280    45.724 57427.74663524 15.42 124.241146  65.340783  3.634 -100.00 -100.00 -100.00
 280    45.582 57427.74663583 15.70 124.247227  65.340116  3.931 -100.00 -100.00 -100.00
 281    45.962 57437.66228265 14.70 124.235155  65.341974  3.530 -100.00 -100.00 -100.00
 281    44.660 57437.66228324 14.75 124.241236  65.341307  3.834 -100.00 -100.00 -100.00
 281    45.543 57437.66228383 14.60 124.247317  65.340640  3.927 -100.00 -100.00 -100.00
 282    46.165 57447.57792940 14.19 124.238171  65.343708  3.907 -100.00 -100.00 -100.00
 282    44.236 57447.57792999 14.36 124.244253  65.343041  3.657 -100.00 -100.00 -100.00
 282    43.753 57447.57793058 14.63 124.250334  65.342374  4.098 -100.00 -100.00 -100.00
 283    44.184 57457.49357512 15.12 124.241435  65.345024  3.909 -100.00 -100.00 -100.00
 283    43.309 57457.49357571 15.20 124.247517  65.344356  4.349 -100.00 -100.00 -100.00
 283    45.119 57457.49357630 14.77 124.253598  65.343689  3.406 -100.00 -100.00 -100.00
 284    43.580 57467.40921797 15.61 124.241134  65.344923  4.496 -100.00 -100.00 -100.00
 284    44.520 57467.40921856 15.08 124.247216  65.344255  4.106 -100.00 -100.00 -100.00
 284    44.975 57467.40921915 14.95 124.253297  65.343588  3.445 -100.00 -100.00 -100.00
 285    46.259 57477.32485660 14.49 124.237155  65.343535  3.399 -100.00 -100.00 -100.00
 285    45.313 57477.32485719 14.48 124.243236  65.342868  3.659 -100.00 -100.00 -100.00
 285    45.480 57477.32485778 14.06 124.249318  65.342201  3.264 -100.00 -100.00 -100.00
 286    44.587 57487.24049224 14.19 124.235205  65.341892  3.535 -100.00 -100.00 -100.00
 286    46.645 57487.24049283 13.56 124.241287  65.341226  3.127 -100.00 -100.00 -100.00
 286    45.875 57487.24049342 13.66 124.247368  65.340559  2.935 -100.00 -100.00 -100.00
 289   110.893 57516.98741991  0.87 124.235626  65.343780  3.118 -100.00 -100.00 -100.00
 289   110.783 57516.98742050  1.45 124.241708  65.343113  2.370 -100.00 -100.00 -100.00
 289   110.440 57516.98742109  3.52 124.247790  65.342446  2.790 -100.00 -100.00 -100.00
 289    96.104 57516.98742168  4.78 124.253871  65.341778  2.681 -100.00 -100.00 -100.00
 290    95.366 57526.90307376  3.34 124.238980  65.342800  3.994 -100.00 -100.00 -100.00
 290   109.454 57526.90307435  3.28 124.245061  65.342133  3.479 -100.00 -100.00 -100.00
 290    99.090 57526.90307494  7.25 124.251142  65.341465  3.666 -100.00 -100.00 -100.00
 291   112.292 57536.81872459  1.64 124.237172  65.340820  3.584 -100.00 -100.00 -100.00
 291   112.888 57536.81872518  6.58 124.243253  65.340153  2.197 -100.00 -100.00 -100.00
 291    96.929 57536.81872577 12.11 124.249333  65.339486  4.863 -100.00 -100.00 -100.00
 292    94.568 57546.73437250 28.30 124.233509  65.339365 20.497 -100.00 -100.00 -100.00
 292    95.701 57546.73437309 23.44 124.239589  65.338698  9.832 -100.00 -100.00 -100.00
 292    94.400 57546.73437368 29.24 124.245669  65.338031   -100 -100.00 -100.00 -100.00
 293    95.328 57556.65001878 28.39 124.231229  65.339555   -100 -100.00 -100.00 -100.00
 293    95.592 57556.65001937 29.21 124.237309  65.338888 21.666 -100.00 -100.00 -100.00
 293    95.483 57556.65001997 30.74 124.243389  65.338221   -100 -100.00 -100.00 -100.00
 293    95.629 57556.65002056 22.51 124.249469  65.337553   -100 -100.00 -100.00 -100.00
 294   112.151 57566.56566435  1.63 124.235986  65.341013  2.830 -100.00 -100.00 -100.00
 294   112.413 57566.56566494  1.47 124.242067  65.340346  2.475 -100.00 -100.00 -100.00
 294   114.813 57566.56566553 10.01 124.248147  65.339678  2.770 -100.00 -100.00 -100.00
