-131473.415   179.212     0.00   10.14
-131187.185   178.748    -1.62   11.07
-130900.953   178.954     0.72   12.15
-130614.718   178.085    -3.04   12.03
-130328.481   177.358    -2.54   12.01
-130042.241   178.330     3.39   11.89
-129755.999   179.641     4.58   11.63
-129469.754   181.344     5.95   11.33
-129183.507   182.545     4.20   10.76
-128897.258   182.899     1.24   10.47
-128611.006   184.399     5.24   11.46
-128324.752   185.976     5.51   11.89
-128038.495   187.366     4.85   12.19
-127752.236   187.703     1.18   11.99
-127465.974   186.865    -2.93   10.96
-127179.710   185.548    -4.60    9.58
-126893.444   185.006    -1.89    7.92
-126607.175   185.879     3.05    6.83
-126320.904   186.124     0.86    5.86
-126034.630   186.782     2.30    5.78
-125748.354   187.892     3.88    5.82
-125462.076   189.358     5.12    5.17
-125175.795   190.738     4.82    3.88
-124889.511   191.567     2.90    3.41
-124603.225   191.901     1.16    3.45
-124316.937   191.901     0.00    3.47
-124030.646   190.966    -3.27    3.07
-123744.353   190.004    -3.36    3.32
-123458.058   188.618    -4.84    4.76
-123171.760   187.184    -5.01    5.36
-122885.459   186.340    -2.95    5.34
-122599.156   185.996    -1.20    5.08
-122312.851   186.097     0.36    4.90
-122026.544   185.916    -0.63    4.89
-121740.233   185.729    -0.65    5.00
-121453.921   186.050     1.12    4.19
-121167.606   186.492     1.54    4.03
-120881.288   186.431    -0.21    3.95
-120594.969   186.713     0.98    4.06
-120308.646   186.055    -2.30    7.26
-120022.322   185.238    -2.85   10.43
-119735.995   184.061    -4.11   13.03
-119449.665   182.108    -6.82   15.06
-119163.333   180.943    -4.07   15.52
-118876.999   181.112     0.59   15.60
-118590.662   181.423     1.09   15.86
-118304.323   183.541     7.40   14.08
-118017.981   185.539     6.98   11.48
-117731.637   186.616     3.76    8.39
-117445.290   185.671    -3.30    8.93
-117158.941   183.520    -7.51   10.92
-116872.590   182.443    -3.76   11.51
-116586.236   182.810     1.28   10.99
-116299.880   184.250     5.03   10.20
-116013.521   185.534     4.49    8.32
-115727.160   187.277     6.09    4.19
-115440.796   187.674     1.39    2.97
-115154.430   187.199    -1.66    3.57
-114868.062   185.795    -4.90    6.67
-114581.691   182.733   -10.69   10.09
-114295.318   180.675    -7.19   11.53
-114008.942   180.399    -0.96   12.08
-113722.564   180.755     1.25   11.89
-113436.183   182.187     5.00   10.76
-113149.800   183.258     3.74   10.69
-112863.415   182.851    -1.42   12.32
-112577.027   180.837    -7.03   14.82
-112290.636   177.492   -11.68   16.75
-112004.244   174.450   -10.62   17.61
-111717.848   173.919    -1.85   17.69
-111431.451   173.987     0.24   17.79
-111145.051   175.065     3.76   17.46
-110858.648   176.810     6.09   17.12
-110572.243   179.463     9.26   15.90
-110285.836   182.794    11.63   12.84
-109999.426   182.909     0.40   11.90
-109713.014   180.340    -8.97   13.07
-109426.599   177.816    -8.82   14.29
-109140.182   174.667   -10.99   14.48
-108853.763   171.935    -9.54   13.52
-108567.341   171.837    -0.34   12.50
-108280.917   173.347     5.27   11.44
-107994.490   175.427     7.26   10.00
-107708.061   176.540     3.89    8.29
-107421.629   176.143    -1.39    8.35
-107135.195   174.480    -5.80    9.67
-106848.758   171.983    -8.72   10.38
-106562.319   168.726   -11.37   10.75
-106275.878   164.949   -13.19   10.58
-105989.434   162.629    -8.10   10.02
-105702.988   161.830    -2.79    9.25
-105416.539   162.768     3.27    9.41
-105130.088   163.721     3.33    9.73
-104843.634   164.476     2.64   10.37
-104557.178   165.900     4.97   10.49
-104270.720   167.126     4.28   10.32
-103984.259   167.555     1.50    9.94
-103697.796   167.553    -0.01    9.75
-103411.330   168.208     2.29    9.01
-103124.862   168.567     1.25    8.32
-102838.391   168.310    -0.90    8.17
-102551.918   167.082    -4.29    8.35
-102265.443   165.844    -4.32    8.02
-101978.965   164.218    -5.68    7.99
-101692.484   161.252   -10.35    9.13
-101406.002   157.992   -11.38   10.79
-101119.516   153.923   -14.20   12.34
-100833.029   149.255   -16.29   12.70
-100546.539   145.880   -11.78   10.97
-100260.046   144.566    -4.59    9.58
 -99973.551   144.753     0.65    9.11
 -99687.054   144.399    -1.24    8.62
 -99400.554   144.084    -1.10    7.85
 -99114.052   144.501     1.46    6.59
 -98827.547   145.244     2.59    5.09
 -98541.040   145.354     0.39    5.27
 -98254.530   145.163    -0.67    6.05
 -97968.018   145.695     1.86    6.37
 -97681.504   146.156     1.61    6.51
 -97394.987   147.061     3.16    6.76
 -97108.468   149.407     8.19    7.26
 -96821.946   152.227     9.84    6.99
 -96535.422   154.441     7.73    6.22
 -96248.895   155.830     4.85    5.85
 -95962.366   156.511     2.37    5.58
 -95675.835   157.406     3.13    4.86
 -95389.301   157.504     0.34    4.85
 -95102.764   155.802    -5.94    5.28
 -94816.226   153.830    -6.88    5.86
 -94529.684   152.048    -6.22    5.92
 -94243.141   150.633    -4.94    5.69
 -93956.595   150.513    -0.42    5.80
 -93670.046   150.680     0.59    5.91
 -93383.495   150.536    -0.51    5.63
 -93096.942   150.674     0.48    5.45
 -92810.386   151.145     1.65    4.99
 -92523.828   151.851     2.46    4.32
 -92237.267   152.158     1.07    3.90
 -91950.704   151.553    -2.11    3.72
 -91664.138   150.880    -2.35    3.05
 -91377.570   150.801    -0.28    3.30
 -91090.999   150.823     0.08    3.85
 -90804.427   150.456    -1.28    4.16
 -90517.851   149.796    -2.30    4.43
 -90231.273   148.891    -3.16    4.09
 -89944.693   147.692    -4.18    3.80
 -89658.111   147.250    -1.54    3.72
 -89371.525   147.823     2.00    3.95
 -89084.938   148.844     3.56    5.06
 -88798.348   149.858     3.54    6.15
 -88511.755   150.564     2.46    6.26
 -88225.161   150.344    -0.77    6.69
 -87938.563   146.104   -14.79   13.43
 -87651.964   140.788   -18.55   17.27
 -87365.361   136.399   -15.32   17.50
 -87078.757   132.899   -12.21   16.62
 -86792.150   131.038    -6.49   15.32
 -86505.540   130.716    -1.12   15.30
 -86218.928   131.626     3.17   15.81
 -85932.314   134.787    11.03   14.56
 -85645.697   136.541     6.12   12.97
 -85359.078   137.034     1.72   11.25
 -85072.456   135.761    -4.44   11.07
 -84785.832   132.728   -10.58   10.80
 -84499.205   129.385   -11.66    9.29
 -84212.576   126.817    -8.96    6.74
 -83925.945   126.089    -2.54    5.22
 -83639.311   126.759     2.34    6.17
 -83352.675   127.980     4.26    7.25
 -83066.036   130.128     7.49    8.12
 -82779.395   133.208    10.75    9.00
 -82492.751   135.816     9.10    8.76
 -82206.105   137.406     5.55    7.63
 -81919.457   137.857     1.57    6.80
 -81632.806   137.714    -0.50    6.90
 -81346.152   135.762    -6.81    7.98
 -81059.496   133.416    -8.18    8.27
 -80772.838   131.361    -7.17    7.80
 -80486.177   130.773    -2.05    7.22
 -80199.514   130.787     0.05    7.23
 -79912.849   131.000     0.74    7.26
 -79626.180   131.243     0.85    6.85
 -79339.510   132.112     3.03    6.69
 -79052.837   133.631     5.30    6.83
 -78766.162   135.292     5.79    6.97
 -78479.484   136.440     4.00    6.52
 -78192.804   136.497     0.20    6.24
 -77906.121   135.942    -1.94    6.08
 -77619.436   135.098    -2.95    5.60
 -77332.748   133.189    -6.66    6.14
 -77046.058   131.458    -6.04    7.56
 -76759.477   129.745    -5.98    8.79
 -76473.229   128.601    -3.99    9.73
 -76186.980   128.582    -0.07   10.37
 -75900.728   130.068     5.19   11.38
 -75614.475   133.173    10.84   12.39
 -75328.220   137.014    13.42   12.76
 -75041.963   141.258    14.83   11.31
 -74755.705   144.919    12.79    9.29
 -74469.445   148.234    11.58    8.02
 -74183.183   151.059     9.87    8.22
 -73896.919   152.662     5.60    9.55
 -73610.654   155.187     8.82   10.50
 -73324.387   158.041     9.97   11.79
 -73038.119   161.594    12.41   11.61
 -72751.848   165.478    13.57    9.64
 -72465.576   168.421    10.28    6.61
 -72179.303   169.149     2.54    6.27
 -71893.027   169.261     0.39    6.16
 -71606.750   168.275    -3.44    6.39
 -71320.471   166.559    -5.99    6.48
 -71034.191   164.494    -7.21    5.43
 -70747.908   163.320    -4.10    4.49
 -70461.624   161.802    -5.30    4.49
 -70175.339   159.715    -7.29    5.50
 -69889.051   158.136    -5.52    6.02
 -69602.762   157.695    -1.54    6.25
 -69316.471   157.880     0.64    7.42
 -69030.179   158.206     1.14    8.07
 -68743.884   158.608     1.41    8.09
 -68457.588   159.227     2.16    7.92
 -68171.291   159.494     0.93    8.04
 -67884.991   157.550    -6.79    9.32
 -67598.690   154.238   -11.57   10.12
 -67312.387   151.430    -9.81    8.85
 -67026.083   149.300    -7.44    7.60
 -66739.777   148.097    -4.20    6.62
 -66453.469   146.980    -3.90    6.19
 -66167.159   146.337    -2.25    7.05
 -65880.848   145.440    -3.13    7.81
 -65594.535   144.573    -3.03    8.27
 -65308.220   142.773    -6.29    7.86
 -65021.903   141.971    -2.80    7.85
 -64735.585   141.135    -2.92    7.57
 -64449.265   141.305     0.59    6.34
 -64162.943   142.147     2.94    6.28
 -63876.620   142.830     2.39    6.04
 -63590.295   143.396     1.98    5.72
 -63303.968   142.580    -2.85    6.66
 -63017.640   141.700    -3.07    7.23
 -62731.310   140.434    -4.42    7.85
 -62444.978   139.042    -4.86    8.12
 -62158.644   137.906    -3.97    7.52
 -61872.309   137.671    -0.82    7.20
 -61585.972   138.690     3.56    7.13
 -61299.633   140.746     7.18    7.41
 -61013.293   143.192     8.54    7.38
 -60726.950   144.675     5.18    6.79
 -60440.607   146.539     6.51    6.16
 -60154.261   148.319     6.22    5.41
 -59867.914   149.614     4.52    4.54
 -59581.565   151.014     4.89    3.45
 -59295.214   151.782     2.68    3.29
 -59008.862   152.374     2.07    3.29
 -58722.507   152.497     0.43    3.55
 -58436.152   153.272     2.71    4.16
 -58149.794   154.118     2.95    4.41
 -57863.435   154.891     2.70    4.35
 -57577.074   155.022     0.46    3.82
 -57290.711   153.368    -5.77    6.14
 -57004.347   149.414   -13.81   10.50
 -56717.981   145.872   -12.37   12.40
 -56431.613   142.978   -10.11   12.56
 -56145.243   141.534    -5.04   12.15
 -55858.872   141.302    -0.81   12.10
 -55572.499   142.243     3.29   12.74
 -55286.124   145.717    12.13   12.05
 -54999.748   149.927    14.70    8.89
 -54713.370   152.440     8.77    5.33
 -54426.990   152.075    -1.27    5.20
 -54140.608   151.207    -3.03    5.94
 -53854.225   150.590    -2.15    6.71
 -53567.840   149.409    -4.12    7.50
 -53281.454   147.941    -5.13    8.28
 -52995.065   145.648    -8.01    7.94
 -52708.675   143.437    -7.72    7.90
 -52422.283   142.580    -2.99    9.09
 -52135.890   141.794    -2.74   10.09
 -51849.495   141.569    -0.79   10.14
 -51563.098   142.601     3.60    9.69
 -51276.699   144.080     5.16    9.05
 -50990.299   144.906     2.89    7.82
 -50703.897   145.388     1.68    7.25
 -50417.493   146.170     2.73    6.49
 -50131.087   145.885    -1.00    6.86
 -49844.680   144.368    -5.30    8.26
 -49558.271   141.242   -10.91    9.69
 -49271.860   137.351   -13.59   10.06
 -48985.448   133.578   -13.17    9.72
 -48699.034   130.400   -11.10    7.84
 -48412.618   127.362   -10.61    5.08
 -48126.201   125.457    -6.65    3.42
 -47839.782   124.026    -5.00    3.52
 -47553.361   122.768    -4.39    4.35
 -47266.938   121.278    -5.20    5.16
 -46980.514   119.605    -5.84    5.61
 -46694.088   117.685    -6.70    5.32
 -46407.660   115.580    -7.35    5.05
 -46121.230   113.851    -6.04    4.47
 -45834.799   112.577    -4.45    4.03
 -45548.366   111.474    -3.85    3.61
 -45261.932   110.371    -3.85    3.77
 -44975.495   109.618    -2.63    3.79
 -44689.057   108.508    -3.87    3.67
 -44402.618   107.147    -4.75    4.14
 -44116.176   105.530    -5.65    4.49
 -43829.733   103.880    -5.76    4.82
 -43543.288   101.923    -6.83    4.97
 -43256.841    99.844    -7.26    5.10
 -42970.393    97.671    -7.58    4.45
 -42683.943    96.461    -4.23    3.92
 -42397.491    95.434    -3.58    4.07
 -42111.038    94.182    -4.37    4.90
 -41824.583    93.864    -1.11    5.55
 -41538.126    94.524     2.30    5.73
 -41251.667    94.762     0.83    5.40
 -40965.207    94.316    -1.56    5.16
 -40678.745    93.364    -3.32    4.41
 -40392.281    91.816    -5.40    5.71
 -40105.815    89.669    -7.50    7.14
 -39819.348    87.718    -6.81    6.72
 -39532.879    86.267    -5.07    5.73
 -39246.409    85.298    -3.38    4.99
 -38959.936    85.210    -0.31    4.90
 -38673.462    86.330     3.91    5.77
 -38386.987    88.274     6.79    6.07
 -38100.509    89.649     4.80    6.18
 -37814.030    88.959    -2.41    7.63
 -37527.549    89.082     0.43    8.02
 -37241.066    89.200     0.41    8.30
 -36954.582    88.245    -3.33    8.87
 -36668.096    86.478    -6.17    9.69
 -36381.608    84.978    -5.24   11.22
 -36095.119    82.531    -8.54   12.09
 -35808.628    80.930    -5.59   12.41
 -35522.135    78.794    -7.46   11.60
 -35235.640    77.142    -5.77   10.40
 -34949.144    76.064    -3.76    9.28
 -34662.646    75.993    -0.25    7.97
 -34376.146    76.471     1.67    6.16
 -34089.645    77.768     4.53    3.85
 -33803.141    78.156     1.36    3.28
 -33516.637    77.871    -0.99    3.65
 -33230.130    77.926     0.19    4.37
 -32943.622    78.070     0.50    4.39
 -32657.112    77.851    -0.76    3.98
 -32370.600    76.926    -3.23    4.27
 -32084.086    76.037    -3.10    4.52
 -31797.571    75.227    -2.83    4.41
 -31511.054    73.372    -6.47    5.24
 -31224.536    70.717    -9.27    6.34
 -30938.015    68.208    -8.76    7.06
 -30651.493    65.617    -9.04    6.92
 -30364.969    63.430    -7.63    6.16
 -30078.444    61.492    -6.76    5.30
 -29791.917    59.645    -6.45    4.83
 -29505.388    57.974    -5.83    5.34
 -29218.857    56.776    -4.18    6.92
 -28932.325    55.399    -4.81    8.81
 -28645.791    53.769    -5.69   10.19
 -28359.255    52.109    -5.79   10.72
 -28072.717    51.015    -3.82   10.45
 -27786.178    50.865    -0.52    9.87
 -27499.637    51.312     1.56    8.57
 -27213.095    51.675     1.27    7.50
 -26926.550    52.133     1.60    6.17
 -26640.004    52.128    -0.02    4.71
 -26353.457    51.583    -1.90    4.31
 -26066.907    49.872    -5.97    5.04
 -25780.356    47.047    -9.86    6.07
 -25493.803    45.122    -6.72    6.15
 -25207.248    44.440    -2.38    5.87
 -24920.692    44.954     1.80    5.83
 -24634.134    45.974     3.56    6.15
 -24347.574    47.193     4.25    5.59
 -24061.012    48.170     3.41    4.90
 -23774.449    48.921     2.62    4.07
 -23487.884    49.816     3.12    3.71
 -23201.318    50.158     1.19    3.67
 -22914.749    50.333     0.61    3.75
 -22628.179    50.745     1.44    4.07
 -22341.607    50.794     0.17    4.10
 -22055.034    50.673    -0.42    3.94
 -21768.458    50.007    -2.32    4.21
 -21481.882    48.837    -4.08    4.08
 -21195.303    48.282    -1.94    4.03
 -20908.722    48.452     0.59    5.07
 -20622.140    49.953     5.24    7.78
 -20335.556    53.145    11.14   10.97
 -20048.971    57.354    14.69   11.94
 -19762.384    61.816    15.57   11.39
 -19475.795    65.476    12.77    9.28
 -19189.204    67.865     8.34    7.13
 -18902.612    69.473     5.61    5.07
 -18616.017    70.274     2.80    3.80
 -18329.422    70.976     2.45    3.53
 -18042.824    71.140     0.57    3.86
 -17756.225    71.131    -0.03    3.70
 -17469.624    70.452    -2.37    4.16
 -17183.021    69.361    -3.81    4.39
 -16896.417    68.202    -4.04    4.32
 -16609.810    67.182    -3.56    4.38
 -16323.203    66.659    -1.82    4.54
 -16036.593    65.919    -2.58    4.13
 -15749.982    65.549    -1.29    3.69
 -15463.369    66.211     2.31    3.50
 -15176.754    66.568     1.25    3.69
 -14890.240    66.951     1.34    4.41
 -14603.914    66.930    -0.07    4.78
 -14317.588    66.024    -3.16    6.02
 -14031.260    64.064    -6.85    7.68
 -13744.932    61.262    -9.78    9.31
 -13458.602    56.737   -15.81   11.24
 -13172.272    50.914   -20.34   11.55
 -12885.941    45.795   -17.88   10.74
 -12599.608    41.682   -14.36    9.70
 -12313.275    38.034   -12.74    7.87
 -12026.940    35.340    -9.41    5.88
 -11740.605    33.268    -7.24    4.15
 -11454.268    31.920    -4.71    3.54
 -11167.931    31.163    -2.64    3.18
 -10881.593    30.871    -1.02    3.61
 -10595.253    31.051     0.63    3.92
 -10308.913    31.191     0.49    4.00
 -10022.572    31.470     0.97    4.25
  -9736.229    32.125     2.29    4.92
  -9449.886    32.347     0.78    7.13
  -9163.542    31.089    -4.40   10.68
  -8877.196    29.857    -4.30   12.69
  -8590.850    29.245    -2.14   13.65
  -8304.503    28.776    -1.64   14.77
  -8018.155    29.809     3.61   16.38
  -7731.805    32.851    10.62   18.93
  -7445.455    36.923    14.22   21.89
  -7159.104    42.262    18.65   23.30
  -6872.752    41.309    -3.33   27.30
  -6586.399    39.348    -6.85   30.57
  -6300.044    35.994   -11.71   32.19
  -6013.689    30.440   -19.40   32.03
  -5727.333    25.274   -18.04   29.29
  -5440.976    20.795   -15.64   24.42
  -5154.618    16.312   -15.65   18.99
  -4868.259    18.560     7.85   18.31
  -4581.898    20.208     5.75   17.97
  -4295.537    21.492     4.49   17.51
  -4009.175    18.733    -9.64   18.00
  -3722.812    14.975   -13.12   17.92
  -3436.448    12.116    -9.98   17.72
  -3150.083    12.587     1.65   18.00
  -2863.717    11.542    -3.65   18.29
  -2577.350    10.385    -4.04   18.57
  -2290.982    11.504     3.91   19.82
  -2004.613    13.150     5.75   19.98
  -1718.243    12.168    -3.43   19.31
  -1431.872     9.084   -10.77   18.21
  -1145.500     7.175    -6.67   17.19
   -859.127     5.982    -4.17   16.50
   -572.753     2.872   -10.86   13.79
   -286.378     0.723    -7.51   11.40
     -0.002     3.553     9.88   15.76
    286.375     9.062    19.24   19.07
    572.753    13.654    16.03   20.61
    859.132    20.298    23.20   20.27
   1145.512    24.133    13.39   19.16
   1431.893    24.865     2.56   18.88
   1718.275    22.656    -7.71   19.75
   2004.657    15.935   -23.47   20.40
   2291.041     9.196   -23.53   18.99
   2577.426     3.126   -21.20   15.29
   2863.812    -1.552   -16.33    9.70
   3150.199    -4.156    -9.09    0.08
   3436.587    -4.163    -0.02    0.00
   3722.976    -4.163     0.00    0.00
   4009.365    -4.129     0.12    0.41
   4295.756    -1.013    10.88   10.16
   4582.148     2.927    13.76   14.60
   4868.541     5.742     9.83   16.60
   5154.934     6.857     3.90   17.00
   5441.329     6.531    -1.14   16.77
   5727.725     5.282    -4.36   16.05
   6014.122     3.168    -7.38   14.50
   6300.519     1.026    -7.48   12.53
   6586.918    -0.367    -4.86   11.20
   6873.318     1.738     7.35   13.18
   7159.719     6.809    17.70   16.75
   7446.120    13.351    22.84   18.72
   7732.523    18.717    18.74   18.23
   8018.927    22.018    11.52   17.28
   8305.331    23.962     6.79   15.84
   8591.737    24.288     1.14   15.05
   8878.144    21.865    -8.46   15.72
   9164.551    20.344    -5.31   15.01
   9450.960    19.245    -3.84   13.88
   9737.369    20.173     3.24   12.20
  10023.780    23.168    10.46   10.67
  10310.192    25.483     8.08    9.96
  10596.604    28.708    11.26    7.05
  10883.018    31.102     8.36    5.78
  11169.432    33.510     8.41    5.87
  11455.848    35.334     6.37    5.54
  11742.264    36.289     3.34    5.38
  12028.682    37.036     2.61    5.19
  12315.100    37.905     3.04    4.29
  12601.520    37.783    -0.43    4.34
  12887.940    37.048    -2.57    4.63
  13174.362    36.066    -3.43    4.57
  13460.784    35.368    -2.44    4.27
  13747.208    34.739    -2.20    3.65
  14033.632    34.610    -0.45    3.47
  14320.058    33.117    -5.21    6.81
  14606.484    30.669    -8.55   10.43
  14892.912    28.087    -9.02   12.47
  15179.340    25.608    -8.66   13.52
  15465.769    23.414    -7.66   14.22
  15752.200    22.007    -4.91   14.31
  16038.631    22.055     0.17   14.49
  16325.064    23.830     6.20   14.37
  16611.497    26.674     9.93   13.31
  16897.931    29.608    10.25   11.93
  17184.367    31.423     6.34   10.46
  17470.803    32.063     2.23    9.49
  17757.240    33.926     6.50    7.93
  18043.679    34.568     2.24    7.49
  18330.118    33.993    -2.01    8.78
  18616.558    32.075    -6.70   10.66
  18902.999    29.625    -8.55   11.96
  19189.442    29.041    -2.04   12.41
  19475.885    29.782     2.59   12.50
  19762.329    30.553     2.69   12.40
  20048.775    31.396     2.94   12.27
  20335.221    31.809     1.44   12.29
  20621.668    33.996     7.63   12.05
  20908.116    35.961     6.86   11.51
  21194.565    37.096     3.96   11.17
  21481.016    37.529     1.51   11.50
  21767.467    37.648     0.42   12.39
  22053.919    37.555    -0.32   13.29
  22340.372    38.196     2.24   13.75
  22626.826    40.173     6.90   12.28
  22913.281    42.340     7.57    9.78
  23199.738    44.553     7.72    5.75
  23486.195    46.044     5.20    3.17
  23772.653    47.644     5.59    4.73
  24059.112    50.950    11.54    8.39
  24345.572    54.927    13.88   12.47
  24632.033    60.255    18.60   16.61
  24918.495    64.959    16.42   18.35
  25204.958    69.275    15.07   18.32
  25491.422    71.143     6.52   17.75
  25777.888    69.857    -4.49   18.24
  26064.354    66.912   -10.28   18.38
  26350.821    63.143   -13.16   17.23
  26637.289    60.442    -9.43   15.40
  26923.758    58.577    -6.51   13.65
  27210.228    55.948    -9.18   11.73
  27496.699    54.282    -5.82   10.54
  27783.171    53.788    -1.72   10.06
  28069.644    54.692     3.15   10.90
  28356.118    56.424     6.05   14.26
  28642.593    57.709     4.49   16.59
  28929.069    60.823    10.87   18.72
  29215.546    65.421    16.05   19.54
  29502.023    70.929    19.22   18.40
  29788.502    75.426    15.70   15.92
  30074.982    76.647     4.26   13.90
  30361.463    76.645    -0.00   11.51
  30647.945    77.010     1.27    9.71
  30934.428    76.744    -0.93    8.25
  31220.912    75.887    -2.99    6.47
  31507.397    74.499    -4.85    5.10
  31793.883    73.168    -4.65    4.40
  32080.370    72.038    -3.94    3.79
  32366.857    71.713    -1.14    3.20
  32653.346    72.396     2.38    3.99
  32939.836    74.092     5.92    5.49
  33226.327    76.058     6.86    6.53
  33512.819    78.508     8.55    7.40
  33799.311    80.645     7.46    7.56
  34085.805    82.261     5.64    6.80
  34372.300    83.182     3.22    5.95
  34658.796    82.619    -1.96    5.80
  34945.293    80.665    -6.82    6.33
  35231.790    77.976    -9.38    7.20
  35518.289    74.879   -10.81    9.46
  35804.789    69.929   -17.28   16.03
  36091.290    62.201   -26.97   22.99
  36377.791    54.337   -27.45   26.73
  36664.294    48.643   -19.88   26.79
  36950.798    45.016   -12.66   25.53
  37237.302    42.587    -8.48   23.80
  37523.808    38.986   -12.57   22.12
  37810.315    36.644    -8.17   20.15
  38096.822    36.851     0.72   19.20
  38383.331    36.358    -1.72   18.28
  38669.841    34.759    -5.58   16.67
  38956.351    32.872    -6.59   15.56
  39242.863    32.254    -2.16   14.58
  39529.376    32.685     1.51   13.57
  39815.889    33.572     3.09   12.91
  40102.404    35.313     6.08   12.39
  40388.920    37.893     9.00   11.89
  40675.436    41.347    12.06   10.34
  40961.954    45.612    14.89    6.36
  41248.472    47.989     8.29    6.50
  41534.992    50.467     8.65    6.14
  41821.512    52.830     8.25    5.22
  42108.034    54.540     5.97    4.15
  42394.556    55.492     3.32    3.14
  42681.080    55.906     1.44    2.51
  42967.605    56.347     1.54    2.82
  43254.130    57.287     3.28    3.80
  43540.657    58.123     2.92    4.44
  43827.184    58.758     2.22    4.92
  44113.713    60.050     4.51    5.65
  44400.242    61.426     4.80    5.66
  44686.773    62.560     3.96    5.86
  44973.304    63.801     4.33    6.78
  45259.836    65.640     6.42    7.72
  45546.370    67.605     6.86    8.36
  45832.904    68.844     4.33    8.30
  46119.440    69.655     2.83    7.48
  46405.976    70.271     2.15    6.52
  46692.514    70.323     0.18    5.93
  46978.990    69.618    -2.46    5.55
  47265.400    68.640    -3.42    5.18
  47551.810    68.120    -1.82    5.00
  47838.220    68.455     1.17    5.90
  48124.631    69.442     3.45    6.41
  48411.043    70.334     3.11    6.64
  48697.454    70.541     0.72    6.79
  48983.866    70.784     0.85    6.30
  49270.278    70.768    -0.06    5.65
