# NaN NaN NaN ;Mean Elev.(m), Avg Gradient(m/km), RMS Gradient(m/km) - SRTM1     
#   17.741  -2.963   7.353 ;Mean Elev.(m), Avg Gradient(m/km), RMS Gradient(m/km) - ASTER GDEM
#   23.255  -2.619  10.501 ;Mean Elev.(m), Avg Gradient(m/km), RMS Gradient(m/km) - GMTED2010 
   2 124.028073  65.938262    41.268    41.775 14 54675.09950968 24.683
   3 124.016540  65.939287    -8.645    -8.009 17 54685.01515194 11.533
   4 124.012764  65.939928    40.770    40.628 18 54694.93079338 33.182
   5 124.018464  65.939205    -4.692    -4.812 17 54704.84643314 12.094
   6 124.033913  65.937700    40.743    40.272 13 54714.76208593 25.467
   7 124.040504  65.935914     7.345     9.638 12 54724.67773680 18.939
   8 124.041981  65.935661    41.684    41.878 11 54734.59338515 24.347
   9 124.034957  65.936948    41.574    42.056 12 54744.50903159 22.193
  10 124.032552  65.938339    37.834    37.800 12 54754.42467807 53.223
  11 124.031514  65.937936    37.201    37.204 14 54764.34032370 45.722
  12 124.040043  65.936205    36.619    36.653 11 54774.25596743 44.111
  13 124.047789  65.934759    38.868    37.759 11 54784.17160848 19.053
  14 124.048998  65.935001    39.798    40.284 10 54794.08724705 17.659
  15 124.040110  65.936550    39.110    39.762 11 54804.00288383 17.508
  16 124.031008  65.937757    38.830    38.433 14 54813.91852018 17.799
  17 124.029304  65.938017    39.339    39.696 14 54823.83416442 16.232
  18 124.034666  65.937526    39.871    39.691 13 54833.74980490 14.646
  19 124.034300  65.937513    40.039    40.660 12 54843.66545484 14.733
  20 124.026588  65.938344    39.785    40.451 15 54853.58110313 13.977
  21 124.010247  65.939351    39.099    39.177 18 54863.49675042 14.132
  22 124.011797  65.940186    38.981    38.809 18 54873.41239916 13.749
  23 124.015909  65.939223    39.242    39.337 17 54883.32804577 13.426
  24 124.033297  65.937468    40.005    40.329 13 54893.24369019 13.168
  25 124.041625  65.935707    40.106    39.962 11 54903.15933106 12.249
  26 124.044851  65.935819    40.404    40.798 11 54913.07497021 12.632
  27 124.037284  65.936944    40.279    40.859 12 54922.99060758 12.178
  28 124.033857  65.938045    40.098    40.513 12 54932.90624455 11.523
  29 124.033911  65.937481    37.428    37.251 12 54942.82187996 28.088
  30 124.040237  65.935733    36.958    36.112 11 54952.73751402 32.359
  31 124.050768  65.934533    37.909    37.516 10 54962.65315828 37.804
  32 124.050496  65.934949    92.332    89.974  9 54972.56880685 13.505
  33 123.993747  65.933838   112.107   114.182  6 54982.48444927  4.387
  34 124.030274  65.937874    42.140    41.966 14 54992.40010006 28.135
  35 124.026640  65.938329    42.323    42.249 14 55002.31574632 25.755
  36 124.031353  65.938304    40.653    40.810 14 55012.23139148 50.240
  37 124.033381  65.937884    40.978    41.164 12 55022.14703494 24.562
  38 124.029708  65.938358    39.717    39.699 14 55032.06267701 51.953
  39 124.019453  65.939019    40.716    40.794 17 55041.97831778 23.673
  40 124.015402  65.939317    39.252    38.506 17 55051.89395758 29.713
  41 124.025660  65.938597    39.993    39.519 14 55061.80959647 27.379
  42 124.039812  65.937008    38.864    38.905 12 55071.72524070 41.477
  43 124.041471  65.935211    40.034    41.189 11 55081.64088947 40.160
  44 124.042462  65.935242    37.934    38.001 11 55091.55653659 48.076
  45 124.036006  65.936389    39.048    39.005 13 55101.47218254 47.146
  46 124.035424  65.937910    38.586    38.583 13 55111.38782863 53.460
  47 124.032808  65.937561    38.263    38.356 13 55121.30347242 49.920
  48 124.039706  65.936167    37.730    37.732 11 55131.21911422 47.163
  49 124.047285  65.934828    36.707    36.486 10 55141.13475409 40.656
  50 124.046939  65.934990    38.351    39.167 10 55151.05039253 29.045
  51 124.038822  65.936347    39.284    40.020 11 55160.96603034 26.328
  52 124.033234  65.937861    38.907    38.981 12 55170.88166799 23.999
  53 124.030251  65.938343    39.516    40.007 14 55180.79730438 22.281
  54 124.030949  65.938070    39.391    39.332 13 55190.71295289 21.386
  55 124.028364  65.938068    39.469    40.004 13 55200.62860294 20.761
  56 124.025470  65.938564    38.750    37.999 14 55210.54425232 20.626
  57 124.014550  65.938758    38.542    38.616 17 55220.45990049 19.397
  58 124.023355  65.938897    39.099    39.071 16 55230.37554945 18.896
  59 124.032266  65.938122    39.316    39.279 12 55240.29119518 17.911
  60 124.039866  65.936744    39.314    39.307 11 55250.20683717 17.426
  61 124.042376  65.935777    38.713    38.824 11 55260.12247640 16.807
  62 124.039266  65.935725    39.586    40.427 11 55270.03811434 16.194
  63 124.038431  65.936518    39.574    40.217 11 55279.95375241 15.938
  64 124.040062  65.937076    39.666    40.335 12 55289.86938944 15.254
  65 124.035580  65.936424    40.187    40.404 13 55299.78502351 14.698
  66 124.041856  65.935649    35.847    35.438 11 55309.70066897 37.785
  67 124.047725  65.935225    37.421    37.185 10 55319.61631528 23.869
  68 124.049072  65.935733    90.449    88.804 10 55329.53196017 11.539
  69 124.054851  65.937589    40.635    40.658  7 55339.44760523 40.382
  70 124.031347  65.937733    42.576    42.390 14 55349.36324726 26.685
  71 124.029760  65.938323    88.359    88.449 14 55359.27888932 28.625
  72 124.029123  65.938344    41.441    41.404 13 55369.19452928 25.995
  73 124.030389  65.938457    40.237    40.106 14 55379.11016794 28.478
  74 124.023040  65.938399    40.497    40.363 15 55389.02580507 25.046
  75 124.025079  65.938561    41.024    41.490 14 55398.94144207 23.796
  76 124.032937  65.938172    40.785    40.888 12 55408.85708863 25.175
  77 124.037616  65.936882    38.809    38.867 11 55418.77273973 52.474
  78 124.040803  65.935686    38.587    38.551 11 55428.68838728 52.925
  79 124.046831  65.935893    39.404    41.370 10 55438.60403251 32.455
  80 124.038581  65.936305    40.915    41.799 12 55448.51967507 25.515
  81 124.040058  65.937052    40.409    41.218 12 55458.43531823 28.043
  82 124.038821  65.936902    40.427    41.722 11 55468.35096039 26.874
  83 124.041043  65.936060    39.109    40.665 11 55478.26659959 34.337
  84 124.021297  65.934111    36.350    36.337 10 55488.18223372 41.272
  85 124.021871  65.933947    35.608    35.620 10 55498.09786746 40.355
  86 124.041805  65.936116    36.160    36.128 11 55508.01350754 31.187
  87 124.037060  65.937174    36.360    36.047 11 55517.92915742 25.485
  88 124.033428  65.937946    36.255    36.305 12 55527.84480647 21.643
  89 124.032519  65.938223    36.312    36.392 12 55537.76045382 20.778
  90 124.032355  65.938415    36.376    36.094 12 55547.67609897 18.816
  91 124.022105  65.938423    36.245    35.914 15 55557.59174144 16.586
  92 124.014825  65.938719    37.180    37.055 17 55567.50738332 16.038
  93 124.020782  65.938735    38.214    37.256 16 55577.42302566 14.624
  94 124.033356  65.937724    38.400    37.486 13 55587.33866648 14.233
  95 124.043657  65.936033    39.823    40.831 11 55597.25430398 13.247
  96 124.048429  65.935123    39.049    38.015 10 55607.16993815 13.023
  97 124.048645  65.935445    39.602    40.585 10 55617.08556990 12.864
  98 124.039979  65.936533    39.638    39.953 12 55627.00121329 12.565
  99 124.037259  65.937040    40.216    41.009 11 55636.91686467 11.963
 100 124.038291  65.936494    39.151    39.154 12 55646.83251433 11.453
 101 124.046774  65.935562    40.396    41.110 10 55656.74816184 11.618
 102 124.046952  65.934967    40.017    40.729 10 55666.66380425 10.645
 103 124.047869  65.935783    35.059    34.658 10 55676.57944391 35.483
 104 124.037332  65.936867    39.145    37.409 11 55686.49508071 27.858
 105 124.033752  65.937919    40.106    39.201 12 55696.41071698 32.904
 106 124.032680  65.937983    90.381    90.339 12 55706.32635219 27.932
 107 124.033917  65.937706    41.688    41.886 13 55716.24200198 25.741
 108 124.031895  65.937716    42.242    42.299 13 55726.15765053 23.457
 109 124.045642  65.939382    41.109    41.109  8 55736.07329876 25.709
 110 124.019279  65.938931    39.929    39.216 16 55745.98894200 30.211
 111 124.023193  65.938874    39.200    39.244 16 55755.90458615 46.251
 112 124.034129  65.937481    39.837    39.210 13 55765.82022845 27.714
 113 124.042138  65.935404    40.032    39.544 11 55775.73586757 27.140
 114 124.047763  65.934438    41.543    42.362 10 55785.65150358 23.804
 115 124.048289  65.935535    40.984    41.740 10 55795.56713719 24.648
 116 124.038744  65.936886    38.113    37.974 11 55805.48277588 52.954
 117 124.033889  65.937530    39.217    37.903 13 55815.39842473 28.070
 118 124.038356  65.936561    40.363    41.384 12 55825.31407175 26.235
 119 124.046589  65.935222    40.464    41.630 10 55835.22971458 26.844
 120 124.048620  65.934487    40.227    41.440 11 55845.14535327 34.474
 121 124.041264  65.935354    36.744    36.746 11 55855.06098834 44.105
 122 124.039349  65.937481    36.679    36.738 12 55864.97662819 44.228
 123 124.023910  65.938375    37.928    36.814 15 55874.89227991 22.798
 124 124.027049  65.938509    38.730    37.865 15 55884.80792767 18.509
 125 124.031543  65.938014    39.130    39.130 14 55894.72356955 17.608
 126 124.034093  65.937521    39.298    38.295 13 55904.63920592 16.499
 127 124.032976  65.938104    40.195    40.281 12 55914.55484639 15.975
 128 124.022571  65.938670    40.316    40.150 16 55924.47049935 14.916
 129 124.022035  65.938754    39.950    40.641 16 55934.38615008 14.626
 130 124.033721  65.937490    40.263    39.885 12 55944.30179724 14.196
 131 124.045867  65.935522    40.989    41.796 11 55954.21744010 13.381
 132 124.050707  65.934521    41.200    41.866 10 55964.13307942 12.497
 133 124.047514  65.935497    40.961    41.832 10 55974.04871645 12.838
 134 124.037023  65.937111    40.680    41.482 11 55983.96435171 13.245
 135 124.032050  65.937662    40.630    41.215 14 55993.87998522 12.808
 136 124.037371  65.936868    40.572    41.295 11 56003.79563621 12.015
 137 124.041738  65.934997    40.891    41.561 11 56013.71128544 12.328
 138 124.047133  65.934594    40.984    41.698 10 56023.62693158 11.725
 139 124.039904  65.935852    40.953    41.456 11 56033.54257422 11.217
 140 124.033865  65.938110    40.661    41.223 12 56043.45821492 10.418
 141 124.019381  65.938912    36.452    36.621 16 56053.37385215 35.595
 142 124.053335  65.940442    48.197    41.666  6 56063.28949054 38.548
 143 123.986927  65.935503   114.070   114.781  7 56073.20512611  8.857
 144 124.033027  65.937572    42.440    42.400 12 56083.12078040 26.488
 145 124.031185  65.938001    41.656    41.659 13 56093.03642783 51.688
 146 124.023905  65.938529    40.544    40.660 15 56102.95207255 44.188
 147 124.029233  65.938497    41.208    41.963 13 56112.86770395 25.904
 148 124.035815  65.937256    42.176    42.187 12 56122.78334333 21.484
 149 124.041383  65.935240    39.565    39.150 11 56132.69897872 42.321
 150 124.049186  65.934630    40.462    40.312 10 56142.61461672 29.144
 151 124.045297  65.935500    41.009    41.998 11 56152.53026714 26.956
 152 124.034288  65.936874    86.247    85.955 13 56162.44591537 26.541
 153 124.050935  65.938846    40.220    40.204  7 56172.36156417 55.170
 154 124.033535  65.937116    40.935    41.528 13 56182.27720501 26.434
 155 124.046215  65.936129    39.618    39.055 10 56192.19284483 40.441
 156 124.048949  65.935404    97.530   104.985 10 56202.10848104 14.441
 157 124.058917  65.937069    40.745    41.044  6 56212.02411604 26.818
 158 124.031485  65.937713    37.525    37.529 14 56221.93974566 43.632
 159 124.019099  65.938922    36.075    36.082 16 56231.85539875 37.247
 160 124.021280  65.939139    38.664    38.080 16 56241.77105152 23.005
 161 124.025761  65.938461    39.083    38.931 15 56251.68670024 22.453
 162 124.033718  65.937987    38.823    38.682 12 56261.60234461 21.914
 163 124.032178  65.937894    38.840    39.785 13 56271.51798599 21.296
 164 124.031211  65.938134    39.635    40.318 14 56281.43362682 18.004
 165 124.033052  65.938253    39.043    39.099 12 56291.34927923 17.311
 166 124.035709  65.937159    39.012    39.041 13 56301.26492720 16.241
 167 124.041422  65.935806    38.891    38.512 11 56311.18057126 15.086
 168 124.045787  65.935358    39.769    39.788 11 56321.09621299 14.536
 169 124.042716  65.936091    39.883    39.948 11 56331.01185342 13.963
 170 124.035657  65.937044    40.292    40.893 12 56340.92749296 13.586
 171 124.032740  65.937440    40.312    40.742 13 56350.84313060 13.072
 172 124.036704  65.936809    40.229    40.440 12 56360.75876934 12.248
 173 124.038776  65.935969    40.382    40.898 11 56370.67441922 11.990
 175 124.033529  65.937308    40.349    40.662 13 56390.50571073 11.467
 176 124.027028  65.938641    38.663    38.680 15 56400.42135338 18.336
 177 124.018472  65.939025    36.812    36.905 17 56410.33699316 37.528
 178 124.022451  65.938845    83.279    83.316 16 56420.25262926 22.380
 179 124.025124  65.938178    88.686    88.287 13 56430.16826616 12.096
 180 124.027675  65.938192    42.593    42.607 14 56440.08391957 54.230
 181 124.028578  65.938287    42.188    42.002 14 56449.99957037 25.670
 182 124.031707  65.938249    42.002    41.718 13 56459.91521913 23.730
 183 124.054620  65.938527    42.017    42.062  7 56469.83086638 25.206
 184 124.037740  65.936597    41.674    42.221 12 56479.74650612 22.486
 185 124.046442  65.936292    41.590    42.636 10 56489.66214428 23.851
 186 124.040971  65.936044    40.676    40.384 12 56499.57777867 26.701
 187 124.040523  65.936430    42.069    42.186 12 56509.49341225 23.200
 188 124.040230  65.936961    42.247    42.400 12 56519.40905371 23.823
 189 124.037095  65.937027    39.862    39.853 12 56529.32470721 51.524
 190 124.037156  65.936827    40.971    41.407 12 56539.24035690 25.661
 191 124.035307  65.936483    38.838    38.316 13 56549.15600218 35.892
 192 124.035768  65.937135    41.151    41.491 12 56559.07164527 22.009
 193 124.031523  65.938087    40.875    41.254 13 56568.98728700 27.402
 194 124.022780  65.938881    37.512    37.478 16 56578.90292701 50.156
 195 124.019661  65.938857    36.513    36.514 16 56588.81856372 43.134
 196 124.021758  65.938394    35.380    35.343 15 56598.73420767 42.285
 197 124.032436  65.938405    35.944    35.976 12 56608.64985966 18.450
 198 124.026795  65.938231    36.688    36.725 14 56618.56550525 16.921
 199 124.025796  65.938365    37.076    37.012 15 56628.48114802 15.286
 200 124.032541  65.938207    37.870    37.541 12 56638.39678854 14.230
 201 124.035113  65.936867    37.975    37.455 13 56648.31243237 13.875
 202 124.039225  65.935767    38.837    38.711 11 56658.22808436 13.129
 203 124.047169  65.935881    38.939    38.589 10 56668.14373255 13.293
 204 124.039587  65.936633    38.384    37.722 12 56678.05937683 13.096
 205 124.035191  65.937681    38.680    37.993 12 56687.97502006 12.710
 206 124.034661  65.937817    39.763    40.523 12 56697.89066135 11.881
 207 124.036762  65.936930    40.259    40.579 12 56707.80629824 11.806
 208 124.041490  65.936223    39.587    39.230 12 56717.72193544 11.767
 209 124.039837  65.936694    38.990    37.686 11 56727.63758806 11.980
 210 124.033086  65.938079    39.356    39.100 12 56737.55323629 10.883
 211 124.018719  65.939170    39.454    38.991 16 56747.46888025 11.348
 212 124.017447  65.939523    40.533    40.358 17 56757.38452094  9.698
 213 124.021180  65.938778    36.170    35.794 16 56767.30015616 32.507
 214 124.029998  65.938118    37.520    37.107 14 56777.21580095 31.666
 215 124.033001  65.938293    37.803    37.790 12 56787.13145745 35.510
 216 124.024918  65.938590    94.325    93.438 15 56797.04710937 25.835
 217 124.021802  65.938994    41.649    41.525 16 56806.96275664 27.589
 218 124.025133  65.938308    41.393    41.373 14 56816.87839825 55.081
 219 124.034811  65.936949    40.562    40.597 13 56826.79403692 54.048
 220 124.045359  65.935697    40.299    40.241 11 56836.70967231 50.064
 221 124.045857  65.935597    39.160    38.964 11 56846.62530377 47.001
 222 124.039906  65.936754    40.089    40.091 11 56856.54095302 48.035
 223 124.030126  65.937917    38.285    38.248 14 56866.45660560 55.357
 224 124.031455  65.938194    40.399    39.861 13 56876.37225791 26.363
 225 124.034369  65.937568    40.960    41.540 12 56886.28790722 24.319
 226 124.040222  65.936872    40.256    39.548 12 56896.20355401 24.907
 227 124.037377  65.937185    40.137    40.993 11 56906.11919706 24.718
 228 124.029222  65.938582    41.162    41.781 13 56916.03483746 20.831
 229 124.009108  65.939363    40.875    41.601 18 56925.95047486 23.485
 230 124.010131  65.939822    40.208    40.124 18 56935.86611092 26.265
 231 124.022441  65.939025    37.043    37.086 16 56945.78174267 49.346
 232 124.032496  65.937853    35.832    35.889 12 56955.69739546 43.522
 233 124.035969  65.937380    35.222    35.306 12 56965.61304501 39.489
 234 124.029677  65.937965    35.745    35.744 14 56975.52868929 29.202
 235 124.023009  65.938713    36.217    36.228 15 56985.44432908 26.399
 236 124.029395  65.938486    36.684    36.456 13 56995.35996462 22.257
 237 124.037557  65.936726    36.404    36.279 12 57005.27560703 22.266
 238 124.043038  65.935090    36.620    36.321 11 57015.19126267 21.250
 239 124.048160  65.935362    36.993    36.652 10 57025.10691392 17.700
 240 124.035824  65.936853    37.082    36.611 13 57035.02256138 15.615
 241 124.029636  65.938491    36.864    36.687 13 57044.93820686 15.709
 242 124.025801  65.938512    37.078    36.913 15 57054.85384950 14.403
 243 124.034783  65.937381    36.836    36.334 12 57064.76948841 15.241
 244 124.039574  65.936438    37.469    36.881 11 57074.68512218 13.584
 245 124.040198  65.936817    38.119    37.344 12 57084.60075230 12.980
 246 124.026945  65.938501    37.751    37.400 14 57094.51640430 12.307
 247 124.015346  65.940021    38.913    38.702 17 57104.43205992 11.060
 248 124.013505  65.940300    39.484    39.242 18 57114.34771218 12.132
 249 124.020102  65.939051    39.048    39.024 16 57124.26335899 11.712
 250 124.031758  65.937818    37.819    36.937 13 57134.17900095 18.783
 251 124.039082  65.937354    36.013    35.598 12 57144.09463804 30.385
 252 124.031572  65.937568    37.196    36.467 14 57154.01027115 32.140
 253 124.028244  65.938168    94.239    90.972 13 57163.92590713 16.853
 254 124.027126  65.938245    42.482    42.260 14 57173.84156387 27.334
 255 124.034068  65.937125    42.165    42.143 13 57183.75721799 55.164
 256 124.041847  65.935745    42.197    42.381 11 57193.67286828 25.791
 257 124.040610  65.935363    42.175    41.930 11 57203.58851545 23.996
 258 124.034994  65.936630    40.671    40.941 13 57213.50414897 34.533
 259 124.030846  65.938357    39.283    39.038 14 57223.41979249 33.500
 260 124.026076  65.938739    40.783    40.405 15 57233.33543421 24.474
 261 124.031633  65.938160    40.823    41.280 13 57243.25107390 25.208
 262 124.035886  65.937101    40.260    41.739 12 57253.16671092 27.187
 263 124.039006  65.937401    40.267    41.218 12 57263.08234632 31.472
 264 124.028770  65.938510    40.246    40.320 14 57272.99798226 26.277
 265 124.015043  65.939750    37.108    36.343 17 57282.91363843 38.383
 266 123.977219  65.938028   102.211   108.632  8 57292.82928969  8.423
 267 124.022169  65.939060    39.176    39.187 16 57302.74494517 30.863
 268 124.031672  65.937667    36.028    35.976 14 57312.66059353 47.967
 269 124.036875  65.937152    34.887    34.891 11 57322.57623829 41.190
 270 124.034497  65.937606    37.224    36.925 13 57332.49188030 29.703
 271 124.028921  65.938302    38.357    38.634 14 57342.40752002 23.307
 272 124.028868  65.938260    39.661    39.840 14 57352.32317213 20.838
 273 124.034464  65.937198    40.485    39.786 13 57362.23881697 18.631
 274 124.046851  65.936129    40.862    41.711 10 57372.15445916 16.891
 275 124.046827  65.935927    40.924    41.409 10 57382.07009832 17.120
 276 124.038359  65.936683    39.890    40.611 11 57391.98573617 16.794
 277 124.031898  65.937813    40.299    40.918 14 57401.90137325 16.426
 278 124.030574  65.938268    40.479    41.047 13 57411.81701545 16.423
 279 124.030223  65.937899    40.525    40.949 14 57421.73266727 15.681
 280 124.031436  65.937753    40.350    40.677 14 57431.64831659 15.190
 281 124.028422  65.938222    40.193    40.513 13 57441.56396364 15.030
 282 124.020896  65.939072    39.943    40.003 16 57451.47960952 14.636
 283 124.016024  65.939625    39.829    40.000 17 57461.39525406 14.734
 284 124.017601  65.939305    39.861    39.812 17 57471.31089574 14.359
 285 124.027059  65.938464    40.308    40.690 15 57481.22653413 13.791
 286 124.035121  65.937468    40.673    41.105 13 57491.14216935 13.418
 287 124.037188  65.936967    40.602    40.694 11 57501.05780198 11.265
 288 124.035004  65.937165    34.805    34.819 12 57510.97344926 38.403
 289 124.034423  65.937603    36.181    36.188 13 57520.88910473 36.856
 290 124.035190  65.937556    42.940    42.896 13 57530.80475777 54.519
 291 124.037076  65.936891    88.802    88.658 12 57540.72040759 28.660
 292 124.041560  65.936377    42.251    42.232 11 57550.63605483 54.065
 293 124.041279  65.936439    42.092    42.117 11 57560.55170028 56.915
 294 124.035489  65.937132    41.912    42.102 13 57570.46734476 22.919
 295 124.030990  65.937926    41.877    42.206 14 57580.38298916 21.832
 296 124.029326  65.938287    41.495    41.850 14 57590.29863211 22.505
 297 124.030740  65.938240    39.585    39.637 13 57600.21427257 37.036
