# NaN NaN NaN ;Mean Elev.(m), Avg Gradient(m/km), RMS Gradient(m/km) - SRTM1     
#   21.107  -0.179   1.376 ;Mean Elev.(m), Avg Gradient(m/km), RMS Gradient(m/km) - ASTER GDEM
#   25.484  -3.221   7.721 ;Mean Elev.(m), Avg Gradient(m/km), RMS Gradient(m/km) - GMTED2010 
   1    39.632 54662.21724495 28.99 124.085200  66.065506 13.689 -100.00 -100.00 -100.00
   1    41.611 54662.21724554 27.34 124.091643  66.065724 10.680 -100.00 -100.00 -100.00
   2    37.657 54672.13288995 47.16 124.083441  66.065995   -100 -100.00 -100.00 -100.00
   2    37.629 54672.13289054 50.24 124.089885  66.066213   -100 -100.00 -100.00 -100.00
   3    13.521 54682.04853357 13.80 124.082633  66.067064  2.841 -100.00 -100.00 -100.00
   3    13.490 54682.04853416 13.85 124.089077  66.067283  2.968 -100.00 -100.00 -100.00
   4    39.312 54691.96417613 27.82 124.083545  66.067708 17.534 -100.00 -100.00 -100.00
   4    39.322 54691.96417672 31.66 124.089989  66.067926 26.886 -100.00 -100.00 -100.00
   5    12.828 54701.87981604 12.82 124.081873  66.067167  3.001 -100.00 -100.00 -100.00
   5    12.800 54701.87981663 12.94 124.088316  66.067385  2.718 -100.00 -100.00 -100.00
   6    40.726 54711.79546358 24.49 124.080296  66.065512 13.211 -100.00 -100.00 -100.00
   6    41.716 54711.79546417 26.40 124.086739  66.065731 17.333 -100.00 -100.00 -100.00
   6    42.358 54711.79546476 27.23 124.093181  66.065949 18.767 -100.00 -100.00 -100.00
   7    13.926 54721.71111462 13.47 124.080381  66.064068  2.417 -100.00 -100.00 -100.00
   7    13.922 54721.71111521 13.63 124.086823  66.064286  2.774 -100.00 -100.00 -100.00
   7    13.931 54721.71111580 13.71 124.093265  66.064505  2.374 -100.00 -100.00 -100.00
   8    41.894 54731.62676328 26.28 124.082225  66.063358  7.724 -100.00 -100.00 -100.00
   8    40.957 54731.62676387 30.48 124.088667  66.063576 14.459 -100.00 -100.00 -100.00
   8    41.195 54731.62676446 34.76 124.095109  66.063794 27.313 -100.00 -100.00 -100.00
   9    37.978 54741.54241012 46.20 124.081614  66.063835   -100 -100.00 -100.00 -100.00
   9    37.965 54741.54241071 49.28 124.088056  66.064053  7.257 -100.00 -100.00 -100.00
   9    37.998 54741.54241130 48.46 124.094499  66.064271  1.717 -100.00 -100.00 -100.00
  10    38.113 54751.45805682 30.94 124.080398  66.064354 15.285 -100.00 -100.00 -100.00
  10    38.140 54751.45805741 31.64 124.086841  66.064572 18.187 -100.00 -100.00 -100.00
  10    37.314 54751.45805800 38.52 124.093284  66.064790   -100 -100.00 -100.00 -100.00
  11    36.034 54761.37370335 40.71 124.079529  66.064336   -100 -100.00 -100.00 -100.00
  11    36.155 54761.37370394 41.80 124.085972  66.064554   -100 -100.00 -100.00 -100.00
  11    36.232 54761.37370453 42.74 124.092416  66.064772   -100 -100.00 -100.00 -100.00
  12    34.627 54771.28934761 35.26 124.080298  66.063423   -100 -100.00 -100.00 -100.00
  12    34.875 54771.28934820 36.48 124.086741  66.063642   -100 -100.00 -100.00 -100.00
  12    34.814 54771.28934879 37.83 124.093185  66.063860   -100 -100.00 -100.00 -100.00
  13    35.513 54781.20498875 23.19 124.081226  66.062560  9.771 -100.00 -100.00 -100.00
  13    35.535 54781.20498934 23.98 124.087669  66.062779 11.708 -100.00 -100.00 -100.00
  13    35.311 54781.20498993 24.96 124.094113  66.062997 13.382 -100.00 -100.00 -100.00
  14    37.621 54791.12062743 18.11 124.083465  66.062262  5.612 -100.00 -100.00 -100.00
  14    38.052 54791.12062802 17.95 124.089908  66.062481  5.155 -100.00 -100.00 -100.00
  14    38.305 54791.12062861 17.70 124.096351  66.062699  5.325 -100.00 -100.00 -100.00
  15    38.295 54801.03626470 16.27 124.082355  66.063036  3.889 -100.00 -100.00 -100.00
  15    40.825 54801.03626529 15.68 124.088798  66.063255  3.262 -100.00 -100.00 -100.00
  15    41.165 54801.03626588 16.06 124.095241  66.063473  4.263 -100.00 -100.00 -100.00
  16    41.658 54810.95190234 14.96 124.084938  66.064118  4.177 -100.00 -100.00 -100.00
  16    41.805 54810.95190293 15.47 124.091381  66.064336  4.574 -100.00 -100.00 -100.00
  17    40.008 54820.86754214 14.98 124.079819  66.064699  4.233 -100.00 -100.00 -100.00
  17    41.646 54820.86754273 14.88 124.086262  66.064918  4.023 -100.00 -100.00 -100.00
  17    40.003 54820.86754332 14.79 124.092705  66.065136  3.898 -100.00 -100.00 -100.00
  18    39.157 54830.78319459 14.15 124.082593  66.064850  3.882 -100.00 -100.00 -100.00
  18    41.166 54830.78319518 13.70 124.089036  66.065068  4.042 -100.00 -100.00 -100.00
  18    41.801 54830.78319577 13.70 124.095479  66.065286  3.424 -100.00 -100.00 -100.00
  19    41.416 54840.69883323 13.32 124.081760  66.065131  3.460 -100.00 -100.00 -100.00
  19    39.416 54840.69883382 12.88 124.088203  66.065349  3.293 -100.00 -100.00 -100.00
  19    42.001 54840.69883441 13.02 124.094647  66.065567  3.020 -100.00 -100.00 -100.00
  20    40.295 54850.61448207 13.42 124.080102  66.066109  4.356 -100.00 -100.00 -100.00
  20    41.887 54850.61448266 12.82 124.086545  66.066327  3.334 -100.00 -100.00 -100.00
  20    40.672 54850.61448325 12.96 124.092989  66.066545  3.428 -100.00 -100.00 -100.00
  21    41.331 54860.53013110 12.24 124.084976  66.067686  2.989 -100.00 -100.00 -100.00
  21    40.525 54860.53013169 12.42 124.091419  66.067904  3.122 -100.00 -100.00 -100.00
  22    39.812 54870.44577948 11.94 124.081814  66.068305  3.315 -100.00 -100.00 -100.00
  22    40.252 54870.44578007 12.09 124.088258  66.068523  3.646 -100.00 -100.00 -100.00
  23    39.756 54880.36142708 12.24 124.084748  66.067309  3.477 -100.00 -100.00 -100.00
  23    41.920 54880.36142767 11.91 124.091192  66.067527  3.454 -100.00 -100.00 -100.00
  24    39.305 54890.27707098 11.57 124.082507  66.064868  3.023 -100.00 -100.00 -100.00
  24    39.480 54890.27707157 11.98 124.088951  66.065086  3.891 -100.00 -100.00 -100.00
  24    41.209 54890.27707216 11.49 124.095395  66.065304  3.276 -100.00 -100.00 -100.00
  25    39.158 54900.19271223 11.24 124.084610  66.062937  3.293 -100.00 -100.00 -100.00
  25    41.152 54900.19271282 10.94 124.091054  66.063155  2.818 -100.00 -100.00 -100.00
  25    42.216 54900.19271341 10.61 124.097497  66.063372  2.650 -100.00 -100.00 -100.00
  26    40.180 54910.10835076 12.00 124.079572  66.062846  2.908 -100.00 -100.00 -100.00
  26    40.092 54910.10835135 11.92 124.086015  66.063065  3.340 -100.00 -100.00 -100.00
  26    40.123 54910.10835194 11.86 124.092459  66.063282  2.997 -100.00 -100.00 -100.00
  27    39.674 54920.02398852 11.56 124.079414  66.064233  2.959 -100.00 -100.00 -100.00
  27    41.476 54920.02398911 11.46 124.085857  66.064451  3.354 -100.00 -100.00 -100.00
  27    42.159 54920.02398970 11.15 124.092300  66.064669  2.878 -100.00 -100.00 -100.00
  28    40.315 54929.93962599 11.21 124.080626  66.065117  2.986 -100.00 -100.00 -100.00
  28    40.421 54929.93962658 11.24 124.087069  66.065335  3.348 -100.00 -100.00 -100.00
  28    41.994 54929.93962717 10.77 124.093513  66.065553  2.516 -100.00 -100.00 -100.00
  29    40.007 54939.85526212 10.60 124.079235  66.064118  3.026 -100.00 -100.00 -100.00
  29    40.356 54939.85526271 10.62 124.085678  66.064336  3.143 -100.00 -100.00 -100.00
  29    42.067 54939.85526330 10.11 124.092121  66.064554  2.777 -100.00 -100.00 -100.00
  30    35.659 54949.77089708 40.68 124.083029  66.062422   -100 -100.00 -100.00 -100.00
  30    34.195 54949.77089767 41.62 124.089471  66.062640   -100 -100.00 -100.00 -100.00
  30    34.077 54949.77089826 43.41 124.095913  66.062859   -100 -100.00 -100.00 -100.00
  31    36.711 54959.68653593 30.10 124.085742  66.061362 18.657 -100.00 -100.00 -100.00
  31    42.512 54959.68653652 27.49 124.092183  66.061580 12.357 -100.00 -100.00 -100.00
  31    42.528 54959.68653711 28.06 124.098625  66.061798 10.260 -100.00 -100.00 -100.00
  32    39.893 54969.60218439 45.68 124.084332  66.062089   -100 -100.00 -100.00 -100.00
  32    39.612 54969.60218498 41.02 124.090773  66.062308   -100 -100.00 -100.00 -100.00
  32    39.668 54969.60218557 45.28 124.097215  66.062526   -100 -100.00 -100.00 -100.00
  33    42.654 54979.51783181 34.00 124.084055  66.063744 16.089 -100.00 -100.00 -100.00
  33    42.592 54979.51783240 40.83 124.090497  66.063962   -100 -100.00 -100.00 -100.00
  35    42.036 54999.34912649 29.29 124.085112  66.065182 15.121 -100.00 -100.00 -100.00
  35    42.337 54999.34912708 30.62 124.091555  66.065401 16.729 -100.00 -100.00 -100.00
  36    40.487 55009.26477196 50.57 124.084668  66.065048 17.318 -100.00 -100.00 -100.00
  36    40.515 55009.26477255 53.27 124.091111  66.065266 28.592 -100.00 -100.00 -100.00
  37    41.276 55019.18041539 24.80 124.081137  66.065015 14.527 -100.00 -100.00 -100.00
  37    42.294 55019.18041598 23.49 124.087580  66.065233  9.380 -100.00 -100.00 -100.00
  37    42.522 55019.18041657 24.66 124.094023  66.065451 12.868 -100.00 -100.00 -100.00
  38    38.152 55029.09605789 27.92 124.081600  66.066139 22.893 -100.00 -100.00 -100.00
  38    42.200 55029.09605848 24.53 124.088044  66.066357 12.053 -100.00 -100.00 -100.00
  38    42.473 55029.09605907 31.41 124.094488  66.066575   -100 -100.00 -100.00 -100.00
  39    40.216 55039.01169983 25.64 124.082298  66.067476 14.075 -100.00 -100.00 -100.00
  39    42.126 55039.01170042 25.35 124.088742  66.067695 10.376 -100.00 -100.00 -100.00
  40    37.949 55048.92734013 29.97 124.079000  66.067853 18.465 -100.00 -100.00 -100.00
  40    38.107 55048.92734072 28.62 124.085443  66.068072 15.387 -100.00 -100.00 -100.00
  40    38.405 55048.92734131 32.67 124.091887  66.068290 29.642 -100.00 -100.00 -100.00
  41    40.032 55058.84297879 25.44 124.080710  66.066459 13.400 -100.00 -100.00 -100.00
  41    40.111 55058.84297938 27.19 124.087153  66.066678 17.290 -100.00 -100.00 -100.00
  41    41.818 55058.84297997 33.26 124.093596  66.066896   -100 -100.00 -100.00 -100.00
  42    41.804 55068.75861812 23.42 124.083636  66.063962 11.590 -100.00 -100.00 -100.00
  42    42.209 55068.75861871 24.04 124.090078  66.064180 11.809 -100.00 -100.00 -100.00
  42    42.481 55068.75861931 28.54 124.096521  66.064399 17.673 -100.00 -100.00 -100.00
  43    39.621 55078.67426806 26.35 124.084937  66.062073 16.240 -100.00 -100.00 -100.00
  43    42.088 55078.67426865 25.85 124.091379  66.062291 12.018 -100.00 -100.00 -100.00
  43    42.438 55078.67426924 31.62 124.097821  66.062509 28.095 -100.00 -100.00 -100.00
  44    37.610 55088.58991532 48.01 124.080631  66.062092 29.779 -100.00 -100.00 -100.00
  44    37.526 55088.58991592 48.08 124.087073  66.062310   -100 -100.00 -100.00 -100.00
  44    37.101 55088.58991651 53.23 124.093515  66.062528 12.209 -100.00 -100.00 -100.00
  45    38.320 55098.50556190 28.78 124.084066  66.063922 15.366 -100.00 -100.00 -100.00
  45    38.248 55098.50556249 30.66 124.090508  66.064140 22.248 -100.00 -100.00 -100.00
  46    40.448 55108.42120728 29.26 124.079927  66.065265 21.811 -100.00 -100.00 -100.00
  46    39.101 55108.42120787 30.17 124.086370  66.065483 23.104 -100.00 -100.00 -100.00
  46    42.217 55108.42120846 28.94 124.092813  66.065701 18.450 -100.00 -100.00 -100.00
  47    37.655 55118.33685214 41.76 124.081367  66.064800   -100 -100.00 -100.00 -100.00
  47    38.213 55118.33685273 43.06 124.087810  66.065019 21.648 -100.00 -100.00 -100.00
  47    37.675 55118.33685332 48.35 124.094253  66.065237   -100 -100.00 -100.00 -100.00
  48    36.839 55128.25249477 43.17 124.084586  66.062805   -100 -100.00 -100.00 -100.00
  48    36.641 55128.25249536 45.26 124.091029  66.063023   -100 -100.00 -100.00 -100.00
  48    36.576 55128.25249595 47.45 124.097472  66.063241 13.321 -100.00 -100.00 -100.00
  49    37.527 55138.16813479 31.12 124.082566  66.061038 13.271 -100.00 -100.00 -100.00
  49    38.022 55138.16813538 31.52 124.089009  66.061256 13.784 -100.00 -100.00 -100.00
  49    38.014 55138.16813597 35.84 124.095451  66.061474 24.527 -100.00 -100.00 -100.00
  50    34.305 55148.08377357 32.74 124.084165  66.061502 22.235 -100.00 -100.00 -100.00
  50    37.539 55148.08377416 28.75 124.090608  66.061720 11.289 -100.00 -100.00 -100.00
  50    38.067 55148.08377475 28.87 124.097050  66.061938 12.600 -100.00 -100.00 -100.00
  51    39.362 55157.99941172 23.60 124.084769  66.063703  6.137 -100.00 -100.00 -100.00
  51    35.443 55157.99941231 25.13 124.091213  66.063921  8.254 -100.00 -100.00 -100.00
  52    39.050 55167.91504923 23.30 124.080496  66.065412  7.673 -100.00 -100.00 -100.00
  52    37.265 55167.91504982 22.92 124.086940  66.065631  6.818 -100.00 -100.00 -100.00
  52    35.451 55167.91505041 23.60 124.093383  66.065849  7.889 -100.00 -100.00 -100.00
  53    39.126 55177.83068665 20.83 124.082676  66.065885  5.804 -100.00 -100.00 -100.00
  53    39.383 55177.83068724 21.67 124.089119  66.066103  6.205 -100.00 -100.00 -100.00
  54    35.941 55187.74633073 21.18 124.079720  66.064878  6.045 -100.00 -100.00 -100.00
  54    39.187 55187.74633132 20.42 124.086163  66.065097  5.487 -100.00 -100.00 -100.00
  54    41.933 55187.74633191 19.91 124.092606  66.065315  5.295 -100.00 -100.00 -100.00
  55    41.355 55197.66198151 20.33 124.079448  66.064651  5.995 -100.00 -100.00 -100.00
  55    41.879 55197.66198210 19.43 124.085891  66.064870  4.811 -100.00 -100.00 -100.00
  55    39.341 55197.66198269 20.07 124.092334  66.065088  5.723 -100.00 -100.00 -100.00
  56    38.931 55207.57763127 18.57 124.079121  66.065716  4.874 -100.00 -100.00 -100.00
  56    39.346 55207.57763186 18.77 124.085564  66.065934  5.783 -100.00 -100.00 -100.00
  56    39.931 55207.57763245 18.26 124.092008  66.066153  5.179 -100.00 -100.00 -100.00
  57    39.256 55217.49328070 18.29 124.081062  66.067395  5.861 -100.00 -100.00 -100.00
  57    38.911 55217.49328129 17.86 124.087506  66.067613  4.862 -100.00 -100.00 -100.00
  58    38.544 55227.40892953 16.88 124.084104  66.067883  4.597 -100.00 -100.00 -100.00
  58    36.493 55227.40893012 16.61 124.090548  66.068101  4.967 -100.00 -100.00 -100.00
  59    41.438 55237.32457493 15.94 124.080472  66.066192  4.373 -100.00 -100.00 -100.00
  59    38.879 55237.32457552 15.75 124.086915  66.066410  4.080 -100.00 -100.00 -100.00
  59    39.675 55237.32457611 15.19 124.093359  66.066628  3.820 -100.00 -100.00 -100.00
  60    37.818 55247.24021758 16.35 124.085078  66.063593  5.416 -100.00 -100.00 -100.00
  60    41.816 55247.24021817 15.50 124.091521  66.063811  4.438 -100.00 -100.00 -100.00
  61    41.549 55257.15585723 14.60 124.084365  66.061665  3.680 -100.00 -100.00 -100.00
  61    39.330 55257.15585782 14.07 124.090808  66.061883  3.370 -100.00 -100.00 -100.00
  61    42.064 55257.15585842 13.90 124.097251  66.062101  3.963 -100.00 -100.00 -100.00
  62    39.110 55267.07149597 13.73 124.083552  66.062012  3.338 -100.00 -100.00 -100.00
  62    39.038 55267.07149656 13.84 124.089995  66.062231  3.914 -100.00 -100.00 -100.00
  62    39.820 55267.07149715 13.25 124.096438  66.062448  3.004 -100.00 -100.00 -100.00
  63    39.357 55276.98713430 13.14 124.084401  66.064001  3.841 -100.00 -100.00 -100.00
  63    39.336 55276.98713489 13.64 124.090844  66.064219  4.864 -100.00 -100.00 -100.00
  64    39.523 55286.90277110 13.22 124.080832  66.065056  3.539 -100.00 -100.00 -100.00
  64    39.697 55286.90277169 13.66 124.087275  66.065275  4.637 -100.00 -100.00 -100.00
  64    39.887 55286.90277228 13.39 124.093718  66.065493  4.205 -100.00 -100.00 -100.00
  65    39.330 55296.81840610 12.96 124.082721  66.064386  3.830 -100.00 -100.00 -100.00
  65    39.679 55296.81840669 12.70 124.089163  66.064604  3.501 -100.00 -100.00 -100.00
  65    39.547 55296.81840728 12.57 124.095606  66.064823  3.681 -100.00 -100.00 -100.00
  66    38.529 55306.73404703 15.93 124.084012  66.062278  8.105 -100.00 -100.00 -100.00
  66    39.403 55306.73404762 13.09 124.090454  66.062497  4.842 -100.00 -100.00 -100.00
  66    39.638 55306.73404821 12.81 124.096895  66.062715  4.177 -100.00 -100.00 -100.00
  67    39.475 55316.64969335 20.54 124.080052  66.060778  9.057 -100.00 -100.00 -100.00
  67    37.954 55316.64969394 21.12 124.086493  66.060997 10.291 -100.00 -100.00 -100.00
  67    39.520 55316.64969453 19.50 124.092934  66.061215  7.887 -100.00 -100.00 -100.00
  67    39.108 55316.64969512 18.55 124.099376  66.061433  6.422 -100.00 -100.00 -100.00
  68    35.184 55326.56533890 38.83 124.081116  66.061503 32.305 -100.00 -100.00 -100.00
  68    33.485 55326.56533949 41.21 124.087558  66.061721   -100 -100.00 -100.00 -100.00
  68    42.272 55326.56534008 35.73 124.093999  66.061939 22.519 -100.00 -100.00 -100.00
  69    35.981 55336.48098363 42.38 124.084069  66.063796  4.029 -100.00 -100.00 -100.00
  69    36.164 55336.48098422 39.05 124.090511  66.064014   -100 -100.00 -100.00 -100.00
  70    42.980 55346.39662734 56.42 124.080906  66.065614   -100 -100.00 -100.00 -100.00
  70    43.004 55346.39662793 56.72 124.087349  66.065832   -100 -100.00 -100.00 -100.00
  70    43.036 55346.39662852 53.28 124.093792  66.066051 26.304 -100.00 -100.00 -100.00
  71    41.665 55356.31226999 26.93 124.080906  66.066068 10.589 -100.00 -100.00 -100.00
  71    42.354 55356.31227058 26.98 124.087349  66.066286 10.938 -100.00 -100.00 -100.00
  71    42.420 55356.31227117 32.16 124.093792  66.066504 20.522 -100.00 -100.00 -100.00
  72    39.798 55366.22791047 47.65 124.079380  66.065569 21.091 -100.00 -100.00 -100.00
  72    39.952 55366.22791106 49.62 124.085823  66.065787 16.138 -100.00 -100.00 -100.00
  72    40.073 55366.22791165 45.40 124.092266  66.066005   -100 -100.00 -100.00 -100.00
  73    39.450 55376.14354966 55.83 124.079954  66.065118   -100 -100.00 -100.00 -100.00
  73    39.408 55376.14355025 56.20 124.086397  66.065337  3.919 -100.00 -100.00 -100.00
  73    39.267 55376.14355084 53.24 124.092840  66.065555 15.603 -100.00 -100.00 -100.00
  74    41.164 55386.05918811 22.72 124.082811  66.065624  9.481 -100.00 -100.00 -100.00
  74    42.049 55386.05918870 25.96 124.089254  66.065842 17.556 -100.00 -100.00 -100.00
  75    39.929 55395.97482517 25.38 124.080338  66.066287 13.542 -100.00 -100.00 -100.00
  75    39.510 55395.97482576 30.16 124.086781  66.066506 27.156 -100.00 -100.00 -100.00
  75    42.042 55395.97482635 33.01 124.093225  66.066724   -100 -100.00 -100.00 -100.00
  76    37.390 55405.89046598 37.68 124.078962  66.066467   -100 -100.00 -100.00 -100.00
  76    38.296 55405.89046657 30.91 124.085405  66.066686 12.725 -100.00 -100.00 -100.00
  76    38.777 55405.89046716 29.90 124.091848  66.066905 12.595 -100.00 -100.00 -100.00
  77    38.017 55415.80611779 44.25 124.084548  66.065552 19.868 -100.00 -100.00 -100.00
  77    37.102 55415.80611838 49.28 124.090990  66.065770   -100 -100.00 -100.00 -100.00
  78    37.885 55425.72176580 47.53 124.084416  66.063344 10.365 -100.00 -100.00 -100.00
  78    37.951 55425.72176639 50.51 124.090858  66.063562 10.546 -100.00 -100.00 -100.00
  79    38.296 55435.63741085 28.39 124.080933  66.061586  8.274 -100.00 -100.00 -100.00
  79    39.564 55435.63741144 27.58 124.087374  66.061805  7.345 -100.00 -100.00 -100.00
  79    38.409 55435.63741203 30.62 124.093816  66.062023 12.270 -100.00 -100.00 -100.00
  80    39.653 55445.55305501 27.32 124.081951  66.061820  9.300 -100.00 -100.00 -100.00
  80    38.332 55445.55305560 30.61 124.088393  66.062038 16.579 -100.00 -100.00 -100.00
  80    37.890 55445.55305619 36.77 124.094835  66.062256 27.749 -100.00 -100.00 -100.00
  81    37.678 55455.46869852 45.27 124.084341  66.063462   -100 -100.00 -100.00 -100.00
  81    37.601 55455.46869911 50.72 124.090783  66.063680 25.684 -100.00 -100.00 -100.00
  82    36.981 55465.38434097 41.35 124.082924  66.064874   -100 -100.00 -100.00 -100.00
  82    38.196 55465.38434156 40.75 124.089367  66.065092   -100 -100.00 -100.00 -100.00
  82    37.016 55465.38434215 46.44 124.095810  66.065310   -100 -100.00 -100.00 -100.00
  83    36.642 55475.29998038 45.42 124.080570  66.064451 31.664 -100.00 -100.00 -100.00
  83    37.065 55475.29998097 44.39 124.087013  66.064669 19.569 -100.00 -100.00 -100.00
  83    36.407 55475.29998156 50.60 124.093457  66.064887   -100 -100.00 -100.00 -100.00
  84    34.975 55485.21561725 39.94 124.084420  66.062757   -100 -100.00 -100.00 -100.00
  84    35.026 55485.21561784 40.12 124.090863  66.062976   -100 -100.00 -100.00 -100.00
  84    35.132 55485.21561844 39.92 124.097306  66.063194   -100 -100.00 -100.00 -100.00
  85    34.267 55495.13125160 32.98 124.083729  66.061099 24.997 -100.00 -100.00 -100.00
  85    34.503 55495.13125219 35.31 124.090171  66.061318 28.965 -100.00 -100.00 -100.00
  85    34.414 55495.13125278 37.17 124.096614  66.061536   -100 -100.00 -100.00 -100.00
  86    34.747 55505.04688490 29.30 124.080869  66.061497 25.257 -100.00 -100.00 -100.00
  86    35.073 55505.04688549 26.51 124.087312  66.061715 15.968 -100.00 -100.00 -100.00
  86    34.952 55505.04688608 26.15 124.093754  66.061934 14.275 -100.00 -100.00 -100.00
  87    38.060 55514.96253536 18.52 124.079953  66.063627  4.856 -100.00 -100.00 -100.00
  87    35.289 55514.96253595 18.48 124.086396  66.063846  4.739 -100.00 -100.00 -100.00
  87    34.828 55514.96253654 18.65 124.092839  66.064064  6.054 -100.00 -100.00 -100.00
  88    38.326 55524.87818545 15.52 124.084734  66.065846  3.662 -100.00 -100.00 -100.00
  88    38.837 55524.87818604 15.24 124.091178  66.066065  3.703 -100.00 -100.00 -100.00
  89    39.921 55534.79383318 14.65 124.084899  66.066542  3.866 -100.00 -100.00 -100.00
  89    39.667 55534.79383377 14.75 124.091342  66.066760  4.142 -100.00 -100.00 -100.00
  90    39.777 55544.70947872 14.32 124.082819  66.065995  4.102 -100.00 -100.00 -100.00
  90    38.789 55544.70947931 14.43 124.089262  66.066213  3.793 -100.00 -100.00 -100.00
  91    40.148 55554.62512254 12.79 124.082544  66.065645  2.933 -100.00 -100.00 -100.00
  91    40.462 55554.62512313 12.92 124.088987  66.065863  3.252 -100.00 -100.00 -100.00
  92    40.263 55564.54076560 12.55 124.084534  66.066114  3.185 -100.00 -100.00 -100.00
  92    41.959 55564.54076619 12.37 124.090977  66.066332  3.113 -100.00 -100.00 -100.00
  93    40.487 55574.45640794 11.68 124.085070  66.066521  3.006 -100.00 -100.00 -100.00
  93    42.108 55574.45640853 11.71 124.091513  66.066740  2.806 -100.00 -100.00 -100.00
  94    40.237 55584.37204814 11.52 124.079046  66.065689  2.923 -100.00 -100.00 -100.00
  94    40.621 55584.37204873 11.56 124.085490  66.065907  3.347 -100.00 -100.00 -100.00
  94    42.111 55584.37204932 11.27 124.091933  66.066126  2.584 -100.00 -100.00 -100.00
  95    40.839 55594.28768573 10.69 124.081763  66.064226  2.473 -100.00 -100.00 -100.00
  95    40.514 55594.28768632 10.93 124.088207  66.064444  3.472 -100.00 -100.00 -100.00
  95    42.143 55594.28768691 10.55 124.094650  66.064663  2.603 -100.00 -100.00 -100.00
  96    40.739 55604.20331973 10.59 124.081456  66.062556  2.570 -100.00 -100.00 -100.00
  96    41.868 55604.20332032 10.36 124.087899  66.062774  2.274 -100.00 -100.00 -100.00
  96    41.995 55604.20332091 10.46 124.094342  66.062993  2.655 -100.00 -100.00 -100.00
  97    41.609 55614.11895180 10.34 124.082847  66.061857  2.582 -100.00 -100.00 -100.00
  97    41.183 55614.11895239 10.28 124.089290  66.062076  2.299 -100.00 -100.00 -100.00
  97    41.958 55614.11895298 10.20 124.095732  66.062294  2.481 -100.00 -100.00 -100.00
  98    41.374 55624.03459001 10.11 124.083681  66.062345  2.360 -100.00 -100.00 -100.00
  98    41.415 55624.03459061  9.96 124.090123  66.062563  2.305 -100.00 -100.00 -100.00
  98    42.414 55624.03459120 10.19 124.096566  66.062782  2.716 -100.00 -100.00 -100.00
  99    40.599 55633.95024233  9.90 124.080083  66.063285  2.300 -100.00 -100.00 -100.00
  99    40.689 55633.95024292 10.15 124.086526  66.063504  2.309 -100.00 -100.00 -100.00
  99    42.125 55633.95024351  9.73 124.092969  66.063722  2.263 -100.00 -100.00 -100.00
 100    41.247 55643.86589321  9.40 124.085493  66.063927  2.486 -100.00 -100.00 -100.00
 100    42.014 55643.86589380  9.37 124.091936  66.064145  2.346 -100.00 -100.00 -100.00
 101    41.349 55653.78154040  9.71 124.081882  66.063462  2.473 -100.00 -100.00 -100.00
 101    40.867 55653.78154099  9.80 124.088325  66.063681  2.361 -100.00 -100.00 -100.00
 101    41.755 55653.78154158  9.49 124.094767  66.063899  2.241 -100.00 -100.00 -100.00
 102    40.967 55663.69718331  9.49 124.080078  66.062377  2.466 -100.00 -100.00 -100.00
 102    41.068 55663.69718390  9.38 124.086520  66.062595  2.195 -100.00 -100.00 -100.00
 102    41.286 55663.69718449  9.67 124.092962  66.062814  2.860 -100.00 -100.00 -100.00
 103    40.157 55673.61282361 23.34 124.082107  66.062042 12.008 -100.00 -100.00 -100.00
 103    39.823 55673.61282420 23.79 124.088549  66.062260 12.558 -100.00 -100.00 -100.00
 103    41.841 55673.61282479 20.84 124.094990  66.062478  7.790 -100.00 -100.00 -100.00
 104    40.059 55683.52846202 23.96 124.079792  66.062596  7.873 -100.00 -100.00 -100.00
 104    41.102 55683.52846261 24.91 124.086234  66.062814 12.036 -100.00 -100.00 -100.00
 104    41.475 55683.52846320 26.18 124.092676  66.063033 11.646 -100.00 -100.00 -100.00
 105    35.410 55693.44409955 38.39 124.082071  66.064107   -100 -100.00 -100.00 -100.00
 105    35.569 55693.44410014 33.85 124.088513  66.064325 23.467 -100.00 -100.00 -100.00
 105    41.664 55693.44410073 33.22 124.094956  66.064544 23.905 -100.00 -100.00 -100.00
 106    43.174 55703.35973516 40.33 124.079822  66.065293   -100 -100.00 -100.00 -100.00
 106    43.154 55703.35973575 41.03 124.086265  66.065512   -100 -100.00 -100.00 -100.00
 106    43.115 55703.35973634 44.56 124.092708  66.065730   -100 -100.00 -100.00 -100.00
 107    41.836 55713.27537986 28.51 124.080304  66.065836  9.916 -100.00 -100.00 -100.00
 107    42.416 55713.27538045 27.30 124.086747  66.066055  7.681 -100.00 -100.00 -100.00
 107    42.502 55713.27538104 29.89 124.093190  66.066274 11.012 -100.00 -100.00 -100.00
 108    42.228 55723.19102945 25.44 124.083644  66.065971  9.208 -100.00 -100.00 -100.00
 108    42.354 55723.19103004 25.68 124.090087  66.066190  9.692 -100.00 -100.00 -100.00
 109    40.113 55733.10667682 55.53 124.084433  66.066092   -100 -100.00 -100.00 -100.00
 109    39.988 55733.10667741 54.14 124.090877  66.066310 10.094 -100.00 -100.00 -100.00
 110    40.550 55743.02232253 26.28 124.081000  66.066165 14.877 -100.00 -100.00 -100.00
 110    42.098 55743.02232312 26.15 124.087444  66.066383 13.927 -100.00 -100.00 -100.00
 110    42.571 55743.02232371 28.29 124.093887  66.066602 17.704 -100.00 -100.00 -100.00
 111    39.264 55752.93796718 28.47 124.080837  66.065994 15.418 -100.00 -100.00 -100.00
 111    41.745 55752.93796777 27.11 124.087280  66.066212 11.624 -100.00 -100.00 -100.00
 111    42.502 55752.93796836 30.17 124.093723  66.066430 15.695 -100.00 -100.00 -100.00
 112    37.514 55762.85360983 45.68 124.084073  66.065044   -100 -100.00 -100.00 -100.00
 112    37.969 55762.85361042 43.28 124.090516  66.065262 26.438 -100.00 -100.00 -100.00
 113    36.297 55772.76924901 41.23 124.080148  66.063445   -100 -100.00 -100.00 -100.00
 113    36.208 55772.76924960 42.22 124.086590  66.063663   -100 -100.00 -100.00 -100.00
 113    36.104 55772.76925019 49.55 124.093032  66.063882   -100 -100.00 -100.00 -100.00
 114    37.818 55782.68488538 37.72 124.083464  66.062235   -100 -100.00 -100.00 -100.00
 114    38.081 55782.68488597 40.35 124.089905  66.062454   -100 -100.00 -100.00 -100.00
 114    41.202 55782.68488656 41.37 124.096347  66.062672 32.395 -100.00 -100.00 -100.00
 115    38.457 55792.60051909 44.30 124.085456  66.062321   -100 -100.00 -100.00 -100.00
 115    38.423 55792.60051968 43.40 124.091898  66.062539   -100 -100.00 -100.00 -100.00
 116    40.331 55802.51615314 26.90 124.083259  66.063030 12.590 -100.00 -100.00 -100.00
 116    41.105 55802.51615373 32.69 124.089701  66.063248 26.183 -100.00 -100.00 -100.00
 116    41.108 55802.51615432 36.58 124.096143  66.063467   -100 -100.00 -100.00 -100.00
 117    38.240 55812.43180296 27.79 124.081329  66.063788 14.749 -100.00 -100.00 -100.00
 117    38.284 55812.43180356 26.58 124.087771  66.064006 12.119 -100.00 -100.00 -100.00
 117    42.178 55812.43180415 26.28 124.094214  66.064225 12.161 -100.00 -100.00 -100.00
 118    40.461 55822.34745136 24.09 124.082185  66.063686 13.313 -100.00 -100.00 -100.00
 118    42.323 55822.34745195 23.41 124.088628  66.063905 10.503 -100.00 -100.00 -100.00
 118    42.434 55822.34745254 24.80 124.095071  66.064123 11.362 -100.00 -100.00 -100.00
 119    41.588 55832.26309470 26.65 124.080381  66.062780 11.574 -100.00 -100.00 -100.00
 119    38.364 55832.26309529 32.96 124.086824  66.062998 32.188 -100.00 -100.00 -100.00
 119    38.493 55832.26309588 35.75 124.093267  66.063217   -100 -100.00 -100.00 -100.00
 120    41.670 55842.17873417 29.07 124.084954  66.062178 15.321 -100.00 -100.00 -100.00
 120    42.230 55842.17873477 28.73 124.091397  66.062396 14.862 -100.00 -100.00 -100.00
 120    40.563 55842.17873536 34.02 124.097840  66.062615 30.152 -100.00 -100.00 -100.00
 121    35.766 55852.09437024 42.34 124.085756  66.062422   -100 -100.00 -100.00 -100.00
 121    35.499 55852.09437083 43.93 124.092199  66.062640 10.206 -100.00 -100.00 -100.00
 122    35.058 55862.01000353 25.83 124.079658  66.063578 14.127 -100.00 -100.00 -100.00
 122    35.001 55862.01000412 28.10 124.086101  66.063797 20.441 -100.00 -100.00 -100.00
 122    35.191 55862.01000471 27.11 124.092545  66.064015 17.430 -100.00 -100.00 -100.00
 123    35.988 55871.92565855 24.16 124.084417  66.065223 13.662 -100.00 -100.00 -100.00
 123    35.886 55871.92565914 22.97 124.090860  66.065441 11.501 -100.00 -100.00 -100.00
 124    40.438 55881.84130809 13.97 124.081751  66.065786  4.547 -100.00 -100.00 -100.00
 124    40.570 55881.84130868 13.79 124.088194  66.066004  4.155 -100.00 -100.00 -100.00
 124    41.765 55881.84130927 13.89 124.094637  66.066223  4.287 -100.00 -100.00 -100.00
 125    41.471 55891.75695119 13.07 124.080722  66.065678  3.568 -100.00 -100.00 -100.00
 125    40.480 55891.75695178 13.03 124.087165  66.065897  3.299 -100.00 -100.00 -100.00
 125    41.893 55891.75695238 12.90 124.093608  66.066115  3.163 -100.00 -100.00 -100.00
 126    40.174 55901.67258869 13.12 124.081216  66.065579  3.751 -100.00 -100.00 -100.00
 126    41.032 55901.67258928 13.27 124.087659  66.065797  4.636 -100.00 -100.00 -100.00
 126    41.004 55901.67258987 12.67 124.094102  66.066016  3.219 -100.00 -100.00 -100.00
 127    41.830 55911.58822302 12.57 124.084493  66.066029  3.710 -100.00 -100.00 -100.00
 127    42.051 55911.58822361 12.37 124.090936  66.066247  3.389 -100.00 -100.00 -100.00
 128    41.337 55921.50387748 12.79 124.083778  66.066668  3.436 -100.00 -100.00 -100.00
 128    41.847 55921.50387807 13.01 124.090221  66.066887  3.742 -100.00 -100.00 -100.00
 129    40.824 55931.41952911 11.55 124.081145  66.066187  2.866 -100.00 -100.00 -100.00
 129    41.901 55931.41952970 11.82 124.087589  66.066405  3.996 -100.00 -100.00 -100.00
 129    42.214 55931.41953029 11.55 124.094033  66.066624  3.391 -100.00 -100.00 -100.00
 130    41.950 55941.33517722 11.06 124.084629  66.064567  2.965 -100.00 -100.00 -100.00
 130    42.397 55941.33517781 11.20 124.091072  66.064785  3.057 -100.00 -100.00 -100.00
 131    41.881 55951.25082042 10.47 124.083349  66.062471  2.682 -100.00 -100.00 -100.00
 131    42.241 55951.25082101 10.61 124.089792  66.062689  2.926 -100.00 -100.00 -100.00
 131    42.488 55951.25082160 10.53 124.096235  66.062907  3.135 -100.00 -100.00 -100.00
 132    41.907 55961.16646012 10.03 124.084922  66.061830  3.121 -100.00 -100.00 -100.00
 132    42.313 55961.16646072  9.84 124.091365  66.062049  2.645 -100.00 -100.00 -100.00
 132    42.338 55961.16646131 10.06 124.097808  66.062267  3.171 -100.00 -100.00 -100.00
 133    41.861 55971.08209715 10.10 124.081502  66.062636  2.500 -100.00 -100.00 -100.00
 133    42.130 55971.08209774  9.87 124.087945  66.062855  2.977 -100.00 -100.00 -100.00
 133    42.248 55971.08209833  9.91 124.094389  66.063073  2.735 -100.00 -100.00 -100.00
 134    42.002 55980.99773357 10.40 124.084338  66.064200  3.286 -100.00 -100.00 -100.00
 134    42.154 55980.99773416 10.24 124.090781  66.064418  3.051 -100.00 -100.00 -100.00
 135    41.439 55990.91336816  9.65 124.080272  66.064250  2.582 -100.00 -100.00 -100.00
 135    41.772 55990.91336875  9.68 124.086715  66.064468  2.866 -100.00 -100.00 -100.00
 135    42.353 55990.91336934  9.59 124.093158  66.064687  2.782 -100.00 -100.00 -100.00
 136    41.290 56000.82901392  9.22 124.085225  66.063534  3.011 -100.00 -100.00 -100.00
 136    42.198 56000.82901451  9.00 124.091667  66.063752  2.972 -100.00 -100.00 -100.00
 137    41.717 56010.74466413  9.42 124.083629  66.062186  2.228 -100.00 -100.00 -100.00
 137    42.090 56010.74466472  9.54 124.090071  66.062405  2.347 -100.00 -100.00 -100.00
 137    42.127 56010.74466531  9.75 124.096513  66.062623  2.911 -100.00 -100.00 -100.00
 138    41.469 56020.66031074  9.56 124.085207  66.062054  2.857 -100.00 -100.00 -100.00
 138    42.276 56020.66031133  9.49 124.091649  66.062272  2.488 -100.00 -100.00 -100.00
 138    42.332 56020.66031192  9.37 124.098091  66.062490  2.441 -100.00 -100.00 -100.00
 139    41.383 56030.57595405  8.90 124.082644  66.063129  2.527 -100.00 -100.00 -100.00
 139    41.925 56030.57595464  8.77 124.089086  66.063347  2.277 -100.00 -100.00 -100.00
 139    42.490 56030.57595523  8.74 124.095528  66.063565  2.434 -100.00 -100.00 -100.00
 140    40.833 56040.49159556  8.72 124.081811  66.064984  2.341 -100.00 -100.00 -100.00
 140    41.491 56040.49159615  8.66 124.088254  66.065203  2.486 -100.00 -100.00 -100.00
 140    42.354 56040.49159674  8.76 124.094697  66.065421  2.498 -100.00 -100.00 -100.00
 141    38.144 56050.40723514  9.22 124.083622  66.066130  6.819 -100.00 -100.00 -100.00
 141    41.963 56050.40723573  6.56 124.090065  66.066348  3.773 -100.00 -100.00 -100.00
 142    35.604 56060.32287195 44.81 124.084416  66.066285  1.342 -100.00 -100.00 -100.00
 142    35.709 56060.32287254 45.61 124.090859  66.066504  6.200 -100.00 -100.00 -100.00
 143    44.157 56070.23850854 40.31 124.085432  66.065489 32.659 -100.00 -100.00 -100.00
 143    44.209 56070.23850913 41.06 124.091875  66.065708   -100 -100.00 -100.00 -100.00
 144    42.022 56080.15415923 29.36 124.083300  66.065288  8.202 -100.00 -100.00 -100.00
 144    42.387 56080.15415982 30.93 124.089743  66.065506 11.084 -100.00 -100.00 -100.00
 145    40.723 56090.06980709 51.17 124.079726  66.065792 31.024 -100.00 -100.00 -100.00
 145    40.942 56090.06980768 50.62 124.086169  66.066011  9.341 -100.00 -100.00 -100.00
 145    41.057 56090.06980827 48.58 124.092612  66.066229   -100 -100.00 -100.00 -100.00
 146    42.059 56099.98545329 25.48 124.084812  66.066864  9.894 -100.00 -100.00 -100.00
 146    42.505 56099.98545388 26.76 124.091256  66.067082 11.390 -100.00 -100.00 -100.00
 147    41.856 56109.90108472 25.10 124.082614  66.066361 14.052 -100.00 -100.00 -100.00
 147    42.315 56109.90108531 25.07 124.089057  66.066579 12.850 -100.00 -100.00 -100.00
 148    40.217 56119.81672457 52.06 124.079765  66.064271   -100 -100.00 -100.00 -100.00
 148    40.229 56119.81672516 55.12 124.086207  66.064490   -100 -100.00 -100.00 -100.00
 148    40.085 56119.81672575 54.51 124.092649  66.064708  9.743 -100.00 -100.00 -100.00
 149    41.615 56129.73236110 24.73 124.080672  66.061938  9.569 -100.00 -100.00 -100.00
 149    41.857 56129.73236169 26.70 124.087113  66.062156 15.155 -100.00 -100.00 -100.00
 149    42.368 56129.73236228 26.81 124.093555  66.062375 15.567 -100.00 -100.00 -100.00
 150    38.493 56139.64799488 27.69 124.085790  66.061159 14.198 -100.00 -100.00 -100.00
 150    38.851 56139.64799547 30.39 124.092231  66.061378 19.709 -100.00 -100.00 -100.00
 150    39.104 56139.64799606 37.79 124.098672  66.061596 32.441 -100.00 -100.00 -100.00
 151    39.776 56149.56364474 53.07 124.084848  66.062630   -100 -100.00 -100.00 -100.00
 151    39.540 56149.56364533 54.88 124.091290  66.062849 15.191 -100.00 -100.00 -100.00
 151    39.421 56149.56364592 57.13 124.097731  66.063067   -100 -100.00 -100.00 -100.00
 152    39.530 56159.47929374 26.39 124.083592  66.064687 11.136 -100.00 -100.00 -100.00
 152    38.320 56159.47929433 36.00 124.090034  66.064906   -100 -100.00 -100.00 -100.00
 153    39.002 56169.39494144 28.88 124.083023  66.065374 14.901 -100.00 -100.00 -100.00
 153    38.862 56169.39494203 35.78 124.089466  66.065592   -100 -100.00 -100.00 -100.00
 154    39.351 56179.31058574 51.89 124.083011  66.064030   -100 -100.00 -100.00 -100.00
 154    39.338 56179.31058633 51.70 124.089454  66.064249   -100 -100.00 -100.00 -100.00
 154    39.176 56179.31058693 54.09 124.095897  66.064467 10.750 -100.00 -100.00 -100.00
 155    41.366 56189.22622568 27.67 124.081473  66.062191 18.265 -100.00 -100.00 -100.00
 155    38.088 56189.22622627 29.23 124.087916  66.062410 22.867 -100.00 -100.00 -100.00
 155    41.185 56189.22622686 35.14 124.094358  66.062628   -100 -100.00 -100.00 -100.00
 156    39.994 56199.14186276 28.15 124.083190  66.061759 14.754 -100.00 -100.00 -100.00
 156    42.016 56199.14186335 25.97 124.089633  66.061977  9.765 -100.00 -100.00 -100.00
 156    40.773 56199.14186394 35.15 124.096075  66.062195   -100 -100.00 -100.00 -100.00
 157    37.693 56209.05749688 28.57 124.081624  66.063320 11.130 -100.00 -100.00 -100.00
 157    38.097 56209.05749747 33.66 124.088067  66.063539 24.296 -100.00 -100.00 -100.00
 157    36.614 56209.05749806 36.18 124.094510  66.063757 32.009 -100.00 -100.00 -100.00
 158    36.507 56218.97312952 40.27 124.082874  66.065662   -100 -100.00 -100.00 -100.00
 158    36.326 56218.97313011 38.19 124.089318  66.065881 31.477 -100.00 -100.00 -100.00
 159    35.039 56228.88877667 37.66 124.085010  66.067176   -100 -100.00 -100.00 -100.00
 159    35.076 56228.88877726 39.88 124.091454  66.067394   -100 -100.00 -100.00 -100.00
 160    35.576 56238.80443032 28.79 124.083327  66.066701 13.170 -100.00 -100.00 -100.00
 160    35.650 56238.80443091 33.64 124.089770  66.066920 29.341 -100.00 -100.00 -100.00
 161    40.790 56248.72008001 24.31 124.080806  66.065604  7.666 -100.00 -100.00 -100.00
 161    34.658 56248.72008060 28.91 124.087249  66.065823 17.009 -100.00 -100.00 -100.00
 161    41.561 56248.72008119 29.61 124.093692  66.066041 18.492 -100.00 -100.00 -100.00
 162    35.316 56258.63572503 25.61 124.080719  66.064961 11.040 -100.00 -100.00 -100.00
 162    35.285 56258.63572562 31.00 124.087162  66.065180 23.585 -100.00 -100.00 -100.00
 162    35.435 56258.63572621 32.64 124.093605  66.065398 29.086 -100.00 -100.00 -100.00
 163    35.475 56268.55136711 25.12 124.080969  66.065656 10.908 -100.00 -100.00 -100.00
 163    35.627 56268.55136771 26.04 124.087412  66.065875 12.800 -100.00 -100.00 -100.00
 163    35.347 56268.55136830 31.92 124.093856  66.066093 32.045 -100.00 -100.00 -100.00
 164    35.394 56278.46700766 27.29 124.083085  66.066411 20.032 -100.00 -100.00 -100.00
 164    35.520 56278.46700825 26.60 124.089528  66.066629 18.522 -100.00 -100.00 -100.00
 165    39.412 56288.38265694 19.32 124.081506  66.066302  6.029 -100.00 -100.00 -100.00
 165    38.279 56288.38265753 19.28 124.087949  66.066521  5.983 -100.00 -100.00 -100.00
 165    39.899 56288.38265812 18.76 124.094393  66.066739  5.423 -100.00 -100.00 -100.00
 166    36.714 56298.29830583 18.07 124.082432  66.064422  5.493 -100.00 -100.00 -100.00
 166    36.997 56298.29830642 17.80 124.088876  66.064641  5.350 -100.00 -100.00 -100.00
 166    38.315 56298.29830702 18.20 124.095319  66.064859  6.275 -100.00 -100.00 -100.00
 167    37.505 56308.21395077 16.92 124.083022  66.062183  4.890 -100.00 -100.00 -100.00
 167    36.899 56308.21395136 17.52 124.089465  66.062402  5.851 -100.00 -100.00 -100.00
 167    42.367 56308.21395195 17.32 124.095908  66.062620  5.911 -100.00 -100.00 -100.00
 168    38.721 56318.12959314 14.90 124.083841  66.061310  4.239 -100.00 -100.00 -100.00
 168    39.357 56318.12959373 14.73 124.090284  66.061528  3.891 -100.00 -100.00 -100.00
 168    37.671 56318.12959432 16.51 124.096727  66.061746  6.804 -100.00 -100.00 -100.00
 169    39.092 56328.04523436 15.44 124.085346  66.062864  6.016 -100.00 -100.00 -100.00
 169    39.396 56328.04523495 15.83 124.091789  66.063082  6.224 -100.00 -100.00 -100.00
 170    41.208 56337.96087391 13.72 124.079267  66.064701  4.034 -100.00 -100.00 -100.00
 170    38.097 56337.96087450 13.93 124.085711  66.064919  4.333 -100.00 -100.00 -100.00
 170    37.146 56337.96087509 14.87 124.092154  66.065137  5.762 -100.00 -100.00 -100.00
 171    40.501 56347.87651251 12.39 124.083387  66.065611  3.406 -100.00 -100.00 -100.00
 171    42.103 56347.87651310 11.87 124.089830  66.065829  3.179 -100.00 -100.00 -100.00
 172    40.542 56357.79214797 11.45 124.083396  66.064255  2.978 -100.00 -100.00 -100.00
 172    39.849 56357.79214856 11.21 124.089839  66.064474  3.217 -100.00 -100.00 -100.00
 172    41.401 56357.79214915 11.66 124.096281  66.064692  3.408 -100.00 -100.00 -100.00
 173    41.544 56367.70779711 11.28 124.081188  66.062403  3.191 -100.00 -100.00 -100.00
 173    40.792 56367.70779770 11.25 124.087630  66.062622  2.937 -100.00 -100.00 -100.00
 173    41.262 56367.70779829 11.37 124.094072  66.062840  3.570 -100.00 -100.00 -100.00
 176    40.191 56397.45473448 10.57 124.081862  66.066497  3.443 -100.00 -100.00 -100.00
 176    40.271 56397.45473507 10.90 124.088305  66.066716  3.737 -100.00 -100.00 -100.00
 177    37.598 56407.37037564 18.66 124.081804  66.067821  8.074 -100.00 -100.00 -100.00
 177    37.200 56407.37037623 18.02 124.088248  66.068039  7.076 -100.00 -100.00 -100.00
 178    33.681 56417.28601302 41.96 124.082855  66.067302   -100 -100.00 -100.00 -100.00
 178    33.628 56417.28601361 41.12 124.089298  66.067521   -100 -100.00 -100.00 -100.00
 179    35.509 56427.20164530 41.35 124.079897  66.065552   -100 -100.00 -100.00 -100.00
 179    35.159 56427.20164589 42.89 124.086340  66.065771   -100 -100.00 -100.00 -100.00
 179    35.251 56427.20164648 42.78 124.092784  66.065989   -100 -100.00 -100.00 -100.00
 180    42.517 56437.11729773 31.78 124.083279  66.064904 11.990 -100.00 -100.00 -100.00
 180    42.986 56437.11729832 31.53 124.089722  66.065123 11.341 -100.00 -100.00 -100.00
 181    41.192 56447.03294923 56.80 124.082597  66.065317  6.416 -100.00 -100.00 -100.00
 181    40.982 56447.03294982 56.67 124.089040  66.065535 23.243 -100.00 -100.00 -100.00
 181    40.973 56447.03295041 53.34 124.095484  66.065753   -100 -100.00 -100.00 -100.00
 182    42.009 56456.94859836 24.64 124.080763  66.066237 10.711 -100.00 -100.00 -100.00
 182    42.003 56456.94859895 27.73 124.087206  66.066456 18.315 -100.00 -100.00 -100.00
 182    40.255 56456.94859954 32.94 124.093650  66.066674   -100 -100.00 -100.00 -100.00
 183    40.191 56466.86424480 27.98 124.084695  66.066197 15.834 -100.00 -100.00 -100.00
 183    39.986 56466.86424539 35.23 124.091139  66.066415   -100 -100.00 -100.00 -100.00
 184    38.617 56476.77988637 27.74 124.079421  66.064450 16.294 -100.00 -100.00 -100.00
 184    38.997 56476.77988696 26.67 124.085863  66.064669 14.957 -100.00 -100.00 -100.00
 184    38.471 56476.77988755 35.91 124.092306  66.064887   -100 -100.00 -100.00 -100.00
 185    37.925 56486.69552527 40.66 124.084990  66.062509   -100 -100.00 -100.00 -100.00
 185    38.591 56486.69552586 40.92 124.091432  66.062727 23.721 -100.00 -100.00 -100.00
 185    38.448 56486.69552645 46.09 124.097874  66.062945 32.310 -100.00 -100.00 -100.00
 186    41.723 56496.61116088 22.31 124.083633  66.061700 11.516 -100.00 -100.00 -100.00
 186    42.092 56496.61116147 25.09 124.090075  66.061919 15.657 -100.00 -100.00 -100.00
 186    41.531 56496.61116206 30.81 124.096516  66.062137   -100 -100.00 -100.00 -100.00
 187    41.713 56506.52679537 24.03 124.084859  66.062767 10.686 -100.00 -100.00 -100.00
 187    41.229 56506.52679596 31.95 124.091301  66.062985   -100 -100.00 -100.00 -100.00
 188    40.799 56516.44243015 50.48 124.085217  66.064611  9.356 -100.00 -100.00 -100.00
 188    40.800 56516.44243074 53.14 124.091660  66.064830   -100 -100.00 -100.00 -100.00
 189    39.033 56526.35808433 27.90 124.080963  66.065342 20.811 -100.00 -100.00 -100.00
 189    38.930 56526.35808492 31.13 124.087406  66.065561   -100 -100.00 -100.00 -100.00
 189    42.309 56526.35808551 29.61 124.093850  66.065779 22.807 -100.00 -100.00 -100.00
 190    40.764 56536.27373456 25.03 124.079241  66.064559 11.588 -100.00 -100.00 -100.00
 190    42.028 56536.27373516 24.82 124.085684  66.064778 12.522 -100.00 -100.00 -100.00
 190    42.140 56536.27373575 27.70 124.092127  66.064996 17.818 -100.00 -100.00 -100.00
 192    40.452 56556.10502519 26.00 124.080781  66.063029 12.430 -100.00 -100.00 -100.00
 192    42.271 56556.10502578 24.17 124.087224  66.063247  7.886 -100.00 -100.00 -100.00
 192    42.033 56556.10502637 30.89 124.093667  66.063466 21.661 -100.00 -100.00 -100.00
 193    41.787 56566.02066802 25.97 124.081736  66.064504 10.446 -100.00 -100.00 -100.00
 193    42.136 56566.02066861 28.20 124.088179  66.064723 14.293 -100.00 -100.00 -100.00
 193    42.158 56566.02066920 34.99 124.094622  66.064941   -100 -100.00 -100.00 -100.00
 194    36.629 56575.93630945 41.99 124.082101  66.066675   -100 -100.00 -100.00 -100.00
 194    36.623 56575.93631004 43.02 124.088545  66.066893   -100 -100.00 -100.00 -100.00
 195    35.600 56585.85194782 39.96 124.084375  66.067878 31.189 -100.00 -100.00 -100.00
 195    35.113 56585.85194841 41.65 124.090818  66.068096  8.250 -100.00 -100.00 -100.00
 196    34.049 56595.76758540 24.24 124.081705  66.067245  8.420 -100.00 -100.00 -100.00
 196    34.240 56595.76758599 24.10 124.088148  66.067464  8.806 -100.00 -100.00 -100.00
 197    35.547 56605.68323767 16.80 124.080279  66.065995  4.522 -100.00 -100.00 -100.00
 197    35.612 56605.68323826 15.82 124.086722  66.066214  3.776 -100.00 -100.00 -100.00
 197    35.018 56605.68323885 16.19 124.093165  66.066432  4.330 -100.00 -100.00 -100.00
 198    35.393 56615.59888538 17.33 124.081864  66.065158  6.037 -100.00 -100.00 -100.00
 198    35.281 56615.59888597 17.64 124.088307  66.065376  5.632 -100.00 -100.00 -100.00
 198    35.206 56615.59888656 17.65 124.094750  66.065595  5.876 -100.00 -100.00 -100.00
 199    37.907 56625.51452948 13.72 124.083457  66.065221  3.082 -100.00 -100.00 -100.00
 199    38.396 56625.51453007 13.58 124.089900  66.065439  3.038 -100.00 -100.00 -100.00
 200    39.496 56635.43017057 12.72 124.082062  66.065435  2.731 -100.00 -100.00 -100.00
 200    39.458 56635.43017116 13.03 124.088505  66.065654  2.936 -100.00 -100.00 -100.00
 200    38.207 56635.43017175 12.79 124.094948  66.065872  3.019 -100.00 -100.00 -100.00
 201    38.221 56645.34580897 13.26 124.079260  66.065127  3.150 -100.00 -100.00 -100.00
 201    40.230 56645.34580956 13.18 124.085704  66.065346  3.376 -100.00 -100.00 -100.00
 201    39.927 56645.34581015 12.76 124.092147  66.065564  2.951 -100.00 -100.00 -100.00
 202    39.622 56655.26146163 11.90 124.080038  66.064171  2.954 -100.00 -100.00 -100.00
 202    40.391 56655.26146222 12.09 124.086481  66.064389  3.052 -100.00 -100.00 -100.00
 202    38.908 56655.26146281 11.98 124.092925  66.064608  2.890 -100.00 -100.00 -100.00
 203    39.738 56665.17711018 11.37 124.083032  66.062885  2.659 -100.00 -100.00 -100.00
 203    39.199 56665.17711077 11.39 124.089475  66.063103  2.893 -100.00 -100.00 -100.00
 203    40.412 56665.17711136 11.16 124.095918  66.063321  2.842 -100.00 -100.00 -100.00
 204    40.386 56675.09275555 11.77 124.080303  66.062328  2.370 -100.00 -100.00 -100.00
 204    39.707 56675.09275614 11.87 124.086746  66.062547  3.082 -100.00 -100.00 -100.00
 204    40.236 56675.09275673 11.74 124.093189  66.062765  2.659 -100.00 -100.00 -100.00
 205    40.409 56685.00840042 11.83 124.083816  66.063357  2.895 -100.00 -100.00 -100.00
 205    39.940 56685.00840101 11.80 124.090259  66.063575  2.971 -100.00 -100.00 -100.00
 205    40.861 56685.00840160 11.54 124.096702  66.063793  2.671 -100.00 -100.00 -100.00
 206    39.880 56694.92404311 10.78 124.085568  66.064746  2.545 -100.00 -100.00 -100.00
 206    40.218 56694.92404370 11.08 124.092012  66.064964  3.222 -100.00 -100.00 -100.00
 207    39.841 56704.83968073 10.97 124.080888  66.065158  3.226 -100.00 -100.00 -100.00
 207    40.390 56704.83968132 10.59 124.087331  66.065377  2.602 -100.00 -100.00 -100.00
 207    41.651 56704.83968191 10.52 124.093774  66.065595  2.589 -100.00 -100.00 -100.00
 208    40.474 56714.75531351  9.84 124.082881  66.064533  2.419 -100.00 -100.00 -100.00
 208    40.885 56714.75531410  9.60 124.089323  66.064752  2.276 -100.00 -100.00 -100.00
 208    40.688 56714.75531469  9.50 124.095766  66.064970  2.366 -100.00 -100.00 -100.00
 209    41.748 56724.67096499  6.73 124.082887  66.063863 15.502 -100.00 -100.00 -100.00
 209    42.069 56724.67096558  6.97 124.089329  66.064082 12.568 -100.00 -100.00 -100.00
 209    42.588 56724.67096617  7.01 124.095771  66.064300 11.468 -100.00 -100.00 -100.00
 210    40.494 56734.58661525  9.45 124.085435  66.064213  2.547 -100.00 -100.00 -100.00
 210    40.977 56734.58661584  9.46 124.091877  66.064431  2.599 -100.00 -100.00 -100.00
 211    40.258 56744.50226139  9.89 124.079285  66.065583  2.560 -100.00 -100.00 -100.00
 211    41.013 56744.50226198  9.73 124.085728  66.065801  2.658 -100.00 -100.00 -100.00
 211    41.210 56744.50226257  9.92 124.092171  66.066019  2.846 -100.00 -100.00 -100.00
 212    40.279 56754.41790384  9.63 124.079533  66.067111  2.607 -100.00 -100.00 -100.00
 212    41.644 56754.41790443  9.57 124.085977  66.067329  2.726 -100.00 -100.00 -100.00
 212    42.027 56754.41790502  9.35 124.092420  66.067548  2.400 -100.00 -100.00 -100.00
 213    38.167 56764.33354117 26.37 124.084294  66.067672 11.483 -100.00 -100.00 -100.00
 213    39.282 56764.33354176 23.87 124.090738  66.067890  9.122 -100.00 -100.00 -100.00
 214    39.329 56774.24917698 25.53 124.083247  66.066823  8.967 -100.00 -100.00 -100.00
 214    39.449 56774.24917757 24.71 124.089690  66.067041 10.011 -100.00 -100.00 -100.00
 215    34.748 56784.16483403 42.92 124.082647  66.066107   -100 -100.00 -100.00 -100.00
 215    34.622 56784.16483462 43.21 124.089091  66.066325   -100 -100.00 -100.00 -100.00
 216    41.622 56794.08048734 36.44 124.080987  66.065771 22.830 -100.00 -100.00 -100.00
 216    42.394 56794.08048793 34.63 124.087431  66.065989 16.751 -100.00 -100.00 -100.00
 216    42.450 56794.08048852 37.74 124.093874  66.066207 26.182 -100.00 -100.00 -100.00
 217    41.231 56803.99613765 56.33 124.082778  66.065905 12.906 -100.00 -100.00 -100.00
 217    41.091 56803.99613824 56.51 124.089221  66.066123 25.480 -100.00 -100.00 -100.00
 218    40.647 56813.91178018 56.11 124.080812  66.065549  1.298 -100.00 -100.00 -100.00
 218    40.393 56813.91178077 57.18 124.087255  66.065767 25.323 -100.00 -100.00 -100.00
 218    40.387 56813.91178136 54.12 124.093699  66.065985 31.865 -100.00 -100.00 -100.00
 219    39.494 56823.82741949 31.21 124.081893  66.064679 26.769 -100.00 -100.00 -100.00
 219    39.802 56823.82742008 32.55 124.088336  66.064898 27.334 -100.00 -100.00 -100.00
 219    42.345 56823.82742068 36.17 124.094778  66.065116 29.181 -100.00 -100.00 -100.00
 220    39.153 56833.74305466 28.97 124.081937  66.063599   -100 -100.00 -100.00 -100.00
 220    42.184 56833.74305525 28.68 124.088379  66.063817 29.158 -100.00 -100.00 -100.00
 220    42.405 56833.74305584 30.53 124.094821  66.064035 25.041 -100.00 -100.00 -100.00
 221    38.451 56843.65868628 28.18 124.080642  66.062943 16.850 -100.00 -100.00 -100.00
 221    41.921 56843.65868687 28.17 124.087083  66.063162 18.286 -100.00 -100.00 -100.00
 221    42.307 56843.65868746 34.30 124.093525  66.063380 26.735 -100.00 -100.00 -100.00
 222    38.494 56853.57432883 48.21 124.081696  66.063357   -100 -100.00 -100.00 -100.00
 222    38.184 56853.57432942 53.15 124.088138  66.063575   -100 -100.00 -100.00 -100.00
 222    37.901 56853.57433001 55.47 124.094580  66.063794 25.116 -100.00 -100.00 -100.00
 223    41.765 56863.48998303 24.85 124.084460  66.064271 12.917 -100.00 -100.00 -100.00
 223    41.231 56863.48998362 29.02 124.090902  66.064489 18.689 -100.00 -100.00 -100.00
 224    40.631 56873.40563599 24.77 124.080003  66.064725 10.979 -100.00 -100.00 -100.00
 224    39.520 56873.40563658 25.94 124.086445  66.064944 11.081 -100.00 -100.00 -100.00
 224    38.801 56873.40563717 35.31 124.092888  66.065162   -100 -100.00 -100.00 -100.00
 225    40.634 56883.32128627 24.13 124.080876  66.064797  8.344 -100.00 -100.00 -100.00
 225    38.525 56883.32128686 32.04 124.087319  66.065015 32.313 -100.00 -100.00 -100.00
 225    38.637 56883.32128745 34.40 124.093762  66.065233   -100 -100.00 -100.00 -100.00
 226    37.198 56893.23693310 43.05 124.081232  66.064627   -100 -100.00 -100.00 -100.00
 226    37.122 56893.23693369 45.32 124.087675  66.064845   -100 -100.00 -100.00 -100.00
 226    37.053 56893.23693428 45.40 124.094118  66.065063  3.489 -100.00 -100.00 -100.00
 227    41.994 56903.15257693 22.33 124.083471  66.064762  8.039 -100.00 -100.00 -100.00
 227    42.347 56903.15257752 26.68 124.089914  66.064980 13.528 -100.00 -100.00 -100.00
 228    37.781 56913.06821859 51.05 124.083371  66.065740   -100 -100.00 -100.00 -100.00
 228    37.375 56913.06821918 54.45 124.089815  66.065958 18.409 -100.00 -100.00 -100.00
 229    37.946 56922.98385823 28.01 124.079494  66.066703 17.970 -100.00 -100.00 -100.00
 229    41.797 56922.98385882 24.08 124.085937  66.066921  9.149 -100.00 -100.00 -100.00
 229    42.569 56922.98385941 26.98 124.092381  66.067139 13.289 -100.00 -100.00 -100.00
 230    41.834 56932.89949614 29.08 124.082806  66.067505 19.421 -100.00 -100.00 -100.00
 230    42.009 56932.89949673 28.25 124.089249  66.067724 17.698 -100.00 -100.00 -100.00
 231    37.061 56942.81512863 46.28 124.084726  66.067193 23.898 -100.00 -100.00 -100.00
 231    36.581 56942.81512922 48.44 124.091170  66.067412   -100 -100.00 -100.00 -100.00
 232    34.834 56952.73077335 39.20 124.084831  66.066318   -100 -100.00 -100.00 -100.00
 232    35.044 56952.73077394 40.30 124.091274  66.066536   -100 -100.00 -100.00 -100.00
 233    39.562 56962.64642350 22.65 124.079393  66.065513  7.029 -100.00 -100.00 -100.00
 233    39.939 56962.64642409 23.45 124.085836  66.065732  8.357 -100.00 -100.00 -100.00
 233    33.590 56962.64642468 24.58 124.092279  66.065950 10.485 -100.00 -100.00 -100.00
 234    39.362 56972.56206947 17.54 124.081199  66.065651  5.077 -100.00 -100.00 -100.00
 234    40.061 56972.56207006 17.19 124.087642  66.065870  4.181 -100.00 -100.00 -100.00
 234    41.457 56972.56207065 17.27 124.094085  66.066088  4.483 -100.00 -100.00 -100.00
 235    35.051 56982.47771122 20.64 124.082812  66.065911  8.672 -100.00 -100.00 -100.00
 235    34.922 56982.47771181 19.52 124.089255  66.066130  6.728 -100.00 -100.00 -100.00
 236    39.949 56992.39334825 15.08 124.083022  66.065394  4.058 -100.00 -100.00 -100.00
 236    40.261 56992.39334884 15.10 124.089465  66.065612  3.714 -100.00 -100.00 -100.00
 237    37.595 57002.30898244 15.01 124.082736  66.063906  3.780 -100.00 -100.00 -100.00
 237    41.794 57002.30898303 15.01 124.089179  66.064124  3.420 -100.00 -100.00 -100.00
 237    38.321 57002.30898362 15.10 124.095622  66.064343  4.254 -100.00 -100.00 -100.00
 238    37.843 57012.22463968 14.60 124.084119  66.062903  4.093 -100.00 -100.00 -100.00
 238    39.058 57012.22464027 14.65 124.090562  66.063122  4.124 -100.00 -100.00 -100.00
 238    38.486 57012.22464086 14.10 124.097005  66.063340  4.078 -100.00 -100.00 -100.00
 239    37.888 57022.14029099 13.50 124.082584  66.062680  2.904 -100.00 -100.00 -100.00
 239    41.614 57022.14029158 12.94 124.089027  66.062899  2.951 -100.00 -100.00 -100.00
 239    42.316 57022.14029217 13.49 124.095471  66.063117  4.113 -100.00 -100.00 -100.00
 240    40.574 57032.05593971 12.38 124.082913  66.063931  2.767 -100.00 -100.00 -100.00
 240    41.307 57032.05594030 12.18 124.089356  66.064149  2.610 -100.00 -100.00 -100.00
 240    42.299 57032.05594089 12.03 124.095800  66.064367  2.702 -100.00 -100.00 -100.00
 241    39.627 57041.97158653 11.79 124.085125  66.065181  3.073 -100.00 -100.00 -100.00
 241    42.017 57041.97158712 11.54 124.091568  66.065399  2.545 -100.00 -100.00 -100.00
 242    40.786 57051.88723097 11.17 124.084818  66.065507  2.793 -100.00 -100.00 -100.00
 242    40.937 57051.88723156 10.98 124.091261  66.065725  2.589 -100.00 -100.00 -100.00
 243    40.355 57061.80287116 11.24 124.085060  66.064675  3.112 -100.00 -100.00 -100.00
 243    42.046 57061.80287175 10.92 124.091503  66.064893  2.643 -100.00 -100.00 -100.00
 244    40.947 57071.71850580 10.75 124.083790  66.063954  2.611 -100.00 -100.00 -100.00
 244    39.544 57071.71850639 10.61 124.090232  66.064172  2.655 -100.00 -100.00 -100.00
 244    42.296 57071.71850699 10.64 124.096675  66.064391  2.803 -100.00 -100.00 -100.00
 245    41.527 57081.63413650 10.19 124.084694  66.064419  2.448 -100.00 -100.00 -100.00
 245    40.833 57081.63413709  9.99 124.091136  66.064637  2.530 -100.00 -100.00 -100.00
 246    40.707 57091.54978045 10.11 124.083993  66.066127  2.382 -100.00 -100.00 -100.00
 246    40.742 57091.54978104 10.03 124.090436  66.066345  2.630 -100.00 -100.00 -100.00
 247    41.348 57101.46543786 10.81 124.083254  66.067906  3.495 -100.00 -100.00 -100.00
 247    41.270 57101.46543845 10.48 124.089697  66.068125  2.705 -100.00 -100.00 -100.00
 248    41.114 57111.38109200 10.74 124.083647  66.068221  2.674 -100.00 -100.00 -100.00
 248    41.960 57111.38109259 10.61 124.090091  66.068439  2.648 -100.00 -100.00 -100.00
 249    40.289 57121.29674013 10.54 124.081686  66.066854  2.638 -100.00 -100.00 -100.00
 249    41.262 57121.29674072 10.60 124.088129  66.067073  2.889 -100.00 -100.00 -100.00
 250    37.888 57131.21238269 18.21 124.080872  66.065264 12.509 -100.00 -100.00 -100.00
 250    38.778 57131.21238328 15.11 124.087315  66.065483  7.792 -100.00 -100.00 -100.00
 250    38.731 57131.21238387 13.26 124.093759  66.065701  5.270 -100.00 -100.00 -100.00
 251    38.297 57141.12802008 24.31 124.079293  66.064861 15.770 -100.00 -100.00 -100.00
 251    38.339 57141.12802067 21.32 124.085736  66.065080  9.369 -100.00 -100.00 -100.00
 251    38.349 57141.12802126 20.17 124.092179  66.065298  8.118 -100.00 -100.00 -100.00
 252    34.623 57151.04365450 36.38 124.081258  66.065724   -100 -100.00 -100.00 -100.00
 252    34.409 57151.04365509 38.78 124.087701  66.065943   -100 -100.00 -100.00 -100.00
 252    34.404 57151.04365568 37.55 124.094144  66.066161   -100 -100.00 -100.00 -100.00
 253    39.668 57160.95928531 44.16 124.079215  66.066116  5.787 -100.00 -100.00 -100.00
 253    39.695 57160.95928590 39.79 124.085658  66.066334   -100 -100.00 -100.00 -100.00
 253    40.068 57160.95928649 39.06 124.092101  66.066553   -100 -100.00 -100.00 -100.00
 254    42.459 57170.87494052 42.09 124.082317  66.065543   -100 -100.00 -100.00 -100.00
 254    42.564 57170.87494111 43.65 124.088759  66.065761   -100 -100.00 -100.00 -100.00
 254    42.570 57170.87494170 44.31 124.095202  66.065980   -100 -100.00 -100.00 -100.00
 255    41.289 57180.79059563 56.57 124.083547  66.063837 15.806 -100.00 -100.00 -100.00
 255    41.206 57180.79059622 55.04 124.089989  66.064055   -100 -100.00 -100.00 -100.00
 255    41.233 57180.79059681 53.39 124.096432  66.064273 32.194 -100.00 -100.00 -100.00
 256    41.988 57190.70624679 27.01 124.084787  66.062481 11.936 -100.00 -100.00 -100.00
 256    42.323 57190.70624738 27.29 124.091229  66.062700 10.550 -100.00 -100.00 -100.00
 256    42.596 57190.70624798 34.41 124.097671  66.062918 22.721 -100.00 -100.00 -100.00
 257    40.317 57200.62189470 30.78 124.085782  66.062890 13.328 -100.00 -100.00 -100.00
 257    42.020 57200.62189529 35.46 124.092224  66.063108 23.032 -100.00 -100.00 -100.00
 258    39.114 57210.53752868 50.67 124.083758  66.064463   -100 -100.00 -100.00 -100.00
 258    38.991 57210.53752927 53.76 124.090200  66.064681   -100 -100.00 -100.00 -100.00
 259    38.618 57220.45317239 50.85 124.080971  66.065786   -100 -100.00 -100.00 -100.00
 259    38.510 57220.45317298 54.46 124.087414  66.066004  1.103 -100.00 -100.00 -100.00
 259    38.257 57220.45317357 55.84 124.093857  66.066222   -100 -100.00 -100.00 -100.00
 260    39.372 57230.36881511 27.80 124.080285  66.065702 13.819 -100.00 -100.00 -100.00
 260    42.159 57230.36881570 25.62 124.086728  66.065920  8.755 -100.00 -100.00 -100.00
 260    42.515 57230.36881629 26.30 124.093171  66.066138  8.299 -100.00 -100.00 -100.00
 261    39.449 57240.28445581 26.98 124.083171  66.064941 15.334 -100.00 -100.00 -100.00
 261    42.162 57240.28445640 28.81 124.089614  66.065159 17.487 -100.00 -100.00 -100.00
 262    36.603 57250.20009330 36.54 124.081505  66.064068   -100 -100.00 -100.00 -100.00
 262    36.812 57250.20009389 37.32 124.087947  66.064286 32.606 -100.00 -100.00 -100.00
 262    38.799 57250.20009448 38.15 124.094390  66.064505 16.234 -100.00 -100.00 -100.00
 263    39.277 57260.11572911 27.40 124.085105  66.064842 14.138 -100.00 -100.00 -100.00
 263    38.698 57260.11572970 36.19 124.091548  66.065060   -100 -100.00 -100.00 -100.00
 264    37.048 57270.03136273 44.46 124.078897  66.066336 23.055 -100.00 -100.00 -100.00
 264    36.300 57270.03136332 50.67 124.085341  66.066555  6.471 -100.00 -100.00 -100.00
 264    36.149 57270.03136391 53.39 124.091784  66.066774   -100 -100.00 -100.00 -100.00
 265    40.773 57279.94701616 27.67 124.083390  66.068262 12.671 -100.00 -100.00 -100.00
 265    40.523 57279.94701675 29.65 124.089834  66.068481 16.886 -100.00 -100.00 -100.00
 266    35.756 57289.86267178 45.27 124.084421  66.068380 30.482 -100.00 -100.00 -100.00
 266    35.783 57289.86267237 47.47 124.090865  66.068599 31.589 -100.00 -100.00 -100.00
 267    37.025 57299.77832397 42.32 124.080095  66.066754 19.649 -100.00 -100.00 -100.00
 267    36.773 57299.77832456 44.31 124.086538  66.066972 21.807 -100.00 -100.00 -100.00
 267    35.985 57299.77832515 53.92 124.092982  66.067190 31.924 -100.00 -100.00 -100.00
 268    35.124 57309.69397335 42.97 124.085141  66.064926   -100 -100.00 -100.00 -100.00
 268    35.528 57309.69397394 45.21 124.091584  66.065144 28.016 -100.00 -100.00 -100.00
 269    33.938 57319.60961855 31.18 124.082013  66.064217 15.638 -100.00 -100.00 -100.00
 269    34.126 57319.60961914 30.18 124.088455  66.064435 14.044 -100.00 -100.00 -100.00
 269    34.483 57319.60961974 30.34 124.094898  66.064653 13.869 -100.00 -100.00 -100.00
 270    34.617 57329.52526146 35.37 124.085191  66.065220   -100 -100.00 -100.00 -100.00
 270    34.827 57329.52526205 30.66 124.091634  66.065438 20.724 -100.00 -100.00 -100.00
 271    40.432 57339.44090188 20.57 124.084861  66.066537  6.338 -100.00 -100.00 -100.00
 271    40.872 57339.44090247 19.13 124.091304  66.066755  5.277 -100.00 -100.00 -100.00
 272    40.125 57349.35655108 18.59 124.082243  66.066181  5.187 -100.00 -100.00 -100.00
 272    41.170 57349.35655167 18.75 124.088686  66.066400  6.144 -100.00 -100.00 -100.00
 273    41.679 57359.27219679 16.99 124.082711  66.064206  4.784 -100.00 -100.00 -100.00
 273    42.186 57359.27219738 16.44 124.089155  66.064425  4.257 -100.00 -100.00 -100.00
 273    42.404 57359.27219797 16.66 124.095598  66.064643  5.139 -100.00 -100.00 -100.00
 274    41.979 57369.18783904 15.42 124.080390  66.062001  2.950 -100.00 -100.00 -100.00
 274    42.030 57369.18783963 15.61 124.086833  66.062219  3.656 -100.00 -100.00 -100.00
 274    42.357 57369.18784022 15.96 124.093276  66.062437  3.637 -100.00 -100.00 -100.00
 275    41.968 57379.10347932 14.91 124.084605  66.062080  4.209 -100.00 -100.00 -100.00
 275    42.241 57379.10347991 14.88 124.091048  66.062298  4.250 -100.00 -100.00 -100.00
 275    42.513 57379.10348050 14.80 124.097491  66.062516  3.734 -100.00 -100.00 -100.00
 276    41.544 57389.01911738 13.89 124.079662  66.063908  3.134 -100.00 -100.00 -100.00
 276    41.961 57389.01911797 13.93 124.086105  66.064127  3.293 -100.00 -100.00 -100.00
 276    42.342 57389.01911856 14.23 124.092549  66.064345  3.711 -100.00 -100.00 -100.00
 277    41.765 57398.93475498 13.33 124.079579  66.065857  3.122 -100.00 -100.00 -100.00
 277    41.990 57398.93475557 13.74 124.086022  66.066075  4.122 -100.00 -100.00 -100.00
 277    42.175 57398.93475616 14.50 124.092466  66.066294  5.396 -100.00 -100.00 -100.00
 278    42.063 57408.85039255 13.22 124.084567  66.066277  4.003 -100.00 -100.00 -100.00
 278    42.139 57408.85039314 13.37 124.091010  66.066496  3.636 -100.00 -100.00 -100.00
 279    41.305 57418.76604518 12.07 124.081563  66.064969  2.830 -100.00 -100.00 -100.00
 279    42.046 57418.76604577 12.80 124.088006  66.065188  3.515 -100.00 -100.00 -100.00
 279    42.140 57418.76604636 12.56 124.094449  66.065406  3.465 -100.00 -100.00 -100.00
 280    41.827 57428.68169566 12.06 124.083420  66.064169  3.030 -100.00 -100.00 -100.00
 280    42.355 57428.68169625 12.50 124.089862  66.064388  3.219 -100.00 -100.00 -100.00
 280    42.514 57428.68169684 12.26 124.096305  66.064606  3.332 -100.00 -100.00 -100.00
 281    42.069 57438.59734375 11.75 124.085323  66.065089  3.730 -100.00 -100.00 -100.00
 281    42.221 57438.59734434 11.33 124.091766  66.065307  2.817 -100.00 -100.00 -100.00
 282    41.938 57448.51299031 11.47 124.083981  66.067170  2.820 -100.00 -100.00 -100.00
 282    41.423 57448.51299090 11.33 124.090424  66.067388  3.272 -100.00 -100.00 -100.00
 283    41.013 57458.42863563 11.87 124.082602  66.068676  2.728 -100.00 -100.00 -100.00
 283    41.842 57458.42863623 12.61 124.089046  66.068894  3.465 -100.00 -100.00 -100.00
 284    40.924 57468.34427797 11.43 124.080296  66.068260  3.065 -100.00 -100.00 -100.00
 284    41.914 57468.34427856 11.63 124.086740  66.068478  2.910 -100.00 -100.00 -100.00
 285    41.897 57478.25991663 11.02 124.082096  66.066227  3.261 -100.00 -100.00 -100.00
 285    42.209 57478.25991722 11.20 124.088540  66.066446  3.326 -100.00 -100.00 -100.00
 286    41.839 57488.17555195 10.37 124.081696  66.064160  2.608 -100.00 -100.00 -100.00
 286    41.846 57488.17555254 10.68 124.088139  66.064378  2.853 -100.00 -100.00 -100.00
 286    42.160 57488.17555313 10.84 124.094582  66.064597  3.004 -100.00 -100.00 -100.00
 287    41.172 57498.09118541  8.82 124.083128  66.063575  2.295 -100.00 -100.00 -100.00
 287    41.782 57498.09118600  8.94 124.089571  66.063793  2.595 -100.00 -100.00 -100.00
 287    42.159 57498.09118659  8.90 124.096014  66.064012  2.527 -100.00 -100.00 -100.00
 288    40.571 57508.00682580 17.44 124.084238  66.064750  8.524 -100.00 -100.00 -100.00
 288    40.645 57508.00682639 19.71 124.090681  66.064968 11.467 -100.00 -100.00 -100.00
 289    39.995 57517.92248184 28.95 124.083151  66.065816 15.002 -100.00 -100.00 -100.00
 289    42.389 57517.92248243 28.14 124.089594  66.066035 11.291 -100.00 -100.00 -100.00
 290    37.854 57527.83813480 47.99 124.080239  66.065660 31.375 -100.00 -100.00 -100.00
 290    37.844 57527.83813539 41.37 124.086682  66.065879   -100 -100.00 -100.00 -100.00
 290    42.410 57527.83813598 33.53 124.093125  66.066097 20.757 -100.00 -100.00 -100.00
 291    40.219 57537.75378544 53.65 124.082894  66.064043  0.471 -100.00 -100.00 -100.00
 291    39.995 57537.75378603 55.90 124.089337  66.064262 22.473 -100.00 -100.00 -100.00
 291    39.998 57537.75378662 54.21 124.095779  66.064480 28.780 -100.00 -100.00 -100.00
 292    41.060 57547.66943319 52.80 124.082817  66.062471 15.279 -100.00 -100.00 -100.00
 292    41.182 57547.66943378 56.67 124.089258  66.062690 13.594 -100.00 -100.00 -100.00
 292    41.290 57547.66943437 55.61 124.095700  66.062908  7.960 -100.00 -100.00 -100.00
 293    41.088 57557.58507951 28.05 124.082645  66.062344 11.728 -100.00 -100.00 -100.00
 293    41.223 57557.58508010 29.46 124.089086  66.062562 15.313 -100.00 -100.00 -100.00
 293    42.344 57557.58508069 31.54 124.095528  66.062780 20.636 -100.00 -100.00 -100.00
 294    40.084 57567.50072472 25.45 124.081487  66.064036 13.069 -100.00 -100.00 -100.00
 294    42.041 57567.50072531 23.93 124.087929  66.064254  9.886 -100.00 -100.00 -100.00
 294    42.610 57567.50072590 28.16 124.094372  66.064472 16.251 -100.00 -100.00 -100.00
 295    39.599 57577.41636925 54.55 124.080479  66.065808   -100 -100.00 -100.00 -100.00
 295    39.320 57577.41636984 58.01 124.086922  66.066026   -100 -100.00 -100.00 -100.00
 295    39.340 57577.41637043 56.72 124.093365  66.066244   -100 -100.00 -100.00 -100.00
 296    40.615 57587.33201283 24.41 124.083028  66.066559 13.455 -100.00 -100.00 -100.00
 296    42.100 57587.33201342 23.27 124.089471  66.066778 10.647 -100.00 -100.00 -100.00
 297    39.035 57597.24765356 32.32 124.081061  66.065815   -100 -100.00 -100.00 -100.00
 297    39.456 57597.24765415 29.98 124.087504  66.066034 25.347 -100.00 -100.00 -100.00
 297    42.220 57597.24765474 29.61 124.093948  66.066252 22.970 -100.00 -100.00 -100.00
