-170393.619   113.596     0.00    5.94
-170105.684   112.974    -2.16    5.74
-169817.764   111.724    -4.34    4.63
-169529.861   111.092    -2.20    3.72
-169241.974   111.190     0.34    3.77
-168954.102   112.129     3.26    4.69
-168666.247   114.252     7.37    6.52
-168378.409   116.804     8.87    7.70
-168090.586   120.502    12.85    9.31
-167802.779   123.608    10.79   10.18
-167514.989   127.693    14.19   10.70
-167227.214   130.469     9.65   10.35
-166939.456   133.007     8.82    8.74
-166651.714   134.201     4.15    7.52
-166363.988   134.553     1.22    6.23
-166076.278   133.955    -2.08    5.74
-165788.584   131.826    -7.40    6.15
-165500.906   129.902    -6.69    5.62
-165213.244   128.459    -5.02    5.46
-164925.599   126.661    -6.25    5.16
-164637.969   126.015    -2.25    5.30
-164350.356   126.810     2.76    6.26
-164062.758   128.407     5.55    7.30
-163775.177   131.147     9.53    8.84
-163487.612   133.732     8.99    9.35
-163200.062   137.140    11.85    8.86
-162912.529   139.887     9.55    8.58
-162625.012   142.850    10.31    8.44
-162337.511   145.182     8.11    8.64
-162050.026   146.415     4.29    8.05
-161762.557   147.351     3.26    6.87
-161475.104   147.213    -0.48    6.09
-161187.668   147.415     0.70    5.28
-160900.247   147.243    -0.60    6.17
-160612.842   147.097    -0.51    6.91
-160325.453   148.339     4.32    9.32
-160038.081   149.495     4.03   10.72
-159750.724   151.328     6.38   11.16
-159463.383   153.190     6.48   11.26
-159176.059   155.280     7.27   10.04
-158888.750   157.851     8.95    8.73
-158601.457   158.906     3.67    8.29
-158314.181   160.402     5.21    6.49
-158026.920   161.383     3.42    6.09
-157739.676   162.692     4.55    5.82
-157452.447   161.480    -4.22    8.15
-157165.234   159.724    -6.11   10.48
-156878.038   157.628    -7.30   12.23
-156590.857   153.912   -12.94   14.54
-156303.693   150.915   -10.44   14.99
-156016.544   145.992   -17.14   15.41
-155729.411   140.803   -18.08   15.67
-155442.295   134.571   -21.70   15.76
-155155.194   127.050   -26.20   17.76
-154868.109   118.851   -28.56   17.72
-154581.040   110.445   -29.28   17.69
-154293.988   103.518   -24.13   16.46
-154006.951    96.460   -24.59   13.64
-153719.930    92.174   -14.94   10.89
-153432.925    88.396   -13.16    8.62
-153145.936    85.763    -9.18    7.93
-152858.963    83.165    -9.05    6.98
-152572.006    80.591    -8.97    5.34
-152285.065    79.396    -4.16    5.20
-151998.140    77.380    -7.03    3.66
-151711.230    76.340    -3.63    3.55
-151424.337    75.631    -2.47    3.30
-151137.460    75.273    -1.25    3.73
-150850.598    76.129     2.98    5.46
-150563.752    77.031     3.15    6.78
-150276.923    79.678     9.23    8.85
-149990.109    83.440    13.12   10.28
-149703.311    87.780    15.13   10.87
-149416.529    91.166    11.81   11.29
-149129.763    95.216    14.12    9.85
-148843.013    98.779    12.43    8.46
-148556.279   101.496     9.48    6.93
-148269.561   103.709     7.72    6.75
-147982.858   104.912     4.20    8.19
-147696.172   106.079     4.07   10.35
-147409.501   107.562     5.17   13.20
-147122.847   108.399     2.92   14.84
-146836.208   108.812     1.44   16.31
-146549.585   106.492    -8.10   18.05
-146262.978   101.955   -15.83   19.99
-145976.386    97.032   -17.18   20.19
-145689.811    91.136   -20.58   17.87
-145403.251    85.935   -18.15   13.71
-145116.708    81.601   -15.13    8.68
-144830.180    79.224    -8.30    4.25
-144543.668    79.068    -0.55    3.42
-144257.172    80.391     4.62    4.21
-143970.692    82.496     7.35    5.42
-143684.227    85.025     8.83    6.12
-143397.779    87.066     7.12    6.28
-143111.346    88.971     6.65    5.43
-142824.929    90.700     6.04    4.08
-142538.528    92.058     4.74    2.25
-142252.143    92.391     1.16    2.89
-141965.774    92.364    -0.09    3.48
-141679.420    92.107    -0.90    4.10
-141393.082    91.716    -1.36    3.51
-141106.760    91.940     0.78    3.89
-140820.454    92.701     2.66    3.91
-140534.164    93.546     2.95    3.75
-140247.889    95.021     5.16    3.73
-139961.631    95.732     2.48    3.58
-139675.388    96.236     1.76    3.21
-139389.161    96.748     1.79    3.19
-139102.949    97.320     2.00    3.47
-138816.754    97.755     1.52    4.15
-138530.574    98.020     0.93    4.53
-138244.410    98.209     0.66    4.46
-137958.262    99.177     3.38    4.13
-137672.130    99.894     2.51    4.16
-137386.013   101.317     4.97    4.47
-137099.912   102.947     5.70    4.91
-136813.827   105.079     7.45    4.86
-136527.758   106.982     6.66    4.94
-136241.704   109.050     7.23    4.94
-135955.667   111.138     7.30    4.49
-135669.645   113.289     7.52    3.64
-135383.638   115.094     6.31    3.21
-135097.648   116.566     5.15    3.14
-134811.673   117.841     4.46    2.80
-134525.714   118.916     3.76    2.94
-134239.771   120.548     5.71    3.76
-133953.843   122.251     5.96    4.69
-133667.931   124.396     7.50    5.70
-133382.035   126.671     7.95    6.51
-133096.155   129.608    10.28    7.76
-132810.290   132.652    10.65    7.58
-132524.441   134.709     7.20    6.79
-132238.608   135.899     4.16    6.47
-131952.791   136.535     2.23    6.03
-131666.989   136.771     0.82    5.34
-131381.203   136.468    -1.06    3.92
-131095.433   136.058    -1.44    3.20
-130809.678   136.103     0.16    3.15
-130523.939   135.352    -2.63    3.81
-130238.216   134.716    -2.23    3.86
-129952.508   133.804    -3.19    4.12
-129666.816   133.662    -0.50    4.12
-129381.140   134.629     3.39    4.94
-129095.480   136.159     5.35    6.57
-128809.835   138.757     9.10    7.98
-128524.206   142.232    12.17    9.04
-128238.592   146.109    13.57    8.89
-127952.994   149.447    11.69    8.13
-127667.412   152.847    11.91    6.70
-127381.846   155.074     7.80    5.17
-127096.295   156.796     6.03    3.43
-126810.760   157.063     0.93    3.10
-126525.240   156.812    -0.88    3.34
-126239.737   156.504    -1.08    3.39
-125954.248   155.563    -3.30    3.40
-125668.776   153.959    -5.62    4.10
-125383.319   152.502    -5.10    4.42
-125097.878   152.528     0.09    4.71
-124812.452   153.980     5.09    5.92
-124527.042   155.724     6.11    7.26
-124241.648   158.030     8.08    8.17
-123956.269   161.196    11.10    8.24
-123670.906   164.328    10.97    6.86
-123385.559   166.732     8.43    4.74
-123100.227   168.012     4.49    4.01
-122814.910   168.694     2.39    3.28
-122529.610   168.788     0.33    2.77
-122244.325   168.787    -0.01    2.53
-121959.055   168.494    -1.03    2.45
-121673.802   168.492    -0.00    2.17
-121388.563   168.615     0.43    2.17
-121103.341   168.797     0.64    1.78
-120818.134   169.190     1.38    1.88
-120532.942   169.502     1.10    1.85
-120247.766   169.708     0.72    1.80
-119962.606   169.740     0.11    1.87
-119677.462   169.812     0.25    1.84
-119392.332   169.877     0.23    2.22
-119107.219   169.452    -1.49    2.66
-118822.121   168.910    -1.90    2.88
-118537.039   168.089    -2.88    3.17
-118251.972   167.105    -3.45    3.12
-117966.920   166.096    -3.54    3.12
-117681.885   164.733    -4.79    3.05
-117396.865   163.004    -6.06    3.61
-117111.860   161.693    -4.60    3.98
-116826.871   159.797    -6.65    4.22
-116541.897   158.490    -4.59    4.20
-116256.939   157.364    -3.95    4.02
-115971.997   156.824    -1.90    3.82
-115685.845   156.900     0.27    4.10
-115397.448   158.391     5.17    5.23
-115109.067   159.602     4.20    5.56
-114820.704   161.966     8.20    4.77
-114532.357   163.185     4.23    4.01
-114244.026   163.748     1.95    3.90
-113955.713   163.918     0.59    4.17
-113667.416   163.193    -2.51    4.59
-113379.136   162.314    -3.05    4.88
-113090.873   160.732    -5.49    5.42
-112802.626   158.166    -8.90    6.32
-112514.396   155.895    -7.88    7.08
-112226.183   152.567   -11.55    7.20
-111937.987   150.412    -7.48    6.50
-111649.807   148.741    -5.80    5.54
-111361.645   147.795    -3.28    4.85
-111073.498   147.677    -0.41    5.17
-110785.369   148.076     1.39    5.53
-110497.256   148.717     2.22    5.51
-110209.160   148.964     0.86    5.64
-109921.081   149.368     1.40    5.64
-109633.018   150.168     2.78    5.63
-109344.972   151.224     3.67    5.50
-109056.943   152.318     3.80    5.31
-108768.931   153.781     5.08    5.31
-108480.935   155.589     6.28    5.15
-108192.956   158.286     9.36    5.22
-107904.993   160.272     6.90    5.56
-107617.047   162.294     7.02    5.58
-107329.118   163.992     5.90    4.94
-107041.206   165.716     5.99    4.27
-106753.310   166.562     2.94    3.86
-106465.431   166.434    -0.44    3.75
-106177.569   165.490    -3.28    3.81
-105889.723   164.455    -3.60    3.73
-105601.894   163.232    -4.25    3.75
-105314.081   161.662    -5.46    3.83
-105026.286   159.851    -6.29    3.98
-104738.506   158.367    -5.16    3.83
-104450.744   157.701    -2.32    3.53
-104162.998   157.337    -1.26    3.44
-103875.269   158.132     2.76    4.19
-103587.556   159.380     4.34    5.13
-103299.860   161.466     7.25    5.12
-103012.181   163.298     6.37    4.40
-102724.518   165.208     6.64    3.59
-102436.872   166.349     3.97    3.12
-102149.242   166.810     1.60    3.03
-101861.629   166.878     0.23    3.04
-101574.033   166.693    -0.64    2.96
-101286.453   166.857     0.57    2.75
-100998.890   167.031     0.60    2.33
-100711.344   167.151     0.42    2.15
-100423.814   167.281     0.45    2.02
-100136.300   167.420     0.49    2.14
 -99848.804   167.381    -0.14    2.37
 -99561.323   166.934    -1.55    3.14
 -99273.860   165.873    -3.69    3.93
 -98986.413   164.621    -4.35    4.66
 -98698.982   162.827    -6.24    5.68
 -98411.568   160.661    -7.53    6.64
 -98124.171   157.128   -12.30    8.35
 -97836.790   154.078   -10.61    9.78
 -97549.426   150.468   -12.56   10.87
 -97262.079   146.209   -14.83   11.67
 -96974.748   141.986   -14.70   11.16
 -96687.433   137.540   -15.47    9.77
 -96400.135   134.039   -12.19    8.01
 -96112.854   130.647   -11.81    6.56
 -95825.589   127.876    -9.65    5.61
 -95538.340   124.895   -10.38    5.76
 -95251.108   122.413    -8.64    6.24
 -94963.893   120.596    -6.32    5.88
 -94676.694   120.345    -0.88    5.82
 -94389.512   121.273     3.23    6.64
 -94102.346   123.638     8.24    8.02
 -93815.197   127.066    11.94    9.29
 -93528.064   131.684    16.08    8.94
 -93240.948   135.498    13.28    7.95
 -92953.848   139.068    12.44    7.43
 -92666.765   141.748     9.33    7.21
 -92379.698   143.874     7.41    6.92
 -92092.648   145.450     5.49    6.50
 -91805.614   146.740     4.49    6.15
 -91518.597   147.852     3.88    5.52
 -91231.596   148.516     2.31    4.58
 -90944.612   148.546     0.10    4.31
 -90657.644   148.740     0.68    3.94
 -90370.693   149.351     2.13    3.59
 -90083.758   149.887     1.87    3.45
 -89796.839   150.462     2.01    3.27
 -89509.937   151.045     2.03    2.70
 -89223.052   152.007     3.35    2.48
 -88936.183   152.998     3.46    2.37
 -88649.330   153.716     2.50    2.50
 -88362.494   154.168     1.57    2.53
 -88075.674   154.655     1.70    2.60
 -87788.871   155.482     2.89    2.90
 -87502.084   156.558     3.75    3.02
 -87215.314   157.824     4.42    3.34
 -86928.560   158.844     3.56    3.29
 -86641.822   159.584     2.58    2.81
 -86355.101   159.921     1.18    2.60
 -86068.396   159.651    -0.94    2.81
 -85781.708   159.217    -1.52    2.89
 -85495.036   158.942    -0.96    2.86
 -85208.381   158.324    -2.16    2.26
 -84921.742   157.891    -1.51    2.18
 -84635.119   157.426    -1.62    2.18
 -84348.513   157.110    -1.10    2.25
 -84061.923   157.555     1.55    2.15
 -83775.349   157.865     1.08    2.21
 -83488.792   158.224     1.25    2.30
 -83202.252   158.636     1.44    2.33
 -82915.727   159.128     1.72    2.30
 -82629.219   159.668     1.89    2.39
 -82342.728   160.111     1.55    2.36
 -82056.253   160.592     1.68    2.27
 -81769.794   161.337     2.60    2.35
 -81483.351   162.289     3.32    2.53
 -81196.925   163.079     2.76    2.54
 -80910.516   163.554     1.66    2.34
 -80624.122   164.013     1.61    2.19
 -80337.745   164.276     0.92    2.09
 -80051.385   164.420     0.50    2.14
 -79765.040   164.177    -0.85    2.05
 -79478.712   164.107    -0.25    1.93
 -79192.401   164.030    -0.27    2.01
 -78906.105   163.749    -0.98    2.18
 -78619.826   163.028    -2.52    2.27
 -78333.564   162.123    -3.16    2.46
 -78047.317   161.294    -2.90    2.76
 -77761.087   160.550    -2.60    3.10
 -77474.874   160.513    -0.13    2.98
 -77188.676   160.644     0.46    3.11
 -76902.495   160.717     0.25    3.22
 -76616.331   161.123     1.42    3.56
 -76330.182   160.872    -0.88    3.80
 -76044.050   160.596    -0.96    3.96
 -75757.934   160.001    -2.08    4.23
 -75471.835   159.517    -1.69    4.65
 -75185.751   159.334    -0.64    4.61
 -74899.685   158.468    -3.03    5.54
 -74613.634   157.825    -2.25    5.98
 -74327.599   157.176    -2.27    6.12
 -74041.581   156.276    -3.15    6.84
 -73755.580   154.894    -4.83    7.24
 -73469.594   150.588   -15.05    9.68
 -73183.625   145.591   -17.48   13.51
 -72897.672   139.087   -22.74   15.94
 -72611.735   131.646   -26.02   17.70
 -72325.814   124.685   -24.35   16.94
 -72039.910   117.039   -26.74   13.44
 -71754.022   112.879   -14.55    9.60
 -71468.150   110.660    -7.76    6.77
 -71182.295   111.236     2.01    6.94
 -70896.456   113.571     8.17    8.24
 -70610.633   116.700    10.95    8.61
 -70324.826   120.240    12.39    8.88
 -70039.035   124.415    14.61    8.88
 -69753.261   128.248    13.41    8.86
 -69467.503   131.216    10.39    8.34
 -69181.761   134.257    10.64    7.20
 -68896.035   136.283     7.09    6.36
 -68610.326   138.128     6.46    5.50
 -68324.633   139.797     5.84    4.82
 -68038.956   140.631     2.92    4.20
 -67753.295   141.410     2.73    3.27
 -67467.650   141.584     0.61    3.06
 -67182.022   141.874     1.02    3.02
 -66896.409   141.870    -0.02    3.08
 -66610.813   141.820    -0.17    3.03
 -66325.234   141.611    -0.73    2.53
 -66039.670   141.764     0.53    2.23
 -65754.122   142.208     1.56    2.51
 -65468.591   142.554     1.21    2.49
 -65183.076   143.034     1.68    2.65
 -64897.577   143.700     2.33    2.75
 -64612.094   144.534     2.92    2.58
 -64326.628   145.332     2.80    2.47
 -64041.177   146.353     3.58    2.96
 -63755.743   147.252     3.15    3.57
 -63470.325   148.323     3.75    3.17
 -63184.923   148.894     2.00    3.13
 -62899.537   149.063     0.59    3.05
 -62614.167   149.176     0.40    3.12
 -62328.813   149.506     1.16    3.32
 -62043.476   150.439     3.27    4.62
 -61758.155   152.220     6.24    5.88
 -61472.850   154.345     7.45    6.70
 -61187.561   156.071     6.05    6.24
 -60902.288   156.756     2.40    5.70
 -60617.031   157.512     2.65    4.95
 -60331.790   157.224    -1.01    5.26
 -60046.566   156.024    -4.21    5.35
 -59761.357   154.692    -4.67    4.92
 -59476.165   152.858    -6.43    4.47
 -59190.989   151.426    -5.02    4.97
 -58905.829   150.375    -3.69    4.75
 -58620.685   150.027    -1.22    4.50
 -58335.557   149.627    -1.40    4.04
 -58050.445   149.396    -0.81    3.81
 -57765.349   149.484     0.31    3.96
 -57480.269   150.310     2.90    4.33
 -57195.206   151.858     5.43    4.45
 -56910.158   153.245     4.86    4.29
 -56625.127   154.492     4.38    3.64
 -56340.112   155.375     3.10    3.10
 -56055.112   156.249     3.06    2.30
 -55770.129   156.543     1.03    1.84
 -55485.162   156.652     0.38    1.62
 -55200.211   156.123    -1.86    1.87
 -54915.276   155.709    -1.45    2.07
 -54630.357   155.347    -1.27    2.18
 -54345.454   154.507    -2.95    2.85
 -54060.567   152.928    -5.54    4.58
 -53773.986   151.448    -5.16    5.13
 -53485.529   150.607    -2.91    6.37
 -53197.090   150.700     0.32    7.48
 -52908.668   151.359     2.28    8.54
 -52620.263   152.528     4.05    9.39
 -52331.875   154.911     8.27    9.07
 -52043.505   158.252    11.58    7.48
 -51755.152   159.521     4.40    6.78
 -51466.816   160.741     4.23    4.64
 -51178.498   160.724    -0.06    4.33
 -50890.197   161.197     1.64    2.89
 -50601.913   161.757     1.94    1.84
 -50313.646   161.669    -0.30    1.85
 -50025.397   161.692     0.08    1.79
 -49737.165   161.489    -0.70    1.88
 -49448.950   161.118    -1.29    2.13
 -49160.752   161.041    -0.27    2.17
 -48872.572   160.629    -1.43    2.44
 -48584.408   160.248    -1.32    2.31
 -48296.263   159.913    -1.16    2.38
 -48008.134   159.290    -2.16    2.43
 -47720.022   158.129    -4.03    3.31
 -47431.928   156.147    -6.88    4.75
 -47143.851   154.185    -6.81    5.55
 -46855.791   152.160    -7.03    5.50
 -46567.749   150.724    -4.98    5.03
 -46279.723   149.818    -3.15    4.19
 -45991.715   149.334    -1.68    3.42
 -45703.724   149.436     0.36    3.13
 -45415.750   149.412    -0.09    2.92
 -45127.794   148.797    -2.14    3.45
 -44839.854   147.545    -4.35    4.03
 -44551.932   145.620    -6.69    4.50
 -44264.027   143.232    -8.29    5.18
 -43976.139   141.472    -6.11    5.54
 -43688.269   139.402    -7.19    6.12
 -43400.415   137.480    -6.67    6.17
 -43112.579   134.578   -10.08    7.73
 -42824.760   129.863   -16.38   10.94
 -42536.958   124.044   -20.22   13.40
 -42249.173   118.217   -20.25   15.05
 -41961.405   111.136   -24.61   15.06
 -41673.655   103.870   -25.25   12.35
 -41385.921    98.732   -17.85    7.79
 -41098.205    95.563   -11.02    4.48
 -40810.506    94.898    -2.31    4.18
 -40522.824    95.837     3.27    5.15
 -40235.159    99.208    11.72    6.76
 -39947.512   102.779    12.41    8.08
 -39659.881   106.692    13.61    8.57
 -39372.268   110.932    14.74    8.61
 -39084.671   115.029    14.24    7.86
 -38797.092   118.569    12.31    7.54
 -38509.530   122.564    13.90    7.38
 -38221.985   126.053    12.13    7.70
 -37934.457   129.700    12.69    7.13
 -37646.946   132.677    10.36    5.80
 -37359.452   135.342     9.27    4.47
 -37071.976   137.569     7.74    3.30
 -36784.516   138.542     3.39    3.10
 -36497.074   139.394     2.96    3.41
 -36209.649   140.566     4.08    3.71
 -35922.240   142.287     5.99    4.10
 -35634.849   143.929     5.72    4.07
 -35347.475   145.024     3.81    3.94
 -35060.118   146.087     3.70    3.52
 -34772.778   147.118     3.59    2.78
 -34485.455   147.874     2.63    2.30
 -34198.149   147.872    -0.01    2.18
 -33910.860   147.765    -0.37    2.69
 -33623.588   147.882     0.41    3.55
 -33336.334   147.938     0.19    3.70
 -33049.096   148.480     1.89    4.93
 -32761.875   148.764     0.99    6.10
 -32474.671   149.261     1.73    6.26
 -32187.485   150.810     5.40    7.36
 -31900.315   151.740     3.24    7.34
 -31613.163   153.017     4.45    7.99
 -31326.027   154.621     5.59    9.03
 -31038.909   155.372     2.61    9.19
 -30751.807   157.188     6.33   10.01
 -30464.723   158.486     4.52   10.16
 -30177.655   160.311     6.36   10.03
 -29890.605   162.228     6.68   10.05
 -29603.571   164.428     7.67    9.78
 -29316.555   166.611     7.60    9.36
 -29029.555   168.457     6.43    9.04
 -28742.572   169.988     5.34    8.56
 -28455.607   171.781     6.25    8.26
 -28168.658   172.351     1.99    7.64
 -27881.727   172.724     1.30    7.17
 -27594.812   172.844     0.42    7.20
 -27307.914   173.383     1.88    7.02
 -27021.034   174.426     3.64    6.89
 -26734.170   174.290    -0.47    6.53
 -26447.323   174.137    -0.53    5.39
 -26160.493   174.987     2.96    4.87
 -25873.681   175.267     0.98    5.42
 -25586.885   175.273     0.02    5.41
 -25300.106   175.025    -0.86    6.06
 -25013.344   174.462    -1.96    5.94
 -24726.598   173.821    -2.24    5.98
 -24439.870   171.669    -7.51    6.04
 -24153.159   169.372    -8.01    6.52
 -23866.465   166.966    -8.39    7.21
 -23579.787   164.913    -7.16    6.75
 -23293.127   163.084    -6.38    5.20
 -23006.483   161.902    -4.13    3.97
 -22719.857   161.794    -0.38    4.01
 -22433.247   161.831     0.13    4.40
 -22146.654   162.152     1.12    4.80
 -21860.078   162.360     0.73    4.80
 -21573.519   161.966    -1.37    5.29
 -21286.977   160.524    -5.03    5.93
 -21000.452   158.942    -5.52    5.98
 -20713.943   157.095    -6.45    5.71
 -20427.452   155.669    -4.98    6.19
 -20140.977   154.806    -3.01    6.68
 -19854.519   152.115    -9.39    8.70
 -19568.078   149.321    -9.75   11.11
 -19281.654   146.559    -9.64   12.38
 -18995.247   142.845   -12.97   13.16
 -18708.857   139.173   -12.82   13.53
 -18422.484   135.168   -13.99   13.38
 -18136.127   131.296   -13.52   13.15
 -17849.787   127.092   -14.68   12.41
 -17563.464   122.856   -14.80   11.61
 -17277.158   121.786    -3.73   12.27
 -16990.869   121.968     0.64   12.92
 -16704.597   123.434     5.12   14.63
 -16418.341   126.484    10.66   16.77
 -16132.103   130.954    15.61   18.08
 -15845.881   136.321    18.75   17.71
 -15559.676   140.772    15.55   15.78
 -15273.487   143.595     9.87   12.42
 -14987.316   145.605     7.02    9.84
 -14701.161   142.846    -9.64   15.61
 -14415.024   136.028   -23.83   25.17
 -14128.903   126.786   -32.30   32.79
 -13842.798   117.470   -32.56   37.18
 -13556.711   109.332   -28.45   39.91
 -13270.640   102.019   -25.57   41.61
 -12984.586    94.579   -26.01   41.91
 -12698.549    85.351   -32.26   40.57
 -12412.529    79.208   -21.48   39.18
 -12126.526    73.839   -18.77   36.76
 -11840.539    67.976   -20.50   34.18
 -11554.569    60.345   -26.68   28.99
 -11268.616    54.660   -19.88   24.40
 -10982.679    49.764   -17.12   20.90
 -10696.760    45.782   -13.93   17.37
 -10410.857    41.844   -13.77   11.10
 -10124.971    39.970    -6.55    8.81
  -9839.101    38.432    -5.38    8.01
  -9553.249    38.574     0.50    8.29
  -9267.413    37.692    -3.08    8.28
  -8981.594    35.846    -6.46    8.09
  -8695.791    34.063    -6.24    8.53
  -8410.006    31.610    -8.58    7.45
  -8124.237    29.468    -7.49    6.59
  -7838.485    28.256    -4.24    6.51
  -7552.749    27.336    -3.22    6.75
  -7267.030    27.803     1.64    7.13
  -6981.328    28.424     2.17    7.34
  -6695.643    28.700     0.97    5.58
  -6409.974    29.044     1.21    5.64
  -6124.322    28.781    -0.92    5.11
  -5838.687    29.748     3.39    5.05
  -5553.068    30.315     1.98    4.91
  -5267.467    29.962    -1.24    5.07
  -4981.881    28.002    -6.86    4.57
  -4696.313    26.845    -4.05    4.73
  -4410.761    26.036    -2.83    4.72
  -4125.226    25.923    -0.40    4.80
  -3839.708    25.359    -1.98    4.69
  -3554.206    25.324    -0.12    4.84
  -3268.721    26.121     2.79    4.96
  -2983.252    25.183    -3.29    6.92
  -2697.801    22.420    -9.68   11.54
  -2412.365    19.531   -10.12   14.36
  -2126.947    14.142   -18.88   16.21
  -1841.545     9.470   -16.37   16.05
  -1556.160     8.359    -3.90   16.05
  -1270.792     5.956    -8.42   14.98
   -985.440     5.244    -2.50   15.15
   -700.104     5.196    -0.17   15.25
   -414.786     5.709     1.80   15.60
   -129.484     4.564    -4.01   14.97
    155.801     0.650   -13.72   11.09
    441.070    -2.457   -10.89    6.27
    726.322    -1.308     4.03    8.25
   1011.558     1.838    11.03   11.16
   1296.777     5.079    11.36   12.63
   1581.979     7.798     9.53   12.39
   1867.164    10.772    10.43   12.12
   2152.333    14.228    12.12   10.97
   2437.486    17.427    11.22    8.98
   2722.622    19.653     7.81    6.45
   3007.741    20.931     4.48    4.83
   3292.844    22.397     5.14    4.60
   3577.930    23.050     2.29    4.66
   3862.999    23.523     1.66    4.62
   4148.052    24.637     3.91    5.20
   4433.088    26.224     5.57    5.46
   4718.108    26.237     0.04    5.67
   5003.111    25.304    -3.27    7.13
   5288.098    22.958    -8.23    9.94
   5573.068    19.667   -11.55   11.72
   5858.022    16.701   -10.41   11.63
   6142.959    15.781    -3.23   10.15
   6427.879    16.394     2.15    9.83
   6712.783    18.409     7.08   10.98
   6997.670    22.890    15.73   14.92
   7282.541    30.518    26.78   17.67
   7567.395    40.229    34.09   22.00
   7852.233    50.929    37.57   24.25
   8139.285    60.196    32.28   21.57
   8427.795    68.050    27.22   17.51
   8716.287    73.716    19.64   10.85
   9004.761    77.021    11.46    7.31
   9293.217    78.493     5.10    5.31
   9581.656    78.513     0.07    5.06
   9870.077    78.764     0.87    4.62
  10158.480    78.942     0.62    3.83
  10446.865    78.288    -2.27    3.61
  10735.232    77.693    -2.06    3.47
  11023.582    77.052    -2.22    3.02
  11311.914    77.082     0.10    3.51
  11600.228    77.516     1.51    4.02
  11888.524    77.806     1.01    4.79
  12176.803    79.050     4.31    5.47
  12465.064    81.412     8.19    6.02
  12753.307    83.328     6.65    6.14
  13041.532    83.996     2.32    5.61
  13329.740    83.883    -0.39    5.23
  13617.930    84.136     0.88    5.13
  13906.102    84.441     1.06    5.65
  14194.256    83.991    -1.56    5.98
  14482.393    83.716    -0.95    6.55
  14770.512    83.732     0.06    6.47
  15058.613    83.991     0.90    6.28
  15346.697    83.302    -2.39    6.32
  15634.763    83.396     0.33    6.19
  15922.811    83.978     2.02    5.07
  16210.841    85.126     3.98    4.89
  16498.854    85.002    -0.43    4.92
  16786.849    84.617    -1.34    4.69
  17074.826    85.290     2.34    4.18
  17362.786    85.452     0.56    4.17
  17650.728    86.188     2.55    3.71
  17938.652    86.620     1.50    3.55
  18226.559    86.980     1.25    3.58
  18514.448    86.997     0.06    3.66
  18802.319    87.232     0.82    4.82
  19090.173    87.685     1.57    6.25
  19378.009    87.611    -0.25    6.39
  19665.827    87.462    -0.52    6.88
  19953.628    87.028    -1.51    6.76
  20241.411    86.790    -0.83    6.42
  20529.176    86.939     0.52    6.39
  20816.924    84.994    -6.76    8.24
  21104.654    82.972    -7.03   10.69
  21392.366    81.164    -6.28   12.57
  21680.061    78.332    -9.84   13.10
  21967.738    75.749    -8.98   12.72
  22255.398    73.105    -9.19   10.49
  22543.040    72.232    -3.03    8.27
  22830.664    73.192     3.33    6.87
  23118.271    74.118     3.22    6.76
  23405.860    74.587     1.63    6.93
  23693.432    74.830     0.84    6.90
  23980.986    75.142     1.08    7.02
  24268.522    74.898    -0.85    7.20
  24556.041    74.399    -1.73    6.64
  24843.542    73.772    -2.18    6.08
  25131.026    73.667    -0.37    5.15
  25418.492    73.804     0.48    5.40
  25705.940    73.220    -2.03    6.22
  25993.371    72.009    -4.21    6.83
  26280.784    71.788    -0.77    7.72
  26568.180    71.822     0.12    8.00
  26855.558    72.055     0.81    7.77
  27142.919    71.345    -2.47    6.93
  27430.262    70.836    -1.77    6.39
  27717.587    70.732    -0.36    5.83
  28004.895    71.220     1.70    5.47
  28292.186    71.837     2.15    5.09
  28579.459    72.468     2.20    5.63
  28866.714    73.209     2.58    5.87
  29153.952    73.950     2.58    5.54
  29441.172    74.881     3.24    5.16
  29728.375    75.598     2.50    5.15
  30015.560    77.019     4.95    4.91
  30302.728    77.987     3.37    4.25
  30589.878    77.956    -0.11    4.15
  30877.011    78.167     0.73    4.05
  31164.126    76.149    -7.03   10.51
  31451.224    74.055    -7.29   15.22
  31738.304    72.016    -7.10   18.46
  32025.367    72.361     1.20   18.79
  32312.412    72.508     0.51   19.24
  32599.440    75.531    10.53   15.55
  32886.450    78.991    12.05    8.31
  33173.443    80.510     5.29    4.02
  33460.419    80.741     0.80    4.83
  33747.377    79.883    -2.99    5.25
  34034.317    79.748    -0.47    5.22
  34321.240    78.649    -3.83    4.65
  34608.146    77.612    -3.61    3.92
  34895.034    77.228    -1.34    3.90
  35181.904    77.894     2.32    5.27
  35468.757    78.953     3.69    6.76
  35755.593    80.147     4.16    6.82
  36042.411    80.435     1.00    6.89
  36329.212    81.276     2.93    7.83
  36615.996    82.501     4.27    8.46
  36902.762    81.854    -2.26    8.66
  37189.510    80.137    -5.99    8.42
  37476.242    78.848    -4.49    7.62
  37762.955    78.278    -1.99    7.26
  38049.652    77.978    -1.05    6.45
  38336.331    77.253    -2.53    4.56
  38622.992    77.147    -0.37    3.96
  38909.636    77.484     1.18    4.43
  39196.263    76.865    -2.16    4.50
  39482.872    75.716    -4.01    5.14
  39769.464    74.367    -4.71    4.92
  40056.039    72.878    -5.20    4.72
  40342.596    71.110    -6.17    5.48
  40629.136    70.402    -2.47    6.04
  40915.659    69.443    -3.34    6.19
  41202.164    68.478    -3.37    6.23
  41488.651    67.732    -2.60    6.05
  41775.122    66.833    -3.14    5.68
  42061.575    66.307    -1.84    4.92
  42348.010    67.286     3.42    5.56
  42634.429    68.667     4.82    6.18
  42920.830    69.216     1.92    6.22
  43207.213    70.864     5.75    6.97
  43493.579    74.375    12.26    9.31
  43779.928    79.772    18.85   13.43
  44066.260    86.476    23.41   18.75
  44352.574    93.668    25.12   23.55
  44638.871   101.375    26.92   26.78
  44925.151   112.036    37.24   28.13
  45211.413   120.244    28.67   26.31
  45497.658   128.228    27.89   21.32
  45783.886   133.449    18.24   16.59
  46070.096   135.516     7.22   13.48
  46356.289   137.452     6.76   12.02
  46642.465   136.245    -4.22   12.54
  46928.624   134.169    -7.26   13.08
  47214.765   134.554     1.34   13.28
  47500.889   136.741     7.64   15.63
  47786.995   141.391    16.25   16.76
  48073.085   145.567    14.60   16.40
  48359.157   149.159    12.55   15.28
  48645.212   151.396     7.82   13.77
  48931.249   151.118    -0.97   14.39
  49217.270   146.159   -17.34   17.46
  49503.273   140.637   -19.31   18.66
  49789.258   135.999   -16.22   16.82
  50075.227   133.375    -9.18   15.71
  50361.178   133.399     0.08   14.47
  50647.112   133.972     2.01   14.17
  50933.029   135.684     5.99   12.41
  51218.928   136.804     3.92   11.05
  51504.811   137.499     2.43   10.55
  51790.676   138.288     2.76   11.20
  52076.524   137.886    -1.41   12.59
  52362.354   134.237   -12.77   16.18
  52648.168   127.924   -22.09   20.95
  52933.964   122.600   -18.63   21.68
  53219.743   116.741   -20.50   21.20
  53505.505   115.082    -5.81   20.80
  53791.249   113.641    -5.04   19.27
  54076.977   115.339     5.94   20.78
  54362.687   119.868    15.85   23.26
  54648.380   124.641    16.71   25.97
  54934.056   131.491    23.98   28.27
  55219.714   137.970    22.68   27.14
  55505.356   143.732    20.17   24.68
  55790.980   146.867    10.97   22.63
  56076.587   150.620    13.14   19.91
  56362.177   155.468    16.98   15.18
  56647.749   157.476     7.03   12.84
  56933.305   159.426     6.83    9.41
  57218.843   160.816     4.87    8.48
  57504.365   160.312    -1.77    8.17
  57789.869   161.524     4.25    7.33
  58075.356   160.452    -3.76    8.56
  58360.825   159.605    -2.96    8.80
  58646.278   160.302     2.44    9.07
  58931.714   160.911     2.14    9.18
  59217.132   161.068     0.55    8.93
  59502.533   161.321     0.89    8.51
  59787.917   163.383     7.22    8.10
  60073.284   165.332     6.83    8.63
  60358.634   166.576     4.36    9.02
  60643.967   164.820    -6.15   10.94
  60929.283   162.587    -7.83   12.53
  61214.581   158.567   -14.09   14.86
  61499.863   152.566   -21.04   19.80
  61785.127   146.265   -22.09   21.39
  62070.374   138.584   -26.93   20.59
  62355.604   134.613   -13.92   18.75
  62640.818   131.879    -9.59   16.64
  62926.013   132.372     1.73   16.96
  63211.192   135.140     9.71   18.29
  63496.354   138.749    12.65   18.98
  63781.499   143.910    18.10   19.71
  64066.627   149.082    18.14   20.41
  64351.737   155.443    22.31   21.20
  64636.831   160.284    16.98   19.91
  64921.907   164.653    15.32   18.37
  65206.967   169.667    17.59   16.34
  65492.009   171.788     7.44   17.45
  65777.034   173.676     6.63   16.43
  66062.043   175.014     4.69   14.86
  66347.034   175.491     1.67   13.52
  66632.008   177.310     6.38   12.77
  66916.965   178.044     2.58   12.13
  67201.905   177.082    -3.38   11.42
  67486.828   177.733     2.29    9.95
  67771.734   179.511     6.24   10.80
  68056.623   182.431    10.25   10.87
  68341.495   185.166     9.60    9.40
  68626.350   186.792     5.71    7.90
  68911.188   188.654     6.53    6.67
