-157392.602   118.320     0.00    6.83
-157106.176   115.314   -10.50    8.26
-156819.760   112.408   -10.15    9.18
-156533.356   109.659    -9.60    9.55
-156246.963   105.433   -14.76    9.03
-155960.580   103.107    -8.12    8.72
-155674.209   100.346    -9.64    7.25
-155387.848    97.999    -8.20    6.05
-155101.499    95.773    -7.77    6.12
-154815.161    94.720    -3.68    6.01
-154528.833    94.032    -2.40    5.75
-154242.517    93.814    -0.76    6.26
-153956.212    93.641    -0.60    6.56
-153669.917    93.044    -2.09    7.44
-153383.634    92.221    -2.87    8.43
-153097.361    90.718    -5.25    9.65
-152811.100    88.425    -8.01   11.33
-152524.849    85.818    -9.11   12.23
-152238.610    83.207    -9.12   11.97
-151952.381    80.833    -8.29   11.42
-151666.164    79.011    -6.37   10.43
-151379.957    77.940    -3.74    9.31
-151093.762    76.303    -5.72    8.35
-150807.577    75.593    -2.48    7.34
-150521.404    74.989    -2.11    6.83
-150235.241    75.266     0.97    6.35
-149949.089    74.917    -1.22    6.06
-149662.949    74.718    -0.70    6.07
-149376.819    74.570    -0.52    6.00
-149090.700    74.159    -1.43    5.75
-148804.592    73.936    -0.78    5.68
-148518.496    73.062    -3.05    5.58
-148232.410    73.029    -0.12    5.76
-147946.335    73.377     1.22    6.15
-147660.271    74.810     5.01    7.20
-147374.218    76.708     6.64    8.10
-147088.176    79.098     8.36    8.18
-146802.145    81.106     7.02    6.80
-146516.125    82.236     3.95    5.75
-146230.115    81.988    -0.87    6.02
-145944.117    80.663    -4.63    7.36
-145658.130    78.408    -7.88    8.39
-145372.153    75.955    -8.58    8.64
-145086.188    73.251    -9.46    8.36
-144800.234    71.375    -6.56    7.49
-144514.290    70.363    -3.54    6.91
-144228.357    70.494     0.46    7.32
-143942.436    70.488    -0.02    8.36
-143656.525    71.870     4.83    9.65
-143370.625    73.653     6.24   10.65
-143084.736    76.019     8.28   10.15
-142798.859    78.073     7.18    8.75
-142512.992    79.553     5.18    7.24
-142227.135    81.356     6.31    5.51
-141941.290    82.869     5.29    4.56
-141655.456    84.400     5.36    4.94
-141369.633    86.006     5.62    6.04
-141083.820    88.318     8.09    7.73
-140798.019    91.457    10.98    9.13
-140512.228    94.410    10.33    9.93
-140226.449    96.970     8.96    9.85
-139940.680    98.614     5.76    9.52
-139654.922    99.788     4.11    8.68
-139369.175   100.865     3.77    8.76
-139083.439   101.572     2.47    8.57
-138797.714   102.126     1.94    7.98
-138512.000   101.658    -1.64    7.47
-138226.297   100.521    -3.98    6.21
-137940.605    99.914    -2.12    5.82
-137654.923    99.972     0.20    5.63
-137369.253   101.120     4.02    6.60
-137083.593   102.965     6.46    7.43
-136797.944   104.750     6.25    7.04
-136512.306   106.230     5.18    6.22
-136226.679   107.281     3.68    5.55
-135941.063   107.810     1.85    5.66
-135655.458   108.475     2.33    5.52
-135369.864   108.258    -0.76    5.29
-135084.280   108.147    -0.39    6.07
-134798.708   108.385     0.84    5.99
-134513.146   106.957    -5.00    7.20
-134227.595   104.682    -7.97    8.33
-133942.055   101.551   -10.97    9.12
-133656.527    98.673   -10.08    8.34
-133371.008    97.453    -4.27    6.94
-133085.501    97.029    -1.49    6.37
-132800.005    97.561     1.86    6.35
-132514.519    98.439     3.08    6.28
-132229.045   100.105     5.83    5.31
-131943.581   101.967     6.52    4.19
-131658.128   103.715     6.12    3.84
-131372.686   104.651     3.28    4.39
-131087.255   105.178     1.84    5.74
-130801.835   104.086    -3.82    8.48
-130516.425   102.926    -4.07   10.60
-130231.027   101.273    -5.79   12.69
-129945.639   100.266    -3.53   13.52
-129660.262   100.114    -0.53   13.49
-129374.896   100.957     2.95   12.36
-129089.541   101.700     2.60   11.48
-128804.197   102.576     3.07    9.76
-128518.863   101.273    -4.57    9.39
-128232.974    98.810    -8.62   10.60
-127945.210    95.394   -11.87   11.66
-127657.457    93.658    -6.03   11.66
-127369.717    90.773   -10.03   12.05
-127081.989    87.540   -11.24   12.07
-126794.272    83.258   -14.88   11.60
-126506.568    81.462    -6.24   11.54
-126218.875    80.683    -2.71   11.42
-125931.194    84.717    14.02   14.77
-125643.525    88.370    12.70   16.20
-125355.868    93.611    18.22   16.60
-125068.223    99.058    18.94   14.76
-124780.589   103.706    16.16   11.29
-124492.967   105.682     6.87    7.82
-124205.358   105.386    -1.03    6.42
-123917.760   103.171    -7.70    6.61
-123630.174   100.562    -9.07    5.72
-123342.599    98.173    -8.31    4.47
-123055.037    96.162    -6.99    4.77
-122767.487    95.162    -3.48    5.91
-122479.948    95.288     0.44    7.29
-122192.421    95.107    -0.63    8.04
-121904.906    94.806    -1.05    8.57
-121617.403    93.100    -5.94    9.85
-121329.911    91.223    -6.53   10.25
-121042.432    90.341    -3.07    9.90
-120754.964    89.914    -1.48    8.77
-120467.508    89.416    -1.73    8.48
-120180.064    89.460     0.15    8.10
-119892.632    90.501     3.62    8.16
-119605.211    91.769     4.41    7.58
-119317.803    93.340     5.47    6.42
-119030.406    93.649     1.08    5.99
-118743.021    94.188     1.88    5.73
-118455.648    94.975     2.74    4.89
-118168.287    95.208     0.81    4.34
-117880.937    95.998     2.75    2.93
-117593.599    95.512    -1.69    2.92
-117306.273    94.666    -2.94    3.39
-117018.959    93.906    -2.64    4.00
-116731.657    92.251    -5.76    4.90
-116444.366    90.437    -6.31    5.25
-116157.088    88.267    -7.56    4.92
-115869.821    85.777    -8.67    4.67
-115582.566    83.996    -6.20    4.46
-115295.322    82.273    -6.00    3.96
-115008.091    81.237    -3.61    3.31
-114720.871    80.073    -4.05    3.13
-114433.663    78.392    -5.85    3.35
-114146.467    77.062    -4.63    3.14
-113859.282    76.460    -2.10    3.30
-113572.110    75.861    -2.09    3.92
-113284.949    74.706    -4.02    5.06
-112997.800    74.237    -1.63    5.89
-112710.663    74.242     0.02    6.84
-112423.537    74.098    -0.50    7.38
-112136.423    73.340    -2.64    7.50
-111849.321    72.303    -3.61    7.01
-111562.231    72.171    -0.46    6.44
-111275.153    72.227     0.19    5.49
-110988.086    72.382     0.54    4.46
-110701.031    72.281    -0.35    3.73
-110413.988    72.073    -0.72    3.44
-110126.957    71.795    -0.97    4.21
-109839.937    71.230    -1.97    4.84
-109552.929    70.513    -2.50    5.42
-109265.933    69.281    -4.30    5.63
-108978.949    67.987    -4.51    5.90
-108691.976    67.136    -2.96    6.27
-108405.015    66.339    -2.78    6.96
-108118.066    65.634    -2.46    7.71
-107831.129    65.442    -0.67    8.63
-107544.203    64.651    -2.76    9.74
-107257.289    64.015    -2.22   10.28
-106970.387    63.121    -3.11   10.81
-106683.497    61.888    -4.30   10.78
-106396.618    61.106    -2.73   10.78
-106109.751    60.348    -2.64   10.24
-105822.896    60.122    -0.79    9.89
-105536.052    60.010    -0.39    8.71
-105249.221    59.987    -0.08    7.80
-104962.401    59.303    -2.38    7.23
-104675.592    59.259    -0.15    6.74
-104388.796    58.641    -2.16    6.09
-104102.011    58.413    -0.80    5.67
-103815.238    58.295    -0.41    5.35
-103528.476    58.356     0.21    5.45
-103241.727    58.887     1.85    5.36
-102954.989    59.559     2.34    4.90
-102668.262    59.869     1.08    4.85
-102381.548    58.626    -4.33    5.96
-102094.845    57.390    -4.31    6.69
-101808.154    56.010    -4.81    6.88
-101521.475    54.472    -5.36    6.03
-101234.807    53.602    -3.03    5.23
-100948.151    53.168    -1.52    4.76
-100661.506    54.498     4.64    5.27
-100374.874    55.561     3.71    5.45
-100088.253    56.795     4.31    5.92
 -99801.644    57.250     1.59    5.81
 -99515.046    57.933     2.38    5.85
 -99228.460    57.598    -1.17    5.54
 -98941.886    56.648    -3.32    4.91
 -98655.324    55.288    -4.75    4.83
 -98368.773    53.985    -4.55    4.76
 -98082.234    53.353    -2.20    4.73
 -97795.706    52.985    -1.29    4.55
 -97509.191    52.751    -0.82    4.11
 -97222.687    53.115     1.27    3.50
 -96936.194    53.587     1.65    2.96
 -96649.713    54.432     2.95    2.55
 -96363.244    55.104     2.35    2.27
 -96076.787    55.626     1.82    2.54
 -95790.341    56.182     1.94    2.93
 -95503.907    56.194     0.04    3.13
 -95217.485    56.083    -0.39    3.14
 -94931.074    55.555    -1.85    3.40
 -94644.675    54.882    -2.35    3.91
 -94358.288    52.868    -7.03    6.47
 -94071.912    48.856   -14.01   10.00
 -93785.548    43.449   -18.88   11.99
 -93499.196    38.428   -17.53   11.88
 -93212.855    33.864   -15.94   10.22
 -92926.526    30.071   -13.25    7.62
 -92640.208    26.962   -10.86    3.99
 -92353.902    26.038    -3.23    3.36
 -92067.608    25.811    -0.79    3.42
 -91781.326    25.996     0.65    3.53
 -91495.055    25.980    -0.06    3.82
 -91208.796    26.055     0.26    4.26
 -90922.548    25.503    -1.93    4.98
 -90636.312    24.972    -1.85    5.07
 -90350.088    23.107    -6.52    5.85
 -90063.875    20.863    -7.84    6.17
 -89777.674    18.651    -7.73    6.05
 -89491.485    16.833    -6.35    5.05
 -89205.307    15.575    -4.40    4.04
 -88919.141    14.476    -3.84    2.88
 -88632.986    13.981    -1.73    2.10
 -88346.843    14.265     0.99    2.29
 -88060.712    15.205     3.28    2.64
 -87774.592    15.991     2.75    2.93
 -87488.484    14.728    -4.41    6.13
 -87202.388    12.656    -7.24    8.46
 -86916.303     9.492   -11.06    9.77
 -86630.230     6.113   -11.81   10.05
 -86344.168     2.198   -13.68    8.32
 -86058.118    -0.661   -10.00    5.30
 -85772.080    -2.562    -6.64    0.99
 -85486.053    -2.584    -0.08    0.72
 -85200.038     0.339    10.22    6.75
 -84914.034     4.508    14.58   10.48
 -84628.042     9.076    15.98   11.84
 -84342.062    13.030    13.83   12.05
 -84056.093    16.995    13.86   10.86
 -83770.136    21.197    14.70    7.71
 -83484.190    23.354     7.54    3.23
 -83198.256    23.641     1.00    2.62
 -82912.334    23.051    -2.06    3.06
 -82626.423    22.003    -3.66    3.25
 -82340.524    20.492    -5.29    4.83
 -82054.636    18.238    -7.88    6.56
 -81768.760    15.348   -10.11    8.23
 -81482.895    13.162    -7.65    8.58
 -81197.042    11.853    -4.58    8.29
 -80911.201    11.392    -1.61    7.84
 -80625.371    10.676    -2.51    7.33
 -80339.553    10.149    -1.84    6.66
 -80053.746    10.843     2.43    5.64
 -79767.951    11.822     3.43    4.03
 -79482.168    12.888     3.73    2.50
 -79196.396    13.123     0.82    2.54
 -78910.635    13.646     1.83    2.65
 -78624.887    14.311     2.33    2.62
 -78339.149    15.205     3.13    2.18
 -78053.424    15.755     1.92    1.97
 -77767.710    16.105     1.22    1.90
 -77482.007    16.503     1.39    1.86
 -77196.316    16.822     1.12    1.88
 -76910.636    17.136     1.10    1.76
 -76624.968    17.212     0.27    1.73
 -76339.312    17.331     0.42    1.67
 -76053.667    17.161    -0.60    1.78
 -75768.034    16.975    -0.65    1.83
 -75482.412    16.763    -0.74    1.85
 -75196.802    16.566    -0.69    1.74
 -74911.203    16.434    -0.46    1.59
 -74625.616    16.205    -0.80    1.47
 -74340.041    16.120    -0.30    1.58
 -74054.477    15.975    -0.51    1.79
 -73768.924    15.864    -0.39    1.83
 -73483.383    15.922     0.20    1.95
 -73197.854    15.989     0.24    2.06
 -72912.336    16.193     0.71    2.15
 -72626.829    16.606     1.45    2.11
 -72341.334    16.982     1.32    2.04
 -72055.851    17.462     1.68    1.66
 -71770.379    17.295    -0.58    1.91
 -71484.919    16.500    -2.79    3.74
 -71199.470    15.737    -2.67    4.81
 -70914.033    15.047    -2.41    5.60
 -70628.607    14.659    -1.36    5.58
 -70343.193    14.185    -1.66    5.93
 -70057.790    14.927     2.60    5.24
 -69772.399    15.759     2.92    4.15
 -69487.019    16.303     1.91    3.00
 -69201.651    16.957     2.29    2.53
 -68916.294    17.219     0.92    2.71
 -68630.949    17.703     1.70    3.24
 -68345.615    18.051     1.22    3.50
 -68060.293    18.387     1.18    3.42
 -67774.982    19.401     3.55    3.47
 -67489.683    19.538     0.48    3.17
 -67204.395    19.828     1.02    3.26
 -66919.119    20.066     0.83    3.06
 -66633.854    19.639    -1.50    3.84
 -66347.789    19.498    -0.49    3.65
 -66059.948    18.888    -2.12    3.98
 -65772.119    19.115     0.79    4.10
 -65484.303    19.445     1.15    3.67
 -65196.500    19.616     0.60    3.62
 -64908.709    19.112    -1.75    3.75
 -64620.930    18.947    -0.57    4.11
 -64333.164    18.777    -0.59    4.03
 -64045.411    19.062     0.99    4.17
 -63757.670    19.735     2.34    4.96
 -63469.941    20.587     2.96    5.86
 -63182.225    21.864     4.44    6.96
 -62894.522    22.844     3.41    7.67
 -62606.831    23.750     3.15    8.02
 -62319.153    24.018     0.93    8.52
 -62031.487    24.025     0.02    8.26
 -61743.833    23.433    -2.06    7.69
 -61456.193    22.732    -2.44    6.39
 -61168.564    21.984    -2.60    4.91
 -60880.949    22.166     0.63    4.32
 -60593.345    22.023    -0.50    4.80
 -60305.754    22.088     0.23    5.73
 -60018.176    21.970    -0.41    6.15
 -59730.610    21.863    -0.37    6.45
 -59443.057    22.196     1.16    6.54
 -59155.516    22.806     2.12    6.70
 -58867.988    23.470     2.31    6.05
 -58580.472    23.817     1.21    6.19
 -58292.969    23.160    -2.29    6.44
 -58005.478    22.766    -1.37    6.19
 -57717.999    21.939    -2.87    5.73
 -57430.534    21.413    -1.83    5.38
 -57143.080    21.121    -1.02    4.97
 -56855.639    21.733     2.13    3.58
 -56568.211    22.318     2.03    1.93
 -56280.795    22.171    -0.51    2.12
 -55993.391    22.265     0.33    2.07
 -55706.000    22.242    -0.08    2.15
 -55418.622    22.733     1.71    2.51
 -55131.255    23.243     1.77    2.74
 -54843.902    23.955     2.48    3.30
 -54556.561    24.503     1.91    3.72
 -54269.232    24.762     0.90    3.60
 -53981.916    24.644    -0.41    3.48
 -53694.612    24.682     0.13    3.12
 -53407.320    24.530    -0.53    2.56
 -53120.041    24.691     0.56    2.33
 -52832.775    25.123     1.50    2.15
 -52545.521    25.332     0.73    2.15
 -52258.279    25.738     1.41    2.06
 -51971.050    25.799     0.21    2.38
 -51683.834    25.310    -1.70    4.15
 -51396.629    25.354     0.15    4.72
 -51109.437    25.273    -0.28    5.06
 -50822.258    25.656     1.33    5.25
 -50535.091    26.420     2.66    4.68
 -50247.937    27.401     3.41    3.65
 -49960.794    28.148     2.60    2.27
 -49673.665    28.213     0.22    2.47
 -49386.548    28.104    -0.38    2.41
 -49099.443    27.926    -0.62    2.27
 -48812.350    27.950     0.08    2.19
 -48525.270    27.536    -1.44    1.88
 -48238.203    27.653     0.41    1.96
 -47951.148    27.769     0.40    2.04
 -47664.105    28.157     1.35    2.22
 -47377.075    28.091    -0.23    2.24
 -47090.057    27.967    -0.43    2.15
 -46803.051    27.757    -0.73    1.88
 -46516.058    27.792     0.12    1.65
 -46229.077    27.401    -1.36    3.25
 -45942.109    26.938    -1.61    4.64
 -45655.153    26.803    -0.47    5.34
 -45368.209    27.213     1.43    5.33
 -45081.278    27.609     1.38    5.23
 -44794.360    28.417     2.81    4.08
 -44507.453    29.135     2.50    1.41
 -44220.559    29.175     0.14    1.30
 -43933.678    29.178     0.01    1.24
 -43646.809    29.098    -0.28    1.23
 -43359.952    28.825    -0.95    1.37
 -43073.107    28.515    -1.08    1.63
 -42786.275    28.434    -0.28    1.71
 -42499.456    28.576     0.49    1.72
 -42212.648    27.245    -4.64    4.95
 -41925.853    26.015    -4.29    6.47
 -41639.071    26.004    -0.04    6.73
 -41352.301    26.220     0.75    6.63
 -41065.543    26.709     1.71    6.27
 -40778.797    27.370     2.31    5.48
 -40492.064    28.196     2.88    4.39
 -40205.343    29.491     4.52    2.14
 -39918.635    29.845     1.24    1.82
 -39631.939    30.317     1.65    1.81
 -39345.255    30.898     2.03    1.92
 -39058.584    31.510     2.13    1.93
 -38771.925    32.226     2.50    2.21
 -38485.278    31.751    -1.66    4.98
 -38198.644    29.776    -6.89    8.21
 -37912.022    29.032    -2.60    8.75
 -37625.413    28.341    -2.41    8.99
 -37338.815    27.073    -4.42    9.64
 -37052.230    25.724    -4.71   10.02
 -36765.658    25.118    -2.12    9.95
 -36479.098    26.701     5.53    9.28
 -36192.550    28.644     6.78    7.97
 -35906.014    29.529     3.09    6.98
 -35619.491    30.311     2.73    6.20
 -35332.980    30.850     1.88    5.52
 -35046.481    32.432     5.52    2.98
 -34759.995    30.762    -5.83    7.13
 -34473.521    27.553   -11.20   11.43
 -34187.059    22.773   -16.69   14.52
 -33900.610    16.977   -20.23   15.79
 -33614.173    11.928   -17.63   15.00
 -33327.748     8.758   -11.07   13.14
 -33041.336     8.806     0.17   13.11
 -32754.936    11.295     8.69   14.14
 -32468.548    15.161    13.50   14.52
 -32182.172    18.398    11.30   13.71
 -31895.809    21.182     9.72   12.77
 -31609.458    23.692     8.77   11.57
 -31323.120    26.273     9.01    9.86
 -31036.794    28.213     6.78    6.86
 -30750.480    28.502     1.01    6.69
 -30464.178    28.472    -0.10    6.49
 -30177.888    28.551     0.28    6.37
 -29891.611    28.774     0.78    6.05
 -29605.346    28.742    -0.11    5.59
 -29319.094    28.668    -0.26    5.56
 -29032.854    28.265    -1.41    5.69
 -28746.626    28.399     0.47    5.62
 -28460.410    28.095    -1.06    5.37
 -28174.206    28.002    -0.33    6.34
 -27888.015    27.421    -2.03    7.63
 -27601.836    26.430    -3.46    9.87
 -27315.670    25.878    -1.93   11.34
 -27029.515    24.426    -5.07   11.93
 -26743.373    23.178    -4.36   12.38
 -26457.243    21.731    -5.06   12.99
 -26171.126    21.085    -2.26   12.98
 -25885.021    21.089     0.01   12.95
 -25598.928    22.040     3.32   12.34
 -25312.847    22.326     1.00   12.15
 -25026.778    23.377     3.67   12.00
 -24740.722    24.280     3.16   11.65
 -24454.678    26.728     8.56    9.98
 -24168.646    27.671     3.30    8.19
 -23882.627    27.972     1.05    7.26
 -23596.619    27.803    -0.59    6.11
 -23310.624    27.265    -1.88    6.67
 -23024.641    27.303     0.13    7.09
 -22738.671    28.379     3.76    6.99
 -22452.712    29.909     5.35    6.07
 -22166.766    31.082     4.10    6.79
 -21880.832    32.465     4.84    7.58
 -21594.911    34.553     7.30    8.82
 -21309.001    37.273     9.51    9.49
 -21023.104    40.924    12.77   11.00
 -20737.219    45.042    14.40   11.86
 -20451.347    50.591    19.41   12.49
 -20165.486    55.648    17.69   12.95
 -19879.638    62.977    25.64   12.88
 -19593.802    70.091    24.89   14.23
 -19307.978    76.758    23.33   14.28
 -19022.166    83.634    24.06   14.69
 -18736.367    87.237    12.61   16.04
 -18450.579    82.258   -17.42   29.74
 -18164.804    72.384   -34.55   41.27
 -17879.042    57.105   -53.47   48.83
 -17593.291    42.560   -50.90   49.97
 -17307.552    27.250   -53.58   45.53
 -17021.826    11.057   -56.67   32.07
 -16736.112     1.502   -33.44   15.35
 -16450.410    -0.697    -7.70    8.03
 -16164.721    -0.727    -0.11    8.07
 -15879.043    -0.172     1.95    9.18
 -15593.378    -1.681    -5.29    7.28
 -15307.725    -2.462    -2.73    5.73
 -15022.084    -2.971    -1.78    4.38
 -14736.455    -3.628    -2.30    0.87
 -14450.839    -3.705    -0.27    0.00
 -14165.234    -3.705     0.00    0.00
 -13879.642    -3.705     0.00    0.00
 -13594.062    -3.705     0.00    0.00
 -13308.494    -3.675     0.10    0.35
 -13022.939    -3.045     2.20    3.70
 -12737.395    -2.616     1.51    4.80
 -12451.864    -2.880    -0.93    4.25
 -12166.345    -2.910    -0.11    4.18
 -11880.838    -3.599    -2.41    1.06
 -11595.343    -3.632    -0.12    0.85
 -11309.860    -2.803     2.90    4.20
 -11024.390    -1.622     4.14    6.28
 -10738.932    -1.513     0.38    6.32
 -10453.485    -1.909    -1.39    5.68
 -10168.051    -2.281    -1.30    4.97
  -9882.629    -1.659     2.18    6.07
  -9597.220    -1.379     0.98    6.58
  -9311.822    -0.697     2.39    7.64
  -9026.437     0.392     3.82    9.05
  -8741.063     1.939     5.42   10.49
  -8455.702     3.832     6.63   11.56
  -8170.353     5.479     5.77   12.22
  -7885.016     5.857     1.33   12.31
  -7599.692     5.470    -1.36   12.25
  -7314.379     4.266    -4.22   11.87
  -7029.078     2.101    -7.59   10.85
  -6743.790    -0.118    -7.78    8.81
  -6458.514    -2.100    -6.95    6.18
  -6173.250    -3.422    -4.63    2.23
  -5887.998    -3.705    -0.99    0.00
  -5602.758    -3.705     0.00    0.00
  -5317.530    -3.705     0.00    0.00
  -5032.314    -3.705     0.00    0.00
  -4747.111    -3.705     0.00    0.00
  -4460.828    -3.705     0.00    0.00
  -4172.922    -3.705     0.00    0.00
  -3885.029    -3.705     0.00    0.00
  -3597.150    -3.705     0.00    0.00
  -3309.283    -3.705     0.00    0.00
  -3021.430    -3.705     0.00    0.00
  -2733.590    -3.705     0.00    0.00
  -2445.763    -3.705     0.00    0.00
  -2157.950    -3.705     0.00    0.00
  -1870.149    -3.456     0.86    1.62
  -1582.362    -2.599     2.98    4.52
  -1294.588    -1.668     3.24    5.90
  -1006.827    -1.086     2.02    6.92
   -719.079     0.522     5.59    9.28
   -431.344     2.036     5.26   11.18
   -143.623     4.208     7.55   12.94
    144.086     5.708     5.21   13.81
    431.781     6.935     4.26   14.35
    719.463     7.595     2.30   14.30
   1007.132     6.198    -4.86   14.04
   1294.788     4.196    -6.96   12.94
   1582.430     3.251    -3.29   11.96
   1870.060     2.822    -1.49   11.27
   2157.676     2.758    -0.22   10.82
   2445.279     4.746     6.91   11.75
   2732.869     6.960     7.70   12.44
   3020.446     5.985    -3.39   11.74
   3308.010     4.810    -4.08   11.37
   3595.560     4.591    -0.76   11.35
   3883.098     5.476     3.08   11.98
   4170.622     6.460     3.42   12.42
   4458.133     7.851     4.84   12.94
   4745.631     9.987     7.43   13.23
   5033.116    12.444     8.54   13.03
   5320.588    14.629     7.60   11.89
   5608.047    16.258     5.67   10.39
   5895.492    17.676     4.93    8.63
   6182.925    18.950     4.43    6.30
   6470.344    19.281     1.15    4.71
   6757.751    19.356     0.26    4.50
   7045.144    18.582    -2.69    5.59
   7332.524    18.053    -1.84    6.59
   7619.891    16.519    -5.34    8.14
   7907.245    15.103    -4.93    9.53
   8194.585    13.130    -6.87   10.50
   8481.913    11.388    -6.06   11.24
   8769.228     9.095    -7.98   11.81
   9056.529     5.914   -11.07   11.71
   9343.818     3.514    -8.35   10.85
   9631.093     0.629   -10.04    9.02
   9918.355    -1.844    -8.61    6.09
  10205.604    -3.366    -5.30    2.29
  10492.840    -3.705    -1.18    0.00
  10780.063    -2.889     2.84    3.68
  11067.273    -1.163     6.01    7.03
  11354.470     2.088    11.32   10.07
  11641.654     5.094    10.47   11.37
  11928.825     7.738     9.21   11.55
  12215.982    11.244    12.21   11.14
  12503.127    14.471    11.24   10.15
  12790.259    17.259     9.71    8.43
  13077.377    20.380    10.87    5.10
  13364.482    21.495     3.88    5.21
  13651.575    22.799     4.54    3.46
  13938.654    22.736    -0.22    4.31
  14225.720    23.773     3.61    5.00
  14512.774    26.094     8.09   10.07
  14799.814    31.538    18.97   17.37
  15086.841    37.191    19.70   23.70
  15373.855    42.764    19.42   27.58
  15660.856    48.361    19.50   28.68
  15947.844    52.119    13.09   27.68
  16234.819    56.044    13.68   26.32
  16521.781    57.626     5.51   23.85
  16808.730    57.023    -2.10   21.38
  17095.666    55.998    -3.57   18.41
  17382.589    56.184     0.65   15.66
  17669.498    57.242     3.69   12.54
  17956.395    57.251     0.03   10.54
  18243.279    57.929     2.36    7.26
  18530.150    58.288     1.25    5.07
  18817.008    57.795    -1.72    5.27
  19103.852    57.090    -2.46    5.78
  19390.684    56.682    -1.42    5.61
  19677.503    56.722     0.14    6.10
  19964.308    57.703     3.42    6.39
  20251.101    59.770     7.21    6.26
  20537.881    61.934     7.55    6.09
  20824.648    63.619     5.88    4.93
  21111.401    64.642     3.57    3.72
  21398.142    64.566    -0.26    3.54
  21684.870    61.364   -11.17    8.38
  21971.585    56.900   -15.57   11.76
  22258.286    52.211   -16.35   12.70
  22544.975    47.925   -14.95   14.61
  22831.651    42.727   -18.13   17.71
  23118.314    39.147   -12.49   19.60
  23404.964    35.295   -13.44   22.00
  23691.600    32.437    -9.97   24.60
  23978.224    29.525   -10.16   25.46
  24264.835    28.712    -2.84   24.38
  24551.433    28.429    -0.99   22.88
  24838.018    28.769     1.19   21.47
  25124.590    27.624    -4.00   19.87
  25411.149    26.265    -4.74   18.55
  25697.695    26.989     2.53   17.41
  25984.228    27.672     2.38   16.59
  26270.748    29.416     6.08   17.27
  26557.256    31.257     6.43   17.99
  26843.750    34.236    10.40   17.70
  27130.231    36.226     6.95   17.39
  27416.700    38.814     9.03   16.73
  27703.155    39.949     3.96   15.40
  27989.597    41.536     5.54   14.99
  28276.027    42.975     5.02   12.33
  28562.443    44.288     4.58   10.63
  28848.847    44.188    -0.35    9.22
  29135.238    44.795     2.12    8.65
  29421.616    45.372     2.01    7.63
  29707.980    46.310     3.28    7.65
  29994.332    47.992     5.87    8.96
  30280.671    49.878     6.58   10.28
  30566.997    51.517     5.73   11.36
  30853.311    52.975     5.09   11.89
  31139.611    53.603     2.20   12.08
  31425.898    54.215     2.14   12.42
  31712.172    54.219     0.01   11.84
  31998.434    55.003     2.74   11.99
  32284.682    54.719    -1.00   11.83
  32570.918    55.398     2.38   12.73
  32857.141    55.181    -0.76   12.62
  33143.351    55.534     1.23   12.49
  33429.548    54.911    -2.18   11.54
  33715.732    55.088     0.62   11.10
  34001.903    55.088    -0.00   10.46
  34288.061    56.415     4.64   10.36
  34574.206    58.242     6.39   10.97
  34860.339    60.688     8.55   11.97
  35146.458    63.509     9.86   12.54
  35432.565    65.829     8.11   12.66
  35718.659    68.173     8.19   11.95
  36004.740    69.624     5.07   10.99
  36290.808    69.226    -1.39    9.82
  36576.863    68.527    -2.45    9.09
  36862.905    67.530    -3.48    8.15
  37148.935    66.867    -2.32    7.16
  37434.951    65.879    -3.45    6.02
  37720.955    65.409    -1.64    4.90
  38006.946    65.975     1.98    4.63
  38292.924    67.401     4.99    4.76
  38578.889    69.228     6.39    4.54
  38864.841    70.708     5.17    4.00
  39150.780    71.792     3.79    3.62
  39436.707    72.288     1.73    3.50
  39722.620    71.378    -3.18    4.73
  40008.521    70.565    -2.85    5.34
  40294.409    69.384    -4.13    5.53
  40580.284    68.764    -2.17    5.71
  40866.146    69.081     1.11    6.09
  41151.996    69.386     1.07    6.57
  41437.832    70.722     4.67    7.28
  41723.656    72.036     4.60    7.86
  42009.467    73.407     4.80    7.35
  42295.265    73.649     0.85    6.89
  42581.050    73.676     0.09    6.12
  42866.822    73.593    -0.29    5.34
  43152.582    72.859    -2.57    4.89
  43438.329    72.295    -1.97    4.15
  43724.063    71.482    -2.85    2.97
  44009.784    71.311    -0.60    2.54
  44295.492    71.310    -0.00    2.44
  44581.187    71.819     1.78    2.62
  44866.870    72.465     2.26    3.05
  45152.540    73.057     2.07    3.36
  45438.197    73.646     2.06    3.56
  45723.841    74.195     1.92    3.45
  46009.472    75.570     4.81    3.25
  46295.091    76.634     3.73    3.16
  46580.697    77.718     3.79    3.13
  46866.290    78.677     3.36    3.03
  47151.870    79.431     2.64    2.80
  47437.437    80.103     2.35    2.68
  47722.992    80.867     2.67    2.48
  48008.533    81.188     1.12    2.51
  48294.062    81.416     0.80    2.61
  48579.579    82.024     2.13    2.90
  48865.082    82.564     1.89    2.87
  49150.573    83.036     1.65    2.81
  49436.051    83.415     1.33    2.74
  49721.516    83.700     1.00    2.65
  50006.968    83.784     0.29    2.64
  50292.407    84.053     0.94    2.61
  50577.834    83.894    -0.56    2.99
  50863.248    83.371    -1.83    3.44
  51148.649    83.677     1.07    3.39
  51434.038    84.340     2.32    3.53
  51719.414    85.480     3.99    4.10
  52004.776    86.773     4.53    4.59
  52290.127    87.799     3.60    4.94
  52575.464    89.392     5.58    4.63
  52860.789    91.549     7.56    4.08
  53146.101    93.592     7.16    4.69
  53431.400    93.957     1.28    4.65
  53716.686    94.010     0.18    4.47
  54001.960    93.624    -1.35    4.08
  54287.221    93.130    -1.73    4.12
  54572.469    92.815    -1.11    3.91
  54857.704    91.837    -3.43    4.14
  55142.927    90.570    -4.44    6.34
  55428.137    88.773    -6.30    7.96
  55713.334    86.764    -7.04    8.81
  55998.518    85.450    -4.61    8.45
  56283.690    83.942    -5.29    7.96
  56568.849    83.295    -2.27    7.65
  56853.996    82.534    -2.67    7.66
  57139.129    82.073    -1.62    6.92
  57425.637    82.280     0.72    6.30
  57713.621    82.207    -0.25    5.72
  58001.590    81.978    -0.80    5.59
  58289.547    81.062    -3.18    4.76
  58577.489    80.515    -1.90    4.11
  58865.417    81.130     2.14    3.95
  59153.332    81.947     2.84    3.75
  59441.233    82.912     3.35    4.50
  59729.120    84.051     3.96    4.70
  60016.993    85.536     5.16    4.88
  60304.852    86.903     4.75    4.88
  60592.698    88.695     6.23    5.03
  60880.529    90.088     4.84    4.25
  61168.347    91.713     5.65    3.68
  61456.151    92.929     4.22    3.53
  61743.942    94.213     4.46    3.61
  62031.718    95.189     3.39    4.20
  62319.481    96.177     3.43    4.84
  62607.230    97.123     3.29    5.68
  62894.965    98.355     4.28    7.39
  63182.686    99.977     5.64    8.62
  63470.394   101.955     6.87    9.74
  63758.088   104.310     8.19   10.59
  64045.768   107.028     9.45   11.33
  64333.434   111.129    14.25   11.33
  64621.086   114.929    13.21   10.99
  64908.725   118.592    12.73   11.73
  65196.350   122.016    11.91   13.22
  65483.961   125.110    10.76   13.68
  65771.558   127.788     9.31   13.22
  66059.142   129.453     5.79   13.19
  66346.712   129.334    -0.42   13.06
  66634.268   128.724    -2.12   13.07
  66921.810   126.485    -7.79   12.12
  67209.339   124.777    -5.94   11.23
  67496.853   124.091    -2.39    9.69
  67784.354   124.927     2.91    9.99
  68071.842   127.652     9.48   11.79
  68359.315   131.807    14.45   13.20
  68646.775   137.772    20.75   14.26
  68934.221   143.229    18.98   14.14
  69221.654   148.980    20.01   13.95
  69509.072   153.740    16.56   13.84
  69796.477   158.061    15.03   13.93
  70083.868   161.542    12.11   14.05
  70371.246   163.868     8.09   13.93
  70658.609   165.607     6.05   13.94
  70945.959   166.388     2.72   13.70
  71233.295   167.160     2.69   13.02
  71520.618   168.995     6.39   11.60
  71807.927   171.765     9.64   11.42
  72095.222   176.371    16.03   12.62
  72382.503   182.196    20.28   13.41
  72669.771   188.447    21.76   13.80
  72957.025   195.433    24.32   13.00
  73244.265   201.870    22.41   11.14
  73531.492   206.434    15.89   10.34
  73818.705   211.903    19.04   10.83
  74105.904   216.319    15.38   12.10
  74393.089   221.160    16.86   13.75
  74680.261   224.495    11.61   14.63
  74967.419   228.825    15.08   14.38
  75254.564   231.942    10.85   13.69
  75541.694   237.125    18.05   14.25
  75828.811   241.837    16.41   15.70
  76115.915   248.864    24.47   16.74
  76403.004   257.265    29.26   17.31
  76690.080   266.506    32.19   16.73
  76977.143   275.319    30.70   17.06
  77264.191   283.788    29.50   17.20
  77551.226   290.819    24.49   16.35
  77838.248   296.592    20.11   16.52
  78125.255   299.171     8.99   15.66
  78412.249   300.999     6.37   15.89
  78699.230   300.303    -2.43   14.83
  78986.197   298.997    -4.55   14.05
  79273.150   296.557    -8.50   13.20
  79560.089   293.814    -9.56   12.07
  79847.015   290.497   -11.56   11.01
  80133.927   288.266    -7.78   12.13
  80420.825   284.020   -14.80   13.35
  80707.710   279.079   -17.22   17.22
  80994.581   271.991   -24.71   19.68
  81281.439   265.803   -21.57   20.47
  81568.283   259.212   -22.98   20.79
  81855.113   252.990   -21.69   21.62
  82141.930   244.998   -27.86   23.27
  82428.733   238.242   -23.55   24.13
  82715.522   230.243   -27.89   23.79
  83002.298   221.811   -29.40   23.57
  83289.060   212.273   -33.26   24.55
  83575.809   204.194   -28.17   25.61
  83862.544   194.594   -33.48   26.65
  84149.265   185.913   -30.28   28.49
  84435.973   175.138   -37.58   28.76
  84722.667   165.326   -34.22   29.72
  85009.348   154.085   -39.21   29.22
  85296.014   143.357   -37.42   29.38
  85582.668   132.124   -39.19   26.20
  85869.307   123.111   -31.44   23.00
  86155.934   114.639   -29.56   16.50
  86442.546   109.433   -18.16   10.75
  86729.145   105.825   -12.59    4.74
  87015.730   104.861    -3.36    2.79
  87302.302   105.415     1.93    3.15
  87588.860   106.444     3.59    3.44
  87875.405   107.236     2.76    3.57
  88161.936   108.660     4.97    4.96
  88448.453   111.641    10.40    9.37
  88734.957   116.288    16.22   13.77
  89021.448   120.651    15.23   15.94
  89307.924   125.734    17.74   16.88
  89594.388   132.557    23.82   17.58
  89880.837   140.885    29.07   17.92
  90167.273   149.451    29.91   18.12
  90453.696   157.660    28.66   19.26
  90740.105   166.960    32.47   20.59
  91026.500   177.658    37.35   20.44
  91312.882   189.773    42.30   20.29
  91599.250   199.881    35.30   20.58
  91885.605   210.596    37.42   19.93
  92171.946   219.365    30.62   18.49
  92458.274   226.574    25.17   14.46
  92744.588   230.939    15.25   10.57
  93030.889   232.815     6.55    7.31
  93317.176   232.601    -0.75    6.51
  93603.449   231.051    -5.41    6.23
  93889.709   228.649    -8.39    5.59
  94175.956   226.045    -9.09    5.33
  94462.188   223.370    -9.35    5.43
  94748.408   221.005    -8.26    5.32
  95034.614   218.529    -8.65    5.18
  95320.806   215.831    -9.43    4.98
  95606.985   213.611    -7.76    4.90
  95893.150   211.835    -6.21    4.23
  96179.302   210.228    -5.61    4.18
  96465.440   208.495    -6.05    4.27
  96751.565   207.303    -4.17    4.29
  97037.677   205.295    -7.02    4.20
  97323.774   203.453    -6.44    4.71
  97609.859   200.580   -10.04    5.41
  97895.930   197.736    -9.94    6.76
  98181.987   193.776   -13.84    8.29
  98468.031   189.837   -13.77    8.75
  98754.061   184.842   -17.46    9.75
  99040.078   179.792   -17.66   10.49
  99326.081   174.474   -18.59   10.29
  99612.071   169.438   -17.61    9.59
  99898.048   164.811   -16.18    7.66
 100184.010   161.840   -10.39    5.80
 100469.960   159.491    -8.22    3.95
 100755.896   158.273    -4.26    3.39
 101041.818   157.960    -1.10    3.33
 101327.727   157.743    -0.76    3.36
 101613.623   157.388    -1.24    3.63
 101899.505   156.445    -3.30    4.19
 102185.374   155.257    -4.15    4.86
 102471.229   153.385    -6.55    5.75
 102757.071   150.742    -9.25    6.94
 103042.899   147.139   -12.60    7.43
 103328.714   143.288   -13.47    7.20
 103614.515   139.544   -13.10    7.38
 103900.303   135.795   -13.11    7.54
 104186.078   131.525   -14.94    7.67
 104471.839   128.447   -10.77    7.37
 104757.586   125.550   -10.14    6.57
 105043.321   123.370    -7.63    5.67
