# NaN NaN NaN ;Mean Elev.(m), Avg Gradient(m/km), RMS Gradient(m/km) - SRTM1     
#   18.807     NaN     NaN ;Mean Elev.(m), Avg Gradient(m/km), RMS Gradient(m/km) - ASTER GDEM
#   24.000  -1.766   4.513 ;Mean Elev.(m), Avg Gradient(m/km), RMS Gradient(m/km) - GMTED2010 
   1    42.717 54668.15049945 27.07 124.167783  65.764005 16.551 -100.00 -100.00 -100.00
   1    40.842 54668.15050004 26.99 124.174072  65.764471 14.863 -100.00 -100.00 -100.00
   2    43.370 54678.06614379 27.65 124.167449  65.764929 16.435 -100.00 -100.00 -100.00
   2    40.012 54678.06614438 30.18 124.173738  65.765394 20.540 -100.00 -100.00 -100.00
   2    39.944 54678.06614733 32.07 124.205187  65.767718 25.950 -100.00 -100.00 -100.00
   3   -54.496 54687.98178646  6.03 124.162565  65.766177  1.955 -100.00 -100.00 -100.00
   3   -51.496 54687.98178705  6.02 124.168854  65.766643  1.968 -100.00 -100.00 -100.00
   3   -50.102 54687.98178764  6.02 124.175143  65.767108  1.802 -100.00 -100.00 -100.00
   3   -42.023 54687.98179000  6.51 124.200304  65.768968  1.982 -100.00 -100.00 -100.00
   3   -39.842 54687.98179059  6.73 124.206594  65.769432  2.497 -100.00 -100.00 -100.00
   4    42.149 54697.89742797 49.19 124.166134  65.767267   -100 -100.00 -100.00 -100.00
   4    41.904 54697.89742856 51.24 124.172423  65.767733  8.952 -100.00 -100.00 -100.00
   4    41.732 54697.89743151 35.22 124.203873  65.770058 10.203 -100.00 -100.00 -100.00
   5   -42.369 54707.81306968  6.27 124.162572  65.765977  1.920 -100.00 -100.00 -100.00
   5   -40.240 54707.81307027  6.47 124.168861  65.766443  2.058 -100.00 -100.00 -100.00
   5   -38.012 54707.81307086  6.50 124.175150  65.766909  2.095 -100.00 -100.00 -100.00
   5   -28.351 54707.81307322  6.72 124.200308  65.768769  2.078 -100.00 -100.00 -100.00
   5   -26.288 54707.81307381  7.22 124.206598  65.769234  2.282 -100.00 -100.00 -100.00
   6    42.035 54717.72872157 44.12 124.164552  65.764069  9.900 -100.00 -100.00 -100.00
   6    42.212 54717.72872216 37.29 124.170840  65.764535   -100 -100.00 -100.00 -100.00
   6    42.078 54717.72872275 32.51 124.177128  65.765001 17.889 -100.00 -100.00 -100.00
   6    43.357 54717.72872570 26.98 124.208574  65.767324  7.743 -100.00 -100.00 -100.00
   7   -15.124 54727.64437065 12.08 124.163682  65.761925  3.303 -100.00 -100.00 -100.00
   7   -14.645 54727.64437124 12.11 124.169970  65.762391  3.518 -100.00 -100.00 -100.00
   7   -14.123 54727.64437183 12.08 124.176258  65.762856  3.258 -100.00 -100.00 -100.00
   8    41.080 54737.56001818 44.64 124.162499  65.761470   -100 -100.00 -100.00 -100.00
   8    40.855 54737.56001877 46.81 124.168787  65.761936   -100 -100.00 -100.00 -100.00
   8    40.917 54737.56001936 51.01 124.175075  65.762401  4.517 -100.00 -100.00 -100.00
   9    40.493 54747.47566558 31.95 124.162393  65.762779 22.576 -100.00 -100.00 -100.00
   9    39.908 54747.47566617 37.82 124.168682  65.763244   -100 -100.00 -100.00 -100.00
   9    39.769 54747.47566676 37.78 124.174970  65.763710   -100 -100.00 -100.00 -100.00
  10    39.302 54757.39131293 38.32 124.165658  65.764459 30.936 -100.00 -100.00 -100.00
  10    39.007 54757.39131352 40.75 124.171947  65.764925   -100 -100.00 -100.00 -100.00
  10    38.942 54757.39131411 43.91 124.178236  65.765390   -100 -100.00 -100.00 -100.00
  10    39.045 54757.39131647 38.08 124.203396  65.767248 28.167 -100.00 -100.00 -100.00
  11    38.237 54767.30695813 40.64 124.167979  65.764656   -100 -100.00 -100.00 -100.00
  11    38.206 54767.30695873 43.55 124.174268  65.765122   -100 -100.00 -100.00 -100.00
  11    37.643 54767.30696168 33.75 124.205718  65.767444 16.220 -100.00 -100.00 -100.00
  12    37.993 54777.22259954 37.58 124.165353  65.762738   -100 -100.00 -100.00 -100.00
  12    37.743 54777.22260013 41.75 124.171643  65.763204 11.500 -100.00 -100.00 -100.00
  12    37.818 54777.22260072 36.25 124.177932  65.763669   -100 -100.00 -100.00 -100.00
  13    38.557 54787.13823883 34.32 124.165927  65.760985 24.320 -100.00 -100.00 -100.00
  13    38.131 54787.13823942 33.90 124.172216  65.761451   -100 -100.00 -100.00 -100.00
  13    38.109 54787.13824001 30.60 124.178505  65.761916 27.520 -100.00 -100.00 -100.00
  14    38.208 54797.05387684 31.74 124.164225  65.760574 31.873 -100.00 -100.00 -100.00
  14    38.106 54797.05387743 30.75 124.170514  65.761040 28.417 -100.00 -100.00 -100.00
  14    37.985 54797.05387802 28.28 124.176803  65.761505 19.035 -100.00 -100.00 -100.00
  15    37.935 54806.96951506 28.40 124.166806  65.762332 23.571 -100.00 -100.00 -100.00
  15    38.158 54806.96951565 27.43 124.173095  65.762798 17.866 -100.00 -100.00 -100.00
  15    37.881 54806.96951624 27.02 124.179385  65.763263 18.847 -100.00 -100.00 -100.00
  16    38.538 54816.88515239 26.40 124.166507  65.763915 19.090 -100.00 -100.00 -100.00
  16    38.613 54816.88515298 25.82 124.172796  65.764381 17.257 -100.00 -100.00 -100.00
  16    38.331 54816.88515357 26.69 124.179086  65.764846 21.028 -100.00 -100.00 -100.00
  17    38.855 54826.80080126 24.48 124.167176  65.764928 15.700 -100.00 -100.00 -100.00
  17    38.726 54826.80080185 22.74 124.173465  65.765393 12.293 -100.00 -100.00 -100.00
  17    38.065 54826.80080480 23.74 124.204914  65.767718 15.279 -100.00 -100.00 -100.00
  18    38.896 54836.71644017 20.21 124.164737  65.764604  9.075 -100.00 -100.00 -100.00
  18    38.631 54836.71644076 22.05 124.171026  65.765070 12.744 -100.00 -100.00 -100.00
  18    38.603 54836.71644135 20.96 124.177315  65.765535 10.840 -100.00 -100.00 -100.00
  18    38.111 54836.71644371 20.02 124.202474  65.767394  9.332 -100.00 -100.00 -100.00
  18    37.626 54836.71644430 22.04 124.208765  65.767858 12.679 -100.00 -100.00 -100.00
  19    38.574 54846.63208952 19.70 124.163277  65.764775  9.654 -100.00 -100.00 -100.00
  19    38.888 54846.63209011 18.81 124.169566  65.765241  7.485 -100.00 -100.00 -100.00
  19    38.319 54846.63209070 21.02 124.175855  65.765706 11.443 -100.00 -100.00 -100.00
  19    37.718 54846.63209306 21.23 124.201015  65.767565 11.157 -100.00 -100.00 -100.00
  19    37.584 54846.63209365 20.41 124.207305  65.768029 10.825 -100.00 -100.00 -100.00
  20    40.360 54856.54773866 18.87 124.165899  65.765701  8.927 -100.00 -100.00 -100.00
  20    38.898 54856.54773925 18.42 124.172188  65.766167  8.575 -100.00 -100.00 -100.00
  20    38.232 54856.54773984 18.53 124.178478  65.766632  7.736 -100.00 -100.00 -100.00
  20    37.641 54856.54774221 20.13 124.203638  65.768489 10.672 -100.00 -100.00 -100.00
  21    39.620 54866.46338747 18.52 124.164625  65.766798  8.900 -100.00 -100.00 -100.00
  21    38.955 54866.46338806 19.14 124.170915  65.767264  9.759 -100.00 -100.00 -100.00
  21    39.073 54866.46338866 17.36 124.177205  65.767729  6.437 -100.00 -100.00 -100.00
  21    37.637 54866.46339102 19.76 124.202367  65.769587 11.328 -100.00 -100.00 -100.00
  21    37.544 54866.46339161 18.01 124.208658  65.770051  7.731 -100.00 -100.00 -100.00
  22    37.624 54876.37903604 20.50 124.166741  65.767151 12.847 -100.00 -100.00 -100.00
  22    38.861 54876.37903663 17.63 124.173032  65.767616  8.241 -100.00 -100.00 -100.00
  22    37.414 54876.37903958 17.97 124.204485  65.769938  8.525 -100.00 -100.00 -100.00
  23    40.593 54886.29468100 17.15 124.162255  65.765772  7.488 -100.00 -100.00 -100.00
  23    37.751 54886.29468159 18.03 124.168545  65.766238  9.045 -100.00 -100.00 -100.00
  23    37.632 54886.29468218 19.27 124.174835  65.766703 10.958 -100.00 -100.00 -100.00
  23    37.458 54886.29468454 17.73 124.199997  65.768562  8.521 -100.00 -100.00 -100.00
  23    37.143 54886.29468513 18.40 124.206288  65.769026  8.802 -100.00 -100.00 -100.00
  24    41.078 54896.21032290 14.59 124.162137  65.763764  5.016 -100.00 -100.00 -100.00
  24    40.513 54896.21032349 16.09 124.168427  65.764229  6.990 -100.00 -100.00 -100.00
  24    40.047 54896.21032408 15.66 124.174716  65.764695  5.862 -100.00 -100.00 -100.00
  25    41.316 54906.12596256 14.33 124.166398  65.762548  3.661 -100.00 -100.00 -100.00
  25    40.667 54906.12596315 14.51 124.172687  65.763014  4.612 -100.00 -100.00 -100.00
  25    40.862 54906.12596374 14.77 124.178976  65.763479  5.656 -100.00 -100.00 -100.00
  26    42.191 54916.04160078 14.19 124.167440  65.762409  3.697 -100.00 -100.00 -100.00
  26    41.396 54916.04160137 15.00 124.173729  65.762875  4.752 -100.00 -100.00 -100.00
  26    41.185 54916.04160196 14.62 124.180018  65.763340  4.578 -100.00 -100.00 -100.00
  27    42.226 54925.95723827 13.37 124.162680  65.762801  3.197 -100.00 -100.00 -100.00
  27    41.847 54925.95723886 13.47 124.168969  65.763267  3.279 -100.00 -100.00 -100.00
  27    41.756 54925.95723945 13.73 124.175258  65.763732  3.829 -100.00 -100.00 -100.00
  28    42.021 54935.87287561 12.61 124.163665  65.763447  3.470 -100.00 -100.00 -100.00
  28    41.053 54935.87287620 13.30 124.169954  65.763913  5.108 -100.00 -100.00 -100.00
  28    41.484 54935.87287679 13.16 124.176243  65.764378  4.092 -100.00 -100.00 -100.00
  29    40.273 54945.78851100 23.25 124.164540  65.763141  8.526 -100.00 -100.00 -100.00
  29    40.033 54945.78851159 26.22 124.170828  65.763607 15.234 -100.00 -100.00 -100.00
  29    39.841 54945.78851218 30.48 124.177117  65.764072 27.304 -100.00 -100.00 -100.00
  30    36.988 54955.70414361 36.81 124.163629  65.761555   -100 -100.00 -100.00 -100.00
  30    38.102 54955.70414420 37.03 124.169917  65.762021   -100 -100.00 -100.00 -100.00
  30    38.617 54955.70414479 34.88 124.176205  65.762487 26.504 -100.00 -100.00 -100.00
  31    39.930 54965.61979132 38.47 124.163150  65.760573   -100 -100.00 -100.00 -100.00
  31    40.384 54965.61979191 31.41 124.169437  65.761039 18.350 -100.00 -100.00 -100.00
  31    39.832 54965.61979250 38.32 124.175724  65.761504   -100 -100.00 -100.00 -100.00
  32    45.425 54975.53543915 36.10 124.162273  65.760821 27.129 -100.00 -100.00 -100.00
  32    45.371 54975.53543974 29.87 124.168560  65.761286 10.583 -100.00 -100.00 -100.00
  32    45.038 54975.53544033 29.96 124.174848  65.761752  9.846 -100.00 -100.00 -100.00
  33    43.724 54985.45108743 49.20 124.167380  65.762704 29.028 -100.00 -100.00 -100.00
  33    43.583 54985.45108802 53.35 124.173668  65.763170   -100 -100.00 -100.00 -100.00
  33    43.569 54985.45108861 53.44 124.179957  65.763635   -100 -100.00 -100.00 -100.00
  34    45.422 54995.36673495 25.52 124.164321  65.763954  7.717 -100.00 -100.00 -100.00
  34    44.719 54995.36673554 24.71 124.170610  65.764419  7.436 -100.00 -100.00 -100.00
  34    44.453 54995.36673613 24.84 124.176898  65.764885  7.749 -100.00 -100.00 -100.00
  34    45.350 54995.36673908 27.56 124.208346  65.767208 11.880 -100.00 -100.00 -100.00
  35    44.044 55005.28238120 29.16 124.163964  65.764736 19.313 -100.00 -100.00 -100.00
  35    44.174 55005.28238179 22.92 124.170253  65.765202  7.131 -100.00 -100.00 -100.00
  35    43.487 55005.28238238 23.16 124.176542  65.765667  9.201 -100.00 -100.00 -100.00
  35    43.750 55005.28238474 24.48 124.201700  65.767526 11.454 -100.00 -100.00 -100.00
  35    43.778 55005.28238533 27.54 124.207991  65.767990 17.027 -100.00 -100.00 -100.00
  36    42.408 55015.19802531 45.23 124.164414  65.764981 29.946 -100.00 -100.00 -100.00
  36    42.145 55015.19802590 45.99 124.170703  65.765446   -100 -100.00 -100.00 -100.00
  36    42.047 55015.19802649 49.37 124.176992  65.765912   -100 -100.00 -100.00 -100.00
  36    42.099 55015.19802885 54.42 124.202152  65.767771 23.353 -100.00 -100.00 -100.00
  36    42.068 55015.19802944 51.41 124.208442  65.768235  8.265 -100.00 -100.00 -100.00
  37    41.227 55025.11366806 42.84 124.165472  65.765209 25.397 -100.00 -100.00 -100.00
  37    40.703 55025.11366865 47.23 124.171762  65.765675   -100 -100.00 -100.00 -100.00
  37    40.710 55025.11366924 50.40 124.178051  65.766140 16.013 -100.00 -100.00 -100.00
  37    40.571 55025.11367160 31.01 124.203212  65.767999  7.927  249.87  251.29  251.31
  38    43.153 55035.02930991 28.08 124.162237  65.765761 16.597 -100.00 -100.00 -100.00
  38    41.147 55035.02931050 27.77 124.168526  65.766226 19.461 -100.00 -100.00 -100.00
  38    41.068 55035.02931109 30.62 124.174816  65.766692 29.112 -100.00 -100.00 -100.00
  38    41.109 55035.02931345 29.51 124.199976  65.768551 25.460 -100.00 -100.00 -100.00
  38    40.890 55035.02931404 29.57 124.206267  65.769015 26.023 -100.00 -100.00 -100.00
  39    39.882 55044.94495170 45.22 124.166681  65.766514   -100 -100.00 -100.00 -100.00
  39    39.906 55044.94495229 46.76 124.172971  65.766980   -100 -100.00 -100.00 -100.00
  39    39.478 55044.94495524 46.94 124.204421  65.769304 11.043 -100.00 -100.00 -100.00
  40    39.848 55054.86059093 43.89 124.162797  65.765529   -100 -100.00 -100.00 -100.00
  40    39.966 55054.86059152 46.29 124.169086  65.765995   -100 -100.00 -100.00 -100.00
  40    39.746 55054.86059211 49.26 124.175375  65.766461  5.733 -100.00 -100.00 -100.00
  40    39.934 55054.86059448 34.19 124.200533  65.768320 15.673 -100.00 -100.00 -100.00
  40    39.810 55054.86059507 33.53 124.206823  65.768785 14.700 -100.00 -100.00 -100.00
  41    39.978 55064.77622828 31.87 124.163496  65.763660 22.551 -100.00 -100.00 -100.00
  41    40.204 55064.77622887 31.58 124.169784  65.764126 18.057 -100.00 -100.00 -100.00
  41    40.340 55064.77622946 31.57 124.176072  65.764591 17.202 -100.00 -100.00 -100.00
  42    43.112 55074.69187544 25.23 124.163273  65.762252 11.594 -100.00 -100.00 -100.00
  42    42.475 55074.69187603 25.63 124.169560  65.762718 13.538 -100.00 -100.00 -100.00
  42    40.190 55074.69187662 31.13 124.175848  65.763183 30.050 -100.00 -100.00 -100.00
  43    40.743 55084.60752342 42.07 124.164039  65.761887 19.488 -100.00 -100.00 -100.00
  43    39.849 55084.60752401 44.98 124.170327  65.762352   -100 -100.00 -100.00 -100.00
  43    39.763 55084.60752460 51.39 124.176615  65.762818 24.150 -100.00 -100.00 -100.00
  44    40.795 55094.52316960 42.03 124.162011  65.762392 17.288 -100.00 -100.00 -100.00
  44    39.958 55094.52317019 44.08 124.168300  65.762858   -100 -100.00 -100.00 -100.00
  44    39.740 55094.52317078 50.38 124.174588  65.763323 10.763 -100.00 -100.00 -100.00
  45    40.974 55104.43881595 42.81 124.163149  65.763099 21.497 -100.00 -100.00 -100.00
  45    40.698 55104.43881654 45.21 124.169437  65.763564 28.561 -100.00 -100.00 -100.00
  45    40.608 55104.43881713 50.36 124.175726  65.764030   -100 -100.00 -100.00 -100.00
  46    40.942 55114.35446230 41.92 124.166738  65.763495 19.515 -100.00 -100.00 -100.00
  46    40.686 55114.35446289 47.07 124.173026  65.763961 28.314 -100.00 -100.00 -100.00
  46    39.818 55114.35446348 51.69 124.179316  65.764426 27.937 -100.00 -100.00 -100.00
  47    39.450 55124.27010546 40.61 124.162840  65.762497   -100 -100.00 -100.00 -100.00
  47    39.537 55124.27010605 43.17 124.169129  65.762963   -100 -100.00 -100.00 -100.00
  47    39.644 55124.27010664 46.04 124.175418  65.763428   -100 -100.00 -100.00 -100.00
  48    38.411 55134.18574636 41.80 124.164682  65.761803   -100 -100.00 -100.00 -100.00
  48    38.487 55134.18574695 43.16 124.170970  65.762268   -100 -100.00 -100.00 -100.00
  48    38.204 55134.18574754 42.87 124.177260  65.762734   -100 -100.00 -100.00 -100.00
  49    37.680 55144.10138490 35.85 124.164035  65.761295 29.868 -100.00 -100.00 -100.00
  49    37.725 55144.10138549 36.00 124.170324  65.761761 30.863 -100.00 -100.00 -100.00
  49    40.767 55144.10138608 29.96 124.176613  65.762226 12.352 -100.00 -100.00 -100.00
  50    41.397 55154.01702316 27.54 124.166999  65.762118  9.030 -100.00 -100.00 -100.00
  50    40.718 55154.01702375 26.61 124.173288  65.762584  7.294 -100.00 -100.00 -100.00
  50    38.629 55154.01702434 28.98 124.179577  65.763049 11.846 -100.00 -100.00 -100.00
  51    41.986 55163.93266131 24.97 124.165024  65.762908  6.151 -100.00 -100.00 -100.00
  51    40.939 55163.93266190 25.93 124.171313  65.763374  8.127 -100.00 -100.00 -100.00
  51    40.964 55163.93266249 25.80 124.177602  65.763840  7.080 -100.00 -100.00 -100.00
  52    42.175 55173.84829921 22.83 124.163152  65.763686  4.926 -100.00 -100.00 -100.00
  52    41.439 55173.84829980 23.34 124.169441  65.764152  5.351 -100.00 -100.00 -100.00
  52    40.713 55173.84830039 24.30 124.175730  65.764618  6.885 -100.00 -100.00 -100.00
  53    16.813 55183.76393800 16.30 124.167791  65.764243  2.429 -100.00 -100.00 -100.00
  53    20.255 55183.76393859 16.41 124.174079  65.764708  2.042 -100.00 -100.00 -100.00
  54    42.100 55193.67958876 20.76 124.163135  65.764400  3.684 -100.00 -100.00 -100.00
  54    41.632 55193.67958935 21.12 124.169423  65.764866  4.490 -100.00 -100.00 -100.00
  54    40.618 55193.67958995 22.28 124.175712  65.765331  6.189 -100.00 -100.00 -100.00
  54    38.860 55193.67959231 22.60 124.200871  65.767191  6.586 -100.00 -100.00 -100.00
  54    38.266 55193.67959290 22.35 124.207161  65.767655  5.817 -100.00 -100.00 -100.00
  55    41.892 55203.59523868 20.08 124.162664  65.765252  3.570 -100.00 -100.00 -100.00
  55    41.436 55203.59523927 20.62 124.168953  65.765718  4.369 -100.00 -100.00 -100.00
  55    40.501 55203.59523986 21.89 124.175243  65.766183  6.441 -100.00 -100.00 -100.00
  55    39.307 55203.59524222 21.87 124.200402  65.768042  6.713 -100.00 -100.00 -100.00
  55    38.042 55203.59524281 23.12 124.206692  65.768506  8.537 -100.00 -100.00 -100.00
  56    42.228 55213.51088804 19.43 124.163193  65.766347  3.520 -100.00 -100.00 -100.00
  56    41.527 55213.51088863 20.32 124.169483  65.766813  5.081 -100.00 -100.00 -100.00
  56    41.302 55213.51088922 20.46 124.175772  65.767278  5.366 -100.00 -100.00 -100.00
  56    39.473 55213.51089158 20.67 124.200934  65.769136  6.027 -100.00 -100.00 -100.00
  56    38.950 55213.51089217 20.67 124.207224  65.769600  6.144 -100.00 -100.00 -100.00
  57    41.903 55223.42653676 18.39 124.162036  65.766474  4.703 -100.00 -100.00 -100.00
  57    41.419 55223.42653736 19.63 124.168325  65.766939  6.173 -100.00 -100.00 -100.00
  57    41.234 55223.42653795 18.90 124.174615  65.767404  4.772 -100.00 -100.00 -100.00
  57    39.580 55223.42654031 20.19 124.199777  65.769263  6.984 -100.00 -100.00 -100.00
  57    38.773 55223.42654090 19.53 124.206068  65.769727  5.646 -100.00 -100.00 -100.00
  58    41.725 55233.34218412 17.76 124.163185  65.765328  3.713 -100.00 -100.00 -100.00
  58    41.308 55233.34218471 18.02 124.169475  65.765794  4.022 -100.00 -100.00 -100.00
  58    41.284 55233.34218531 18.65 124.175764  65.766259  5.046 -100.00 -100.00 -100.00
  58    39.119 55233.34218767 19.37 124.200926  65.768117  6.104 -100.00 -100.00 -100.00
  58    38.827 55233.34218826 18.55 124.207217  65.768581  5.323 -100.00 -100.00 -100.00
  59    41.376 55243.25782858 17.20 124.167898  65.763531  3.639 -100.00 -100.00 -100.00
  59    41.050 55243.25782917 17.24 124.174187  65.763997  3.889 -100.00 -100.00 -100.00
  60    42.600 55253.17346881 16.36 124.161598  65.761562  3.005 -100.00 -100.00 -100.00
  60    42.066 55253.17346940 16.77 124.167887  65.762027  4.059 -100.00 -100.00 -100.00
  60    40.916 55253.17346999 16.62 124.174176  65.762493  3.474 -100.00 -100.00 -100.00
  60    40.772 55253.17347058 16.64 124.180465  65.762958  4.080 -100.00 -100.00 -100.00
  61    41.358 55263.08910808 15.82 124.167121  65.762049  3.601 -100.00 -100.00 -100.00
  61    41.747 55263.08910867 15.64 124.173410  65.762515  3.053 -100.00 -100.00 -100.00
  61    40.930 55263.08910926 16.25 124.179700  65.762980  4.195 -100.00 -100.00 -100.00
  62    41.914 55273.00474569 15.71 124.164697  65.763156  3.293 -100.00 -100.00 -100.00
  62    41.611 55273.00474628 15.75 124.170986  65.763622  3.661 -100.00 -100.00 -100.00
  62    41.153 55273.00474687 15.68 124.177275  65.764087  3.621 -100.00 -100.00 -100.00
  63    41.948 55282.92038347 15.40 124.167824  65.763958  3.368 -100.00 -100.00 -100.00
  63    41.646 55282.92038406 14.98 124.174113  65.764423  3.198 -100.00 -100.00 -100.00
  64    41.995 55292.83601936 14.49 124.164809  65.762835  2.902 -100.00 -100.00 -100.00
  64    41.980 55292.83601995 14.59 124.171097  65.763300  3.426 -100.00 -100.00 -100.00
  64    41.198 55292.83602054 14.93 124.177386  65.763766  3.864 -100.00 -100.00 -100.00
  65    42.821 55302.75165488 13.87 124.162216  65.760989  2.820 -100.00 -100.00 -100.00
  65    41.881 55302.75165548 14.19 124.168504  65.761455  4.056 -100.00 -100.00 -100.00
  65    41.176 55302.75165607 13.70 124.174792  65.761921  2.863 -100.00 -100.00 -100.00
  66    40.447 55312.66730298 19.66 124.167422  65.760600  6.316 -100.00 -100.00 -100.00
  66    40.470 55312.66730357 20.98 124.173709  65.761066  7.252 -100.00 -100.00 -100.00
  66    40.677 55312.66730416 21.08 124.179997  65.761531  8.145 -100.00 -100.00 -100.00
  67    36.861 55322.58294826 40.05 124.165902  65.761212   -100 -100.00 -100.00 -100.00
  67    36.720 55322.58294885 43.22 124.172189  65.761677   -100 -100.00 -100.00 -100.00
  67    38.084 55322.58294944 40.49 124.178477  65.762143   -100 -100.00 -100.00 -100.00
  68    37.948 55332.49859268 43.40 124.167834  65.762957  9.056 -100.00 -100.00 -100.00
  68    37.973 55332.49859327 43.36 124.174122  65.763423  4.302 -100.00 -100.00 -100.00
  69    46.270 55342.41423686 54.22 124.167727  65.764312   -100 -100.00 -100.00 -100.00
  69    46.235 55342.41423745 54.09 124.174016  65.764777   -100 -100.00 -100.00 -100.00
  69    45.985 55342.41424041 53.68 124.205462  65.767101 10.355 -100.00 -100.00 -100.00
  70    44.190 55352.32988031 32.92 124.163076  65.764176 30.248 -100.00 -100.00 -100.00
  70    44.477 55352.32988090 25.43 124.169365  65.764642  9.873 -100.00 -100.00 -100.00
  70    44.117 55352.32988149 25.10 124.175654  65.765107  9.956 -100.00 -100.00 -100.00
  70    44.593 55352.32988444 27.81 124.207101  65.767431 14.653 -100.00 -100.00 -100.00
  71    44.326 55362.24552210 27.22 124.164147  65.764029 15.792 -100.00 -100.00 -100.00
  71    44.139 55362.24552269 24.20 124.170436  65.764495 12.318 -100.00 -100.00 -100.00
  71    43.763 55362.24552328 24.10 124.176725  65.764961 11.831 -100.00 -100.00 -100.00
  71    44.631 55362.24552624 28.24 124.208173  65.767284 21.570 -100.00 -100.00 -100.00
  72    43.956 55372.16116165 33.02 124.162474  65.764084 15.915 -100.00 -100.00 -100.00
  72    41.354 55372.16116224 31.27 124.168763  65.764550 11.849 -100.00 -100.00 -100.00
  72    41.449 55372.16116283 39.05 124.175052  65.765015   -100 -100.00 -100.00 -100.00
  72    41.217 55372.16116578 38.47 124.206500  65.767339 29.470 -100.00 -100.00 -100.00
  73    42.398 55382.07680015 44.14 124.164374  65.765133 17.271 -100.00 -100.00 -100.00
  73    42.106 55382.07680074 45.49 124.170663  65.765598 20.328 -100.00 -100.00 -100.00
  73    41.354 55382.07680133 52.07 124.176952  65.766064   -100 -100.00 -100.00 -100.00
  73    41.076 55382.07680369 52.44 124.202112  65.767923 10.114 -100.00 -100.00 -100.00
  73    41.212 55382.07680428 54.06 124.208402  65.768387   -100 -100.00 -100.00 -100.00
  74    42.133 55391.99243774 45.60 124.164550  65.766090   -100 -100.00 -100.00 -100.00
  74    42.391 55391.99243833 48.40 124.170839  65.766556   -100 -100.00 -100.00 -100.00
  74    42.114 55391.99243892 51.32 124.177129  65.767021   -100 -100.00 -100.00 -100.00
  74    42.131 55391.99244128 48.29 124.202288  65.768881   -100 -100.00 -100.00 -100.00
  74    42.005 55391.99244188 49.25 124.208579  65.769345  2.660 -100.00 -100.00 -100.00
  75    44.228 55401.90807363 25.03 124.162080  65.765698 12.567 -100.00 -100.00 -100.00
  75    42.869 55401.90807422 26.13 124.168368  65.766165 13.714 -100.00 -100.00 -100.00
  75    41.482 55401.90807481 27.42 124.174657  65.766630 16.538 -100.00 -100.00 -100.00
  75    40.999 55401.90807717 29.06 124.199816  65.768491 20.872 -100.00 -100.00 -100.00
  75    43.298 55401.90807776 28.86 124.206106  65.768955 21.580 -100.00 -100.00 -100.00
  76    39.281 55411.82372406 36.35 124.162933  65.764134 22.539 -100.00 -100.00 -100.00
  76    39.636 55411.82372465 40.07 124.169221  65.764600 24.722 -100.00 -100.00 -100.00
  76    39.589 55411.82372524 39.74 124.175510  65.765065 30.447 -100.00 -100.00 -100.00
  76    39.301 55411.82372820 45.28 124.206956  65.767390   -100  237.45  239.19  240.03
  77    41.146 55421.73937389 26.19 124.166633  65.762072 15.632 -100.00 -100.00 -100.00
  77    41.044 55421.73937448 25.01 124.172921  65.762538 13.256 -100.00 -100.00 -100.00
  77    41.130 55421.73937507 25.60 124.179209  65.763003 11.636 -100.00 -100.00 -100.00
  78    43.755 55431.65502043 23.60 124.164795  65.760596  8.138 -100.00 -100.00 -100.00
  78    42.853 55431.65502102 23.48 124.171082  65.761061  8.828 -100.00 -100.00 -100.00
  78    42.046 55431.65502162 24.06 124.177369  65.761527  9.980 -100.00 -100.00 -100.00
  79    43.274 55441.57066505 25.28 124.164170  65.761483  8.351 -100.00 -100.00 -100.00
  79    42.643 55441.57066564 26.33 124.170457  65.761949 11.908 -100.00 -100.00 -100.00
  79    42.397 55441.57066623 24.76 124.176745  65.762414  9.084 -100.00 -100.00 -100.00
  80    41.081 55451.48630856 42.32 124.167479  65.763471 19.472 -100.00 -100.00 -100.00
  80    40.060 55451.48630915 46.49 124.173767  65.763937 18.702 -100.00 -100.00 -100.00
  81    43.763 55461.40195064 26.59 124.163217  65.764114  8.258 -100.00 -100.00 -100.00
  81    40.233 55461.40195123 29.91 124.169506  65.764580 13.828 -100.00 -100.00 -100.00
  81    39.745 55461.40195182 33.27 124.175795  65.765045 23.566 -100.00 -100.00 -100.00
  81    39.385 55461.40195477 33.42 124.207243  65.767368 24.622  231.34  230.31  236.42
  82    43.318 55471.31759177 26.73 124.164617  65.763115 12.992 -100.00 -100.00 -100.00
  82    42.526 55471.31759236 27.35 124.170906  65.763581 15.121 -100.00 -100.00 -100.00
  82    42.477 55471.31759295 24.25 124.177195  65.764046  8.368 -100.00 -100.00 -100.00
  83    41.131 55481.23323004 28.71 124.166957  65.761375 11.864 -100.00 -100.00 -100.00
  83    41.646 55481.23323063 27.94 124.173245  65.761840 11.487 -100.00 -100.00 -100.00
  83    37.780 55481.23323122 31.03 124.179534  65.762306 17.341 -100.00 -100.00 -100.00
  84    37.663 55491.14886517 39.90 124.161078  65.759683   -100 -100.00 -100.00 -100.00
  84    37.786 55491.14886576 41.98 124.167366  65.760149   -100 -100.00 -100.00 -100.00
  84    37.691 55491.14886635 45.57 124.173654  65.760615   -100 -100.00 -100.00 -100.00
  84    37.750 55491.14886694 41.53 124.179943  65.761080   -100 -100.00 -100.00 -100.00
  85    37.607 55501.06449932 33.58 124.165094  65.760707 29.484 -100.00 -100.00 -100.00
  85    37.648 55501.06449991 32.31 124.171383  65.761173 24.169 -100.00 -100.00 -100.00
  85    37.634 55501.06450050 32.11 124.177672  65.761638 25.003 -100.00 -100.00 -100.00
  86    37.847 55510.98014270 30.83 124.166042  65.762904 24.054 -100.00 -100.00 -100.00
  86    37.600 55510.98014329 28.66 124.172331  65.763369 19.256 -100.00 -100.00 -100.00
  86    37.379 55510.98014388 27.59 124.178620  65.763835 15.183 -100.00 -100.00 -100.00
  87    37.920 55520.89579235 23.40 124.165188  65.764622 12.349 -100.00 -100.00 -100.00
  87    37.947 55520.89579295 23.02 124.171478  65.765088 11.866 -100.00 -100.00 -100.00
  87    37.899 55520.89579354 22.16 124.177767  65.765553  9.190 -100.00 -100.00 -100.00
  87    37.099 55520.89579590 22.70 124.202927  65.767412 10.819 -100.00 -100.00 -100.00
  87    36.833 55520.89579649 22.15 124.209218  65.767877  9.671 -100.00 -100.00 -100.00
  88    38.375 55530.81144110 20.00 124.166865  65.765196  7.446 -100.00 -100.00 -100.00
  88    38.017 55530.81144169 22.03 124.173154  65.765662 10.979 -100.00 -100.00 -100.00
  88    37.244 55530.81144464 22.27 124.204604  65.767986 10.206 -100.00 -100.00 -100.00
  89    38.325 55540.72708808 20.52 124.167758  65.764696  8.736 -100.00 -100.00 -100.00
  89    38.042 55540.72708867 22.76 124.174047  65.765162 12.559 -100.00 -100.00 -100.00
  89    37.261 55540.72709162 22.18 124.205496  65.767485 10.723 -100.00 -100.00 -100.00
  90    40.576 55550.64273250 16.37 124.164056  65.764150  4.385 -100.00 -100.00 -100.00
  90    38.981 55550.64273309 17.60 124.170345  65.764616  6.552 -100.00 -100.00 -100.00
  90    40.201 55550.64273368 17.64 124.176634  65.765081  6.079 -100.00 -100.00 -100.00
  90    36.961 55550.64273663 19.15 124.208082  65.767404  7.901 -100.00 -100.00 -100.00
  91    41.735 55560.55837589 15.07 124.165568  65.765110  4.078 -100.00 -100.00 -100.00
  91    41.340 55560.55837648 15.21 124.171857  65.765576  4.362 -100.00 -100.00 -100.00
  91    40.276 55560.55837707 16.70 124.178146  65.766041  6.282 -100.00 -100.00 -100.00
  91    37.416 55560.55837943 17.20 124.203306  65.767899  6.042 -100.00 -100.00 -100.00
  92    42.208 55570.47401842 14.35 124.166279  65.766431  4.598 -100.00 -100.00 -100.00
  92    41.753 55570.47401901 14.08 124.172569  65.766896  3.327 -100.00 -100.00 -100.00
  92    38.220 55570.47402197 15.02 124.204020  65.769220  4.877 -100.00 -100.00 -100.00
  93    42.060 55580.38965994 13.34 124.167684  65.766586  3.387 -100.00 -100.00 -100.00
  93    41.741 55580.38966053 13.67 124.173974  65.767052  3.501 -100.00 -100.00 -100.00
  93    39.699 55580.38966349 14.15 124.205426  65.769375  4.036 -100.00 -100.00 -100.00
  94    42.479 55590.30529831 12.79 124.166803  65.764473  2.662 -100.00 -100.00 -100.00
  94    41.606 55590.30529890 12.85 124.173092  65.764939  3.136 -100.00 -100.00 -100.00
  94    41.393 55590.30529949 13.34 124.179382  65.765404  3.272 -100.00 -100.00 -100.00
  94    38.741 55590.30530185 13.38 124.204543  65.767263  3.676 -100.00 -100.00 -100.00
  95    42.422 55600.22093346 12.34 124.165553  65.761358  2.819 -100.00 -100.00 -100.00
  95    41.753 55600.22093405 12.70 124.171842  65.761824  3.297 -100.00 -100.00 -100.00
  95    41.454 55600.22093464 12.57 124.178131  65.762289  3.103 -100.00 -100.00 -100.00
  96    42.317 55610.13656660 12.65 124.166684  65.759661  3.301 -100.00 -100.00 -100.00
  96    42.090 55610.13656719 12.55 124.172973  65.760126  3.409 -100.00 -100.00 -100.00
  96    41.398 55610.13656778 12.54 124.179261  65.760592  3.169 -100.00 -100.00 -100.00
  97    42.833 55620.05219794 12.07 124.161995  65.760041  2.686 -100.00 -100.00 -100.00
  97    42.460 55620.05219853 11.93 124.168283  65.760507  2.918 -100.00 -100.00 -100.00
  97    41.633 55620.05219912 12.17 124.174571  65.760973  2.907 -100.00 -100.00 -100.00
  97    41.560 55620.05219971 12.07 124.180860  65.761438  2.869 -100.00 -100.00 -100.00
  98    42.223 55629.96784909 11.69 124.164213  65.762804  2.399 -100.00 -100.00 -100.00
  98    41.852 55629.96784968 11.97 124.170502  65.763270  3.619 -100.00 -100.00 -100.00
  98    41.404 55629.96785027 12.10 124.176791  65.763736  3.248 -100.00 -100.00 -100.00
  99    42.358 55639.88349994 11.10 124.163128  65.764069  2.605 -100.00 -100.00 -100.00
  99    42.716 55639.88350053 10.88 124.169417  65.764535  2.644 -100.00 -100.00 -100.00
  99    41.824 55639.88350112 10.97 124.175706  65.765000  2.600 -100.00 -100.00 -100.00
  99    39.371 55639.88350407 11.32 124.207154  65.767324  3.862 -100.00 -100.00 -100.00
 100    42.480 55649.79914842 10.68 124.163647  65.763075  2.647 -100.00 -100.00 -100.00
 100    41.834 55649.79914901 10.85 124.169935  65.763541  2.611 -100.00 -100.00 -100.00
 100    41.725 55649.79914960 10.79 124.176224  65.764006  2.861 -100.00 -100.00 -100.00
 101    42.865 55659.71479337 10.19 124.162904  65.760705  2.486 -100.00 -100.00 -100.00
 101    42.404 55659.71479396 10.65 124.169191  65.761170  3.297 -100.00 -100.00 -100.00
 101    42.207 55659.71479455 10.36 124.175479  65.761636  2.949 -100.00 -100.00 -100.00
 102    43.688 55669.63043483 10.51 124.162722  65.759615  2.650 -100.00 -100.00 -100.00
 102    43.687 55669.63043542 10.37 124.169009  65.760081  2.541 -100.00 -100.00 -100.00
 102    43.204 55669.63043601 10.46 124.175297  65.760546  2.665 -100.00 -100.00 -100.00
 103    36.922 55679.54607477 33.47 124.167288  65.761191   -100 -100.00 -100.00 -100.00
 103    37.007 55679.54607536 33.13 124.173576  65.761657 31.803 -100.00 -100.00 -100.00
 103    39.066 55679.54607595 30.26 124.179864  65.762122 17.563 -100.00 -100.00 -100.00
 104    44.452 55689.46171205 28.90 124.163485  65.763326 17.163 -100.00 -100.00 -100.00
 104    44.051 55689.46171264 28.86 124.169773  65.763792 19.111 -100.00 -100.00 -100.00
 104    37.718 55689.46171324 29.87 124.176061  65.764258 21.377 -100.00 -100.00 -100.00
 105    44.024 55699.37734814 39.48 124.162975  65.764911 31.279 -100.00 -100.00 -100.00
 105    42.530 55699.37734873 45.09 124.169263  65.765377   -100 -100.00 -100.00 -100.00
 105    42.631 55699.37734932 44.54 124.175552  65.765842   -100 -100.00 -100.00 -100.00
 105    42.408 55699.37735168 43.41 124.200710  65.767702   -100 -100.00 -100.00 -100.00
 105    42.379 55699.37735227 40.86 124.207000  65.768167   -100  244.56  244.98  249.74
 106    44.363 55709.29298623 31.42 124.163398  65.764856 22.534 -100.00 -100.00 -100.00
 106    44.728 55709.29298682 26.42 124.169687  65.765322  9.787 -100.00 -100.00 -100.00
 106    43.396 55709.29298741 28.81 124.175976  65.765787 17.485 -100.00 -100.00 -100.00
 106    42.148 55709.29298977 31.01 124.201135  65.767648 25.039 -100.00 -100.00 -100.00
 106    44.772 55709.29299036 27.74 124.207425  65.768112 13.124 -100.00 -100.00 -100.00
 107    44.238 55719.20863678 28.73 124.163854  65.764144 13.526 -100.00 -100.00 -100.00
 107    41.236 55719.20863737 32.01 124.170143  65.764610 26.658 -100.00 -100.00 -100.00
 107    41.532 55719.20863797 35.52 124.176432  65.765076   -100 -100.00 -100.00 -100.00
 107    43.782 55719.20864092 31.05 124.207880  65.767400 21.298 -100.00 -100.00 -100.00
 108    43.075 55729.12428492 43.34 124.163766  65.763972 21.888 -100.00 -100.00 -100.00
 108    43.032 55729.12428551 44.34 124.170054  65.764438 24.965 -100.00 -100.00 -100.00
 108    42.718 55729.12428610 48.45 124.176344  65.764903   -100 -100.00 -100.00 -100.00
 108    42.586 55729.12428905 49.76 124.207793  65.767227   -100  239.79  237.97  243.03
 109    42.220 55739.03993188 42.28 124.165975  65.764802 17.072 -100.00 -100.00 -100.00
 109    41.367 55739.03993247 47.60 124.172264  65.765267   -100 -100.00 -100.00 -100.00
 109    41.540 55739.03993306 50.70 124.178554  65.765733   -100 -100.00 -100.00 -100.00
 109    41.392 55739.03993542 50.93 124.203713  65.767591   -100 -100.00 -100.00 -100.00
 110    43.916 55748.95557748 26.19 124.166890  65.765779 13.987 -100.00 -100.00 -100.00
 110    43.364 55748.95557807 24.12 124.173180  65.766245 10.175 -100.00 -100.00 -100.00
 110    39.894 55748.95558102 28.33 124.204629  65.768569 17.147 -100.00 -100.00 -100.00
 111    40.157 55758.87122050 42.71 124.165682  65.765585   -100 -100.00 -100.00 -100.00
 111    40.339 55758.87122109 41.37 124.171971  65.766051   -100 -100.00 -100.00 -100.00
 111    40.411 55758.87122168 42.29 124.178260  65.766516   -100 -100.00 -100.00 -100.00
 111    39.946 55758.87122404 37.37 124.203419  65.768375 26.866  250.57  256.17  251.95
 112    39.865 55768.78686074 41.33 124.165178  65.764007 14.812 -100.00 -100.00 -100.00
 112    38.575 55768.78686133 47.44 124.171467  65.764473   -100 -100.00 -100.00 -100.00
 112    38.362 55768.78686192 52.89 124.177755  65.764938   -100 -100.00 -100.00 -100.00
 112    38.611 55768.78686487 46.47 124.209201  65.767261   -100 -100.00 -100.00 -100.00
 113    39.227 55778.70249766 43.39 124.163597  65.761483 30.978 -100.00 -100.00 -100.00
 113    39.294 55778.70249825 43.42 124.169884  65.761949 28.329 -100.00 -100.00 -100.00
 113    38.945 55778.70249884 48.46 124.176172  65.762415   -100 -100.00 -100.00 -100.00
 114    40.773 55788.61813236 48.90 124.165040  65.760004   -100 -100.00 -100.00 -100.00
 114    40.906 55788.61813295 35.81 124.171328  65.760470   -100 -100.00 -100.00 -100.00
 114    40.632 55788.61813354 33.42 124.177615  65.760935   -100 -100.00 -100.00 -100.00
 115    40.269 55798.53376539 44.36 124.161368  65.760203 28.259 -100.00 -100.00 -100.00
 115    40.479 55798.53376598 46.51 124.167656  65.760669 25.649 -100.00 -100.00 -100.00
 115    39.914 55798.53376657 51.40 124.173943  65.761135  1.467 -100.00 -100.00 -100.00
 115    39.713 55798.53376716 54.09 124.180230  65.761600 24.244 -100.00 -100.00 -100.00
 116    38.894 55808.44941107 41.58 124.166989  65.762469   -100 -100.00 -100.00 -100.00
 116    38.948 55808.44941166 38.00 124.173277  65.762935   -100 -100.00 -100.00 -100.00
 116    39.179 55808.44941225 33.97 124.179565  65.763400 27.307 -100.00 -100.00 -100.00
 117    40.055 55818.36506011 43.42 124.166882  65.763969 32.534 -100.00 -100.00 -100.00
 117    40.089 55818.36506070 48.63 124.173170  65.764435   -100 -100.00 -100.00 -100.00
 117    39.760 55818.36506129 53.47 124.179459  65.764900   -100 -100.00 -100.00 -100.00
 118    42.926 55828.28070499 21.94 124.166402  65.763313  7.889 -100.00 -100.00 -100.00
 118    42.783 55828.28070558 22.13 124.172691  65.763779  7.860 -100.00 -100.00 -100.00
 118    41.874 55828.28070617 23.05 124.178980  65.764245 11.064 -100.00 -100.00 -100.00
 119    43.094 55838.19634540 24.92 124.165474  65.761393  9.314 -100.00 -100.00 -100.00
 119    42.301 55838.19634599 23.50 124.171762  65.761859  6.975 -100.00 -100.00 -100.00
 119    41.992 55838.19634658 24.63 124.178051  65.762325  8.175 -100.00 -100.00 -100.00
 120    38.587 55848.11198296 35.09 124.166898  65.760084   -100 -100.00 -100.00 -100.00
 120    38.390 55848.11198355 33.26 124.173187  65.760550 28.161 -100.00 -100.00 -100.00
 120    38.709 55848.11198414 30.99 124.179475  65.761016 18.098 -100.00 -100.00 -100.00
 121    38.032 55858.02761819 39.60 124.165917  65.760871   -100 -100.00 -100.00 -100.00
 121    37.784 55858.02761878 43.69 124.172206  65.761337  3.459 -100.00 -100.00 -100.00
 121    38.047 55858.02761937 44.03 124.178495  65.761802   -100 -100.00 -100.00 -100.00
 122    38.183 55867.94326428 36.87 124.162104  65.763093 32.626 -100.00 -100.00 -100.00
 122    38.175 55867.94326487 36.35 124.168393  65.763559   -100 -100.00 -100.00 -100.00
 122    37.891 55867.94326546 38.98 124.174682  65.764025   -100 -100.00 -100.00 -100.00
 123    42.952 55877.85891650 16.31 124.165564  65.765540  4.744 -100.00 -100.00 -100.00
 123    41.909 55877.85891709 17.45 124.171854  65.766006  7.670 -100.00 -100.00 -100.00
 123    41.652 55877.85891768 15.44 124.178143  65.766471  4.119 -100.00 -100.00 -100.00
 123    39.609 55877.85892005 16.31 124.203304  65.768331  5.962 -100.00 -100.00 -100.00
 124    42.413 55887.77456209 14.28 124.167941  65.766089  3.241 -100.00 -100.00 -100.00
 124    42.577 55887.77456268 14.33 124.174231  65.766555  4.180 -100.00 -100.00 -100.00
 124    41.193 55887.77456504 15.16 124.199391  65.768415  4.813 -100.00 -100.00 -100.00
 124    40.208 55887.77456563 14.67 124.205681  65.768880  4.390 -100.00 -100.00 -100.00
 125    42.901 55897.69020140 14.54 124.165078  65.764963  3.844 -100.00 -100.00 -100.00
 125    42.544 55897.69020199 14.35 124.171367  65.765429  3.795 -100.00 -100.00 -100.00
 125    42.275 55897.69020258 14.18 124.177656  65.765895  3.866 -100.00 -100.00 -100.00
 125    41.507 55897.69020494 14.09 124.202815  65.767754  4.034 -100.00 -100.00 -100.00
 125    41.150 55897.69020553 14.41 124.209105  65.768219  4.599 -100.00 -100.00 -100.00
 126    42.584 55907.60583600 14.88 124.165617  65.764007  4.068 -100.00 -100.00 -100.00
 126    42.708 55907.60583659 14.50 124.171906  65.764473  3.776 -100.00 -100.00 -100.00
 126    42.748 55907.60583718 14.32 124.178195  65.764939  3.825 -100.00 -100.00 -100.00
 127    42.900 55917.52148284 14.66 124.163801  65.764213  3.938 -100.00 -100.00 -100.00
 127    42.748 55917.52148343 14.40 124.170090  65.764679  3.474 -100.00 -100.00 -100.00
 127    42.102 55917.52148403 14.42 124.176379  65.765145  3.865 -100.00 -100.00 -100.00
 127    39.855 55917.52148698 14.21 124.207827  65.767469  3.768 -100.00 -100.00 -100.00
 128    42.694 55927.43713647 13.94 124.167196  65.765238  3.697 -100.00 -100.00 -100.00
 128    42.030 55927.43713706 13.97 124.173485  65.765703  4.306 -100.00 -100.00 -100.00
 128    41.162 55927.43714002 13.24 124.204935  65.768027  3.932 -100.00 -100.00 -100.00
 129    42.535 55937.35278607 13.82 124.164441  65.764988  4.220 -100.00 -100.00 -100.00
 129    42.238 55937.35278666 13.72 124.170730  65.765454  3.603 -100.00 -100.00 -100.00
 129    41.649 55937.35278725 13.58 124.177020  65.765919  3.699 -100.00 -100.00 -100.00
 129    41.569 55937.35278961 13.19 124.202181  65.767779  3.485 -100.00 -100.00 -100.00
 129    40.424 55937.35279020 12.91 124.208472  65.768243  3.826 -100.00 -100.00 -100.00
 130    42.400 55947.26843103 13.37 124.165542  65.763546  3.508 -100.00 -100.00 -100.00
 130    42.125 55947.26843163 13.20 124.171832  65.764011  3.540 -100.00 -100.00 -100.00
 130    41.995 55947.26843222 12.66 124.178121  65.764477  3.038 -100.00 -100.00 -100.00
 131    42.808 55957.18407098 13.10 124.161930  65.761387  2.976 -100.00 -100.00 -100.00
 131    42.497 55957.18407157 13.06 124.168219  65.761853  3.378 -100.00 -100.00 -100.00
 131    42.185 55957.18407216 12.72 124.174508  65.762318  3.498 -100.00 -100.00 -100.00
 132    43.067 55967.09970878 12.78 124.161843  65.760475  3.013 -100.00 -100.00 -100.00
 132    42.468 55967.09970937 12.86 124.168131  65.760941  3.477 -100.00 -100.00 -100.00
 132    42.100 55967.09970996 12.34 124.174420  65.761407  2.906 -100.00 -100.00 -100.00
 132    42.132 55967.09971055 12.16 124.180709  65.761872  2.926 -100.00 -100.00 -100.00
 133    42.474 55977.01534577 13.51 124.162397  65.761253  4.321 -100.00 -100.00 -100.00
 133    42.354 55977.01534636 12.85 124.168686  65.761719  3.719 -100.00 -100.00 -100.00
 133    42.009 55977.01534695 13.17 124.174975  65.762184  4.272 -100.00 -100.00 -100.00
 134    42.543 55986.93098211 12.90 124.163363  65.762565  3.639 -100.00 -100.00 -100.00
 134    42.332 55986.93098270 12.37 124.169652  65.763031  2.847 -100.00 -100.00 -100.00
 134    41.929 55986.93098329 13.10 124.175940  65.763496  4.175 -100.00 -100.00 -100.00
 135    42.508 55996.84661992 12.06 124.162196  65.762971  3.286 -100.00 -100.00 -100.00
 135    42.718 55996.84662051 11.73 124.168485  65.763438  3.034 -100.00 -100.00 -100.00
 135    42.052 55996.84662111 11.94 124.174773  65.763903  3.585 -100.00 -100.00 -100.00
 136    42.590 56006.76227157 11.96 124.164271  65.762608  3.157 -100.00 -100.00 -100.00
 136    42.350 56006.76227216 11.79 124.170559  65.763074  3.294 -100.00 -100.00 -100.00
 136    42.272 56006.76227275 11.67 124.176848  65.763540  3.200 -100.00 -100.00 -100.00
 137    42.545 56016.67791898 11.98 124.165385  65.761485  3.242 -100.00 -100.00 -100.00
 137    42.407 56016.67791957 11.74 124.171673  65.761951  2.903 -100.00 -100.00 -100.00
 137    42.374 56016.67792016 11.72 124.177961  65.762417  3.138 -100.00 -100.00 -100.00
 138    42.703 56026.59356345 11.60 124.165752  65.761350  3.345 -100.00 -100.00 -100.00
 138    42.318 56026.59356404 11.14 124.172040  65.761815  2.599 -100.00 -100.00 -100.00
 138    42.094 56026.59356463 11.19 124.178328  65.762280  2.845 -100.00 -100.00 -100.00
 139    42.691 56036.50920610 11.43 124.163621  65.762387  4.268 -100.00 -100.00 -100.00
 139    42.430 56036.50920669 10.65 124.169909  65.762852  3.024 -100.00 -100.00 -100.00
 139    41.958 56036.50920728 11.16 124.176197  65.763318  4.399 -100.00 -100.00 -100.00
 140    42.763 56046.42484720  9.01 124.165926  65.764293  3.289 -100.00 -100.00 -100.00
 140    42.572 56046.42484779  8.99 124.172214  65.764759  2.979 -100.00 -100.00 -100.00
 140    42.485 56046.42484838  8.84 124.178503  65.765224  3.140 -100.00 -100.00 -100.00
 141    37.021 56056.34048535 43.48 124.166898  65.765511   -100 -100.00 -100.00 -100.00
 141    37.173 56056.34048594 46.50 124.173187  65.765977   -100 -100.00 -100.00 -100.00
 141    36.824 56056.34048889 44.80 124.204636  65.768301   -100 -100.00 -100.00 -100.00
 142    44.927 56066.25611915 37.03 124.166752  65.765466 23.040 -100.00 -100.00 -100.00
 142    44.635 56066.25611974 36.60 124.173041  65.765932 24.068 -100.00 -100.00 -100.00
 142    45.091 56066.25612269 46.09 124.204490  65.768258   -100  240.84  240.31  244.86
 143    45.453 56076.17176623 54.04 124.166176  65.765036 20.393 -100.00 -100.00 -100.00
 143    45.462 56076.17176682 55.04 124.172465  65.765502 23.501 -100.00 -100.00 -100.00
 143    45.484 56076.17176741 57.12 124.178755  65.765968 31.847 -100.00 -100.00 -100.00
 143    45.617 56076.17176977 53.47 124.203914  65.767828   -100 -100.00 -100.00 -100.00
 144    44.468 56086.08741551 27.32 124.167541  65.765120 12.462 -100.00 -100.00 -100.00
 144    44.356 56086.08741610 24.44 124.173830  65.765585  8.903 -100.00 -100.00 -100.00
 144    44.432 56086.08741905 31.94 124.205279  65.767909 28.889 -100.00 -100.00 -100.00
 145    44.068 56096.00306206 28.97 124.165535  65.764996  5.465 -100.00 -100.00 -100.00
 145    42.508 56096.00306265 29.12 124.171824  65.765462  5.878 -100.00 -100.00 -100.00
 145    42.707 56096.00306324 30.20 124.178114  65.765927  6.758 -100.00 -100.00 -100.00
 145    42.997 56096.00306560 31.58 124.203273  65.767786  7.318 -100.00 -100.00 -100.00
 146    42.018 56105.91870633 44.29 124.162055  65.764527 30.343 -100.00 -100.00 -100.00
 146    42.605 56105.91870692 44.50 124.168343  65.764993 17.307 -100.00 -100.00 -100.00
 146    41.756 56105.91870751 51.95 124.174632  65.765459  5.480 -100.00 -100.00 -100.00
 146    41.786 56105.91870987 53.05 124.199790  65.767318   -100 -100.00 -100.00 -100.00
 146    41.667 56105.91871046 53.98 124.206080  65.767782  2.191 -100.00 -100.00 -100.00
 147    42.676 56115.83433688 46.74 124.166834  65.763903 29.234 -100.00 -100.00 -100.00
 147    42.185 56115.83433747 50.73 124.173122  65.764369   -100 -100.00 -100.00 -100.00
 147    42.015 56115.83433806 55.13 124.179410  65.764834   -100 -100.00 -100.00 -100.00
 148    43.325 56125.74997454 27.66 124.163878  65.762507 13.112 -100.00 -100.00 -100.00
 148    42.522 56125.74997513 25.20 124.170166  65.762973  9.301 -100.00 -100.00 -100.00
 148    41.418 56125.74997572 29.21 124.176454  65.763438 15.797 -100.00 -100.00 -100.00
 149    43.892 56135.66560864 24.83 124.165197  65.761395 13.524 -100.00 -100.00 -100.00
 149    43.215 56135.66560923 22.49 124.171484  65.761861  9.818 -100.00 -100.00 -100.00
 149    42.121 56135.66560982 23.88 124.177771  65.762327 12.699 -100.00 -100.00 -100.00
 150    42.813 56145.58125105 28.88 124.165892  65.761356 13.735 -100.00 -100.00 -100.00
 150    42.292 56145.58125164 29.00 124.172179  65.761822 13.790 -100.00 -100.00 -100.00
 150    42.456 56145.58125223 26.15 124.178467  65.762287  7.498 -100.00 -100.00 -100.00
 151    43.280 56155.49690054 27.94 124.162306  65.761838 10.260 -100.00 -100.00 -100.00
 151    41.183 56155.49690113 26.91 124.168594  65.762304  9.560 -100.00 -100.00 -100.00
 151    41.329 56155.49690172 29.28 124.174882  65.762770 12.247 -100.00 -100.00 -100.00
 152    44.060 56165.41254992 24.23 124.167879  65.763184 11.406 -100.00 -100.00 -100.00
 152    41.603 56165.41255051 25.39 124.174168  65.763650 13.144 -100.00 -100.00 -100.00
 153    44.019 56175.32819648 23.09 124.167248  65.763406 10.081 -100.00 -100.00 -100.00
 153    43.603 56175.32819707 23.30 124.173537  65.763871 10.482 -100.00 -100.00 -100.00
 153    41.581 56175.32819766 26.12 124.179826  65.764337 16.030 -100.00 -100.00 -100.00
 154    44.256 56185.24383771 24.46 124.164446  65.762718 10.097 -100.00 -100.00 -100.00
 154    43.776 56185.24383830 24.52 124.170735  65.763184 12.274 -100.00 -100.00 -100.00
 154    42.727 56185.24383889 24.48 124.177024  65.763650 10.794 -100.00 -100.00 -100.00
 155    44.062 56195.15947566 22.63 124.167148  65.762077  7.266 -100.00 -100.00 -100.00
 155    43.235 56195.15947625 22.85 124.173436  65.762543  8.087 -100.00 -100.00 -100.00
 155    41.409 56195.15947684 24.69 124.179725  65.763008 12.510 -100.00 -100.00 -100.00
 156    43.547 56205.07511015 26.55 124.164257  65.761870  9.404 -100.00 -100.00 -100.00
 156    43.184 56205.07511074 28.07 124.170545  65.762336 16.032 -100.00 -100.00 -100.00
 156    42.754 56205.07511133 25.52 124.176834  65.762802  9.121 -100.00 -100.00 -100.00
 157    39.576 56214.99074334 39.45 124.162967  65.762808 22.497 -100.00 -100.00 -100.00
 157    39.076 56214.99074393 44.87 124.169256  65.763274   -100 -100.00 -100.00 -100.00
 157    39.102 56214.99074452 48.20 124.175545  65.763739 14.514 -100.00 -100.00 -100.00
 158    39.302 56224.90638124 42.52 124.168101  65.764697 23.627 -100.00 -100.00 -100.00
 158    38.564 56224.90638183 50.21 124.174390  65.765163 17.581 -100.00 -100.00 -100.00
 158    38.489 56224.90638478 34.77 124.205839  65.767488 16.742 -100.00 -100.00 -100.00
 159    42.079 56234.82203639 23.74 124.162578  65.765240  6.056 -100.00 -100.00 -100.00
 159    41.346 56234.82203698 24.94 124.168867  65.765706  8.055 -100.00 -100.00 -100.00
 159    38.527 56234.82203757 30.45 124.175157  65.766172 17.686 -100.00 -100.00 -100.00
 159    38.384 56234.82203993 27.83 124.200316  65.768032 11.153 -100.00 -100.00 -100.00
 159    38.520 56234.82204052 27.99 124.206606  65.768496 10.141 -100.00 -100.00 -100.00
 160    42.159 56244.73768830 21.58 124.164670  65.765367  4.413 -100.00 -100.00 -100.00
 160    42.003 56244.73768889 21.36 124.170959  65.765833  4.456 -100.00 -100.00 -100.00
 160    41.891 56244.73768948 22.60 124.177248  65.766298  6.149 -100.00 -100.00 -100.00
 160    39.479 56244.73769184 23.36 124.202407  65.768158  6.863 -100.00 -100.00 -100.00
 160    38.877 56244.73769243 23.69 124.208697  65.768622  8.015 -100.00 -100.00 -100.00
 161    42.660 56254.65333487 21.00 124.163244  65.764884  4.167 -100.00 -100.00 -100.00
 161    41.870 56254.65333546 21.41 124.169533  65.765350  5.365 -100.00 -100.00 -100.00
 161    41.512 56254.65333605 22.69 124.175822  65.765815  6.957 -100.00 -100.00 -100.00
 161    39.515 56254.65333841 21.79 124.200980  65.767675  6.080 -100.00 -100.00 -100.00
 161    39.000 56254.65333900 23.44 124.207270  65.768139  7.495 -100.00 -100.00 -100.00
 162    42.068 56264.56897740 21.27 124.162423  65.764927  5.465 -100.00 -100.00 -100.00
 162    41.957 56264.56897800 20.37 124.168711  65.765393  4.318 -100.00 -100.00 -100.00
 162    41.750 56264.56897859 20.63 124.175000  65.765858  4.224 -100.00 -100.00 -100.00
 162    39.618 56264.56898095 21.30 124.200159  65.767718  4.770 -100.00 -100.00 -100.00
 162    39.029 56264.56898154 21.66 124.206449  65.768182  6.023 -100.00 -100.00 -100.00
 163    42.151 56274.48461838 19.72 124.163545  65.765237  3.664 -100.00 -100.00 -100.00
 163    41.745 56274.48461897 20.09 124.169834  65.765702  3.940 -100.00 -100.00 -100.00
 163    41.644 56274.48461956 20.19 124.176123  65.766168  4.130 -100.00 -100.00 -100.00
 163    39.303 56274.48462192 21.84 124.201283  65.768027  6.662 -100.00 -100.00 -100.00
 163    38.673 56274.48462251 21.65 124.207573  65.768491  6.267  231.40  226.92  219.06
 164    41.898 56284.40026298 17.99 124.162997  65.764713  3.690 -100.00 -100.00 -100.00
 164    41.671 56284.40026357 17.77 124.169286  65.765179  3.027 -100.00 -100.00 -100.00
 164    41.577 56284.40026416 18.71 124.175575  65.765645  4.779 -100.00 -100.00 -100.00
 164    39.375 56284.40026653 18.24 124.200735  65.767504  3.988 -100.00 -100.00 -100.00
 164    38.872 56284.40026712 18.17 124.207026  65.767968  3.656 -100.00 -100.00 -100.00
 165    41.885 56294.31591444 17.39 124.167526  65.763705  3.120 -100.00 -100.00 -100.00
 165    41.042 56294.31591503 18.29 124.173815  65.764171  4.814 -100.00 -100.00 -100.00
 166    42.345 56304.23156072 16.50 124.162637  65.761689  3.509 -100.00 -100.00 -100.00
 166    42.293 56304.23156131 16.17 124.168926  65.762155  2.970 -100.00 -100.00 -100.00
 166    41.313 56304.23156190 16.16 124.175215  65.762620  3.184 -100.00 -100.00 -100.00
 167    42.270 56314.14720405 15.09 124.167398  65.761566  3.000 -100.00 -100.00 -100.00
 167    41.588 56314.14720464 15.33 124.173687  65.762032  3.166 -100.00 -100.00 -100.00
 167    41.261 56314.14720524 15.39 124.179976  65.762497  3.629 -100.00 -100.00 -100.00
 168    42.453 56324.06284450 14.88 124.162758  65.762174  2.966 -100.00 -100.00 -100.00
 168    41.989 56324.06284509 15.03 124.169047  65.762639  2.972 -100.00 -100.00 -100.00
 168    40.987 56324.06284568 15.16 124.175336  65.763105  3.616 -100.00 -100.00 -100.00
 169    42.123 56333.97848509 14.60 124.166900  65.763721  2.992 -100.00 -100.00 -100.00
 169    41.698 56333.97848568 14.49 124.173189  65.764187  2.927 -100.00 -100.00 -100.00
 169    41.741 56333.97848627 14.63 124.179478  65.764652  3.481 -100.00 -100.00 -100.00
 170    42.326 56343.89412410 13.27 124.161971  65.763408  2.759 -100.00 -100.00 -100.00
 170    41.966 56343.89412469 13.32 124.168260  65.763874  2.817 -100.00 -100.00 -100.00
 170    42.274 56343.89412528 13.28 124.174549  65.764339  2.753 -100.00 -100.00 -100.00
 171    42.726 56353.80976125 12.61 124.162185  65.762418  2.776 -100.00 -100.00 -100.00
 171    42.193 56353.80976184 12.59 124.168474  65.762884  2.612 -100.00 -100.00 -100.00
 171    41.623 56353.80976243 12.83 124.174762  65.763349  2.789 -100.00 -100.00 -100.00
 172    42.472 56363.72540483 12.80 124.165260  65.761677  2.737 -100.00 -100.00 -100.00
 172    42.032 56363.72540542 12.91 124.171548  65.762143  3.224 -100.00 -100.00 -100.00
 172    41.514 56363.72540601 12.66 124.177836  65.762608  2.791 -100.00 -100.00 -100.00
 173    42.429 56373.64105386 12.62 124.165744  65.761985  3.137 -100.00 -100.00 -100.00
 173    42.029 56373.64105445 12.40 124.172031  65.762450  2.563 -100.00 -100.00 -100.00
 173    41.617 56373.64105504 12.15 124.178319  65.762916  2.500 -100.00 -100.00 -100.00
 175    42.246 56393.47234394 11.68 124.162499  65.765013  2.717 -100.00 -100.00 -100.00
 175    42.141 56393.47234453 11.68 124.168788  65.765479  2.688 -100.00 -100.00 -100.00
 175    41.923 56393.47234512 11.43 124.175077  65.765944  2.699 -100.00 -100.00 -100.00
 175    40.135 56393.47234748 11.54 124.200235  65.767803  3.162 -100.00 -100.00 -100.00
 175    39.530 56393.47234807 11.45 124.206525  65.768267  2.794 -100.00 -100.00 -100.00
 176    40.093 56403.38798640 24.60 124.163472  65.765805 13.716 -100.00 -100.00 -100.00
 176    40.703 56403.38798699 24.94 124.169761  65.766271 13.587 -100.00 -100.00 -100.00
 176    40.797 56403.38798758 29.60 124.176051  65.766736 25.201 -100.00 -100.00 -100.00
 176    40.963 56403.38798994 28.58 124.201211  65.768595 13.612 -100.00 -100.00 -100.00
 176    44.209 56403.38799053 30.19 124.207501  65.769059 15.472 -100.00 -100.00 -100.00
 177    37.121 56413.30362625 42.65 124.167792  65.765917   -100 -100.00 -100.00 -100.00
 177    37.059 56413.30362684 45.98 124.174081  65.766382   -100 -100.00 -100.00 -100.00
 177    36.654 56413.30362979 39.86 124.205531  65.768706 26.303 -100.00 -100.00 -100.00
 178    37.383 56423.21926037 44.10 124.164299  65.764675  5.167 -100.00 -100.00 -100.00
 178    37.344 56423.21926096 44.11 124.170588  65.765141  9.829 -100.00 -100.00 -100.00
 178    37.570 56423.21926155 41.78 124.176877  65.765606   -100 -100.00 -100.00 -100.00
 178    39.432 56423.21926391 33.90 124.202036  65.767466 14.222 -100.00 -100.00 -100.00
 178    38.871 56423.21926450 36.55 124.208327  65.767931 22.970 -100.00 -100.00 -100.00
 179    46.396 56433.13490358 44.93 124.162369  65.764371   -100 -100.00 -100.00 -100.00
 179    46.398 56433.13490417 48.72 124.168658  65.764837  8.429 -100.00 -100.00 -100.00
 179    46.395 56433.13490476 49.03 124.174947  65.765303  8.832 -100.00 -100.00 -100.00
 179    46.325 56433.13490713 41.70 124.200106  65.767163   -100 -100.00 -100.00 -100.00
 179    46.316 56433.13490772 39.65 124.206397  65.767628 30.710 -100.00 -100.00 -100.00
 180    44.426 56443.05055646 28.94 124.167391  65.765351 16.390 -100.00 -100.00 -100.00
 180    44.515 56443.05055705 24.07 124.173680  65.765817  6.310 -100.00 -100.00 -100.00
 180    44.730 56443.05056001 26.92 124.205130  65.768141  9.907  232.66  230.39  236.71
 181    44.323 56452.96620639 25.95 124.168093  65.766111 12.376 -100.00 -100.00 -100.00
 181    42.017 56452.96620698 30.22 124.174382  65.766577 26.090 -100.00 -100.00 -100.00
 181    42.047 56452.96620934 33.37 124.199542  65.768436   -100 -100.00 -100.00 -100.00
 181    44.420 56452.96620993 28.70 124.205833  65.768900 20.039 -100.00 -100.00 -100.00
 182    44.194 56462.88185355 23.96 124.167764  65.765421  9.383 -100.00 -100.00 -100.00
 182    43.730 56462.88185414 22.01 124.174053  65.765887  7.591 -100.00 -100.00 -100.00
 182    44.510 56462.88185709 22.40 124.205501  65.768209  8.137 -100.00 -100.00 -100.00
 183    41.144 56472.79749730 43.95 124.167053  65.763601   -100 -100.00 -100.00 -100.00
 183    40.861 56472.79749789 50.17 124.173341  65.764067  2.405 -100.00 -100.00 -100.00
 183    40.916 56472.79749848 54.07 124.179630  65.764532  8.676 -100.00 -100.00 -100.00
 184    43.304 56482.71313735 26.99 124.163378  65.761407 11.177 -100.00 -100.00 -100.00
 184    40.976 56482.71313794 27.26 124.169665  65.761873 11.888 -100.00 -100.00 -100.00
 184    40.290 56482.71313853 29.66 124.175953  65.762338 16.987 -100.00 -100.00 -100.00
 185    43.829 56492.62877430 25.19 124.163807  65.761026 14.340 -100.00 -100.00 -100.00
 185    43.592 56492.62877489 22.78 124.170094  65.761492 10.632 -100.00 -100.00 -100.00
 185    41.938 56492.62877548 24.55 124.176382  65.761957 15.398 -100.00 -100.00 -100.00
 186    42.979 56502.54440884 28.60 124.163743  65.762085 14.189 -100.00 -100.00 -100.00
 186    42.683 56502.54440943 27.67 124.170031  65.762551 11.678 -100.00 -100.00 -100.00
 186    42.736 56502.54441002 28.70 124.176319  65.763017 13.232 -100.00 -100.00 -100.00
 187    42.959 56512.46004179 25.81 124.163273  65.763403 19.378 -100.00 -100.00 -100.00
 187    42.892 56512.46004238 24.32 124.169561  65.763869 12.563 -100.00 -100.00 -100.00
 187    42.103 56512.46004297 29.06 124.175849  65.764335 28.793 -100.00 -100.00 -100.00
 188    43.584 56522.37568939 24.80 124.162982  65.763755 10.255 -100.00 -100.00 -100.00
 188    42.742 56522.37568998 26.19 124.169271  65.764222 14.580 -100.00 -100.00 -100.00
 188    42.542 56522.37569057 29.24 124.175560  65.764687 20.678 -100.00 -100.00 -100.00
 189    43.178 56532.29134212 24.52 124.165499  65.763065 14.677 -100.00 -100.00 -100.00
 189    42.455 56532.29134271 23.31 124.171788  65.763531 10.979 -100.00 -100.00 -100.00
 189    41.504 56532.29134330 24.29 124.178077  65.763997 13.628 -100.00 -100.00 -100.00
 191    43.282 56552.12263577 24.40 124.165586  65.762043  9.908 -100.00 -100.00 -100.00
 191    42.666 56552.12263636 24.84 124.171875  65.762509 10.519 -100.00 -100.00 -100.00
 191    41.032 56552.12263695 27.08 124.178163  65.762974 15.561 -100.00 -100.00 -100.00
 192    39.980 56562.03827826 40.37 124.162446  65.763655 27.280 -100.00 -100.00 -100.00
 192    39.712 56562.03827885 44.70 124.168735  65.764121   -100 -100.00 -100.00 -100.00
 192    39.954 56562.03827944 47.97 124.175025  65.764586   -100 -100.00 -100.00 -100.00
 193    43.086 56571.95392013 26.62 124.165267  65.765995  8.533 -100.00 -100.00 -100.00
 193    42.646 56571.95392072 27.19 124.171557  65.766461  9.880 -100.00 -100.00 -100.00
 193    42.298 56571.95392131 25.47 124.177847  65.766926  7.000 -100.00 -100.00 -100.00
 193    39.894 56571.95392367 25.94 124.203009  65.768785  9.835 -100.00 -100.00 -100.00
 193    39.555 56571.95392426 29.42 124.209300  65.769249 17.613 -100.00 -100.00 -100.00
 194    38.307 56581.86955960 37.70 124.162046  65.766701 29.558 -100.00 -100.00 -100.00
 194    38.287 56581.86956019 38.68 124.168336  65.767167   -100 -100.00 -100.00 -100.00
 194    38.303 56581.86956078 42.08 124.174625  65.767633   -100 -100.00 -100.00 -100.00
 194    38.294 56581.86956314 40.43 124.199787  65.769493   -100 -100.00 -100.00 -100.00
 194    38.217 56581.86956373 41.90 124.206078  65.769957   -100 -100.00 -100.00 -100.00
 195    38.160 56591.78519531 39.56 124.165497  65.765839   -100 -100.00 -100.00 -100.00
 195    38.013 56591.78519590 43.22 124.171786  65.766305   -100 -100.00 -100.00 -100.00
 195    37.796 56591.78519649 45.19 124.178075  65.766771  4.949 -100.00 -100.00 -100.00
 195    37.879 56591.78519885 35.56 124.203235  65.768630 22.392 -100.00 -100.00 -100.00
 196    37.216 56601.70084486 18.61 124.166464  65.764540  5.317 -100.00 -100.00 -100.00
 196    37.383 56601.70084545 20.12 124.172753  65.765006  6.762 -100.00 -100.00 -100.00
 196    37.035 56601.70084604 19.79 124.179042  65.765472  5.492 -100.00 -100.00 -100.00
 196    36.554 56601.70084840 22.17 124.204200  65.767331  7.479 -100.00 -100.00 -100.00
 197    37.625 56611.61649445 17.45 124.165500  65.763994  3.921 -100.00 -100.00 -100.00
 197    37.377 56611.61649504 18.77 124.171789  65.764459  5.196 -100.00 -100.00 -100.00
 197    37.514 56611.61649563 19.20 124.178078  65.764925  5.128 -100.00 -100.00 -100.00
 198    40.374 56621.53213943 16.34 124.162829  65.764739  3.957 -100.00 -100.00 -100.00
 198    37.773 56621.53214002 16.71 124.169118  65.765205  4.090 -100.00 -100.00 -100.00
 198    37.494 56621.53214061 17.91 124.175407  65.765671  4.979 -100.00 -100.00 -100.00
 198    36.998 56621.53214297 19.41 124.200566  65.767530  6.059 -100.00 -100.00 -100.00
 198    36.788 56621.53214356 19.67 124.206856  65.767994  6.478 -100.00 -100.00 -100.00
 199    39.271 56631.44778181 15.99 124.164191  65.765736  4.568 -100.00 -100.00 -100.00
 199    37.526 56631.44778240 16.72 124.170480  65.766202  4.919 -100.00 -100.00 -100.00
 199    37.714 56631.44778299 16.78 124.176770  65.766668  4.705 -100.00 -100.00 -100.00
 199    36.645 56631.44778535 19.19 124.201931  65.768527  6.519  246.42  242.89  236.00
 199    36.479 56631.44778595 19.38 124.208221  65.768991  7.844  246.42  242.89  236.00
 200    40.521 56641.36342023 15.65 124.166594  65.765305  4.045 -100.00 -100.00 -100.00
 200    40.301 56641.36342082 16.12 124.172884  65.765771  4.575 -100.00 -100.00 -100.00
 200    36.536 56641.36342378 17.98 124.204335  65.768095  5.335 -100.00 -100.00 -100.00
 201    41.261 56651.27906816 15.59 124.165130  65.763073  3.868 -100.00 -100.00 -100.00
 201    40.335 56651.27906875 15.74 124.171419  65.763538  3.718 -100.00 -100.00 -100.00
 201    39.943 56651.27906934 15.98 124.177708  65.764004  4.283 -100.00 -100.00 -100.00
 202    41.269 56661.19471819 14.36 124.164087  65.760997  3.929 -100.00 -100.00 -100.00
 202    41.048 56661.19471878 14.71 124.170376  65.761463  3.894 -100.00 -100.00 -100.00
 202    40.915 56661.19471937 14.85 124.176665  65.761928  4.186 -100.00 -100.00 -100.00
 203    41.981 56671.11036491 14.12 124.161304  65.760547  3.846 -100.00 -100.00 -100.00
 203    42.181 56671.11036550 14.24 124.167593  65.761013  3.542 -100.00 -100.00 -100.00
 203    40.553 56671.11036609 15.25 124.173882  65.761478  5.047 -100.00 -100.00 -100.00
 203    40.748 56671.11036668 14.99 124.180171  65.761943  3.768 -100.00 -100.00 -100.00
 204    42.311 56681.02601057 13.01 124.167328  65.763027  2.946 -100.00 -100.00 -100.00
 204    41.551 56681.02601116 12.82 124.173617  65.763492  2.985 -100.00 -100.00 -100.00
 204    41.176 56681.02601175 13.39 124.179907  65.763957  3.503 -100.00 -100.00 -100.00
 205    41.688 56690.94165340 13.87 124.163574  65.764607  3.675 -100.00 -100.00 -100.00
 205    41.522 56690.94165399 14.14 124.169863  65.765073  3.937 -100.00 -100.00 -100.00
 205    40.117 56690.94165458 14.37 124.176153  65.765538  4.399 -100.00 -100.00 -100.00
 205    38.718 56690.94165694 15.47 124.201313  65.767397  4.791 -100.00 -100.00 -100.00
 205    37.282 56690.94165753 15.65 124.207604  65.767861  5.863 -100.00 -100.00 -100.00
 206    42.138 56700.85729310 12.73 124.164932  65.764913  3.456 -100.00 -100.00 -100.00
 206    41.714 56700.85729369 12.98 124.171222  65.765379  3.538 -100.00 -100.00 -100.00
 206    41.225 56700.85729428 12.85 124.177511  65.765844  3.087 -100.00 -100.00 -100.00
 206    38.993 56700.85729665 14.14 124.202671  65.767703  4.477 -100.00 -100.00 -100.00
 206    38.317 56700.85729724 14.14 124.208961  65.768167  4.012 -100.00 -100.00 -100.00
 207    41.989 56710.77292805 12.12 124.167422  65.763307  3.077 -100.00 -100.00 -100.00
 207    41.275 56710.77292864 12.26 124.173711  65.763773  3.321 -100.00 -100.00 -100.00
 207    41.062 56710.77292923 12.62 124.180000  65.764238  3.658 -100.00 -100.00 -100.00
 208    42.797 56720.68857065 11.66 124.162177  65.761642  2.971 -100.00 -100.00 -100.00
 208    42.219 56720.68857124 12.01 124.168465  65.762108  2.842 -100.00 -100.00 -100.00
 208    41.804 56720.68857183 12.05 124.174753  65.762573  3.259 -100.00 -100.00 -100.00
 209    42.561 56730.60422264 11.89 124.162884  65.762158  3.865 -100.00 -100.00 -100.00
 209    42.334 56730.60422323 11.83 124.169172  65.762624  4.299 -100.00 -100.00 -100.00
 209    42.039 56730.60422382 11.71 124.175460  65.763089  4.948 -100.00 -100.00 -100.00
 210    42.015 56740.51987119 10.22 124.166716  65.764773  2.422 -100.00 -100.00 -100.00
 210    41.631 56740.51987178 10.33 124.173005  65.765238  2.781 -100.00 -100.00 -100.00
 210    41.341 56740.51987237 10.63 124.179294  65.765703  3.055 -100.00 -100.00 -100.00
 210    39.807 56740.51987473 10.83 124.204453  65.767561  3.291 -100.00 -100.00 -100.00
 211    42.286 56750.43551507 10.68 124.165092  65.766933  2.988 -100.00 -100.00 -100.00
 211    42.070 56750.43551566 10.43 124.171382  65.767399  2.676 -100.00 -100.00 -100.00
 211    42.013 56750.43551625 10.56 124.177672  65.767864  2.766 -100.00 -100.00 -100.00
 211    40.133 56750.43551861 10.85 124.202833  65.769722  3.089  246.10  238.18  221.58
 211    39.930 56750.43551920 10.97 124.209124  65.770186  2.998  246.10  238.18  221.58
 212    40.842 56760.35115407 13.35 124.164730  65.767480  6.706 -100.00 -100.00 -100.00
 212    40.973 56760.35115466 12.55 124.171019  65.767945  5.247 -100.00 -100.00 -100.00
 212    41.008 56760.35115525 11.46 124.177309  65.768411  4.354 -100.00 -100.00 -100.00
 212    40.699 56760.35115761 13.73 124.202471  65.770270  5.612 -100.00 -100.00 -100.00
 212    40.239 56760.35115820 13.83 124.208762  65.770734  5.752 -100.00 -100.00 -100.00
 213    41.297 56770.26678678 25.15 124.167490  65.766302 11.333 -100.00 -100.00 -100.00
 213    39.413 56770.26678737 28.11 124.173779  65.766768 14.832 -100.00 -100.00 -100.00
 213    36.976 56770.26679032 35.06 124.205230  65.769093 21.704 -100.00 -100.00 -100.00
 214    40.198 56780.18243887 22.67 124.167710  65.764843  9.952 -100.00 -100.00 -100.00
 214    40.787 56780.18243946 23.37 124.173999  65.765308 10.345 -100.00 -100.00 -100.00
 214    39.010 56780.18244241 28.59 124.205449  65.767633 22.492 -100.00 -100.00 -100.00
 215    41.813 56790.09809406 35.32 124.167748  65.764343 23.196 -100.00 -100.00 -100.00
 215    41.652 56790.09809465 39.87 124.174037  65.764808   -100 -100.00 -100.00 -100.00
 215    41.922 56790.09809760 43.74 124.205487  65.767131   -100 -100.00 -100.00 -100.00
 216    45.001 56800.01374596 51.13 124.166863  65.765020   -100 -100.00 -100.00 -100.00
 216    44.955 56800.01374655 53.43 124.173153  65.765486  9.370 -100.00 -100.00 -100.00
 216    44.499 56800.01374951 40.62 124.204603  65.767808 19.627 -100.00 -100.00 -100.00
 217    42.275 56809.92939123 46.58 124.165327  65.765977 18.808 -100.00 -100.00 -100.00
 217    42.439 56809.92939182 36.76 124.171616  65.766442 24.609 -100.00 -100.00 -100.00
 217    42.327 56809.92939241 36.35 124.177906  65.766907 26.084 -100.00 -100.00 -100.00
 217    42.441 56809.92939478 33.85 124.203066  65.768765 16.491 -100.00 -100.00 -100.00
 217    42.390 56809.92939537 32.13 124.209357  65.769228 11.924 -100.00 -100.00 -100.00
 218    42.524 56819.84503116 46.01 124.161968  65.765504   -100 -100.00 -100.00 -100.00
 218    42.926 56819.84503175 47.31 124.168257  65.765969 27.234 -100.00 -100.00 -100.00
 218    42.182 56819.84503234 51.58 124.174546  65.766435 27.867 -100.00 -100.00 -100.00
 218    42.011 56819.84503471 56.53 124.199705  65.768293   -100 -100.00 -100.00 -100.00
 218    42.341 56819.84503530 53.80 124.205995  65.768757   -100 -100.00 -100.00 -100.00
 219    44.313 56829.76066747 28.76 124.162037  65.763592 16.340 -100.00 -100.00 -100.00
 219    41.727 56829.76066806 29.06 124.168325  65.764058 20.257 -100.00 -100.00 -100.00
 219    41.784 56829.76066865 32.27 124.174613  65.764523   -100 -100.00 -100.00 -100.00
 220    42.505 56839.67630067 46.47 124.163437  65.761229 17.134 -100.00 -100.00 -100.00
 220    42.433 56839.67630126 47.79 124.169724  65.761695 26.161 -100.00 -100.00 -100.00
 220    42.055 56839.67630185 49.30 124.176012  65.762160 29.000 -100.00 -100.00 -100.00
 221    40.992 56849.59193397 46.33 124.161824  65.760288 23.378 -100.00 -100.00 -100.00
 221    40.779 56849.59193456 48.20 124.168111  65.760754   -100 -100.00 -100.00 -100.00
 221    40.502 56849.59193515 52.70 124.174399  65.761220   -100 -100.00 -100.00 -100.00
 221    40.137 56849.59193574 56.52 124.180686  65.761685   -100 -100.00 -100.00 -100.00
 222    43.117 56859.50758892 25.10 124.165569  65.762350 15.622 -100.00 -100.00 -100.00
 222    42.791 56859.50758951 24.10 124.171857  65.762816 14.671 -100.00 -100.00 -100.00
 222    41.088 56859.50759010 27.95 124.178145  65.763281 25.080 -100.00 -100.00 -100.00
 223    39.931 56869.42324253 42.35 124.164208  65.764597 28.638 -100.00 -100.00 -100.00
 223    39.573 56869.42324312 47.17 124.170497  65.765063   -100 -100.00 -100.00 -100.00
 223    39.641 56869.42324371 47.33 124.176786  65.765528   -100 -100.00 -100.00 -100.00
 223    39.364 56869.42324607 50.68 124.201944  65.767387 32.744  249.74  249.58  251.13
 223    39.536 56869.42324666 48.23 124.208233  65.767851   -100  249.74  249.58  251.13
 224    40.403 56879.33889404 25.28 124.166641  65.765644 12.745 -100.00 -100.00 -100.00
 224    40.577 56879.33889463 24.94 124.172930  65.766110 11.760 -100.00 -100.00 -100.00
 224    40.141 56879.33889759 30.11 124.204379  65.768433 22.649 -100.00 -100.00 -100.00
 225    43.069 56889.25454142 26.17 124.162733  65.764417 11.901 -100.00 -100.00 -100.00
 225    42.737 56889.25454201 26.62 124.169022  65.764883 16.566 -100.00 -100.00 -100.00
 225    39.976 56889.25454260 27.51 124.175311  65.765348 18.214 -100.00 -100.00 -100.00
 225    40.029 56889.25454496 34.07 124.200470  65.767207   -100 -100.00 -100.00 -100.00
 225    40.156 56889.25454555 31.37 124.206761  65.767671 28.188 -100.00 -100.00 -100.00
 226    43.266 56899.17018629 23.80 124.161718  65.762896  8.436 -100.00 -100.00 -100.00
 226    42.902 56899.17018688 24.09 124.168006  65.763361  9.774 -100.00 -100.00 -100.00
 226    42.569 56899.17018747 23.60 124.174295  65.763827  8.874 -100.00 -100.00 -100.00
 227    42.605 56909.08582953 23.89 124.167333  65.763520 11.539 -100.00 -100.00 -100.00
 227    40.868 56909.08583012 23.09 124.173622  65.763985  9.740 -100.00 -100.00 -100.00
 227    40.166 56909.08583071 25.67 124.179912  65.764450 14.960 -100.00 -100.00 -100.00
 228    43.655 56919.00147036 25.48 124.166200  65.765262 11.040 -100.00 -100.00 -100.00
 228    42.908 56919.00147095 23.79 124.172489  65.765728  7.446 -100.00 -100.00 -100.00
 228    39.914 56919.00147154 24.41 124.178779  65.766193  8.336 -100.00 -100.00 -100.00
 228    39.787 56919.00147390 36.05 124.203940  65.768050   -100  235.38  234.85  239.99
 229    43.379 56928.91710908 26.46 124.164676  65.767158 11.378 -100.00 -100.00 -100.00
 229    43.159 56928.91710967 25.69 124.170966  65.767623 11.414 -100.00 -100.00 -100.00
 229    39.803 56928.91711026 30.93 124.177256  65.768089 29.478 -100.00 -100.00 -100.00
 229    40.365 56928.91711262 34.29 124.202418  65.769947   -100 -100.00 -100.00 -100.00
 229    40.671 56928.91711321 34.56 124.208709  65.770411 29.107 -100.00 -100.00 -100.00
 230    42.632 56938.83274358 27.03 124.165815  65.767623  9.534 -100.00 -100.00 -100.00
 230    42.815 56938.83274417 27.32 124.172105  65.768089 10.257 -100.00 -100.00 -100.00
 230    39.666 56938.83274712 26.12 124.203556  65.770413  8.105  237.07  235.31  240.17
 231    38.104 56948.74837823 41.16 124.165780  65.766222 32.606 -100.00 -100.00 -100.00
 231    37.977 56948.74837882 48.33 124.172069  65.766688  4.980 -100.00 -100.00 -100.00
 231    38.060 56948.74837941 50.37 124.178358  65.767154  8.104 -100.00 -100.00 -100.00
 231    37.977 56948.74838177 42.51 124.203517  65.769014   -100 -100.00 -100.00 -100.00
 232    37.178 56958.66403076 38.25 124.162565  65.764372 24.006 -100.00 -100.00 -100.00
 232    37.850 56958.66403135 40.16 124.168853  65.764838 20.888 -100.00 -100.00 -100.00
 232    36.795 56958.66403194 43.31 124.175142  65.765303 14.061 -100.00 -100.00 -100.00
 232    36.274 56958.66403430 31.07 124.200299  65.767163 18.368 -100.00 -100.00 -100.00
 232    36.449 56958.66403489 29.28 124.206589  65.767627 11.353 -100.00 -100.00 -100.00
 233    41.988 56968.57967846 18.58 124.163068  65.763626  3.355 -100.00 -100.00 -100.00
 233    41.020 56968.57967905 19.27 124.169357  65.764092  4.774 -100.00 -100.00 -100.00
 233    40.911 56968.57967964 19.66 124.175645  65.764557  4.764 -100.00 -100.00 -100.00
 234    40.778 56978.49532244 17.60 124.165037  65.764173  3.097 -100.00 -100.00 -100.00
 234    40.767 56978.49532303 18.38 124.171325  65.764638  3.675 -100.00 -100.00 -100.00
 234    40.636 56978.49532362 18.74 124.177614  65.765104  3.708 -100.00 -100.00 -100.00
 234    36.856 56978.49532658 22.05 124.209062  65.767426  7.944 -100.00 -100.00 -100.00
 235    41.733 56988.41096169 17.02 124.163894  65.764766  3.936 -100.00 -100.00 -100.00
 235    41.733 56988.41096228 16.99 124.170183  65.765231  3.945 -100.00 -100.00 -100.00
 235    40.694 56988.41096287 17.65 124.176473  65.765697  3.660 -100.00 -100.00 -100.00
 235    37.848 56988.41096523 19.25 124.201632  65.767556  5.404 -100.00 -100.00 -100.00
 235    37.034 56988.41096582 20.58 124.207922  65.768020  6.796 -100.00 -100.00 -100.00
 236    41.495 56998.32659513 16.77 124.167084  65.764546  3.921 -100.00 -100.00 -100.00
 236    41.237 56998.32659572 16.81 124.173373  65.765012  3.686 -100.00 -100.00 -100.00
 236    37.373 56998.32659867 18.95 124.204822  65.767337  6.083 -100.00 -100.00 -100.00
 237    41.828 57008.24224457 16.02 124.167267  65.763353  3.079 -100.00 -100.00 -100.00
 237    41.076 57008.24224516 16.62 124.173557  65.763819  3.894 -100.00 -100.00 -100.00
 237    40.576 57008.24224575 17.61 124.179846  65.764285  5.654 -100.00 -100.00 -100.00
 238    41.033 57018.15789727 15.45 124.163298  65.761659  3.717 -100.00 -100.00 -100.00
 238    40.986 57018.15789786 15.19 124.169587  65.762125  3.577 -100.00 -100.00 -100.00
 238    40.682 57018.15789845 16.31 124.175876  65.762591  5.333 -100.00 -100.00 -100.00
 239    41.916 57028.07354747 14.56 124.167160  65.761685  3.157 -100.00 -100.00 -100.00
 239    40.976 57028.07354806 14.96 124.173449  65.762151  3.974 -100.00 -100.00 -100.00
 239    40.897 57028.07354865 15.29 124.179738  65.762616  3.620 -100.00 -100.00 -100.00
 240    42.128 57037.98919521 13.46 124.162507  65.762661  2.957 -100.00 -100.00 -100.00
 240    41.097 57037.98919580 13.74 124.168796  65.763126  3.254 -100.00 -100.00 -100.00
 240    41.165 57037.98919639 13.56 124.175085  65.763592  3.130 -100.00 -100.00 -100.00
 241    41.487 57047.90484086 13.36 124.162282  65.764181  2.999 -100.00 -100.00 -100.00
 241    41.552 57047.90484146 13.80 124.168571  65.764647  3.137 -100.00 -100.00 -100.00
 241    41.444 57047.90484205 13.56 124.174860  65.765112  2.992 -100.00 -100.00 -100.00
 241    38.946 57047.90484500 14.42 124.206310  65.767435  4.110 -100.00 -100.00 -100.00
 242    40.938 57057.82048312 12.78 124.166618  65.765108  3.025 -100.00 -100.00 -100.00
 242    41.354 57057.82048371 12.87 124.172907  65.765574  3.137 -100.00 -100.00 -100.00
 242    38.941 57057.82048666 13.86 124.204355  65.767898  4.170 -100.00 -100.00 -100.00
 243    41.931 57067.73611899 12.24 124.162804  65.763992  2.668 -100.00 -100.00 -100.00
 243    41.710 57067.73611958 12.46 124.169092  65.764458  3.038 -100.00 -100.00 -100.00
 243    41.278 57067.73612017 12.42 124.175381  65.764924  2.940 -100.00 -100.00 -100.00
 243    39.127 57067.73612312 13.51 124.206827  65.767248  4.257 -100.00 -100.00 -100.00
 244    41.378 57077.65175083 12.20 124.161983  65.763109  2.973 -100.00 -100.00 -100.00
 244    41.860 57077.65175142 12.12 124.168271  65.763575  3.120 -100.00 -100.00 -100.00
 244    41.504 57077.65175201 12.11 124.174559  65.764040  3.110 -100.00 -100.00 -100.00
 245    42.104 57087.56738364 12.02 124.164616  65.763326  2.545 -100.00 -100.00 -100.00
 245    41.535 57087.56738423 12.31 124.170904  65.763792  3.249 -100.00 -100.00 -100.00
 245    41.218 57087.56738482 11.83 124.177192  65.764258  2.929 -100.00 -100.00 -100.00
 246    42.059 57097.48304236 11.62 124.164267  65.765152  2.555 -100.00 -100.00 -100.00
 246    41.858 57097.48304295 11.64 124.170556  65.765618  2.650 -100.00 -100.00 -100.00
 246    41.642 57097.48304354 11.60 124.176845  65.766084  2.744 -100.00 -100.00 -100.00
 246    40.307 57097.48304590 12.40 124.202004  65.767943  3.321 -100.00 -100.00 -100.00
 246    39.459 57097.48304649 12.35 124.208294  65.768407  3.351 -100.00 -100.00 -100.00
 247    42.207 57107.39869847 10.74 124.166976  65.767074  2.480 -100.00 -100.00 -100.00
 247    42.320 57107.39869906 10.60 124.173266  65.767540  2.604 -100.00 -100.00 -100.00
 247    40.376 57107.39870201 10.98 124.204717  65.769864  3.045 -100.00 -100.00 -100.00
 248    42.144 57117.31434926 10.78 124.166264  65.767376  2.382 -100.00 -100.00 -100.00
 248    41.918 57117.31434985 10.77 124.172553  65.767841  2.517 -100.00 -100.00 -100.00
 248    40.037 57117.31435280 11.21 124.204006  65.770165  2.974  238.12  230.17  214.92
 249    41.950 57127.22999369 11.28 124.164571  65.766194  3.157 -100.00 -100.00 -100.00
 249    41.881 57127.22999428 11.37 124.170861  65.766659  3.066 -100.00 -100.00 -100.00
 249    41.382 57127.22999487 11.66 124.177150  65.767125  3.569 -100.00 -100.00 -100.00
 249    41.285 57127.22999724 11.69 124.202312  65.768984  3.622  243.86  236.64  223.29
 249    40.982 57127.22999783 11.83 124.208603  65.769448  3.332  243.86  236.64  223.29
 250    41.723 57137.14563297 13.81 124.166094  65.764890  5.925 -100.00 -100.00 -100.00
 250    42.058 57137.14563356 13.39 124.172383  65.765356  4.642 -100.00 -100.00 -100.00
 250    41.904 57137.14563415 14.14 124.178673  65.765821  5.106 -100.00 -100.00 -100.00
 250    42.010 57137.14563651 15.07 124.203833  65.767680  5.866 -100.00 -100.00 -100.00
 251    40.538 57147.06126813 20.59 124.166378  65.764076  7.834 -100.00 -100.00 -100.00
 251    41.943 57147.06126872 21.35 124.172668  65.764541  8.138 -100.00 -100.00 -100.00
 251    40.709 57147.06126931 22.15 124.178957  65.765007  9.832 -100.00 -100.00 -100.00
 252    38.638 57156.97690047 31.71 124.162571  65.763653 20.114 -100.00 -100.00 -100.00
 252    38.743 57156.97690106 31.41 124.168859  65.764119 20.353 -100.00 -100.00 -100.00
 252    38.575 57156.97690165 36.61 124.175148  65.764585   -100 -100.00 -100.00 -100.00
 253    45.950 57166.89254524 54.64 124.165645  65.764081 19.120 -100.00 -100.00 -100.00
 253    46.002 57166.89254583 53.62 124.171933  65.764547 14.145 -100.00 -100.00 -100.00
 253    46.069 57166.89254642 55.10 124.178222  65.765012  1.047 -100.00 -100.00 -100.00
 254    43.289 57176.80820169 47.41 124.165906  65.764107   -100 -100.00 -100.00 -100.00
 254    43.322 57176.80820228 49.45 124.172194  65.764573  0.253 -100.00 -100.00 -100.00
 254    43.195 57176.80820287 53.74 124.178483  65.765038 27.541 -100.00 -100.00 -100.00
 255    43.697 57186.72385395 47.44 124.164386  65.763175 31.220 -100.00 -100.00 -100.00
 255    43.573 57186.72385454 50.63 124.170674  65.763641   -100 -100.00 -100.00 -100.00
 255    43.431 57186.72385513 53.86 124.176962  65.764106  0.162 -100.00 -100.00 -100.00
 256    43.426 57196.63950233 46.61 124.165473  65.762473   -100 -100.00 -100.00 -100.00
 256    43.354 57196.63950292 49.12 124.171761  65.762938   -100 -100.00 -100.00 -100.00
 256    43.363 57196.63950351 47.26 124.178049  65.763404   -100 -100.00 -100.00 -100.00
 257    43.714 57206.55513675 28.05 124.162549  65.762292 14.933 -100.00 -100.00 -100.00
 257    41.520 57206.55513734 28.81 124.168837  65.762758 20.303 -100.00 -100.00 -100.00
 257    42.228 57206.55513793 28.16 124.175125  65.763223 16.448 -100.00 -100.00 -100.00
 258    41.600 57216.47078192 44.54 124.163901  65.763365 27.850 -100.00 -100.00 -100.00
 258    41.160 57216.47078251 49.40 124.170189  65.763831   -100 -100.00 -100.00 -100.00
 258    41.020 57216.47078310 53.81 124.176477  65.764296   -100 -100.00 -100.00 -100.00
 259    43.545 57226.38642579 29.12 124.163806  65.764269 14.743 -100.00 -100.00 -100.00
 259    40.321 57226.38642638 29.27 124.170094  65.764735 15.402 -100.00 -100.00 -100.00
 259    40.218 57226.38642697 31.21 124.176383  65.765200 20.934 -100.00 -100.00 -100.00
 259    40.548 57226.38642992 32.34 124.207831  65.767523 20.982 -100.00 -100.00 -100.00
 260    43.795 57236.30206746 26.32 124.162210  65.764429 11.170 -100.00 -100.00 -100.00
 260    42.781 57236.30206805 26.65 124.168499  65.764895 14.830 -100.00 -100.00 -100.00
 260    40.534 57236.30206864 28.40 124.174788  65.765360 20.886 -100.00 -100.00 -100.00
 260    40.133 57236.30207100 35.56 124.199946  65.767220   -100 -100.00 -100.00 -100.00
 260    40.457 57236.30207159 30.80 124.206236  65.767684 25.219  247.25  246.63  249.02
 261    39.449 57246.21770587 43.33 124.163406  65.764163   -100 -100.00 -100.00 -100.00
 261    39.407 57246.21770646 47.38 124.169694  65.764629   -100 -100.00 -100.00 -100.00
 261    39.584 57246.21770705 51.57 124.175983  65.765095   -100 -100.00 -100.00 -100.00
 261    39.459 57246.21771001 48.45 124.207432  65.767419   -100 -100.00 -100.00 -100.00
 262    43.711 57256.13334160 25.13 124.163429  65.763918 10.509 -100.00 -100.00 -100.00
 262    43.177 57256.13334219 26.09 124.169718  65.764384 14.695 -100.00 -100.00 -100.00
 262    42.886 57256.13334278 25.87 124.176007  65.764849 14.774 -100.00 -100.00 -100.00
 262    40.451 57256.13334573 28.55 124.207456  65.767173 20.411 -100.00 -100.00 -100.00
 263    43.562 57266.04897645 24.80 124.166946  65.764860 10.512 -100.00 -100.00 -100.00
 263    40.340 57266.04897704 26.66 124.173235  65.765325 15.240 -100.00 -100.00 -100.00
 263    40.492 57266.04897999 27.74 124.204684  65.767650 15.155 -100.00 -100.00 -100.00
 264    38.781 57275.96462037 45.37 124.166795  65.765988 20.597 -100.00 -100.00 -100.00
 264    38.239 57275.96462096 49.50 124.173084  65.766454   -100 -100.00 -100.00 -100.00
 264    37.972 57275.96462391 49.31 124.204534  65.768779   -100 -100.00 -100.00 -100.00
 265    43.711 57285.88027692 25.16 124.162702  65.766492 10.132 -100.00 -100.00 -100.00
 265    43.426 57285.88027751 24.58 124.168991  65.766958  9.891 -100.00 -100.00 -100.00
 265    39.877 57285.88027810 27.74 124.175281  65.767424 15.472 -100.00 -100.00 -100.00
 265    40.316 57285.88028046 28.13 124.200441  65.769284 13.897 -100.00 -100.00 -100.00
 265    43.814 57285.88028105 26.43 124.206732  65.769748 10.896 -100.00 -100.00 -100.00
 266    43.431 57295.79593139 25.28 124.167880  65.766442  9.057 -100.00 -100.00 -100.00
 266    43.422 57295.79593198 24.50 124.174169  65.766907  7.897 -100.00 -100.00 -100.00
 266    40.080 57295.79593434 31.35 124.199328  65.768767 26.240 -100.00 -100.00 -100.00
 266    40.192 57295.79593493 24.87 124.205618  65.769231 10.266 -100.00 -100.00 -100.00
 267    43.435 57305.71158161 19.68 124.166827  65.765409  5.613 -100.00 -100.00 -100.00
 267    42.957 57305.71158220 19.49 124.173116  65.765875  5.396 -100.00 -100.00 -100.00
 267    40.361 57305.71158516 19.35 124.204564  65.768198  5.106 -100.00 -100.00 -100.00
 268    37.601 57315.62722791 42.21 124.164779  65.764609 27.114 -100.00 -100.00 -100.00
 268    37.056 57315.62722850 46.44 124.171067  65.765074   -100 -100.00 -100.00 -100.00
 268    37.062 57315.62722909 49.50 124.177356  65.765540  2.203 -100.00 -100.00 -100.00
 268    36.893 57315.62723145 36.46 124.202514  65.767398 21.695 -100.00 -100.00 -100.00
 268    37.073 57315.62723204 37.61 124.208804  65.767862 22.667  243.11  241.62  242.56
 269    38.848 57325.54287117 28.25 124.164439  65.764598 11.814 -100.00 -100.00 -100.00
 269    37.587 57325.54287176 30.55 124.170728  65.765063 18.442 -100.00 -100.00 -100.00
 269    37.649 57325.54287235 27.83 124.177017  65.765529 11.104 -100.00 -100.00 -100.00
 269    37.179 57325.54287472 30.11 124.202175  65.767387 15.978 -100.00 -100.00 -100.00
 269    37.119 57325.54287531 30.16 124.208466  65.767850 16.088 -100.00 -100.00 -100.00
 270    42.674 57335.45851252 20.04 124.164692  65.764722  4.208 -100.00 -100.00 -100.00
 270    42.104 57335.45851311 20.87 124.170981  65.765187  6.325 -100.00 -100.00 -100.00
 270    41.146 57335.45851370 22.01 124.177270  65.765653  7.878 -100.00 -100.00 -100.00
 270    38.936 57335.45851606 20.34 124.202429  65.767511  4.845 -100.00 -100.00 -100.00
 270    38.548 57335.45851665 20.88 124.208720  65.767975  5.093 -100.00 -100.00 -100.00
 271    42.750 57345.37415916 19.86 124.166912  65.764612  4.636 -100.00 -100.00 -100.00
 271    41.429 57345.37415975 22.07 124.173201  65.765077  8.695 -100.00 -100.00 -100.00
 271    38.946 57345.37416270 20.37 124.204651  65.767400  4.824 -100.00 -100.00 -100.00
 272    42.272 57355.28980638 18.93 124.162875  65.763399  4.224 -100.00 -100.00 -100.00
 272    42.234 57355.28980697 18.79 124.169164  65.763865  4.084 -100.00 -100.00 -100.00
 272    41.154 57355.28980756 20.06 124.175453  65.764330  6.649 -100.00 -100.00 -100.00
 273    43.010 57365.20544999 18.78 124.161910  65.762453  4.284 -100.00 -100.00 -100.00
 273    43.176 57365.20545058 18.61 124.168199  65.762919  4.099 -100.00 -100.00 -100.00
 273    42.600 57365.20545117 18.91 124.174488  65.763384  5.151 -100.00 -100.00 -100.00
 274    42.278 57375.12109068 17.74 124.165817  65.762407  4.336 -100.00 -100.00 -100.00
 274    42.220 57375.12109127 18.30 124.172106  65.762873  5.698 -100.00 -100.00 -100.00
 274    41.529 57375.12109186 17.32 124.178396  65.763338  4.411 -100.00 -100.00 -100.00
 275    42.430 57385.03672905 17.31 124.164485  65.762921  4.229 -100.00 -100.00 -100.00
 275    41.958 57385.03672964 17.30 124.170774  65.763387  4.552 -100.00 -100.00 -100.00
 275    41.417 57385.03673023 17.43 124.177063  65.763853  4.759 -100.00 -100.00 -100.00
 276    42.768 57394.95236730 16.10 124.166833  65.763755  3.686 -100.00 -100.00 -100.00
 276    41.673 57394.95236789 16.91 124.173122  65.764221  5.526 -100.00 -100.00 -100.00
 276    41.396 57394.95236848 15.72 124.179411  65.764687  3.510 -100.00 -100.00 -100.00
 277    42.655 57404.86800409 16.39 124.163884  65.763841  3.862 -100.00 -100.00 -100.00
 277    41.987 57404.86800468 16.54 124.170173  65.764307  4.511 -100.00 -100.00 -100.00
 277    42.595 57404.86800527 16.29 124.176462  65.764773  4.295 -100.00 -100.00 -100.00
 277    39.363 57404.86800822 15.11 124.207911  65.767097  3.669 -100.00 -100.00 -100.00
 278    42.770 57414.78365176 16.36 124.163076  65.763652  4.219 -100.00 -100.00 -100.00
 278    41.923 57414.78365235 16.22 124.169365  65.764118  3.654 -100.00 -100.00 -100.00
 278    41.571 57414.78365294 15.74 124.175654  65.764584  3.957 -100.00 -100.00 -100.00
 279    42.790 57424.69930340 15.96 124.165767  65.763947  4.290 -100.00 -100.00 -100.00
 279    42.087 57424.69930399 15.51 124.172056  65.764412  3.589 -100.00 -100.00 -100.00
 279    41.176 57424.69930458 15.72 124.178344  65.764878  3.895 -100.00 -100.00 -100.00
 280    42.537 57434.61495159 14.91 124.162823  65.764506  3.706 -100.00 -100.00 -100.00
 280    42.675 57434.61495218 15.02 124.169111  65.764972  3.445 -100.00 -100.00 -100.00
 280    41.386 57434.61495277 14.91 124.175400  65.765437  3.365 -100.00 -100.00 -100.00
 280    40.373 57434.61495513 13.64 124.200558  65.767296  3.124 -100.00 -100.00 -100.00
 280    39.445 57434.61495572 13.80 124.206848  65.767760  3.345  232.75  224.02  205.44
 281    42.207 57444.53059843 15.19 124.163782  65.766051  4.405 -100.00 -100.00 -100.00
 281    42.182 57444.53059902 14.54 124.170071  65.766517  3.602 -100.00 -100.00 -100.00
 281    41.770 57444.53059961 14.12 124.176361  65.766982  2.836 -100.00 -100.00 -100.00
 281    40.394 57444.53060197 13.67 124.201521  65.768841  3.372  234.89  225.58  206.53
 281    40.173 57444.53060256 13.49 124.207811  65.769304  3.063  234.89  225.58  206.53
 282    42.097 57454.44624440 14.71 124.163218  65.767068  3.870 -100.00 -100.00 -100.00
 282    42.275 57454.44624499 13.94 124.169508  65.767534  2.954 -100.00 -100.00 -100.00
 282    42.047 57454.44624558 13.77 124.175798  65.767999  3.082 -100.00 -100.00 -100.00
 282    40.541 57454.44624795 13.73 124.200959  65.769858  3.822 -100.00 -100.00 -100.00
 282    40.061 57454.44624854 13.18 124.207250  65.770322  2.947 -100.00 -100.00 -100.00
 283    42.273 57464.36188883 14.20 124.166194  65.767175  2.989 -100.00 -100.00 -100.00
 283    42.192 57464.36188942 13.99 124.172483  65.767640  2.999 -100.00 -100.00 -100.00
 283    40.217 57464.36189238 13.48 124.203936  65.769964  2.998 -100.00 -100.00 -100.00
 284    42.648 57474.27752920 13.81 124.166099  65.765521  3.512 -100.00 -100.00 -100.00
 284    42.434 57474.27752979 13.81 124.172388  65.765987  3.889 -100.00 -100.00 -100.00
 284    41.851 57474.27753038 13.45 124.178678  65.766452  3.170 -100.00 -100.00 -100.00
 284    40.128 57474.27753274 13.12 124.203839  65.768311  3.448  246.19  238.51  222.12
 286    42.359 57494.10879986 12.67 124.165514  65.763225  2.956 -100.00 -100.00 -100.00
 286    42.172 57494.10880045 12.59 124.171803  65.763691  3.478 -100.00 -100.00 -100.00
 286    42.435 57494.10880104 12.29 124.178092  65.764156  3.575 -100.00 -100.00 -100.00
 287    42.703 57504.02443201  7.63 124.166685  65.763989  3.151 -100.00 -100.00 -100.00
 287    42.837 57504.02443260  7.50 124.172974  65.764455  3.375 -100.00 -100.00 -100.00
 287    42.669 57504.02443319  7.61 124.179263  65.764920  2.794 -100.00 -100.00 -100.00
 288    37.041 57513.94008623 29.74 124.164775  65.764699 21.276 -100.00 -100.00 -100.00
 288    37.052 57513.94008682 30.09 124.171064  65.765165 23.251 -100.00 -100.00 -100.00
 288    36.905 57513.94008741 32.44 124.177354  65.765630   -100 -100.00 -100.00 -100.00
 288    38.023 57513.94008977 29.01 124.202513  65.767490 17.282 -100.00 -100.00 -100.00
 288    38.106 57513.94009036 28.51 124.208803  65.767954 14.630 -100.00 -100.00 -100.00
 289    38.378 57523.85574085 42.50 124.166021  65.764321 16.552 -100.00 -100.00 -100.00
 289    38.430 57523.85574144 36.82 124.172310  65.764787   -100 -100.00 -100.00 -100.00
 289    38.441 57523.85574203 34.83 124.178599  65.765253   -100 -100.00 -100.00 -100.00
 289    38.383 57523.85574439 38.34 124.203757  65.767112   -100  250.86  250.90  252.64
 290    43.632 57533.77139298 48.84 124.165732  65.762779  8.435 -100.00 -100.00 -100.00
 290    43.895 57533.77139357 52.57 124.172020  65.763245   -100 -100.00 -100.00 -100.00
 290    43.836 57533.77139416 54.54 124.178309  65.763710   -100 -100.00 -100.00 -100.00
 291    44.010 57543.68704185 26.40 124.163450  65.761517 13.030 -100.00 -100.00 -100.00
 291    44.115 57543.68704244 24.65 124.169737  65.761982 10.791 -100.00 -100.00 -100.00
 291    42.992 57543.68704303 26.03 124.176025  65.762448 14.646 -100.00 -100.00 -100.00
 292    43.762 57553.60268872 26.64 124.166607  65.762217 15.823 -100.00 -100.00 -100.00
 292    43.774 57553.60268931 23.98 124.172894  65.762683  9.464 -100.00 -100.00 -100.00
 292    43.299 57553.60268990 24.79 124.179182  65.763148 10.574 -100.00 -100.00 -100.00
 293    42.606 57563.51833376 45.53 124.165891  65.763745  0.038 -100.00 -100.00 -100.00
 293    42.541 57563.51833435 48.80 124.172179  65.764211 10.293 -100.00 -100.00 -100.00
 293    42.684 57563.51833495 51.68 124.178468  65.764676  6.349 -100.00 -100.00 -100.00
 294    43.818 57573.43397844 27.15 124.166741  65.765062 15.476 -100.00 -100.00 -100.00
 294    41.974 57573.43397903 27.50 124.173030  65.765528 15.268 -100.00 -100.00 -100.00
 294    41.937 57573.43398198 30.61 124.204477  65.767851 26.922 -100.00 -100.00 -100.00
 295    41.054 57583.34962261 43.30 124.165180  65.764911 21.385 -100.00 -100.00 -100.00
 295    40.211 57583.34962320 48.82 124.171469  65.765376 10.186 -100.00 -100.00 -100.00
 295    40.161 57583.34962379 52.86 124.177758  65.765842 19.525 -100.00 -100.00 -100.00
 295    40.000 57583.34962615 48.45 124.202916  65.767700 18.696 -100.00 -100.00 -100.00
 295    40.309 57583.34962674 46.02 124.209207  65.768164   -100 -100.00 -100.00 -100.00
 296    41.642 57593.26526479 43.29 124.163248  65.764014   -100 -100.00 -100.00 -100.00
 296    41.564 57593.26526538 45.48 124.169537  65.764480   -100 -100.00 -100.00 -100.00
 296    41.616 57593.26526597 48.70 124.175826  65.764945   -100 -100.00 -100.00 -100.00
 296    41.563 57593.26526892 43.61 124.207275  65.767269 30.109 -100.00 -100.00 -100.00
 297    43.249 57603.18090527 26.14 124.167917  65.764048 15.335 -100.00 -100.00 -100.00
 297    42.571 57603.18090586 23.88 124.174206  65.764514 10.002 -100.00 -100.00 -100.00
