-115452.211   137.832     0.00    6.82
-115165.771   138.131     1.05    7.24
-114879.338   138.973     2.94    7.50
-114592.913   139.061     0.31    9.21
-114306.493   138.501    -1.96   11.19
-114020.081   137.321    -4.12   13.04
-113733.676   135.561    -6.14   14.71
-113447.277   134.824    -2.57   14.31
-113160.886   135.543     2.51   13.95
-112874.501   135.412    -0.46   14.70
-112588.123   135.038    -1.30   15.33
-112301.751   135.141     0.36   14.81
-112015.387   136.374     4.31   12.94
-111729.030   138.850     8.64   12.95
-111442.679   140.038     4.15   14.28
-111156.335   142.009     6.88   15.93
-110869.998   144.797     9.74   14.82
-110583.668   146.444     5.75   14.18
-110297.344   146.606     0.57   13.66
-110011.028   144.316    -8.00   14.62
-109724.718   141.417   -10.13   14.88
-109438.415   138.661    -9.62   14.42
-109152.119   135.117   -12.38   13.81
-108865.830   131.327   -13.24   12.65
-108579.547   127.980   -11.69   11.17
-108293.272   127.216    -2.67   10.44
-108007.003   128.372     4.04   11.02
-107720.741   129.867     5.22   11.02
-107434.486   131.219     4.73   10.42
-107148.238   133.770     8.91    9.49
-106861.996   135.445     5.85    7.69
-106575.762   138.127     9.37    6.34
-106289.534   140.270     7.49    6.37
-106003.313   141.895     5.68    6.49
-105717.099   142.598     2.46    7.04
-105430.891   143.705     3.87    7.50
-105144.691   144.808     3.85    7.35
-104858.497   145.129     1.12    8.19
-104572.310   145.816     2.40    7.66
-104286.130   146.652     2.92    6.89
-103999.957   148.690     7.12    6.52
-103713.790   150.403     5.98    7.40
-103427.631   152.001     5.59    8.17
-103141.478   153.857     6.49    7.72
-102855.332   156.111     7.88    7.03
-102569.193   156.737     2.19    7.13
-102283.061   157.581     2.95    6.23
-101996.935   157.455    -0.44    6.08
-101710.816   156.116    -4.68    6.22
-101424.704   154.318    -6.28    6.53
-101138.599   152.732    -5.54    7.86
-100852.501   152.125    -2.12    9.11
-100566.409   151.681    -1.55   10.13
-100280.325   152.232     1.92   10.55
 -99994.247   154.125     6.62   10.35
 -99708.176   156.161     7.12    9.88
 -99422.111   157.700     5.38    8.57
 -99136.054   159.318     5.66    6.43
 -98850.003   160.343     3.58    4.90
 -98563.960   160.154    -0.66    5.13
 -98277.922   159.640    -1.80    5.45
 -97991.892   157.714    -6.73    8.25
 -97705.869   155.261    -8.58   10.68
 -97419.852   151.730   -12.34   12.63
 -97133.842   147.987   -13.09   13.27
 -96847.839   144.030   -13.84   12.43
 -96561.843   139.872   -14.54    8.51
 -96275.854   139.163    -2.48    7.79
 -95989.871   142.059    10.13   10.39
 -95703.895   145.848    13.25   12.11
 -95417.926   150.437    16.05   12.72
 -95131.964   154.691    14.88   11.26
 -94846.009   158.077    11.84    8.84
 -94560.060   159.988     6.68    5.65
 -94274.118   159.959    -0.10    4.54
 -93988.183   158.452    -5.27    5.77
 -93702.255   156.386    -7.23    6.74
 -93416.333   153.756    -9.20    7.57
 -93130.419   151.290    -8.63    7.61
 -92844.511   148.966    -8.13    7.31
 -92558.610   145.888   -10.77    8.66
 -92272.715   142.524   -11.77    9.57
 -91986.828   140.445    -7.27    8.76
 -91700.947   138.898    -5.41    8.86
 -91415.073   138.060    -2.93    8.73
 -91129.206   137.541    -1.81    8.94
 -90843.346   137.092    -1.57    8.77
 -90557.492   137.966     3.06    9.18
 -90271.645   139.024     3.70    9.22
 -89985.806   139.229     0.72    8.44
 -89699.972   139.353     0.44    8.18
 -89414.146   139.390     0.13    8.58
 -89128.326   139.451     0.22    8.70
 -88842.513   139.530     0.28    9.39
 -88556.707   140.456     3.24   10.35
 -88270.908   141.484     3.60   10.07
 -87985.116   141.350    -0.47   10.01
 -87699.330   140.780    -1.99    9.94
 -87413.551   140.959     0.62   10.21
 -87127.779   140.256    -2.46   10.39
 -86842.013   139.239    -3.56    9.57
 -86556.255   137.255    -6.94    9.57
 -86270.503   136.917    -1.18    9.88
 -85984.758   137.009     0.32    9.37
 -85699.020   136.777    -0.81    8.81
 -85412.930   135.966    -2.84    8.20
 -85125.650   133.853    -7.36    7.62
 -84838.376   131.576    -7.92    6.79
 -84551.111   130.283    -4.50    6.61
 -84263.853   129.191    -3.80    6.59
 -83976.603   128.589    -2.10    6.22
 -83689.360   127.835    -2.62    5.88
 -83402.126   128.387     1.92    6.08
 -83114.898   129.175     2.74    6.00
 -82827.679   129.326     0.53    5.46
 -82540.467   128.994    -1.15    5.00
 -82253.262   128.580    -1.44    4.65
 -81966.065   128.506    -0.26    4.77
 -81678.876   129.276     2.68    5.16
 -81391.695   129.882     2.11    5.19
 -81104.521   130.582     2.44    5.50
 -80817.354   131.741     4.04    5.59
 -80530.196   132.442     2.44    5.37
 -80243.045   132.832     1.36    4.75
 -79955.901   134.053     4.25    3.87
 -79668.765   134.438     1.34    4.01
 -79381.637   134.903     1.62    4.32
 -79094.517   134.542    -1.25    4.52
 -78807.404   133.750    -2.76    5.15
 -78520.298   132.681    -3.72    4.96
 -78233.201   130.690    -6.93    5.51
 -77946.110   128.777    -6.66    6.07
 -77659.028   126.147    -9.16    6.81
 -77371.953   123.748    -8.36    6.85
 -77084.886   123.951     0.71    7.24
 -76797.826   125.073     3.91    8.35
 -76510.774   127.316     7.81    9.88
 -76223.730   130.323    10.48   10.65
 -75936.693   133.546    11.23    9.95
 -75649.663   135.131     5.52    8.45
 -75362.642   136.316     4.13    7.82
 -75075.628   135.335    -3.42    9.31
 -74788.621   134.050    -4.48   10.10
 -74501.623   132.227    -6.35    9.97
 -74214.631   130.893    -4.65    8.63
 -73927.648   130.116    -2.71    7.55
 -73640.672   129.882    -0.82    6.82
 -73353.703   131.393     5.27    7.31
 -73066.743   134.075     9.34    6.47
 -72779.789   136.569     8.69    4.87
 -72492.844   138.050     5.16    5.26
 -72205.906   139.549     5.22    6.47
 -71918.975   140.597     3.65    6.45
 -71632.053   141.287     2.41    6.00
 -71345.137   141.915     2.19    5.65
 -71058.230   142.944     3.59    5.75
 -70771.330   144.320     4.80    5.66
 -70484.437   144.764     1.55    5.44
 -70197.552   144.741    -0.08    4.98
 -69910.675   143.846    -3.12    6.21
 -69623.806   141.910    -6.75    7.40
 -69336.944   139.630    -7.95    7.23
 -69050.089   138.530    -3.83    6.20
 -68763.242   137.673    -2.99    5.19
 -68476.403   137.367    -1.07    5.29
 -68189.571   136.734    -2.21    6.04
 -67902.747   136.483    -0.87    6.07
 -67615.931   136.109    -1.31    6.26
 -67329.122   135.792    -1.10    6.14
 -67042.320   135.421    -1.29    5.95
 -66755.526   135.498     0.27    6.03
 -66468.740   136.161     2.31    5.67
 -66181.962   137.710     5.40    4.52
 -65895.191   138.323     2.14    4.54
 -65608.427   138.712     1.36    4.75
 -65321.671   138.843     0.45    4.69
 -65034.923   139.313     1.64    4.76
 -64748.182   139.931     2.15    4.76
 -64461.449   141.437     5.25    4.68
 -64174.724   142.409     3.39    4.24
 -63888.006   142.959     1.92    4.27
 -63601.295   143.535     2.01    4.18
 -63314.592   144.756     4.26    3.40
 -63027.897   145.240     1.69    3.18
 -62741.210   145.038    -0.70    3.59
 -62454.529   145.140     0.35    4.04
 -62167.857   146.225     3.79    4.57
 -61881.192   146.952     2.54    4.93
 -61594.535   147.980     3.59    5.03
 -61307.885   149.103     3.92    5.09
 -61021.242   150.155     3.67    4.65
 -60734.608   151.232     3.76    4.05
 -60447.981   151.154    -0.27    4.28
 -60161.361   150.237    -3.20    5.53
 -59874.749   148.600    -5.71    7.61
 -59588.145   146.198    -8.38    8.68
 -59301.548   143.152   -10.63    9.57
 -59014.959   140.505    -9.23    9.77
 -58728.377   138.659    -6.44    8.88
 -58441.803   136.886    -6.19    7.36
 -58155.236   136.137    -2.61    7.61
 -57868.677   135.038    -3.84    8.27
 -57582.125   135.270     0.81    9.16
 -57295.581   135.519     0.87   10.10
 -57009.045   135.484    -0.12   11.55
 -56722.516   136.219     2.57   13.71
 -56435.995   136.232     0.04   15.92
 -56149.481   136.686     1.59   17.25
 -55862.975   135.437    -4.36   18.03
 -55576.477   132.306   -10.93   18.62
 -55289.985   128.056   -14.83   16.93
 -55003.502   123.672   -15.30   13.47
 -54717.026   119.430   -14.81    9.73
 -54430.558   117.545    -6.58    7.86
 -54144.097   115.635    -6.67    6.65
 -53857.643   114.878    -2.64    6.15
 -53571.198   116.126     4.36    6.68
 -53284.760   119.238    10.86    9.18
 -52998.329   121.520     7.97   10.63
 -52711.906   123.176     5.78   11.54
 -52425.490   125.519     8.18   12.19
 -52139.082   128.980    12.09   12.12
 -51852.682   132.659    12.85   10.31
 -51566.289   134.398     6.07    9.63
 -51279.903   136.248     6.46    8.38
 -50993.526   138.893     9.24    7.61
 -50707.155   141.835    10.27    7.31
 -50420.792   144.093     7.88    7.39
 -50134.437   145.155     3.71    7.24
 -49848.089   146.177     3.57    6.77
 -49561.749   147.752     5.50    5.60
 -49275.417   148.540     2.75    5.36
 -48989.092   148.988     1.56    5.34
 -48702.774   150.096     3.87    5.15
 -48416.464   151.069     3.40    4.43
 -48130.162   152.455     4.84    3.54
 -47843.867   153.477     3.57    3.79
 -47557.579   154.129     2.28    4.30
 -47271.299   155.228     3.84    4.43
 -46985.027   156.260     3.60    4.35
 -46698.762   157.350     3.81    4.32
 -46412.505   158.442     3.81    4.35
 -46126.255   159.412     3.39    4.31
 -45840.013   160.821     4.92    3.70
 -45553.778   160.769    -0.18    3.87
 -45267.551   159.980    -2.76    4.21
 -44981.331   158.608    -4.79    4.79
 -44695.119   157.065    -5.39    5.23
 -44408.915   155.889    -4.11    4.87
 -44122.717   155.466    -1.48    5.06
 -43836.528   155.821     1.24    5.51
 -43550.346   156.411     2.06    6.47
 -43264.171   158.466     7.18    6.74
 -42978.004   160.521     7.18    6.18
 -42691.845   161.916     4.88    4.84
 -42405.693   162.271     1.24    4.46
 -42119.548   162.089    -0.64    4.46
 -41833.411   161.579    -1.78    4.18
 -41547.282   160.070    -5.27    4.61
 -41261.160   158.923    -4.01    4.61
 -40975.046   158.267    -2.29    4.65
 -40688.939   157.306    -3.36    4.99
 -40402.840   155.755    -5.42    5.03
 -40116.748   153.513    -7.84    5.14
 -39830.663   151.009    -8.75    5.16
 -39544.586   149.070    -6.78    4.66
 -39258.517   147.473    -5.58    4.15
 -38972.455   145.988    -5.19    3.23
 -38686.401   144.802    -4.15    2.96
 -38400.354   143.745    -3.70    3.16
 -38114.315   142.696    -3.67    3.36
 -37828.283   141.776    -3.22    3.69
 -37542.259   140.647    -3.95    3.96
 -37256.242   139.082    -5.47    4.53
 -36970.233   137.915    -4.08    5.18
 -36684.231   136.318    -5.58    5.95
 -36398.237   134.599    -6.01    6.90
 -36112.250   132.506    -7.32    7.55
 -35826.271   130.221    -7.99    8.03
 -35540.299   127.600    -9.17    8.21
 -35254.335   124.509   -10.81    8.46
 -34968.378   121.398   -10.88    7.00
 -34682.429   119.686    -5.98    6.08
 -34396.487   118.396    -4.51    6.50
 -34110.553   118.418     0.07    7.09
 -33824.626   119.130     2.49    7.77
 -33538.707   121.562     8.50    7.72
 -33252.795   124.248     9.40    6.44
 -32966.891   126.198     6.82    5.66
 -32680.994   126.350     0.53    5.10
 -32395.105   125.067    -4.49    5.30
 -32109.223   123.635    -5.01    5.68
 -31823.348   122.059    -5.51    6.09
 -31537.482   120.384    -5.86    6.32
 -31251.622   117.995    -8.36    6.13
 -30965.770   116.491    -5.26    5.06
 -30679.926   115.560    -3.25    4.50
 -30394.089   114.632    -3.25    3.49
 -30108.260   114.212    -1.47    3.23
 -29822.438   114.191    -0.07    3.75
 -29536.623   113.730    -1.61    3.61
 -29250.816   113.201    -1.85    3.58
 -28965.017   112.508    -2.42    3.65
 -28679.225   112.396    -0.39    3.94
 -28393.440   112.908     1.79    4.37
 -28107.663   113.516     2.13    4.56
 -27821.894   113.285    -0.81    5.19
 -27536.132   112.338    -3.31    6.70
 -27250.377   111.878    -1.61    7.44
 -26964.630   111.817    -0.21    7.89
 -26678.890   111.825     0.03    8.20
 -26393.158   111.104    -2.53    8.09
 -26107.433   111.072    -0.11    7.98
 -25821.716   111.325     0.88    6.65
 -25536.007   110.782    -1.90    5.68
 -25250.304   108.995    -6.25    6.48
 -24964.609   105.150   -13.46    8.85
 -24678.922    99.647   -19.26   12.41
 -24393.242    94.096   -19.43   13.44
 -24107.570    87.767   -22.15   13.29
 -23821.905    82.938   -16.91   11.21
 -23535.715    78.331   -16.10    7.80
 -23248.356    75.502    -9.85    4.13
 -22961.006    73.980    -5.29    4.00
 -22673.664    71.385    -9.03    5.19
 -22386.330    69.445    -6.75    6.26
 -22099.005    67.220    -7.74    7.41
 -21811.688    65.582    -5.70    7.88
 -21524.379    65.053    -1.84    7.70
 -21237.079    64.566    -1.69    7.17
 -20949.787    63.732    -2.90    5.29
 -20662.503    65.747     7.01    7.43
 -20375.228    68.973    11.23    9.18
 -20087.961    72.828    13.42    9.60
 -19800.702    75.654     9.84    9.00
 -19513.452    78.670    10.50    9.56
 -19226.210    81.232     8.92   10.37
 -18938.977    83.169     6.74   11.07
 -18651.752    84.628     5.08   11.68
 -18364.535    85.930     4.53   11.60
 -18077.326    86.922     3.45   11.93
 -17790.126    87.021     0.34   13.22
 -17502.934    87.269     0.86   14.39
 -17215.751    85.958    -4.56   16.22
 -16928.575    83.452    -8.73   17.75
 -16641.409    80.165   -11.45   19.04
 -16354.250    76.679   -12.14   19.96
 -16067.100    72.248   -15.43   19.81
 -15779.958    66.994   -18.30   19.28
 -15492.824    59.219   -27.08   20.18
 -15205.699    50.360   -30.85   21.78
 -14918.582    40.080   -35.80   22.89
 -14631.474    28.798   -39.30   23.39
 -14344.373    18.001   -37.61   20.70
 -14057.281     8.688   -32.44   15.03
 -13770.198     2.640   -21.07    9.47
 -13483.122    -0.394   -10.57    6.28
 -13196.055     0.459     2.97    7.33
 -12908.997     3.469    10.49   10.10
 -12621.946     5.739     7.91   11.49
 -12334.904     7.260     5.30   12.61
 -12047.871     6.586    -2.35   12.71
 -11760.845     5.980    -2.11   12.96
 -11473.828     3.456    -8.80   11.87
 -11186.819    -0.782   -14.77    8.19
 -10899.819    -3.034    -7.85    4.31
 -10612.827    -1.775     4.39    5.62
 -10325.843     0.987     9.63    6.46
 -10038.867     2.618     5.68    6.42
  -9751.900     3.994     4.79    6.85
  -9464.941     4.637     2.24    7.13
  -9177.990     4.797     0.55    7.27
  -8891.048     3.392    -4.90    7.60
  -8604.114     1.023    -8.26    6.71
  -8317.188    -1.225    -7.84    4.64
  -8030.271    -2.736    -5.27    0.91
  -7743.362    -2.857    -0.42    0.38
  -7456.461    -2.808     0.17    0.45
  -7169.568    -1.893     3.19    3.50
  -6882.684     1.480    11.76    9.65
  -6595.808     6.769    18.43   14.45
  -6308.941    11.295    15.78   15.28
  -6022.081    14.487    11.13   14.33
  -5735.230    17.538    10.64   12.39
  -5448.388    18.517     3.41   10.85
  -5161.553    17.459    -3.69   11.12
  -4874.727    13.177   -14.93   12.29
  -4587.909     8.569   -16.07   11.01
  -4301.099     3.945   -16.12    8.99
  -4014.298     0.761   -11.10    6.16
  -3727.505    -1.563    -8.11    2.61
  -3440.720    -2.118    -1.93    0.72
  -3153.944    -1.179     3.27    3.27
  -2867.176    -0.042     3.97    4.63
  -2580.416     0.527     1.98    4.75
  -2293.664     0.811     0.99    4.80
  -2006.921     1.835     3.57    5.29
  -1720.186     2.386     1.92    5.26
  -1433.459     2.784     1.39    5.62
  -1146.741     2.097    -2.40    5.67
   -860.031     2.297     0.70    6.52
   -573.329     1.881    -1.45    6.47
   -286.635     0.850    -3.60    5.87
      0.050    -0.437    -4.49    5.16
    286.727     0.630     3.72    6.75
    573.396     1.611     3.42    7.65
    860.056     1.725     0.40    8.58
   1146.709     1.459    -0.93    8.66
   1433.353     0.238    -4.26    7.01
   1719.988    -0.013    -0.87    6.61
   2006.616    -0.089    -0.27    6.00
   2293.235     0.973     3.70    6.55
   2579.846     2.418     5.04    7.04
   2866.449     3.909     5.20    7.75
   3153.043     4.929     3.56    8.29
   3439.629     5.598     2.33    8.21
   3726.207     6.560     3.36    8.43
   4012.776     5.103    -5.09    7.99
   4299.338     2.980    -7.41    6.16
   4585.891     1.216    -6.16    5.46
   4872.436     0.577    -2.23    4.81
   5158.972     0.760     0.64    4.79
   5445.500     0.363    -1.38    3.91
   5732.020     0.502     0.48    3.92
   6018.532     1.495     3.46    5.39
   6305.036     3.406     6.67    7.42
   6591.531     6.725    11.59    8.83
   6878.018     9.554     9.88    8.45
   7164.497    10.966     4.93    7.21
   7450.967    10.783    -0.64    6.36
   7737.429    10.002    -2.73    6.11
   8023.883     8.685    -4.60    5.43
   8310.329     6.321    -8.26    5.94
   8596.767     3.679    -9.22    5.73
   8883.196     2.669    -3.53    5.33
   9169.617     3.555     3.09    6.70
   9456.030     4.944     4.85    7.60
   9742.434     5.835     3.11    7.48
  10028.830     7.198     4.76    7.42
  10315.218     8.341     3.99    6.66
  10601.598     9.025     2.39    6.48
  10887.970     9.732     2.47    7.10
  11174.333     9.575    -0.55    7.42
  11460.688    10.089     1.80    7.93
  11747.035    11.799     5.97    7.51
  12033.373    13.823     7.07    6.23
  12319.704    15.613     6.25    4.69
  12606.026    16.659     3.65    4.17
  12892.340    16.633    -0.09    4.22
  13178.645    16.287    -1.21    4.18
  13464.943    15.789    -1.74    4.22
  13751.232    15.484    -1.07    4.22
  14037.513    15.083    -1.40    4.31
  14323.786    14.252    -2.91    4.19
  14610.050    13.462    -2.76    4.35
  14896.306    12.169    -4.52    4.70
  15182.554    10.732    -5.02    4.52
  15468.794     9.931    -2.80    3.90
  15755.026     9.354    -2.02    3.44
  16041.249     9.140    -0.75    3.33
  16327.464     9.052    -0.31    3.33
  16613.671     9.260     0.73    3.06
  16899.870     9.630     1.29    2.67
  17186.060     9.735     0.37    2.39
  17472.243     9.069    -2.33    2.24
  17758.417     8.451    -2.16    2.67
  18044.583     8.137    -1.10    3.10
  18330.740     7.719    -1.46    3.32
  18616.889     6.988    -2.56    3.49
  18903.031     6.125    -3.02    3.47
  19189.164     5.951    -0.61    3.29
  19475.288     5.730    -0.77    3.35
  19761.405     5.773     0.15    3.27
  20047.513     6.123     1.22    3.55
  20333.613     7.214     3.81    4.04
  20619.705     8.287     3.75    4.22
  20905.789     8.937     2.27    5.03
  21191.864     9.444     1.77    6.54
  21477.932    10.780     4.67    8.72
  21763.991    12.037     4.39   11.12
  22050.041    12.672     2.22   12.64
  22336.084    13.118     1.56   13.61
  22622.119    13.209     0.32   13.47
  22908.145    13.547     1.18   12.48
  23194.163    14.059     1.79   11.90
  23480.173    14.459     1.40   11.75
  23766.174    13.988    -1.65   11.69
  24052.168    13.885    -0.36   11.55
  24338.153    14.679     2.78   11.68
  24624.130    16.076     4.88   11.97
  24910.099    16.517     1.54   11.56
  25196.060    16.316    -0.70   11.15
  25482.012    16.009    -1.07   10.11
  25767.956    16.083     0.26    8.80
  26053.892    15.883    -0.70    6.98
  26339.820    15.973     0.32    6.53
  26625.740    15.825    -0.52    6.50
  26911.651    15.767    -0.20    6.48
  27197.555    16.073     1.07    6.01
  27483.450    17.907     6.41    7.43
  27769.337    20.189     7.98    9.90
  28055.216    22.654     8.62   11.50
  28341.086    24.686     7.11   12.06
  28626.949    26.366     5.88   11.71
  28912.803    28.366     7.00   10.70
  29198.649    30.175     6.33    9.24
  29484.487    30.712     1.88    8.21
  29770.316    30.994     0.99    7.34
  30056.138    32.173     4.13    6.68
  30341.951    33.126     3.34    6.77
  30627.756    34.409     4.49    6.31
  30913.553    34.797     1.36    6.52
  31199.342    34.141    -2.29    7.38
  31485.122    32.428    -6.00    7.94
  31770.895    31.272    -4.04    7.78
  32056.659    30.884    -1.36    7.13
  32342.415    30.815    -0.24    6.50
  32628.163    31.066     0.88    5.53
  32913.903    31.495     1.50    4.59
  33199.634    31.558     0.22    4.81
  33485.358    30.565    -3.48    6.55
  33771.073    28.554    -7.04    8.15
  34056.780    26.360    -7.68    9.23
  34342.479    25.633    -2.55   10.09
  34628.169    25.502    -0.46   10.95
  34913.852    24.491    -3.54   11.15
  35199.526    24.572     0.28   11.05
  35485.193    26.554     6.94   10.01
  35770.851    28.795     7.84    8.74
  36056.501    30.230     5.03    9.38
  36342.142    32.647     8.46   11.41
  36627.776    34.190     5.40   11.00
  36913.401    36.642     8.58    9.79
  37199.019    39.047     8.42    8.62
  37484.628    40.502     5.10    8.42
  37770.229    41.760     4.40    8.46
  38055.821    42.053     1.03    7.92
  38342.142    42.719     2.33    6.75
  38629.577    43.811     3.80    6.13
  38917.002    44.657     2.94    6.04
  39204.419    45.385     2.53    6.22
  39491.826    45.647     0.91    6.48
  39779.224    46.988     4.67    6.77
  40066.614    47.980     3.45    6.78
  40353.994    48.640     2.29    6.56
  40641.365    47.172    -5.11    8.23
  40928.727    44.423    -9.56   10.26
  41216.080    40.752   -12.78   10.75
  41503.425    37.690   -10.65    8.67
  41790.760    35.520    -7.55    6.79
  42078.085    35.817     1.03    6.88
  42365.402    37.679     6.48    7.56
  42652.710    41.980    14.97    9.15
  42940.009    45.543    12.40   10.00
  43227.299    48.357     9.79   10.36
  43514.579    51.924    12.42    9.47
  43801.851    55.537    12.58    7.55
  44089.114    58.172     9.17    5.15
  44376.367    59.304     3.94    4.40
  44663.612    60.422     3.89    4.07
  44950.847    61.190     2.67    4.04
  45238.074    62.156     3.36    4.55
  45525.291    63.900     6.07    6.37
  45812.500    66.373     8.61    7.76
  46099.699    69.335    10.31    8.57
  46386.889    73.679    15.13   10.49
  46674.071    79.192    19.20   12.63
  46961.243    85.547    22.13   14.85
  47248.406    93.825    28.83   16.63
  47535.560   101.952    28.30   16.37
  47822.705   110.259    28.93   15.22
  48109.842   116.798    22.77   14.37
  48396.969   122.793    20.88   12.47
  48684.087   127.938    17.92   11.78
  48971.196   132.973    17.54    9.79
  49258.296   136.311    11.63    8.61
  49545.387   139.417    10.82    7.46
  49832.469   141.812     8.35    6.60
  50119.542   142.831     3.55    5.65
  50406.606   143.565     2.55    5.69
  50693.661   144.929     4.75    5.20
  50980.707   144.585    -1.20    6.25
  51267.744   143.433    -4.01    7.12
  51554.772   142.132    -4.53    7.47
  51841.791   141.092    -3.63    8.03
  52128.800   141.466     1.30    8.79
  52415.801   142.745     4.46    9.52
  52702.793   144.136     4.85   10.60
  52989.776   147.650    12.24   10.61
  53276.750   151.433    13.18    9.24
  53563.715   153.853     8.43    8.12
  53850.670   156.077     7.75    7.37
  54137.617   157.448     4.78    7.24
  54424.555   159.362     6.67    6.86
  54711.484   161.915     8.90    7.16
  54998.404   164.743     9.86    7.29
  55285.315   166.297     5.42    7.59
  55572.216   166.477     0.63    8.55
  55859.109   165.023    -5.07   10.17
  56145.993   162.780    -7.82   12.48
  56432.868   158.988   -13.22   13.97
  56719.734   154.202   -16.68   15.46
  57006.591   148.072   -21.37   17.02
  57293.438   141.863   -21.65   17.54
  57580.277   135.182   -23.29   19.37
  57867.107   128.698   -22.61   21.20
  58153.928   123.067   -19.63   22.76
  58440.740   116.227   -23.85   24.25
  58727.543   109.886   -22.11   21.79
  59014.337   106.532   -11.70   19.46
  59301.122    99.342   -25.07   20.21
  59587.898    91.061   -28.88   19.66
  59874.665    86.601   -15.55   20.19
  60161.423    80.044   -22.87   19.55
  60448.172    72.869   -25.02   16.19
  60734.912    67.621   -18.30   13.14
  61021.643    63.271   -15.17   10.93
  61308.365    61.661    -5.61   11.37
  61595.078    62.734     3.74   12.06
  61881.782    64.445     5.97   12.61
  62168.477    64.870     1.48   12.72
  62455.164    65.916     3.65   13.34
  62741.841    66.165     0.87   13.86
  63028.509    66.688     1.83   13.66
  63315.168    68.838     7.50   13.62
  63601.819    70.016     4.11   13.68
  63888.460    70.884     3.03   13.78
  64175.092    71.248     1.27   12.95
  64461.716    71.806     1.95   12.16
  64748.330    71.198    -2.12   10.56
  65034.936    71.844     2.25    9.32
  65321.532    73.415     5.48    7.12
  65608.120    75.212     6.27    5.51
  65894.698    77.274     7.19    6.83
  66181.268    80.190    10.18    8.40
  66467.829    83.188    10.46    8.64
  66754.380    85.416     7.78    7.60
  67040.923    86.588     4.09    7.09
  67327.457    87.752     4.06    6.91
  67613.982    90.370     9.14    8.39
  67900.498    93.164     9.75   11.45
  68187.005    96.009     9.93   14.19
  68473.503   100.175    14.54   16.61
  68759.992   104.660    15.66   16.86
  69046.472   108.221    12.43   15.37
  69332.943   111.595    11.78   13.88
  69619.405   115.329    13.03   13.00
  69905.858   119.902    15.96   12.74
  70192.303   123.718    13.32   12.26
  70478.738   126.591    10.03   11.93
  70765.165   129.232     9.22   11.08
  71051.582   131.824     9.05    9.93
  71337.991   134.548     9.51    8.64
  71624.390   136.583     7.11    8.52
  71910.781   139.072     8.69    7.20
  72197.163   141.067     6.97    5.35
  72483.536   141.861     2.77    4.44
  72769.900   142.816     3.33    4.29
  73056.255   143.951     3.96    5.61
  73342.601   144.345     1.37    6.49
  73628.938   144.462     0.41    6.95
  73915.266   145.734     4.44    7.56
  74201.585   147.590     6.48    8.21
  74487.895   149.010     4.96    8.05
  74774.197   150.943     6.75    7.43
  75060.489   153.079     7.46    6.62
  75346.773   155.111     7.10    5.68
  75633.047   156.258     4.01    4.75
  75919.313   156.609     1.23    4.63
  76205.570   156.487    -0.43    4.54
  76491.818   156.553     0.23    4.65
