-106117.377   108.069     0.00    4.31
-105830.769   106.938    -3.95    5.04
-105544.170   106.603    -1.17    6.21
-105257.580   105.145    -5.09    6.85
-104970.999   103.985    -4.05    7.27
-104684.427   103.450    -1.87    7.55
-104397.864   103.645     0.68    7.77
-104111.310   104.831     4.14    8.43
-103824.765   105.960     3.94    8.54
-103538.229   106.121     0.56    7.94
-103251.702   107.019     3.14    7.51
-102965.184   107.824     2.81    6.77
-102678.675   108.707     3.08    6.11
-102392.175   109.465     2.65    5.03
-102105.684   109.058    -1.42    5.02
-101819.202   109.206     0.52    3.82
-101532.728   108.823    -1.33    3.16
-101246.264   108.256    -1.98    2.91
-100959.809   107.290    -3.37    3.08
-100673.363   106.229    -3.70    3.05
-100386.926   105.881    -1.22    3.30
-100100.498   105.744    -0.48    3.32
 -99814.079   105.327    -1.45    3.39
 -99527.669   105.117    -0.74    3.12
 -99241.268   105.149     0.11    2.99
 -98954.875   105.606     1.59    2.62
 -98668.492   106.342     2.57    2.76
 -98382.118   106.882     1.89    3.36
 -98095.753   107.317     1.52    3.79
 -97809.397   107.588     0.95    4.26
 -97523.049   106.890    -2.44    5.60
 -97236.711   106.387    -1.76    6.51
 -96950.382   105.473    -3.19    6.57
 -96664.061   104.062    -4.93    6.26
 -96377.750   102.414    -5.76    5.32
 -96091.448   101.345    -3.73    5.32
 -95805.154   101.507     0.57    5.52
 -95518.870   101.597     0.31    5.46
 -95232.594   101.312    -0.99    5.81
 -94946.328   101.029    -0.99    6.17
 -94660.070   101.038     0.03    6.22
 -94373.822   101.394     1.24    5.35
 -94087.582   100.692    -2.45    5.36
 -93801.352   100.232    -1.61    5.03
 -93515.130    99.282    -3.32    4.22
 -93228.917    98.081    -4.20    3.99
 -92942.713    96.567    -5.29    4.17
 -92656.519    94.722    -6.45    4.32
 -92370.333    93.664    -3.70    4.69
 -92084.156    93.152    -1.79    5.32
 -91797.988    93.073    -0.28    6.06
 -91511.829    93.075     0.01    6.42
 -91225.679    93.497     1.47    6.53
 -90939.538    94.028     1.85    5.99
 -90653.406    94.659     2.21    5.26
 -90367.283    95.488     2.90    4.48
 -90081.169    96.557     3.73    3.93
 -89795.063    97.345     2.76    3.42
 -89508.967    98.039     2.43    3.05
 -89222.880    98.371     1.16    3.16
 -88936.801    98.838     1.63    3.00
 -88650.732    99.445     2.12    3.05
 -88364.671   100.162     2.50    3.61
 -88078.620   101.044     3.08    3.55
 -87792.577   101.460     1.46    3.14
 -87506.544   101.305    -0.54    3.26
 -87220.519   101.224    -0.28    3.17
 -86934.503   100.238    -3.45    3.16
 -86648.496    99.327    -3.18    2.87
 -86362.498    98.676    -2.28    2.89
 -86076.509    97.912    -2.67    3.12
 -85790.529    97.202    -2.48    3.34
 -85504.558    96.008    -4.18    3.01
 -85218.596    95.186    -2.88    2.59
 -84932.643    95.259     0.26    2.77
 -84646.698    95.015    -0.85    3.07
 -84360.763    94.512    -1.76    3.20
 -84074.836    94.302    -0.73    3.19
 -83788.919    94.320     0.06    3.29
 -83503.010    94.201    -0.42    3.55
 -83217.110    93.378    -2.88    3.93
 -82931.220    92.309    -3.74    3.74
 -82645.338    91.375    -3.27    4.00
 -82359.465    90.366    -3.53    4.14
 -82073.601    88.794    -5.50    4.47
 -81787.746    87.120    -5.86    4.01
 -81501.900    86.395    -2.53    3.94
 -81216.062    85.082    -4.59    4.26
 -80930.234    82.758    -8.13    7.55
 -80644.415    80.668    -7.31    9.96
 -80358.604    77.169   -12.24   12.53
 -80072.803    73.206   -13.87   13.70
 -79787.010    69.617   -12.56   13.88
 -79501.226    65.179   -15.53   12.44
 -79215.451    61.447   -13.06    9.92
 -78929.685    60.313    -3.97    7.97
 -78643.928    60.438     0.44    6.67
 -78358.180    64.167    13.05    9.89
 -78072.441    68.183    14.06   11.24
 -77786.710    71.485    11.56   11.09
 -77500.989    75.044    12.46    9.85
 -77215.277    78.197    11.04    7.45
 -76929.573    79.912     6.00    4.38
 -76643.878    80.586     2.36    3.25
 -76358.192    80.338    -0.87    3.31
 -76072.515    80.038    -1.05    3.24
 -75786.847    80.459     1.48    3.78
 -75501.188    80.896     1.53    4.24
 -75215.538    80.577    -1.11    4.50
 -74929.897    80.028    -1.92    5.28
 -74644.264    79.641    -1.36    5.84
 -74358.641    78.349    -4.52    7.16
 -74073.026    76.207    -7.50    8.22
 -73787.420    74.816    -4.87    7.81
 -73501.823    73.779    -3.63    7.58
 -73216.235    73.117    -2.32    7.13
 -72930.656    72.890    -0.79    6.91
 -72645.086    72.897     0.02    6.59
 -72359.525    72.824    -0.26    6.18
 -72073.972    72.179    -2.26    6.16
 -71788.429    70.113    -7.23    6.62
 -71502.894    67.816    -8.04    6.44
 -71217.368    66.181    -5.73    5.33
 -70931.851    65.845    -1.18    4.75
 -70645.906    65.995     0.52    4.78
 -70358.387    66.040     0.15    4.74
 -70070.877    66.988     3.30    5.09
 -69783.376    68.671     5.86    4.99
 -69495.886    70.208     5.34    4.50
 -69208.405    71.391     4.12    3.84
 -68920.935    72.305     3.18    3.45
 -68633.474    72.565     0.90    3.58
 -68346.022    72.627     0.22    3.61
 -68058.581    72.648     0.07    3.52
 -67771.150    72.909     0.91    3.76
 -67483.728    73.059     0.52    3.68
 -67196.316    73.226     0.58    3.57
 -66908.914    73.476     0.87    3.24
 -66621.521    73.677     0.70    2.82
 -66334.139    74.519     2.93    2.70
 -66046.766    75.467     3.30    2.97
 -65759.403    75.786     1.11    2.98
 -65472.050    76.119     1.16    2.95
 -65184.707    76.188     0.24    2.77
 -64897.373    76.562     1.30    2.37
 -64610.049    77.024     1.61    2.57
 -64322.735    77.090     0.23    3.06
 -64035.431    77.334     0.85    3.57
 -63748.137    77.944     2.12    3.91
 -63460.852    78.002     0.20    4.13
 -63173.577    77.703    -1.04    4.35
 -62886.312    76.590    -3.88    5.93
 -62599.057    74.273    -8.07    7.67
 -62311.812    71.625    -9.22    8.56
 -62024.576    68.282   -11.64    9.38
 -61737.350    65.831    -8.54    9.56
 -61450.134    63.554    -7.93    9.27
 -61162.928    61.429    -7.40    7.88
 -60875.731    60.881    -1.91    6.88
 -60588.544    61.017     0.47    6.27
 -60301.367    62.443     4.97    6.51
 -60014.200    64.817     8.27    7.04
 -59727.042    66.345     5.32    6.55
 -59439.895    67.237     3.10    5.76
 -59152.757    67.681     1.55    5.37
 -58865.628    67.157    -1.83    5.85
 -58578.510    66.227    -3.24    6.45
 -58291.401    64.991    -4.30    6.74
 -58004.302    63.090    -6.62    7.70
 -57717.213    60.895    -7.64    8.99
 -57430.134    58.238    -9.26    9.73
 -57143.064    57.464    -2.70   11.23
 -56856.004    57.088    -1.31   11.99
 -56568.954    56.995    -0.32   12.54
 -56281.914    57.495     1.74   13.33
 -55994.883    58.121     2.18   12.98
 -55707.863    59.968     6.44   11.96
 -55420.851    61.945     6.89   10.74
 -55133.850    64.368     8.44    8.76
 -54846.859    65.422     3.67    7.28
 -54559.877    66.554     3.95    5.64
 -54272.905    67.608     3.67    3.23
 -53985.942    67.378    -0.80    3.90
 -53698.990    64.795    -9.00    8.22
 -53412.047    61.383   -11.89   10.82
 -53125.114    58.255   -10.90   11.92
 -52838.190    55.105   -10.98   12.23
 -52551.277    52.853    -7.85   11.81
 -52264.373    52.478    -1.30   11.27
 -51977.479    53.431     3.32   11.24
 -51690.594    55.642     7.71   10.69
 -51403.719    57.738     7.31    9.68
 -51116.854    58.644     3.16    8.50
 -50829.999    57.552    -3.81    9.78
 -50543.154    54.662   -10.08   11.77
 -50256.318    51.823    -9.89   12.90
 -49969.492    48.147   -12.82   12.80
 -49682.675    44.142   -13.97   11.50
 -49395.869    42.090    -7.15   10.37
 -49109.072    41.664    -1.48   10.26
 -48822.285    42.622     3.34   11.07
 -48535.507    45.055     8.49   11.99
 -48248.740    46.971     6.68   12.25
 -47961.982    50.184    11.20   12.14
 -47675.233    52.600     8.43   11.27
 -47388.495    54.771     7.57   10.14
 -47101.766    56.738     6.86    8.45
 -46815.047    57.924     4.14    7.41
 -46528.337    58.034     0.38    8.00
 -46241.638    57.045    -3.45    9.59
 -45954.948    55.644    -4.89   11.43
 -45668.267    53.159    -8.67   12.72
 -45381.597    51.817    -4.68   13.06
 -45094.936    50.476    -4.68   13.26
 -44808.285    49.288    -4.14   13.12
 -44521.643    47.888    -4.88   12.12
 -44235.011    45.897    -6.95   10.79
 -43948.389    45.085    -2.84    9.44
 -43661.777    43.713    -4.79    7.32
 -43375.174    42.645    -3.73    6.04
 -43088.581    42.406    -0.83    6.89
 -42801.998    41.720    -2.40    7.19
 -42515.424    41.077    -2.24    7.33
 -42228.860    40.270    -2.82    7.67
 -41942.306    38.564    -5.95    8.15
 -41655.762    36.601    -6.85    8.21
 -41369.227    34.302    -8.02    7.31
 -41082.702    32.638    -5.81    6.24
 -40796.186    30.874    -6.16    5.95
 -40509.680    29.557    -4.60    5.68
 -40223.184    28.670    -3.09    5.23
 -39936.698    27.476    -4.17    4.48
 -39650.221    27.105    -1.30    3.21
 -39363.754    26.974    -0.46    2.53
 -39077.297    26.635    -1.18    2.70
 -38790.849    26.081    -1.94    3.45
 -38504.411    26.207     0.44    3.42
 -38217.983    26.282     0.26    3.51
 -37931.564    26.509     0.79    3.36
 -37645.155    26.709     0.70    3.27
 -37358.756    26.941     0.81    3.40
 -37072.366    27.338     1.39    3.01
 -36785.986    28.017     2.37    1.87
 -36499.616    28.286     0.94    2.13
 -36213.255    28.399     0.40    3.10
 -35926.904    28.534     0.47    3.71
 -35640.563    28.534    -0.00    4.11
 -35354.231    28.687     0.54    4.23
 -35067.909    28.905     0.76    4.42
 -34781.597    29.200     1.03    4.34
 -34495.294    29.248     0.17    3.91
 -34209.001    28.525    -2.53    3.17
 -33922.718    27.895    -2.20    2.22
 -33636.444    27.772    -0.43    1.99
 -33350.180    27.573    -0.70    2.21
 -33063.926    27.565    -0.03    2.46
 -32777.681    27.472    -0.32    2.55
 -32491.446    27.606     0.47    2.85
 -32205.221    28.382     2.71    3.16
 -31919.005    29.763     4.83    4.11
 -31632.799    31.534     6.19    4.56
 -31346.602    32.853     4.61    4.50
 -31060.415    33.867     3.55    4.11
 -30774.238    34.445     2.02    3.57
 -30488.071    35.260     2.85    3.26
 -30201.913    35.559     1.05    3.36
 -29915.764    35.447    -0.39    3.25
 -29629.626    35.564     0.41    3.16
 -29343.497    35.298    -0.93    3.26
 -29057.377    34.088    -4.23    6.65
 -28771.268    30.223   -13.51   12.03
 -28485.167    29.217    -3.52   13.28
 -28199.077    28.241    -3.41   14.03
 -27912.996    28.824     2.04   14.49
 -27626.925    29.658     2.92   14.73
 -27340.863    28.882    -2.71   14.19
 -27054.811    27.295    -5.55   15.07
 -26768.769    25.780    -5.30   15.59
 -26482.736    21.357   -15.47   16.60
 -26196.713    18.543    -9.84   16.06
 -25910.700    18.008    -1.87   15.40
 -25624.696    19.167     4.05   15.44
 -25338.702    23.381    14.74   15.23
 -25052.717    26.787    11.91   13.47
 -24766.742    28.853     7.22   10.97
 -24480.777    28.400    -1.58   11.59
 -24194.821    25.710    -9.41   13.26
 -23908.875    22.459   -11.37   14.82
 -23622.938    20.086    -8.30   14.90
 -23337.011    16.342   -13.10   14.91
 -23051.094    12.975   -11.78   14.67
 -22765.186     9.928   -10.66   14.06
 -22479.288     6.425   -12.25   12.05
 -22193.400     3.064   -11.76    9.19
 -21907.521     0.375    -9.41    5.42
 -21621.651    -1.148    -5.33    0.17
 -21335.792    -0.851     1.04    2.73
 -21049.942     1.691     8.89    9.01
 -20764.101     4.680    10.46   12.16
 -20478.270     8.742    14.21   14.38
 -20192.449    11.254     8.79   15.08
 -19906.637    12.699     5.06   15.35
 -19620.835    13.346     2.26   15.57
 -19335.043    12.273    -3.75   15.17
 -19049.260    11.557    -2.51   14.99
 -18763.486     8.750    -9.82   14.33
 -18477.723     6.377    -8.30   13.33
 -18191.969     4.144    -7.81   11.02
 -17906.224     3.381    -2.67   10.06
 -17620.489     5.205     6.38   11.63
 -17334.764     7.616     8.44   13.03
 -17049.048    10.284     9.34   14.07
 -16763.342    13.432    11.02   14.51
 -16477.645    15.208     6.22   14.84
 -16191.958    16.802     5.58   14.67
 -15906.280    16.734    -0.24   14.75
 -15620.613    14.217    -8.81   15.27
 -15334.954    11.567    -9.28   15.13
 -15049.305     8.448   -10.92   14.18
 -14763.666     5.409   -10.64   12.38
 -14478.037     1.817   -12.58    8.54
 -14192.417    -0.483    -8.05    3.71
 -13906.806     0.874     4.75    7.80
 -13621.205     3.171     8.04   10.76
 -13335.614     4.670     5.25   12.14
 -13050.032     5.471     2.80   12.69
 -12764.460     6.564     3.83   13.31
 -12478.897     6.882     1.11   13.21
 -12193.344     7.024     0.50   13.01
 -11907.801     6.480    -1.90   12.55
 -11622.267     5.738    -2.60   11.72
 -11336.742     4.323    -4.95   10.58
 -11051.227     1.364   -10.36    7.36
 -10765.722    -0.372    -6.08    4.07
 -10480.226    -0.811    -1.54    2.46
 -10194.740    -0.394     1.46    3.76
  -9909.264     1.608     7.01    8.26
  -9623.797     4.001     8.38   10.97
  -9338.339     5.588     5.56   12.22
  -9052.891     6.418     2.91   12.96
  -8766.815     7.579     4.06   13.63
  -8479.223     9.606     7.05   14.93
  -8191.641    11.853     7.81   15.40
  -7904.070    14.042     7.61   15.74
  -7616.509    15.758     5.97   16.09
  -7328.959    18.402     9.20   16.40
  -7041.419    18.717     1.09   16.49
  -6753.890    21.390     9.30   15.75
  -6466.371    22.327     3.26   15.35
  -6178.863    23.392     3.70   15.00
  -5891.365    23.092    -1.04   15.17
  -5603.878    23.968     3.05   14.24
  -5316.401    22.349    -5.63   14.73
  -5028.935    20.609    -6.05   14.60
  -4741.479    17.327   -11.42   14.80
  -4454.034    15.631    -5.90   14.67
  -4166.599    15.186    -1.55   14.91
  -3879.175    15.763     2.01   14.78
  -3591.761    15.802     0.14   15.01
  -3304.358    17.845     7.11   15.05
  -3016.965    20.110     7.88   14.57
  -2729.583    21.474     4.75   14.87
  -2442.211    19.898    -5.48   15.94
  -2154.850    16.006   -13.54   16.43
  -1867.499    12.415   -12.50   15.76
  -1580.159     8.097   -15.03   13.48
  -1292.829     5.048   -10.61   10.82
  -1005.510     2.562    -8.65    8.01
   -718.201     1.670    -3.10    6.85
   -430.902     1.367    -1.05    6.50
   -143.614     0.537    -2.89    4.96
    143.663     0.459    -0.27    5.16
    430.930     2.128     5.81    8.06
    718.187     4.298     7.56   10.62
   1005.433     7.109     9.79   13.13
   1292.669    10.638    12.28   15.24
   1579.894    13.617    10.37   16.20
   1867.109    17.196    12.46   16.43
   2154.313    18.000     2.80   16.94
   2441.507    19.108     3.86   17.41
   2728.690    18.397    -2.48   17.31
   3015.863    17.874    -1.82   17.36
   3303.025    15.159    -9.45   16.58
   3590.177    13.104    -7.16   15.54
   3877.319    12.045    -3.69   14.60
   4164.450    11.845    -0.70   14.83
   4451.571    12.403     1.94   15.81
   4738.681    14.122     5.99   17.90
   5025.780    16.546     8.44   20.66
   5312.870    18.257     5.96   21.68
   5599.949    16.406    -6.45   21.47
   5887.017    13.917    -8.67   19.98
   6174.075    11.411    -8.73   17.26
   6461.123     8.926    -8.66   14.39
   6748.160     7.581    -4.68   12.81
   7035.186     5.660    -6.69   11.35
   7322.203     3.816    -6.42    9.43
   7609.208     2.532    -4.47    8.21
   7896.204     1.438    -3.81    7.27
   8183.189     0.331    -3.86    5.51
   8470.163    -0.539    -3.03    3.12
   8757.127    -1.091    -1.92    0.76
   9044.081    -1.162    -0.25    0.00
   9331.024    -1.162     0.00    0.00
   9617.957    -0.851     1.08    2.69
   9904.879     1.897     9.58   11.26
  10191.791     6.481    15.98   18.68
  10478.693    12.443    20.78   25.02
  10765.584    19.977    26.26   29.66
  11052.465    27.257    25.38   32.30
  11339.335    34.951    26.82   32.70
  11626.195    40.752    20.22   31.12
  11913.044    45.867    17.83   27.71
  12199.883    49.970    14.31   23.30
  12486.712    53.231    11.37   17.19
  12773.530    55.450     7.74   10.17
  13060.338    56.057     2.12    4.73
  13347.136    56.920     3.01    4.79
  13633.923    58.852     6.74    5.85
  13920.699    61.272     8.44    5.86
  14207.466    63.247     6.89    5.72
  14494.222    64.867     5.65    5.04
  14780.967    65.267     1.39    4.80
  15067.702    64.978    -1.01    5.41
  15354.427    63.845    -3.95    5.85
  15641.141    62.286    -5.44    5.63
  15927.845    61.088    -4.18    5.23
  16214.538    59.734    -4.72    4.56
  16501.221    57.502    -7.79    6.17
  16787.894    54.370   -10.92    8.64
  17074.557    50.681   -12.87   10.70
  17361.209    46.586   -14.29   11.55
  17647.850    42.416   -14.55   10.87
  17934.481    38.495   -13.68    8.55
  18221.102    34.680   -13.31    4.69
  18507.713    32.845    -6.40    2.84
  18794.313    32.039    -2.81    2.41
  19080.902    31.065    -3.40    1.39
  19367.482    30.758    -1.07    1.57
  19654.051    30.367    -1.37    1.84
  19940.609    30.069    -1.04    2.37
  20227.157    29.729    -1.19    3.57
  20513.695    29.460    -0.94    4.09
  20800.223    29.823     1.27    4.52
  21086.740    30.276     1.58    4.60
  21373.246    31.597     4.61    4.78
  21659.743    33.195     5.58    4.62
  21946.229    34.194     3.49    4.11
  22232.705    35.013     2.86    3.66
  22519.170    35.267     0.88    3.38
  22805.625    35.608     1.19    3.32
  23092.069    35.717     0.38    3.14
  23378.504    36.025     1.07    2.82
  23664.928    36.094     0.24    3.18
  23951.341    36.291     0.69    3.74
  24237.744    36.495     0.71    4.38
  24524.137    37.097     2.10    5.10
  24810.520    37.741     2.25    5.93
  25096.892    38.157     1.45    6.59
  25383.254    38.940     2.74    6.73
  25669.605    40.069     3.94    6.44
  25955.946    40.572     1.75    5.98
  26242.277    41.216     2.25    5.36
  26528.597    41.482     0.93    4.98
  26814.907    41.406    -0.27    4.67
  27101.207    40.831    -2.01    4.75
  27387.497    40.454    -1.32    5.41
  27673.776    40.669     0.75    6.57
  27960.045    42.267     5.58    7.37
  28246.303    43.255     3.45    7.89
  28532.551    43.559     1.06    7.42
  28818.789    43.241    -1.11    7.11
  29105.016    42.896    -1.20    5.82
  29391.234    41.905    -3.46    5.72
  29677.440    39.388    -8.79    7.01
  29963.637    35.562   -13.37    9.77
  30249.823    31.017   -15.88   11.56
  30535.999    26.448   -15.96   11.25
  30822.165    23.297   -11.01    9.20
  31108.320    20.924    -8.29    7.14
  31394.465    20.808    -0.41    7.09
  31680.599    22.802     6.97    7.65
  31966.724    26.015    11.23    6.95
  32252.838    29.515    12.23    5.67
  32538.941    31.730     7.74    5.45
  32825.035    33.522     6.26    5.47
  33111.118    35.502     6.92    5.25
  33397.191    37.745     7.84    5.44
  33683.253    40.383     9.22    5.95
  33969.305    42.210     6.39    7.44
  34255.347    44.405     7.67    7.72
  34541.379    46.431     7.08    7.00
  34827.400    48.809     8.31    5.71
  35113.411    50.290     5.18    4.76
  35399.412    50.766     1.67    4.33
  35685.402    50.688    -0.27    4.76
  35971.382    49.912    -2.71    5.23
  36257.352    49.426    -1.70    5.43
  36543.311    48.364    -3.71    5.70
  36829.261    46.701    -5.82    5.56
  37115.200    44.970    -6.05    5.25
  37401.128    43.712    -4.40    4.73
  37687.047    43.549    -0.57    4.77
  37972.955    44.689     3.99    5.94
  38258.853    46.852     7.57    7.89
  38544.740    50.060    11.22    9.25
  38830.618    52.816     9.64    8.85
  39116.485    55.291     8.65    7.88
  39402.341    56.601     4.58    6.92
  39688.188    57.975     4.81    6.19
  39974.024    58.432     1.60    5.45
  40259.850    59.423     3.47    5.16
  40545.665    61.077     5.79    5.28
  40831.471    64.394    11.61    6.35
  41117.266    68.867    15.65    9.02
  41403.051    73.972    17.86   12.33
  41688.825    80.957    24.44   16.40
  41974.590    88.439    26.18   18.19
  42260.344    96.669    28.80   18.55
  42546.088   103.911    25.34   15.97
  42831.821   111.453    26.39   12.52
  43117.544   115.222    13.19    9.17
  43403.258   117.229     7.03    8.82
  43688.960   115.472    -6.15   10.46
  43974.653   114.191    -4.49   10.53
  44260.335   114.000    -0.67   10.12
  44546.007   115.562     5.47   10.79
  44831.669   119.552    13.97   13.19
  45117.321   127.710    28.56   19.29
  45402.962   140.802    45.83   29.64
  45688.593   159.164    64.29   41.05
  45974.214   183.161    84.02   51.49
  46259.824   213.370   105.77   60.30
  46545.425   250.571   130.25   70.35
  46831.015   284.029   117.15   74.09
  47116.595   317.017   115.51   73.41
  47402.164   345.689   100.40   63.35
  47687.724   362.079    57.40   51.15
  47973.273   371.905    34.41   42.59
  48258.812   367.995   -13.69   45.79
  48544.341   355.934   -42.24   53.93
  48829.859   337.816   -63.46   60.44
  49115.367   314.896   -80.28   63.44
  49400.865   289.898   -87.56   67.01
  49686.353   260.554  -102.78   65.97
  49971.831   236.261   -85.10   62.13
  50257.298   212.560   -83.03   57.86
  50542.755   191.852   -72.54   53.36
  50828.202   170.905   -73.38   47.99
  51113.639   150.537   -71.36   38.80
  51399.065   135.352   -53.20   32.15
  51684.482   123.890   -40.16   25.65
  51969.888   113.889   -35.04   18.65
  52255.284   106.079   -27.37   12.23
  52540.669   100.320   -20.18    8.12
  52826.045    96.604   -13.02    6.86
  53112.270    94.987    -5.65    6.03
  53399.941    92.584    -8.35    6.34
  53687.602    91.164    -4.94    6.30
  53975.251    90.191    -3.38    6.24
  54262.889    89.378    -2.83    5.70
  54550.515    88.300    -3.75    4.86
  54838.131    87.150    -4.00    4.61
  55125.735    87.164     0.05    4.67
  55413.328    87.476     1.08    4.99
  55700.910    87.460    -0.05    5.31
  55988.481    87.401    -0.21    5.78
  56276.041    87.123    -0.97    5.62
  56563.589    87.240     0.41    4.43
  56851.126    87.121    -0.41    4.44
  57138.652    87.286     0.57    4.00
  57426.167    88.039     2.62    5.17
  57713.671    88.658     2.15    6.23
  58001.163    90.001     4.67    7.60
  58288.645    90.787     2.73    8.40
  58576.115    90.694    -0.32    7.75
  58863.574    90.266    -1.49    7.30
  59151.022    88.987    -4.45    4.49
  59438.458    88.374    -2.13    3.73
  59725.884    88.349    -0.09    3.85
  60013.298    88.490     0.49    3.93
  60300.701    88.680     0.66    4.22
  60588.093    89.094     1.44    4.38
  60875.474    89.961     3.02    4.56
  61162.843    91.164     4.19    4.93
  61450.202    91.169     0.02    5.36
  61737.549    89.750    -4.94    6.23
  62024.885    88.658    -3.80    6.94
  62312.210    87.378    -4.45    7.21
  62599.524    86.262    -3.88    6.76
  62886.827    86.241    -0.07    6.59
  63174.119    86.223    -0.06    6.07
  63461.399    85.488    -2.56    5.80
  63748.668    84.512    -3.40    6.37
  64035.926    84.875     1.27    6.48
  64323.173    86.881     6.98    9.24
  64610.409    86.490    -1.36    8.97
  64897.634    86.721     0.81    8.10
  65184.847    87.248     1.84    8.56
  65472.050    89.824     8.97    9.88
  65759.241    92.248     8.44   10.61
  66046.421    94.157     6.65   11.41
  66333.590    97.138    10.38   13.50
  66620.748   101.573    15.44   15.94
  66907.895   107.070    19.14   19.61
  67195.031   110.512    11.99   20.49
  67482.155   111.653     3.97   20.54
  67769.269   113.102     5.05   19.99
  68056.371   112.470    -2.20   17.29
  68343.462   112.251    -0.76   13.16
  68630.542   111.394    -2.98   10.71
  68917.611   113.896     8.72   13.24
  69204.669   117.647    13.06   15.28
  69491.716   122.372    16.46   16.75
  69778.751   127.442    17.66   18.02
  70065.776   132.801    18.67   19.82
  70352.789   138.138    18.60   21.60
  70639.791   144.891    23.53   21.89
  70926.782   151.250    22.15   21.67
  71213.762   157.728    22.57   21.29
  71500.731   165.876    28.39   21.20
  71787.689   174.968    31.68   22.89
  72074.636   184.080    31.76   24.42
  72361.572   193.414    32.53   25.46
  72648.496   202.224    30.71   23.36
  72935.410   209.132    24.08   20.94
  73222.312   212.463    11.61   20.52
  73509.203   216.474    13.98   20.86
  73796.084   216.917     1.54   22.44
  74082.953   216.668    -0.87   21.13
  74369.811   219.459     9.73   22.29
  74656.658   226.890    25.90   22.96
  74943.494   240.112    46.09   26.38
  75230.318   252.517    43.25   29.77
  75517.132   265.770    46.21   35.26
  75803.935   279.072    46.38   43.36
  76090.726   294.875    55.10   52.02
  76377.507   314.442    68.23   58.35
  76664.276   332.198    61.92   64.75
  76951.035   355.590    81.57   75.92
  77237.782   377.012    74.71   83.75
  77524.518   406.588   103.15   86.32
  77811.243   434.634    97.81   86.89
  78097.957   461.816    94.80   88.87
  78384.660   504.245   147.99   96.84
  78671.352   548.345   153.82  104.51
  78958.033   590.545   147.20  104.85
  79244.703   618.559    97.72  100.62
  79531.362   644.485    90.44   92.09
  79818.010   663.663    66.90   93.63
  80104.646   668.608    17.25  103.76
  80391.272   678.012    32.81  107.81
  80677.887   689.962    41.69  108.29
  80964.490   693.853    13.57  110.15
  81251.083   691.581    -7.93  115.03
  81537.664   697.785    21.65  110.35
  81824.234   690.772   -24.47  108.07
  82110.794   689.060    -5.97  112.49
  82397.342   680.447   -30.06  113.60
  82683.879   673.415   -24.54  106.16
  82970.406   676.346    10.23   94.38
  83256.921   665.687   -37.20   88.98
  83543.425   654.898   -37.66   82.33
  83829.918   623.669  -109.00   94.65
  84116.400   582.882  -142.37  101.83
  84402.871   538.717  -154.17  102.65
  84689.332   478.824  -209.08  110.44
  84975.781   430.308  -169.36  117.40
  85262.219   376.360  -188.34  102.43
  85548.646   348.897   -95.88   81.45
  85835.062   340.162   -30.50   70.77
  86121.467   353.717    47.33   83.22
  86407.860   383.144   102.75  104.16
  86694.243   429.473   161.77  114.45
  86980.615   481.883   183.01  102.64
  87266.976   514.081   112.43   82.47
  87553.326   530.402    57.00   73.44
  87839.665   524.151   -21.83   79.66
  88125.993   499.041   -87.70   95.58
  88412.310   461.741  -130.27  102.86
  88698.616   426.948  -121.52   87.80
  88984.910   401.073   -90.38   70.58
  89271.194   384.422   -58.16   58.71
  89557.467   372.540   -41.51   54.54
  89843.729   359.656   -45.00   52.34
  90129.980   352.715   -24.25   46.81
  90416.220   346.846   -20.50   45.42
  90702.449   333.157   -47.82   51.94
  90988.667   305.922   -95.15   60.70
  91274.873   285.245   -72.24   57.86
  91561.069   270.882   -50.18   51.16
  91847.254   257.141   -48.01   45.46
  92133.428   251.235   -20.64   44.15
  92419.591   251.024    -0.74   43.56
  92705.743   257.627    23.07   43.95
  92991.884   262.402    16.69   37.78
