# NaN NaN NaN ;Mean Elev.(m), Avg Gradient(m/km), RMS Gradient(m/km) - SRTM1     
#   18.000  -0.573   7.037 ;Mean Elev.(m), Avg Gradient(m/km), RMS Gradient(m/km) - ASTER GDEM
#   29.289  -0.119   6.569 ;Mean Elev.(m), Avg Gradient(m/km), RMS Gradient(m/km) - GMTED2010 
   1 124.246897  65.620622    43.158    43.165  3 54664.24879917 28.423
   2 124.223141  65.623586    42.825    43.393 11 54674.16444165 24.814
   3 124.226319  65.624681   -17.500   -17.631 11 54684.08008529  3.923
   4 124.224299  65.625776    90.108    90.213 12 54693.99572707 29.883
   5 124.221455  65.625513   -14.104   -14.246 11 54703.91136635 10.271
   6 124.222764  65.623095    43.152    43.375 11 54713.82701692 23.880
   7 124.218232  65.621240    -3.921    -4.796 10 54723.74266722 13.230
   8 124.216608  65.620422    43.172    42.796  9 54733.65831543 24.785
   9 124.216890  65.621337    43.569    43.741  9 54743.57396230 21.378
  10 124.220015  65.622138    40.572    40.572  9 54753.48960910 52.665
  11 124.218986  65.622017    39.663    39.657 10 54763.40525497 41.210
  12 124.216197  65.620527    39.155    39.178  9 54773.32089816 45.881
  13 124.219517  65.618808    39.826    39.662  9 54783.23653917 25.156
  14 124.217747  65.619247    39.930    39.773  9 54793.15217741 23.742
  15 124.216435  65.621439    40.382    40.292  9 54803.06781463 23.542
  16 124.220106  65.623000    40.773    40.882 11 54812.98345209 21.463
  17 124.220565  65.623397    40.865    41.069 11 54822.89909529 19.792
  18 124.220168  65.622430    40.994    40.986 10 54832.81473562 17.836
  19 124.219265  65.622134    40.917    40.916  9 54842.73038568 17.812
  20 124.221141  65.622917    40.783    40.925 11 54852.64603477 17.167
  21 124.226269  65.624129    40.288    40.326 11 54862.56168382 16.669
  22 124.225961  65.624871    40.437    40.344 11 54872.47733231 16.023
  23 124.222620  65.623951    40.627    40.676 11 54882.39297860 15.537
  24 124.219716  65.621537    41.128    41.130  9 54892.30862167 15.463
  25 124.215498  65.619637    41.661    41.710  9 54902.22426182 14.945
  26 124.216349  65.619597    41.563    41.651  9 54912.13990088 14.782
  27 124.216827  65.621273    41.654    41.707  9 54922.05553886 14.433
  28 124.219050  65.622638    41.646    41.626 10 54931.97117631 13.694
  29 124.221982  65.622162    41.368    41.252 10 54941.88681228 13.051
  30 124.218429  65.620900    38.436    38.413  9 54951.80244596 35.856
  31 124.216813  65.619386    40.107    39.458 10 54961.71808784 36.356
  32 124.217184  65.619657    45.377    45.324 10 54971.63373652 42.222
  33 124.216884  65.621479    45.007    45.050  9 54981.54938392 53.906
  34 124.222571  65.622816    44.028    43.963 10 54991.46503157 26.787
  35 124.223328  65.623040    44.325    44.552 11 55001.38067834 27.411
  36 124.222575  65.622658    43.586    43.559 11 55011.29632323 55.230
  37 124.219898  65.622361    43.661    43.677 10 55021.21196646 22.144
  38 124.220751  65.623092    89.271    89.543 11 55031.12760894 27.977
  39 124.224647  65.624161    42.325    42.568 11 55041.04325102 28.083
  40 124.225908  65.625059    41.327    41.540 11 55050.95889142 27.693
  41 124.221791  65.624504    43.045    43.644 11 55060.87452924 22.958
  42 124.220314  65.622071    41.979    41.821 10 55070.79017100 25.010
  43 124.218518  65.619679    41.733    41.569  9 55080.70582000 24.491
  44 124.215119  65.619488    40.711    40.698  9 55090.62146695 53.406
  45 124.217035  65.620772    41.599    41.579  9 55100.53711345 49.715
  46 124.221131  65.622132    41.853    41.936 10 55110.45275967 28.211
  47 124.217537  65.622369    41.680    41.548 10 55120.36840347 29.167
  48 124.219149  65.620331    40.373    40.397  9 55130.28404518 51.584
  49 124.216403  65.618649    38.896    38.863  9 55140.19968451 42.356
  50 124.217252  65.618856    39.083    38.564  9 55150.11532315 36.923
  51 124.217470  65.621193    40.657    40.464  9 55160.03096151 29.927
  52 124.222390  65.623169    40.505    40.563 11 55169.94659995 27.717
  53 124.225321  65.623866    40.504    40.600 11 55179.86223702 25.781
  54 124.222811  65.623162    40.673    40.795 11 55189.77788401 24.224
  55 124.222007  65.622593    40.659    40.714 11 55199.69353443 23.650
  56 124.224199  65.622783    40.429    40.492 11 55209.60918431 23.859
  57 124.220800  65.624112    40.689    40.828 11 55219.52483313 21.614
  58 124.221341  65.623981    40.481    40.530 11 55229.44048147 21.581
  59 124.220527  65.622805    40.658    40.422 10 55239.35612656 20.366
  60 124.217565  65.620852    40.837    40.961 10 55249.27176790 19.671
  61 124.219441  65.619110    40.549    40.399  9 55259.18740735 19.584
  62 124.214758  65.619602    41.075    40.990  9 55269.10304540 18.298
  63 124.217925  65.620760    40.999    40.910 10 55279.01868395 18.176
  64 124.217149  65.622081    41.278    40.950  9 55288.93432086 17.668
  65 124.219128  65.622149    41.244    41.329 10 55298.84995567 17.259
  66 124.219142  65.620679    38.908    38.898  9 55308.76559935 15.035
  67 124.217782  65.619371    38.796    38.326  9 55318.68124536 27.741
  68 124.214923  65.619680    38.854    38.798  9 55328.59689010 41.931
  69 124.217129  65.621194    42.281    42.304  9 55338.51253471 42.794
  70 124.222767  65.622601    45.476    45.477 10 55348.42817923 54.707
  71 124.223094  65.623492    43.215    43.263 10 55358.34382145 56.286
  72 124.222428  65.623432    43.723    43.739 11 55368.25946154 24.081
  73 124.221115  65.623291    42.680    42.471 11 55378.17510013 35.130
  74 124.222060  65.623578    42.734    42.790 11 55388.09073815 25.275
  75 124.224761  65.623992    42.780    42.998 11 55398.00637540 26.862
  76 124.222134  65.624044    42.667    43.220 11 55407.92201955 25.511
  77 124.221356  65.622562    42.021    42.123 10 55417.83767054 26.707
  78 124.219068  65.620685    41.158    41.173  9 55427.75331794 53.746
  79 124.218795  65.619609    41.014    40.754  9 55437.66896277 25.698
  80 124.216995  65.620073    41.945    41.585 10 55447.58460602 22.895
  81 124.218503  65.620903    42.531    42.506 10 55457.50024922 23.904
  82 124.217706  65.621685    42.584    43.329 10 55467.41589152 25.354
  83 124.219073  65.621249    41.172    41.330 10 55477.33153083 27.444
  84 124.216030  65.620687    39.195    39.111  9 55487.24716659 46.684
  85 124.215238  65.620212    38.840    38.770  9 55497.16280034 41.001
  86 124.218267  65.620803    38.997    38.957 10 55507.07843733 32.822
  87 124.219247  65.621885    38.960    38.921  9 55516.99408785 27.281
  88 124.222912  65.622824    39.160    39.152 10 55526.90973770 24.623
  89 124.220599  65.623472    39.248    39.264 11 55536.82538502 23.233
  90 124.225042  65.622984    39.004    38.970 11 55546.74103077 21.512
  91 124.221999  65.623279    38.823    38.835 11 55556.65667398 20.149
  92 124.222949  65.623594    39.790    40.012 11 55566.57231666 18.333
  93 124.224473  65.623454    40.020    40.021 11 55576.48795872 16.953
  94 124.221907  65.622610    40.053    39.829 10 55586.40359856 16.500
  95 124.218678  65.621341    40.496    40.686  9 55596.31923517 15.869
  96 124.216078  65.620622    40.723    40.744  9 55606.23486878 15.302
  97 124.217590  65.620678    40.870    40.803  9 55616.15050068 14.916
  98 124.217908  65.621632    40.891    40.894 10 55626.06614290 14.826
  99 124.217022  65.622005    40.916    41.038 10 55635.98179483 14.714
 100 124.218583  65.621482    41.093    41.068 10 55645.89744494 13.118
 102 124.217859  65.619866    41.188    41.185  9 55665.72873477 12.494
 103 124.217066  65.620221    40.674    40.855  9 55675.64437436 28.138
 104 124.216127  65.621590    41.933    43.631  9 55685.56001213 24.975
 105 124.219613  65.622756    41.605    41.007 10 55695.47564915 35.237
 106 124.221158  65.623634    45.189    45.130 11 55705.39128473 55.692
 107 124.221601  65.623503    43.619    43.791 11 55715.30693286 30.665
 108 124.221548  65.623302    43.726    43.719 11 55725.22258175 50.177
 109 124.221941  65.623600    43.193    43.176 11 55735.13822878 38.216
 110 124.225918  65.623775    42.658    42.657 11 55745.05387489 23.333
 111 124.222001  65.623816    42.540    42.808 11 55754.96951863 25.694
 112 124.217151  65.622675    41.933    41.830 10 55764.88516000 23.963
 113 124.219269  65.620495    39.859    39.848  9 55774.80079920 50.026
 114 124.218999  65.619443    42.711    42.831  9 55784.71643496 21.275
 115 124.218824  65.620527    41.609    41.604  9 55794.63206837 54.535
 116 124.220781  65.622132    40.650    40.615 10 55804.54770620 53.612
 118 124.219617  65.621754    41.407    41.341  9 55824.37900268 54.559
 119 124.219089  65.620271    41.578    41.620  9 55834.29464524 26.157
 120 124.218477  65.619717    41.391    41.467  9 55844.21028388 25.226
 121 124.219423  65.620868    39.376    39.368  9 55854.12591966 49.166
 122 124.220558  65.622858    39.393    39.425 11 55864.04155769 46.833
 123 124.220538  65.623916    40.748    40.808 11 55873.95721126 23.171
 124 124.223711  65.623587    40.975    40.941 11 55883.87285984 19.238
 125 124.222978  65.623190    40.913    40.778 11 55893.78850188 18.370
 126 124.222937  65.623091    41.392    41.385 11 55903.70413848 16.496
 127 124.223220  65.623810    41.309    41.012 10 55913.61977695 16.573
 128 124.223350  65.624220    41.557    41.228 11 55923.53543098 15.784
 129 124.224779  65.623717    41.355    41.360 11 55933.45108217 15.155
 130 124.220922  65.622031    41.556    41.461 10 55943.36672847 15.092
 131 124.219412  65.619655    41.763    41.705  9 55953.28237072 14.610
 132 124.216652  65.618843    41.848    41.792 10 55963.19800969 14.330
 133 124.216170  65.620122    42.058    42.108  9 55973.11364694 14.260
 134 124.219744  65.622235    42.058    41.959  9 55983.02928333 14.143
 135 124.220192  65.623427    42.323    42.084 11 55992.94491760 13.660
 136 124.218825  65.622291    42.420    42.119 10 56002.86056648 13.254
 137 124.219216  65.619877    41.942    41.994  9 56012.77621610 13.205
 138 124.217048  65.619127    42.225    42.187 10 56022.69186197 13.244
 139 124.215768  65.620633    42.635    42.352  9 56032.60750511 12.990
 140 124.220389  65.622857    42.923    42.990 11 56042.52314664 10.328
 141 124.225528  65.624191    38.604    37.720 11 56052.43878574 18.806
 142 124.224367  65.624441    41.814    41.794 11 56062.35442132 44.418
 143 124.221736  65.623521    45.622    45.609 11 56072.27006122 34.133
 144 124.223082  65.622513    44.204    44.103 10 56082.18571170 27.166
 145 124.222944  65.622901    43.934    43.954 10 56092.10135948 54.545
 146 124.221829  65.624023    43.388    43.387 11 56102.01700485 53.420
 147 124.223073  65.623720    43.003    43.245 10 56111.93263616 26.557
 148 124.217521  65.622577    43.818    43.839 10 56121.84827494 27.619
 149 124.219260  65.620220    42.984    42.672  9 56131.76391064 24.844
 150 124.217521  65.619445    42.733    42.766 10 56141.67954627 49.869
 151 124.218438  65.620239    42.449    42.064  9 56151.59519719 25.060
 152 124.218815  65.622196    41.746    41.232 10 56161.51084624 31.936
 153 124.222573  65.622910    42.512    42.327 10 56171.42649384 27.057
 154 124.218417  65.622330    42.536    42.557 10 56181.34213639 54.736
 155 124.217290  65.620625    43.558    43.561 10 56191.25777542 25.981
 156 124.219727  65.619603    43.553    43.605  9 56201.17341201 23.678
 157 124.217279  65.621455    40.405    40.128 10 56211.08904587 33.179
 158 124.222638  65.623806    40.041    39.999 11 56221.00467854 44.941
 159 124.223876  65.625330    39.447    39.458 12 56230.92033048 46.691
 160 124.223566  65.624927    39.888    39.741 11 56240.83598341 30.377
 161 124.222715  65.623646    39.835    39.652 10 56250.75163227 28.667
 162 124.220450  65.622712    40.703    40.760 11 56260.66727621 26.486
 163 124.221541  65.622816    40.865    40.779 10 56270.58291801 24.911
 164 124.225149  65.623146    40.613    40.559 11 56280.49855828 22.649
 165 124.222071  65.623336    40.935    41.026 11 56290.41421003 21.456
 166 124.217949  65.622120    41.223    41.110  9 56300.32985770 20.340
 167 124.217689  65.620022    40.995    41.138  9 56310.24550170 19.452
 168 124.217676  65.618995    41.246    40.770  9 56320.16114339 18.895
 169 124.219316  65.619943    40.806    40.574  9 56330.07678441 18.406
 170 124.219516  65.621949    40.931    40.883  9 56339.99242458 17.670
 171 124.221430  65.623119    41.225    41.199 11 56349.90806276 16.271
 172 124.220355  65.622600    41.271    40.896 10 56359.82369962 15.752
 173 124.217741  65.620904    41.579    41.528 10 56369.73934964 15.506
 175 124.219420  65.621381    41.613    41.850  9 56389.57064233 14.637
 176 124.224726  65.623220    42.648    42.852 11 56399.48628602 14.475
 177 124.226362  65.624610    40.447    40.257 11 56409.40192682 30.329
 178 124.223356  65.624864    38.877    38.845 11 56419.31756269 46.325
 179 124.220963  65.624204    42.541    42.387 11 56429.23319711 41.250
 180 124.224878  65.622746    44.616    44.698 11 56439.14885104 27.513
 181 124.220623  65.622793    43.932    43.980 10 56449.06450169 30.312
 182 124.221938  65.622808    44.084    44.096 11 56458.98015067 54.816
 183 124.219447  65.622398    42.678    42.663 10 56468.89579601 54.855
 184 124.218276  65.621535    43.465    43.589  9 56478.81143751 22.213
 185 124.217862  65.620505    43.320    43.656 10 56488.72707516 22.681
 186 124.219612  65.620340    43.107    43.160  9 56498.64271043 54.490
 187 124.218222  65.621371    43.289    42.985  9 56508.55834411 22.286
 188 124.218362  65.622673    43.740    43.753 10 56518.47398343 24.290
 189 124.220980  65.622695    42.346    42.365 10 56528.38963767 47.767
 190 124.220933  65.622276    43.165    43.526 10 56538.30528747 21.494
 191 124.217386  65.621644    41.008    40.981 10 56548.22093291 54.000
 192 124.216926  65.621609    42.644    42.431  9 56558.13657610 22.916
 193 124.221423  65.622255    40.695    40.721 10 56568.05221884 50.793
 194 124.222152  65.624007    40.352    40.355 11 56577.96785989 51.012
 195 124.221049  65.625287    39.390    39.433 11 56587.88349717 46.926
 196 124.223763  65.624876    39.047    39.024 11 56597.79913937 39.296
 197 124.224171  65.623551    38.665    38.666 11 56607.71479092 31.928
 198 124.224230  65.622862    39.088    39.098 11 56617.63043746 28.566
 199 124.222171  65.622935    39.162    39.174 11 56627.54608040 24.732
 200 124.222385  65.622876    39.184    39.191 10 56637.46172074 22.046
 201 124.217845  65.622561    39.343    39.354 10 56647.37736242 21.409
 202 124.218344  65.621124    39.635    39.431  9 56657.29301446 19.379
 203 124.215339  65.620417    40.515    40.417  9 56667.20866185 17.846
 204 124.218387  65.620565    39.272    39.244  9 56677.12430721 18.039
 205 124.217824  65.621691    40.531    40.533 10 56687.03995103 16.003
 206 124.221767  65.622140    39.218    38.983 10 56696.95559325 17.522
 207 124.218412  65.622483    40.942    40.878 10 56706.87123022 14.910
 208 124.218905  65.622035    40.593    40.682 10 56716.78686505 15.452
 209 124.217116  65.621740    40.726    40.869 10 56726.70251801 14.981
 210 124.219949  65.622206    40.944    40.977 10 56736.61816736 13.692
 211 124.221378  65.623621    41.090    41.195 11 56746.53381308 13.141
 212 124.226001  65.624246    41.334    41.488 11 56756.44945479 12.477
 213 124.221143  65.624812    40.169    38.861 11 56766.36508987 24.218
 214 124.224090  65.623748    42.140    42.396 11 56776.28073159 27.418
 215 124.220616  65.623254    40.998    40.397 11 56786.19638777 40.696
 216 124.224575  65.622728    47.581    47.558 11 56796.11204103 47.924
 217 124.220878  65.623064    44.010    43.995 11 56806.02768906 35.694
 218 124.220131  65.622528    43.789    43.727 11 56815.94333085 52.720
 219 124.217666  65.621499    43.178    43.222 10 56825.85896903 55.091
 220 124.219092  65.620372    42.766    42.677  9 56835.77460401 25.677
 221 124.215699  65.621080    42.247    41.549  9 56845.69023520 24.199
 222 124.217253  65.621907    42.577    42.580  9 56855.60588268 47.839
 223 124.219105  65.622686    41.857    41.822 10 56865.52153628 23.588
 224 124.222090  65.622325    41.113    41.118 10 56875.43718908 51.439
 225 124.218841  65.621907    41.387    41.348 10 56885.35283819 42.580
 227 124.216757  65.621613    41.916    41.663  9 56905.18412784 22.319
 228 124.221536  65.622659    41.001    41.014 10 56915.09976947 54.810
 229 124.220422  65.624537    41.660    41.597 11 56925.01540873 28.197
 230 124.223561  65.625194    41.392    41.479 11 56934.93104552 32.365
 231 124.223345  65.624880    39.713    39.704 11 56944.84667677 44.828
 232 124.225134  65.623098    38.787    38.814 11 56954.76232675 45.760
 233 124.219986  65.622519    37.841    37.889 10 56964.67797601 37.947
 234 124.220838  65.622912    38.604    38.616 10 56974.59362116 28.253
 235 124.224649  65.623536    38.961    38.998 11 56984.50926212 25.602
 236 124.222969  65.623565    38.956    38.935 11 56994.42489751 23.342
 237 124.218549  65.622211    38.866    38.870 10 57004.34053648 23.025
 238 124.216613  65.620115    38.951    38.990  9 57014.25619223 22.260
 239 124.217016  65.619710    39.183    39.026 10 57024.17184326 19.979
 240 124.217206  65.621550    39.151    38.894 10 57034.08749178 19.773
 241 124.222509  65.622971    38.739    38.686 11 57044.00313837 18.797
 242 124.222758  65.623273    38.932    38.824 10 57053.91878191 17.147
 243 124.221072  65.622137    38.688    38.638 10 57063.83442069 17.557
 244 124.218764  65.621495    39.984    39.857  9 57073.75005439 16.422
 245 124.221701  65.622189    40.189    39.994 10 57083.66568490 15.283
 246 124.222941  65.624082    39.200    38.855 11 57093.58133513 15.953
 247 124.225259  65.625486    40.758    40.585 11 57103.49699211 12.328
 248 124.223547  65.625689    41.312    41.274 11 57113.41264486 13.248
 249 124.221154  65.624266    41.158    41.256 11 57123.32829154 12.887
 250 124.220022  65.622558    40.295    40.523 10 57133.24393297 17.088
 251 124.219832  65.622142    40.762    40.389  9 57143.15956980 27.059
 252 124.224207  65.622929    39.169    39.226 11 57153.07520418 38.440
 253 124.225982  65.623975    46.762    46.753 11 57162.99083801 47.349
 254 124.223134  65.623611    44.039    44.071 11 57172.90649489 30.189
 255 124.217385  65.622073    44.282    44.340 10 57182.82214846 27.681
 256 124.216270  65.620103    44.167    44.056  9 57192.73779859 28.666
 257 124.216941  65.619745    43.864    43.855 10 57202.65344621 52.224
 258 124.217946  65.621324    42.605    42.559  9 57212.56908026 24.445
 259 124.220179  65.623261    42.303    42.541 11 57222.48472413 26.955
 262 124.218981  65.622130    41.691    41.571  9 57252.23164278 25.417
 263 124.218122  65.622677    40.990    40.884 10 57262.14727795 31.401
 264 124.224626  65.624242    41.362    41.277 11 57272.06291302 28.587
 265 124.225602  65.625856    40.742    40.614 11 57281.97857051 31.212
 266 124.225240  65.625961    41.413    41.070 11 57291.89422549 30.589
 267 124.223947  65.624228    41.252    41.281 11 57301.80987723 31.315
 268 124.218692  65.622289    38.960    39.001 10 57311.72552483 48.634
 269 124.216048  65.621392    38.184    38.116  9 57321.64116932 42.076
 270 124.216605  65.622099    39.972    39.522  9 57331.55681167 30.337
 271 124.222975  65.623098    40.079    40.248 11 57341.47245246 26.418
 272 124.220424  65.623147    40.537    40.642 11 57351.38810340 24.887
 273 124.218700  65.621693    41.006    41.156 10 57361.30374795 21.941
 274 124.215156  65.620025    41.518    41.554  9 57371.21938917 20.767
 275 124.216612  65.619783    41.386    41.292  9 57381.13502875 18.795
 276 124.217123  65.621653    41.551    41.619 10 57391.05066739 17.855
 277 124.222289  65.623547    41.434    40.991 11 57400.96630550 17.210
 278 124.222389  65.624379    41.515    41.602 11 57410.88194614 17.187
 279 124.221398  65.623308    41.383    41.100 11 57420.79759830 16.822
 280 124.217144  65.622603    41.568    41.431 10 57430.71324751 16.734
 281 124.220898  65.622530    41.568    41.251 10 57440.62889539 16.057
 282 124.222735  65.623941    41.904    41.366 11 57450.54454210 15.570
 283 124.225077  65.625036    41.537    41.378 11 57460.46018736 15.869
 284 124.222981  65.625321    41.841    41.684 11 57470.37582895 15.602
 285 124.222825  65.624070    42.400    42.168 11 57480.29146676 15.055
 286 124.222447  65.622591    42.467    42.522 10 57490.20710154 14.190
 287 124.219844  65.622331    41.564    41.344  9 57500.12273407 10.987
 288 124.220520  65.622698    39.099    38.559 11 57510.03837945 35.414
 289 124.222288  65.622840    41.472    41.816 10 57519.95403540 31.154
 290 124.221005  65.622846    44.845    44.791 10 57529.86968839 40.577
 291 124.219499  65.621815    43.590    43.609 10 57539.78533819 44.156
 292 124.216959  65.620702    44.215    44.115  9 57549.70098514 27.719
 293 124.217804  65.620258    44.086    44.154 10 57559.61663098 27.959
 294 124.218573  65.621351    43.870    43.804  9 57569.53227609 23.025
 295 124.222766  65.622584    43.077    43.288 10 57579.44792113 22.718
 296 124.221524  65.623648    42.882    42.911 11 57589.36356408 23.651
