# NaN NaN NaN ;Mean Elev.(m), Avg Gradient(m/km), RMS Gradient(m/km) - SRTM1     
#   18.007  -6.257  17.710 ;Mean Elev.(m), Avg Gradient(m/km), RMS Gradient(m/km) - ASTER GDEM
#   34.955  -5.308  13.807 ;Mean Elev.(m), Avg Gradient(m/km), RMS Gradient(m/km) - GMTED2010 
   1 124.353351  65.330389    44.033    44.024 13 54661.28219503 36.895
   2 124.381250  65.327116   185.916   185.916  2 54671.19784313  0.907
   3 124.354602  65.330852   -11.924   -11.773 13 54681.11348433  9.196
   4 124.376433  65.329435    45.319    45.319  5 54691.02912910 56.650
   5 124.353119  65.332398   -11.287   -11.065 14 54700.94476721 12.164
   6 124.353663  65.331067    45.203    44.805 14 54710.86041383 24.281
   7 124.353529  65.329196    -5.003    -6.058 13 54720.77606516 17.925
   8 124.390881  65.323326    46.402    46.402  2 54730.69171749 50.791
  10 124.335085  65.329402    44.512    44.014  5 54750.52300593 31.299
  11 124.335681  65.329670    43.000    42.938  5 54760.43865271 47.555
  12 124.331348  65.329852    42.578    42.536  7 54770.35429666 42.973
  13 124.324698  65.329990    42.726    42.620  5 54780.26993714 24.337
  14 124.325078  65.329412    43.144    42.995  3 54790.18557576 18.799
  15 124.341137  65.328136    43.264    43.135  4 54800.10121479 17.801
  16 124.333374  65.330208    43.370    43.386  6 54810.01685159 16.426
  17 124.354276  65.329346    43.170    43.168 13 54819.93249242 15.722
  18 124.355402  65.329470    43.253    43.205 13 54829.84814483 15.509
  19 124.353603  65.329618    43.209    43.273 13 54839.76378347 15.037
  20 124.354308  65.329766    43.301    43.270 13 54849.67943259 14.459
  21 124.352664  65.330692    43.157    43.121 13 54859.59508095 13.716
  22 124.355160  65.330997    43.268    43.343 13 54869.51072983 13.706
  23 124.352733  65.330552    43.309    43.271 13 54879.42637725 13.384
  24 124.352776  65.328741    43.437    43.453 13 54889.34202182 12.784
  25 124.328647  65.329443    43.854    43.908  6 54899.25766088 12.311
  26 124.333895  65.328456    43.800    43.796  5 54909.17330041 12.924
  27 124.329689  65.329942    43.815    43.888  6 54919.08893771 12.694
  28 124.331639  65.330772    43.788    43.997  7 54929.00457536 11.859
  29 124.333091  65.330454    44.061    43.942  7 54938.92021220 11.842
  30 124.340890  65.328708    41.661    41.613  4 54948.83584803 46.288
  31 124.328371  65.329390    93.484    89.731  6 54958.75148391  7.839
  33 124.332838  65.330196    94.215    93.960  7 54978.58278020 27.485
  34 124.356305  65.328539    90.429    97.187 12 54988.49842976  4.455
  35 124.366361  65.327585    46.652    46.593 10 54998.41407819 28.106
  36 124.356251  65.328689    93.789    93.778 13 55008.32972289 28.154
  37 124.375066  65.326863    45.432    45.461  6 55018.24536848 51.238
  38 124.354181  65.330135    44.767    44.364 14 55028.16100881 27.844
  39 124.354090  65.331349    44.914    44.321 14 55038.07665066 25.767
  40 124.355274  65.331817    43.561    43.274 13 55047.99229156 30.837
  41 124.353417  65.331036    44.479    44.403 14 55057.90793026 23.328
  42 124.354868  65.328705    43.748    43.730 14 55067.82356847 28.435
  43 124.324919  65.329840    44.079    43.996  5 55077.73921586 27.952
  44 124.324999  65.329452    43.866    43.873  3 55087.65486362 31.731
  45 124.330666  65.329932    44.289    44.249  6 55097.57051022 30.484
  46 124.377054  65.325915    44.095    44.093  5 55107.48616033 26.370
  47 124.388067  65.324279    43.971    43.971  2 55117.40180638 28.135
  48 124.329541  65.329056    43.565    43.560  6 55127.31744345 47.258
  51 124.334326  65.329817    42.677    42.666  5 55157.06436080 23.118
  52 124.354118  65.329536    43.008    43.078 14 55166.98000054 21.587
  53 124.354848  65.330251    42.994    43.028 13 55176.89563809 20.201
  54 124.352711  65.329791    43.093    43.103 13 55186.81128102 19.819
  55 124.356395  65.328815    43.239    43.294 13 55196.72693240 19.235
  56 124.353141  65.329810    43.040    43.039 13 55206.64258183 18.616
  57 124.353644  65.331139    43.173    43.156 13 55216.55823096 18.362
  58 124.352080  65.331628    43.051    43.004 13 55226.47387933 17.432
  59 124.354208  65.329718    43.213    43.315 14 55236.38952569 16.747
  60 124.332430  65.329327    43.401    43.635  7 55246.30516639 16.347
  63 124.334555  65.329655    43.773    43.803  5 55276.05208364 14.797
  64 124.353649  65.329171    43.468    43.492 13 55285.96772264 14.918
  65 124.353431  65.328832    43.420    43.516 14 55295.88335782 14.532
  66 124.329527  65.329375    44.438    44.170  6 55305.79899538 15.583
  68 124.328847  65.328408    43.212    43.157  4 55325.63028790 35.556
  69 124.328117  65.330741    89.863    89.106  6 55335.54593199 18.716
  70 124.367982  65.328236    48.621    48.622  9 55345.46157963 43.091
  71 124.355829  65.329868    95.239    93.791 13 55355.37722129 25.657
  72 124.354145  65.329534   115.129   115.499 13 55365.29286199  6.601
  73 124.385608  65.325746    45.510    45.510  2 55375.20850436 25.708
  74 124.365844  65.328777    44.447    44.417 10 55385.12414065 39.940
  75 124.353107  65.331392    45.340    45.349 14 55395.03977675 23.587
  76 124.354438  65.331891    43.640    43.665 13 55404.95541621 30.102
  77 124.367864  65.328801    43.393    43.415  9 55414.87106915 29.620
  78 124.369290  65.325845    44.112    44.143  3 55424.78671786 25.406
  81 124.342531  65.328289    44.094    44.135  4 55454.53364851 30.103
  82 124.352877  65.328983    90.852    90.985 13 55464.44929180 27.706
  83 124.355749  65.328591    42.819    42.823 13 55474.36493186 32.161
  84 124.341026  65.328470    42.405    42.393  4 55484.28056736 46.156
  86 124.325299  65.329277    42.070    42.023  3 55504.11183432 23.646
  87 124.333380  65.330525    42.267    42.126  7 55514.02748383 20.792
  88 124.353719  65.330394    42.225    42.221 13 55523.94313533 19.679
  89 124.353246  65.330936    42.366    42.355 14 55533.85878316 19.731
  90 124.353535  65.329929    42.369    42.379 13 55543.77442929 18.205
  91 124.354720  65.328992    42.456    42.449 14 55553.69007354 16.187
  92 124.354557  65.329372    42.504    42.484 13 55563.60571646 15.426
  93 124.354433  65.330350    42.696    42.654 14 55573.52135872 14.308
  94 124.354791  65.330360    42.650    42.601 13 55583.43699968 13.754
  95 124.352459  65.329303    42.951    42.956 13 55593.35263706 12.615
  96 124.341030  65.328709    42.856    42.853  4 55603.26827026 12.535
  97 124.329261  65.329089    43.196    43.426  6 55613.18390131 11.996
  98 124.332266  65.329366    43.512    43.596  7 55623.09953789 11.815
  99 124.333756  65.330296    43.146    43.164  7 55633.01519085 11.522
 100 124.353747  65.328719    43.316    43.380 13 55642.93084338 10.508
 101 124.332491  65.330622    43.486    43.602  7 55652.84648910 10.601
 102 124.331124  65.329201    44.016    44.088  5 55662.76213255  9.989
 103 124.323175  65.329197    43.353    43.377  4 55672.67777226 26.442
 104 124.341144  65.327813    43.163    43.188  4 55682.59341288 33.756
 105 124.360661  65.327764    91.826    90.758 12 55692.50905206 12.105
 106 124.354722  65.330500    95.356    95.356 14 55702.42468717 27.605
 107 124.368794  65.329668    46.298    46.383  9 55712.34033148 25.513
 108 124.364315  65.329516    45.939    45.776  9 55722.25598054 22.601
 109 124.353596  65.330105   100.499   102.384 13 55732.17162701 20.841
 110 124.365929  65.328599    44.906    44.466 10 55742.08727445 29.135
 111 124.355650  65.329770    91.590    91.644 13 55752.00291842 26.290
 112 124.354795  65.329419    43.829    43.919 13 55761.91856102 31.756
 113 124.362261  65.327574    42.653    42.737 11 55771.83420163 37.894
 114 124.336729  65.328945    90.730    90.621  5 55781.74983554 21.526
 115 124.340173  65.328206    91.757    91.850  4 55791.66546956 29.741
 116 124.329936  65.330180    90.742    90.783  6 55801.58110120 26.304
 117 124.330892  65.330895    43.050    43.063  6 55811.49675135 33.667
 118 124.353597  65.328771    43.912    43.842 13 55821.41240210 26.846
 119 124.355283  65.328145    43.992    43.923  6 55831.32804608 25.122
 120 124.331832  65.329755    43.305    43.107  7 55841.24368309 32.321
 121 124.341534  65.328343    89.768    89.867  4 55851.15932026 24.774
 122 124.386062  65.324668    42.788    42.745  3 55861.07495871 43.973
 123 124.353658  65.329544    42.837    42.827 13 55870.99060827 25.059
 124 124.354962  65.330464    42.506    42.358 13 55880.90625876 19.280
 125 124.352946  65.330928    42.497    42.533 13 55890.82190232 19.023
 126 124.353536  65.330771    42.787    42.774 14 55900.73754029 17.199
 127 124.352387  65.331157    43.518    43.481 13 55910.65317335 14.998
 128 124.353191  65.330882    43.348    43.334 13 55920.56882700 14.713
 129 124.355217  65.330042    43.367    43.400 13 55930.48447943 13.667
 130 124.356139  65.328505    43.480    43.409 12 55940.40012794 13.434
 131 124.330542  65.329477    43.548    43.347  6 55950.31576927 13.111
 132 124.329640  65.328750    43.834    43.985  6 55960.23140889 12.501
 133 124.332919  65.328984    43.801    43.893  7 55970.14704653 12.213
 134 124.333637  65.330340    43.651    43.854  7 55980.06268285 12.220
 135 124.352748  65.328996    43.605    43.643 13 55989.97832010 11.847
 136 124.354810  65.328323    43.639    43.697  8 55999.89396406 11.210
 137 124.341444  65.328541    44.129    44.336  4 56009.80961360 11.446
 138 124.324791  65.329839    44.109    44.185  5 56019.72525868 11.412
 139 124.336243  65.329100    43.900    43.937  5 56029.64090343 10.991
 140 124.357823  65.328134    44.042    44.112 12 56039.55654722  7.835
 141 124.353900  65.329840    42.745    43.052 14 56049.47218650 14.514
 142 124.353209  65.330819    91.292    90.683 14 56059.38782343 20.576
 143 124.353496  65.330906    97.637    97.393 14 56069.30345820 22.820
 144 124.354773  65.330276    99.324    95.898 13 56079.21910944 20.051
 145 124.356094  65.330084    93.879    93.919 13 56089.13475795 28.116
 146 124.367590  65.329212    46.187    46.196  8 56099.05040496 24.838
 147 124.382460  65.327081    45.233    44.510  3 56108.96604999 25.684
 148 124.358893  65.328126   103.510   110.152 12 56118.88167687 10.680
 150 124.329956  65.329032    92.189    92.024  6 56138.71294473 28.706
 151 124.332620  65.329565    97.172    94.358  5 56148.62859296 17.028
 152 124.373803  65.326527    43.482    43.484  7 56158.54424593 30.116
 153 124.365867  65.327972    45.081    44.774  9 56168.45989302 23.574
 154 124.354987  65.328080    92.849    92.817  6 56178.37553693 27.120
 155 124.328732  65.329555    91.384    92.043  6 56188.29117493 29.721
 157 124.386191  65.324555    99.186    99.368  3 56208.12245176 29.229
 158 124.353218  65.330743    90.247    90.306 13 56218.03808105 17.562
 159 124.358381  65.331511    91.074    89.634 12 56227.95372624 18.171
 160 124.355120  65.331224    42.791    42.787 13 56237.86938029 31.421
 161 124.353796  65.330147    42.731    42.698 14 56247.78503069 25.231
 162 124.352144  65.329696    42.845    42.815 13 56257.70067602 24.703
 163 124.354000  65.330192    42.868    42.883 14 56267.61631829 22.023
 164 124.354764  65.330833    42.896    42.947 13 56277.53195874 21.058
 165 124.353816  65.330473    42.945    42.942 13 56287.44760686 18.389
 166 124.355431  65.328077    43.107    42.996  6 56297.36325641 17.783
 167 124.325035  65.329050    42.846    42.679  3 56307.27889893 17.424
 169 124.341042  65.328122    43.297    43.392  4 56327.11018404 15.620
 170 124.353523  65.328990    43.281    43.360 13 56337.02582522 14.603
 171 124.353446  65.329992    43.335    43.384 13 56346.94146365 13.247
 172 124.354691  65.328854    43.405    43.506 14 56356.85709977 12.555
 173 124.341340  65.328231    43.963    44.049  4 56366.77274670 12.659
 176 124.356150  65.330104    43.568    43.555 13 56396.51968564 11.789
 177 124.355079  65.331687    43.190    43.237 13 56406.43532676 20.769
 178 124.355179  65.331524    89.629    90.269 13 56416.35096454 21.733
 179 124.355781  65.330345    90.264    90.375 13 56426.26659769 19.141
 180 124.386324  65.325814    47.816    47.735  3 56436.18225086 33.774
 181 124.381733  65.326307    46.810    46.814  4 56446.09790219 43.314
 182 124.368178  65.328699    45.638    45.674  9 56456.01355027 25.842
 183 124.352870  65.330180    97.611    94.435 13 56465.92919516 21.662
 184 124.387838  65.324605    44.444    44.425  3 56475.84484116 24.407
 185 124.323920  65.329501    96.074    89.428  3 56485.76047403 12.369
 187 124.390900  65.323194    46.155    46.155  2 56505.59175097 32.133
 188 124.384598  65.326662    46.606    46.590  3 56515.50738311 54.315
 189 124.365675  65.329373    44.960    44.969  9 56525.42303534 24.054
 190 124.353506  65.329396    44.820    44.779 13 56535.33868498 28.823
 192 124.341658  65.328066    90.930    91.271  4 56555.16997519 22.547
 193 124.354468  65.328317    43.859    43.857  6 56565.08561913 29.773
 194 124.355205  65.330872    43.345    43.337 13 56575.00126053 48.781
 195 124.353814  65.332697    42.459    42.441 14 56584.91689884 45.174
 196 124.354611  65.332370    42.460    42.489 13 56594.83253499 35.078
 197 124.357163  65.330115    41.559    41.544 13 56604.74818829 20.519
 198 124.355927  65.328865    42.345    42.377 12 56614.66383636 19.376
 199 124.355441  65.329088    42.113    42.122 13 56624.57948058 18.190
 200 124.353331  65.329966    42.134    42.115 13 56634.49512180 16.655
 201 124.352703  65.330414    42.392    42.416 13 56644.41075863 15.912
 202 124.353618  65.328677    42.545    42.584 13 56654.32641171 14.566
 203 124.340451  65.328123    42.565    42.541  4 56664.24205920 14.176
 204 124.325031  65.328896    42.111    41.893  3 56674.15770374 15.290
 205 124.340903  65.328244    42.732    42.770  4 56684.07335007 12.810
 206 124.355015  65.328558    42.716    42.692 13 56693.98899411 13.605
 207 124.354357  65.329969    42.871    42.846 13 56703.90463240 12.728
 208 124.354819  65.329589    42.909    42.874 13 56713.82026555 11.979
 210 124.329651  65.330079    43.455    43.155  6 56733.65156331 11.515
 211 124.354777  65.328737    43.627    43.617 13 56743.56721274 11.372
 212 124.353499  65.331080    43.232    43.299 13 56753.48285524 10.751
 213 124.353219  65.332486    91.697    91.597 13 56763.39849249  7.490
 214 124.356012  65.331904    43.115    43.118 13 56773.31412615 34.721
 215 124.354067  65.330210    90.180    90.158 13 56783.22978355 24.983
 216 124.355127  65.328748    96.540    95.193 13 56793.14543756 22.826
 217 124.356610  65.328257    93.848    93.649 13 56803.06108878 27.756
 218 124.356190  65.328652    93.550    93.384 12 56812.97673184 28.117
 219 124.364812  65.327556    45.664    45.619  9 56822.89237230 26.277
 221 124.391363  65.323285    44.471    44.471  2 56842.72364237 31.071
 222 124.387979  65.323701    44.205    44.205  2 56852.63928228 46.853
 223 124.335237  65.329981    43.996    43.804  5 56862.55493123 31.117
 224 124.354356  65.328700    43.788    43.800 13 56872.47058656 27.336
 225 124.371432  65.327035    43.988    44.025  7 56882.38623864 49.964
 226 124.355175  65.328478    43.402    43.412 13 56892.30188393 30.699
 227 124.333501  65.330236    43.464    43.543  6 56902.21752564 28.047
 228 124.352935  65.328538    43.960    43.977  8 56912.13316938 46.840
 229 124.366262  65.328307    43.371    43.407 10 56922.04881090 30.659
 230 124.353200  65.331362    44.737    44.851 14 56931.96444760 25.869
 231 124.353329  65.332126    42.786    42.786 14 56941.88008043 33.334
 232 124.351693  65.331768    42.320    42.303 13 56951.79572270 40.710
 233 124.354426  65.330076    41.692    41.675 13 56961.71137418 27.465
 234 124.353625  65.329453    41.426    41.468 14 56971.62702031 21.336
 235 124.354757  65.329341    42.039    42.016 13 56981.54266247 20.639
 236 124.352872  65.329685    42.020    42.024 13 56991.45829987 18.989
 237 124.354137  65.329286    41.989    41.963 13 57001.37393174 17.984
 238 124.335607  65.329929    41.701    41.222  5 57011.28958755 18.103
 239 124.330361  65.329597    42.220    41.918  6 57021.20523880 15.996
 240 124.330160  65.330016    42.272    41.968  6 57031.12088763 15.525
 241 124.333412  65.330513    42.394    42.159  7 57041.03653490 15.253
 242 124.355020  65.328902    42.825    43.017 13 57050.95218187 13.733
 243 124.356369  65.328774    42.942    42.960 13 57060.86782276 13.909
 244 124.353954  65.328977    42.996    43.004 14 57070.78345772 13.609
 245 124.355365  65.329335    43.125    43.260 13 57080.69908869 12.483
 246 124.355273  65.330503    42.922    42.965 13 57090.61472981 12.896
 247 124.354002  65.331583    43.377    43.369 13 57100.53038731 11.719
 248 124.353802  65.331928    43.623    43.676 13 57110.44604182 11.455
 249 124.353893  65.331119    43.622    43.649 13 57120.36169081 11.318
 250 124.354411  65.329760    43.470    43.339 13 57130.27733407 26.949
 251 124.354457  65.329358    90.718    90.460 13 57140.19297194 13.182
 252 124.353257  65.330208    90.985    89.452 13 57150.10860617 18.621
 253 124.341733  65.332316    93.487    93.456 10 57160.02423641 26.263
 254 124.352191  65.330236   103.403   103.829 13 57169.93989004  6.681
 255 124.335386  65.330239    94.756    94.994  5 57179.85554405 28.476
 256 124.339916  65.328222    93.395    93.354  4 57189.77119609 24.888
 257 124.390125  65.322772    45.793    45.793  2 57199.68684883 28.576
 258 124.339640  65.329659   112.042   112.638  4 57209.60247799 18.614
 259 124.353706  65.329371    93.193    92.079 14 57219.51812335 24.734
 260 124.376016  65.327035    43.661    43.645  6 57229.43376853 34.340
 261 124.352936  65.329148    90.625    90.413 13 57239.34940709 28.567
 262 124.352261  65.328966    90.906    90.825 13 57249.26504483 26.849
 263 124.353595  65.329777    43.632    43.683 13 57259.18068036 32.827
 264 124.357157  65.331240    91.711    89.939 12 57269.09631481 11.367
 265 124.355354  65.332671    42.907    42.524 13 57279.01196541 37.240
 266 124.339538  65.334108   110.049   104.411  9 57288.92761979  7.191
 267 124.355868  65.330718    90.213    90.296 13 57298.84327450 25.703
 268 124.353984  65.328988    42.608    42.658 14 57308.75892382 33.365
 269 124.332405  65.330629    42.065    41.762  7 57318.67456755 38.816
 270 124.353989  65.328765    42.274    42.242 14 57328.59021229 31.212
 271 124.353640  65.329991    42.785    42.618 14 57338.50585265 21.920
 272 124.354096  65.329442    42.919    42.510 13 57348.42150135 19.598
 273 124.334854  65.329774    43.461    43.413  5 57358.33714570 18.236
 274 124.321942  65.329431    42.999    43.114  4 57368.25278741 17.675
 275 124.330229  65.328675    43.741    43.785  6 57378.16842824 16.282
 276 124.334815  65.330371    43.228    43.521  5 57388.08406699 15.626
 277 124.354505  65.330431    43.510    43.494 14 57397.99970639 14.316
 278 124.355873  65.330994    43.309    43.222 13 57407.91534257 14.293
 279 124.353476  65.329665    43.353    43.347 13 57417.83099535 13.740
 280 124.332322  65.330745    43.497    43.652  7 57427.74664410 13.972
 281 124.353675  65.328918    43.477    43.560 14 57437.66229416 13.133
 282 124.353661  65.330985    43.439    43.435 13 57447.57794062 12.629
 283 124.353894  65.332634    43.334    43.427 14 57457.49358604 13.202
 284 124.353596  65.332534    43.468    43.514 14 57467.40922889 13.272
 285 124.352656  65.330816    43.696    43.800 13 57477.32486782 12.869
 286 124.353740  65.328841    43.736    43.660 14 57487.24050375 12.421
 287 124.352688  65.328773    43.963    44.027 13 57497.15613721 11.069
 288 124.354389  65.330100    43.079    43.569 14 57507.07177518 15.057
 289 124.354162  65.330727    93.096    92.001 14 57516.98743142 10.493
 290 124.351428  65.330415    93.584    92.174 12 57526.90308468 11.640
 291 124.334420  65.330114    93.094    93.387  5 57536.81873403 23.653
 292 124.324675  65.329333    94.670    94.457  5 57546.73438136 27.005
 293 124.324424  65.329301   101.691    96.573  3 57556.65002784 14.072
 294 124.387876  65.324260    45.513    45.513  2 57566.56567911 35.291
 295 124.339781  65.331547   122.912   125.107  7 57576.48131878  1.449
 296 124.353975  65.330580    44.681    44.647 13 57586.39696355 25.682
 297 124.353950  65.329777    45.199    45.216 14 57596.31260475 23.433
