# NaN NaN NaN ;Mean Elev.(m), Avg Gradient(m/km), RMS Gradient(m/km) - SRTM1     
#   38.478  -0.978  13.987 ;Mean Elev.(m), Avg Gradient(m/km), RMS Gradient(m/km) - ASTER GDEM
#   33.384  -1.822  16.290 ;Mean Elev.(m), Avg Gradient(m/km), RMS Gradient(m/km) - GMTED2010 
   1 126.952868  64.121681    59.576    59.203 16 54665.26490794 27.016
   2 126.951469  64.122823    61.388    61.352 17 54675.18055238 22.110
   3 126.959336  64.122997    -2.897    -2.904 15 54685.09619638  7.685
   4 126.958405  64.124500    61.750    61.878 16 54695.01183798 23.131
   5 126.958422  64.124182    -1.353    -1.304 15 54704.92747732 12.641
   6 126.952258  64.122457    60.638    60.620 17 54714.84312850 38.475
   7 126.949731  64.120023     7.470     7.314 17 54724.75877880  9.486
   8 126.948387  64.118947    61.280    61.243 17 54734.67442696 22.110
   9 126.949850  64.119648    61.253    61.192 16 54744.59007402 21.050
  10 126.951841  64.120637    58.475    58.541 16 54754.50572066 50.304
  11 126.950380  64.120808    57.800    57.796 17 54764.42136610 51.461
  12 126.951737  64.118656    57.105    57.079 17 54774.33700926 45.750
  13 126.950650  64.117142    57.437    57.393 17 54784.25264956 29.458
  14 126.949930  64.117704    57.553    57.528 17 54794.16828788 22.534
  15 126.949575  64.120443    57.264    57.289 17 54804.08392522 19.320
  16 126.951889  64.122537    57.874    57.897 17 54813.99956249 18.655
  17 126.952467  64.122864    57.946    57.927 17 54823.91520712 19.184
  18 126.951173  64.121579    57.795    57.753 17 54833.83084718 17.868
  19 126.953017  64.120405    57.536    57.530 17 54843.74649746 17.981
  20 126.952001  64.121265    57.307    57.292 16 54853.66214628 16.529
  21 126.951785  64.122961    57.236    57.141 17 54863.57779482 16.029
  22 126.954378  64.123160    57.096    57.009 16 54873.49344353 15.451
  23 126.953131  64.122292    57.156    57.040 17 54883.40908965 14.826
  24 126.951348  64.119900    57.289    57.215 17 54893.32473248 14.741
  25 126.949308  64.117848    57.320    57.313 16 54903.24037258 14.059
  26 126.948829  64.117795    57.418    57.450 17 54913.15601142 12.875
  27 126.950232  64.119284    57.314    57.301 16 54923.07164955 13.043
  28 126.953164  64.120732    57.462    57.396 17 54932.98728706 12.752
  29 126.951066  64.121602    58.248    58.275 17 54942.90292233 12.797
  30 126.952283  64.120257    56.990    56.964 17 54952.81855617 40.420
  31 126.951651  64.118347    59.014    58.910 17 54962.73419980 39.903
  32 126.949989  64.118418    64.167    64.189 17 54972.64984821 36.836
  33 126.950976  64.119976    62.422    62.477 17 54982.56549574 49.954
  34 126.950409  64.122208    68.423    63.522 17 54992.48114277 37.637
  35 126.952598  64.122358    62.571    62.573 16 55002.39678943 38.229
  36 126.950984  64.122060    61.386    61.387 17 55012.31243394 47.525
  37 126.952832  64.120930    61.842    61.918 17 55022.22807743 21.907
  38 126.951905  64.121719    61.687    61.710 17 55032.14371968 22.058
  39 126.952989  64.123011    60.555    60.177 17 55042.05936139 25.172
  40 126.959100  64.123151    61.934    62.067 15 55051.97500217 24.616
  41 126.955265  64.123195    59.533    59.537 16 55061.89063985 41.291
  42 126.951651  64.121235    58.357    58.249 16 55071.80628284 31.133
  43 126.948427  64.119001    59.472    59.474 17 55081.72193140 53.348
  44 126.948957  64.118108    59.623    59.638 16 55091.63757848 26.129
  45 126.950526  64.118946    59.770    59.761 16 55101.55322496 34.534
  46 126.952034  64.120249    59.564    59.455 16 55111.46887098 53.490
  47 126.952993  64.120186    59.002    58.949 17 55121.38451498 52.841
  48 126.948832  64.119442    57.831    57.794 17 55131.30015574 49.511
  49 126.949550  64.117560    56.103    56.085 16 55141.21579510 43.412
  50 126.949756  64.117741    57.242    57.252 17 55151.13143356 30.851
  51 126.951153  64.119782    57.221    57.190 16 55161.04707211 28.211
  52 126.952053  64.122251    57.419    57.415 17 55170.96271019 25.873
  53 126.955296  64.123090    57.398    57.389 15 55180.87834716 24.235
  54 126.953178  64.122533    57.375    57.369 17 55190.79399566 23.849
  55 126.951788  64.121896    57.154    57.162 16 55200.70964590 23.356
  56 126.951415  64.121944    56.947    56.954 17 55210.62529545 23.137
  57 126.952886  64.122330    56.795    56.813 16 55220.54094465 21.619
  58 126.952327  64.122051    56.637    56.640 17 55230.45659268 21.178
  59 126.952517  64.120802    56.541    56.572 17 55240.37223764 21.240
  60 126.952120  64.118855    56.505    56.525 17 55250.28787904 20.175
  61 126.950723  64.117676    56.506    56.525 17 55260.20351803 19.928
  62 126.949136  64.118161    56.477    56.426 16 55270.11915613 19.045
  63 126.950819  64.119182    56.656    56.567 17 55280.03479442 18.269
  64 126.951155  64.120430    56.567    56.557 16 55289.95043132 17.756
  65 126.952336  64.120796    56.611    56.478 16 55299.86606602 17.097
  66 126.950313  64.119860    57.521    57.445 17 55309.78171104 29.691
  67 126.950755  64.118449    58.934    59.039 17 55319.69735701 23.114
  68 126.950671  64.118423    57.401    57.401 17 55329.61300171 41.224
  69 126.951463  64.119762    65.055    65.037 17 55339.52864606 53.196
  70 126.950714  64.121655    62.369    62.371 17 55349.44428992 49.174
  71 126.952097  64.122427    61.265    61.267 17 55359.35993207 53.600
  72 126.953693  64.122212    61.850    61.810 17 55369.27557219 19.753
  73 126.953753  64.122259    61.314    61.313 17 55379.19121069 21.300
  74 126.954248  64.122768    61.202    61.200 17 55389.10684852 51.757
  75 126.956823  64.123014    59.739    59.735 15 55399.02248558 51.942
  76 126.951498  64.123397    60.882    60.656 17 55408.93813113 21.970
  77 126.952487  64.121102    59.847    59.845 16 55418.85378217 53.340
  78 126.949012  64.119551    59.208    59.010 17 55428.76942932 28.871
  79 126.948232  64.118832    58.713    58.695 17 55438.68507396 46.636
  80 126.949918  64.119072    59.650    59.634 16 55448.60071730 51.662
  81 126.951623  64.119587    60.636    60.588 16 55458.51636029 21.451
  82 126.950831  64.120053    60.067    60.014 16 55468.43200231 21.834
  83 126.951089  64.119571    59.365    59.326 16 55478.34764125 22.026
  84 126.951331  64.119132    57.303    57.245 17 55488.26327718 43.852
  85 126.950557  64.119468    56.861    56.836 17 55498.17891074 49.296
  86 126.951354  64.120459    57.164    57.195 16 55508.09454909 24.044
  87 126.953620  64.120792    57.495    57.526 17 55518.01019961 24.274
  88 126.952433  64.121808    57.821    57.699 17 55527.92584885 20.544
  89 126.953789  64.121730    58.007    57.755 17 55537.84149647 18.431
  90 126.953083  64.121791    57.586    57.281 16 55547.75714162 16.564
  91 126.953188  64.121915    57.220    57.201 17 55557.67278501 16.111
  92 126.952157  64.122667    57.475    57.226 16 55567.58842733 16.572
  93 126.952170  64.122706    57.147    57.135 16 55577.50406903 15.844
  94 126.953043  64.121383    57.168    57.062 17 55587.41970881 15.744
  95 126.951416  64.120014    57.061    57.103 16 55597.33534529 14.840
  96 126.949913  64.119451    57.062    57.144 16 55607.25097891 14.739
  97 126.951984  64.119722    57.157    57.146 17 55617.16661082 14.476
  98 126.953104  64.120825    57.161    57.097 17 55627.08225525 13.202
  99 126.950472  64.121542    57.084    56.921 17 55636.99790665 12.638
 100 126.952479  64.120343    57.307    57.267 17 55646.91355662 12.421
 101 126.951700  64.118795    57.338    57.181 17 55656.82920352 13.041
 102 126.950622  64.118155    57.228    57.274 16 55666.74484595 11.227
 103 126.951083  64.118776    57.868    57.488 17 55676.66048550 27.379
 104 126.949984  64.120935    59.578    60.674 17 55686.57612288 25.303
 105 126.952183  64.122395    61.581    61.583 17 55696.49175942 43.140
 106 126.953612  64.123146    60.664    60.668 17 55706.40739468 56.143
 107 126.951083  64.122904    61.985    61.939 17 55716.32304421 25.036
 108 126.952742  64.122050    61.881    61.882 16 55726.23869312 22.126
 109 126.952372  64.122486    60.853    60.946 16 55736.15433998 25.920
 110 126.952413  64.123170    60.853    60.507 17 55746.06998563 21.540
 111 126.953594  64.122699    59.858    59.865 16 55755.98562962 52.230
 112 126.953597  64.121045    58.140    58.079 17 55765.90127116 55.058
 113 126.950473  64.119422    58.178    58.148 17 55775.81690950 38.635
 114 126.951461  64.118156    60.271    60.245 17 55785.73254523 53.417
 115 126.949219  64.120002    60.082    59.979 17 55795.64817837 21.178
 116 126.952839  64.121452    59.056    58.859 17 55805.56381814 26.012
 117 126.952154  64.122322    60.098    59.743 17 55815.47946714 20.407
 118 126.950103  64.121474    59.492    59.471 17 55825.39511349 39.638
 119 126.949742  64.119741    58.771    58.736 17 55835.31075556 37.018
 120 126.951838  64.118492    59.289    58.814 17 55845.22639430 23.002
 121 126.949840  64.120433    57.423    57.401 17 55855.14202966 45.763
 122 126.951003  64.122594    57.513    57.475 17 55865.05766977 50.220
 123 126.954596  64.123038    57.421    57.409 17 55874.97332321 37.505
 124 126.952805  64.123192    57.933    57.919 16 55884.88897053 30.136
 125 126.950781  64.122930    57.989    57.779 17 55894.80461188 27.290
 126 126.953338  64.122283    57.978    57.628 16 55904.72024831 24.934
 127 126.952159  64.123139    57.471    57.453 17 55914.63588884 20.710
 128 126.955813  64.122660    57.828    57.601 16 55924.55154304 18.345
 129 126.952266  64.122983    58.616    59.039 17 55934.46719334 16.481
 130 126.951719  64.121006    57.386    57.202 17 55944.38283947 16.066
 131 126.951122  64.118423    57.260    57.098 17 55954.29848133 15.567
 132 126.949070  64.117517    57.114    57.230 16 55964.21412010 15.373
 133 126.950300  64.118609    57.130    57.370 16 55974.12975747 15.242
 134 126.953335  64.120943    57.322    57.307 17 55984.04539383 15.124
 135 126.952778  64.123047    57.312    57.035 16 55993.96102767 14.750
 136 126.951843  64.121721    57.731    57.389 17 56003.87667848 14.463
 137 126.949925  64.119187    57.055    57.036 16 56013.79232747 13.658
 138 126.948923  64.117913    57.012    57.179 16 56023.70797317 13.600
 139 126.952269  64.118654    57.289    57.215 17 56033.62361666 13.108
 140 126.951916  64.121706    56.264    56.246 17 56043.53925748 22.886
 141 126.954338  64.123530    56.600    56.524 16 56053.45489598 51.903
 142 126.956576  64.123606    65.798    65.785 15 56063.37053130 39.108
 143 126.953329  64.122920    63.671    63.668 16 56073.28617291 31.159
 144 126.953284  64.121592    62.346    62.340 17 56083.20182301 25.111
 145 126.952267  64.121828    61.959    61.923 16 56093.11747050 37.685
 146 126.952332  64.122730    61.010    61.002 16 56103.03311585 47.306
 147 126.951916  64.122650    61.637    61.477 17 56112.94874682 21.853
 148 126.951379  64.121496    61.251    61.030 17 56122.86438573 21.644
 149 126.950770  64.119749    60.503    60.505 16 56132.78002078 51.837
 150 126.951680  64.118669    61.819    61.818 17 56142.69565841 50.020
 151 126.949953  64.119305    59.632    59.578 16 56152.61130886 37.509
 152 126.953079  64.120427    60.207    60.234 17 56162.52695813 49.093
 153 126.950511  64.122080    60.380    60.352 17 56172.44260485 24.217
 154 126.951952  64.121308    60.086    60.058 16 56182.35824736 34.919
 155 126.950220  64.119989    60.527    60.550 16 56192.27388588 20.628
 156 126.949983  64.119133    59.258    59.060 16 56202.18952183 29.372
 157 126.952495  64.120289    58.636    58.684 17 56212.10515602 44.619
 158 126.955543  64.122965    58.120    58.084 16 56222.02078823 51.558
 159 126.959480  64.123718    56.930    56.902 15 56231.93644299 36.474
 160 126.958109  64.123528    56.807    56.836 15 56241.85209549 36.708
 161 126.954444  64.122614    57.369    57.377 17 56251.76774357 33.172
 162 126.952756  64.121654    57.480    57.449 17 56261.68338714 31.425
 163 126.953024  64.121603    57.541    57.528 17 56271.59902861 30.852
 164 126.951189  64.122526    57.622    57.615 17 56281.51466930 27.442
 165 126.953852  64.121631    57.484    57.466 17 56291.43032174 24.587
 166 126.951482  64.120444    57.187    57.161 16 56301.34596928 23.959
 167 126.949584  64.118809    56.969    56.974 17 56311.26161274 22.604
 168 126.949895  64.117952    56.821    56.845 17 56321.17725417 22.278
 169 126.950776  64.118888    56.652    56.661 16 56331.09289493 21.730
 170 126.949827  64.120985    56.573    56.542 17 56341.00853493 20.392
 171 126.952173  64.121991    56.704    56.575 16 56350.92417307 19.168
 172 126.953875  64.121309    56.581    56.536 17 56360.83981193 19.191
 173 126.950959  64.119934    56.590    56.541 17 56370.75546155 19.173
 175 126.950813  64.120314    57.603    57.590 17 56390.58675338 18.023
 176 126.952635  64.122117    58.531    58.640 17 56400.50239651 23.397
 177 126.955568  64.123163    56.616    56.604 16 56410.41803713 50.262
 178 126.957819  64.123163    57.110    57.121 15 56420.33367297 40.197
 179 126.954587  64.123281    64.822    64.820 17 56430.24930947 56.177
 180 126.951374  64.122491    62.634    62.634 17 56440.16496241 57.097
 181 126.951346  64.121786    61.771    61.644 16 56450.08061321 23.062
 182 126.951580  64.121412    62.470    62.470 16 56459.99626179 56.617
 183 126.951584  64.120492    60.062    59.978 16 56469.91190708 27.974
 184 126.949275  64.120068    59.438    59.411 17 56479.82754830 48.080
 185 126.951035  64.119214    61.040    61.018 17 56489.74318594 56.043
 186 126.951471  64.119682    62.047    62.088 17 56499.65882079 42.692
 187 126.953057  64.120704    61.870    61.865 17 56509.57445434 53.814
 188 126.951813  64.121975    61.778    61.688 16 56519.49009564 21.725
 189 126.953389  64.121416    61.513    61.358 17 56529.40574947 19.192
 190 126.950514  64.121332    60.468    60.256 17 56539.32139878 24.538
 191 126.952561  64.120159    58.892    58.880 17 56549.23704443 36.313
 192 126.951054  64.120536    60.584    60.369 17 56559.15268726 21.801
 193 126.951261  64.121632    60.213    60.131 17 56569.06832930 25.823
 194 126.952745  64.123184    58.031    58.029 16 56578.98397014 43.644
 195 126.958261  64.123420    57.389    57.367 16 56588.89960766 40.872
 196 126.957664  64.123185    56.574    56.596 16 56598.81525162 47.737
 197 126.952712  64.122577    57.772    57.788 16 56608.73090224 32.762
 198 126.951510  64.122286    57.286    57.269 17 56618.64654821 24.347
 199 126.952992  64.122088    57.354    57.338 16 56628.56219113 18.721
 200 126.952914  64.122056    57.513    57.513 16 56638.47783090 17.408
 201 126.952227  64.121048    57.451    57.420 16 56648.39347458 17.264
 202 126.950742  64.119336    57.401    57.418 17 56658.30912612 16.365
 203 126.949693  64.118640    57.193    57.206 16 56668.22477350 15.883
 204 126.951659  64.119228    57.111    57.051 17 56678.14041862 15.417
 205 126.950945  64.120862    57.007    56.934 17 56688.05606211 15.248
 206 126.952546  64.121277    57.113    56.954 16 56697.97170363 15.109
 207 126.951895  64.121197    56.963    56.924 16 56707.88734038 14.650
 208 126.949919  64.120994    57.068    57.059 17 56717.80297729 14.481
 209 126.949322  64.120525    57.150    57.143 17 56727.71863007 14.662
 210 126.953294  64.120751    57.412    57.401 17 56737.63427918 14.041
 211 126.952174  64.122681    57.422    57.169 17 56747.54992406 14.416
 212 126.956017  64.123065    57.890    57.863 15 56757.46556505 12.445
 213 126.956745  64.123158    57.172    56.933 16 56767.38119986 21.671
 214 126.952808  64.122759    56.925    56.966 16 56777.29684370 36.775
 215 126.951514  64.121773    60.978    60.972 16 56787.21249986 40.852
 216 126.953089  64.121101    62.702    62.702 17 56797.12815273 40.597
 217 126.950419  64.121726    61.718    61.744 17 56807.04380000 26.789
 218 126.951047  64.121187    61.290    61.324 17 56816.95944149 40.180
 219 126.951591  64.119901    60.720    60.698 16 56826.87507953 53.358
 220 126.949196  64.119286    61.695    60.559 17 56836.79071388 42.019
 221 126.951316  64.119627    59.520    59.535 16 56846.70634547 53.207
 222 126.950495  64.120739    60.420    60.423 17 56856.62199520 25.622
 223 126.950465  64.121952    59.029    59.011 17 56866.53764844 51.578
 224 126.950444  64.121817    60.597    60.324 17 56876.45330049 20.996
 225 126.953152  64.120198    59.269    59.249 17 56886.36894979 48.294
 226 126.948723  64.119636    58.889    58.728 17 56896.28459560 30.651
 227 126.950432  64.119469    59.500    59.762 16 56906.20023901 24.336
 228 126.950943  64.121170    59.626    59.819 17 56916.11588003 23.705
 229 126.955298  64.122790    60.897    60.668 16 56926.03151955 19.719
 230 126.957415  64.123831    59.990    60.202 15 56935.94715563 24.266
 231 126.956588  64.123916    57.766    57.774 15 56945.86278624 43.576
 232 126.953733  64.122095    56.858    56.829 17 56955.77843828 49.253
 233 126.953203  64.120720    56.449    56.416 17 56965.69408756 33.308
 234 126.952527  64.121378    57.146    57.169 17 56975.60973221 25.431
 235 126.953610  64.122543    57.429    57.425 17 56985.52537247 21.305
 236 126.953293  64.122983    57.076    57.091 16 56995.44100721 20.799
 237 126.952356  64.121362    57.081    57.153 17 57005.35664907 20.450
 238 126.951064  64.118702    57.217    57.160 17 57015.27230424 17.057
 239 126.948759  64.118374    57.136    57.084 17 57025.18795481 16.015
 240 126.952278  64.119614    57.087    57.148 17 57035.10360363 15.513
 241 126.953909  64.121515    57.083    56.966 17 57045.01924971 14.872
 242 126.954085  64.122153    57.101    57.083 17 57054.93489275 13.850
 243 126.950162  64.121693    57.114    56.870 17 57064.85053060 13.630
 244 126.951914  64.120605    57.078    56.971 17 57074.76616426 13.311
 245 126.952995  64.121531    57.023    56.876 17 57084.68179434 13.943
 246 126.955615  64.122730    57.156    57.089 16 57094.59744784 13.534
 247 126.959741  64.123357    58.036    57.987 15 57104.51310471 12.343
 248 126.957564  64.123894    58.705    58.796 15 57114.42875676 12.159
 249 126.954467  64.122848    58.061    58.005 17 57124.34440269 11.844
 250 126.951699  64.121463    57.845    57.735 16 57134.26004339  9.299
 251 126.950817  64.121104    58.947    59.067 17 57144.17567976 25.011
 252 126.952721  64.122054    57.909    57.890 17 57154.09131369 39.641
 253 126.952641  64.123531    64.593    64.599 16 57164.00695013 48.650
 254 126.951127  64.123144    61.959    61.960 17 57173.92260696 56.713
 255 126.949929  64.121237    61.502    61.445 17 57183.83826059 27.898
 256 126.949420  64.118977    62.360    62.366 17 57193.75391036 39.370
 257 126.948870  64.118363    61.208    61.176 17 57203.66955763 51.758
 258 126.951335  64.119482    60.448    60.550 16 57213.58519167 22.799
 259 126.953858  64.121456    59.062    59.050 17 57223.50083548 27.027
 260 126.953426  64.122726    60.347    60.597 17 57233.41647736 22.279
 261 126.951407  64.122531    58.877    58.891 17 57243.33211625 43.046
 262 126.951428  64.121421    59.353    59.255 17 57253.24775291 27.265
 263 126.951105  64.121975    58.275    58.271 17 57263.16338791 40.812
 264 126.955468  64.123437    57.448    57.453 15 57273.07902525 30.846
 265 126.956699  64.124634    57.328    57.281 15 57282.99468270 47.862
 266 126.958562  64.124172    58.431    57.911 15 57292.91033773 29.167
 267 126.954553  64.122910    57.396    57.411 17 57302.82598886 39.185
 268 126.953243  64.120635    56.917    56.885 17 57312.74163647 52.426
 269 126.952533  64.119459    56.422    56.363 17 57322.65728075 49.150
 270 126.951779  64.120176    56.264    56.260 17 57332.57292274 40.931
 271 126.952163  64.121645    56.650    56.658 16 57342.48856274 37.437
 272 126.952447  64.121167    56.508    56.536 16 57352.40421488 36.635
 273 126.951365  64.120131    56.426    56.413 17 57362.31985911 28.997
 274 126.948397  64.119076    56.475    56.464 17 57372.23549992 25.054
 275 126.950272  64.118777    56.469    56.456 16 57382.15113929 21.875
 276 126.950217  64.120615    56.421    56.410 17 57392.06677780 21.055
 277 126.952647  64.122645    56.363    56.346 17 57401.98241560 20.246
 278 126.955465  64.123150    56.361    56.350 16 57411.89805837 19.659
 279 126.952847  64.122522    56.289    56.303 16 57421.81371013 18.918
 280 126.950615  64.121746    56.352    56.332 17 57431.72935922 18.119
 281 126.953137  64.121276    56.378    56.362 17 57441.64500679 17.834
 282 126.953662  64.122482    56.672    56.476 17 57451.56065321 16.934
 283 126.958114  64.122877    56.929    56.838 16 57461.47629846 16.219
 284 126.958279  64.123138    56.912    56.549 16 57471.39193989 16.053
 285 126.953022  64.123250    56.806    56.697 16 57481.30757688 15.752
 286 126.953752  64.121901    56.919    56.850 17 57491.22321154 15.251
 287 126.951703  64.122192    56.286    56.194 16 57501.13884381 17.654
 288 126.952524  64.122047    56.573    56.566 17 57511.05449163 38.169
 289 126.950748  64.122131    57.710    57.663 17 57520.97014706 39.834
 290 126.950432  64.121679    61.817    61.818 17 57530.88580014 56.984
 291 126.953106  64.120045    62.062    62.057 17 57540.80145027 56.149
 292 126.951286  64.119263    62.875    62.846 17 57550.71709704 49.815
 293 126.949763  64.119380    60.629    60.746 16 57560.63274231 34.196
 294 126.952404  64.119944    61.253    61.128 17 57570.54838740 21.339
 295 126.951685  64.121445    60.578    60.486 16 57580.46403189 20.958
 296 126.950549  64.122547    61.279    60.965 17 57590.37967467 19.102
 297 126.951877  64.122350    61.014    61.012 17 57600.29531505 37.939
