-170603.115   258.535     0.00   21.31
-170314.725   253.250   -18.32   22.94
-170026.315   249.883   -11.67   22.61
-169737.886   248.198    -5.84   22.24
-169449.437   249.145     3.28   20.88
-169160.969   251.359     7.67   21.79
-168872.481   256.717    18.57   25.95
-168583.974   266.858    35.15   29.59
-168295.447   279.000    42.08   29.58
-168006.901   289.140    35.14   27.17
-167718.335   298.431    32.19   25.40
-167429.750   305.576    24.76   25.22
-167141.145   311.144    19.29   26.10
-166852.521   317.213    21.03   25.95
-166563.878   322.959    19.90   25.45
-166276.410   329.513    22.80   24.42
-165991.798   333.731    14.82   24.15
-165707.168   337.891    14.61   23.34
-165422.520   341.897    14.07   22.52
-165137.853   344.265     8.32   21.73
-164853.169   345.211     3.32   21.52
-164568.466   346.815     5.63   20.07
-164283.745   346.479    -1.18   18.43
-163999.005   347.880     4.92   17.35
-163714.248   350.008     7.47   16.10
-163429.472   351.846     6.45   15.04
-163144.678   354.835    10.49   12.49
-162859.866   356.558     6.05   10.31
-162575.036   355.517    -3.66   10.14
-162290.187   351.664   -13.52   13.16
-162005.321   344.463   -25.28   17.11
-161720.436   335.059   -33.01   20.28
-161435.532   325.395   -33.92   20.86
-161150.611   317.574   -27.45   17.52
-160865.671   313.805   -13.23   14.21
-160580.713   314.906     3.86   14.01
-160295.737   319.549    16.29   17.52
-160010.742   326.587    24.69   18.96
-159725.729   334.610    28.15   16.86
-159440.698   339.708    17.88   12.08
-159155.649   341.301     5.59    9.37
-158870.581   340.479    -2.88   10.28
-158585.495   338.892    -5.57   11.02
-158300.391   336.598    -8.04   11.33
-158015.269   334.891    -5.99   11.43
-157730.128   332.126    -9.70   15.46
-157444.969   327.262   -17.05   20.30
-157159.791   322.807   -15.62   22.66
-156874.596   312.496   -36.15   29.02
-156589.382   301.508   -38.52   34.19
-156304.149   290.160   -39.78   36.64
-156018.899   275.950   -49.81   37.85
-155733.630   263.483   -43.70   35.72
-155448.342   250.653   -44.97   30.59
-155163.037   239.555   -38.90   23.63
-154877.713   231.730   -27.42   20.66
-154592.370   224.752   -24.45   17.37
-154307.010   220.402   -15.24   14.06
-154021.631   216.597   -13.33   12.45
-153736.233   215.758    -2.94   11.20
-153450.818   214.453    -4.57    9.67
-153165.384   215.436     3.44    9.85
-152879.931   218.496    10.72   10.28
-152594.460   221.017     8.83    9.69
-152308.971   223.235     7.77    8.84
-152023.464   225.600     8.28    8.10
-151737.938   228.177     9.03    8.49
-151452.393   230.741     8.98    8.25
-151166.831   232.861     7.42    7.20
-150881.250   234.447     5.55    6.01
-150595.650   235.479     3.61    5.10
-150310.032   235.144    -1.17    5.24
-150024.396   233.612    -5.36    5.79
-149738.741   231.274    -8.18    5.66
-149453.068   228.373   -10.15    6.24
-149167.376   224.725   -12.77    8.42
-148881.666   219.197   -19.35   12.88
-148595.938   215.060   -14.48   14.22
-148310.191   212.056   -10.51   14.72
-148024.426   211.854    -0.71   14.41
-147738.642   214.160     8.07   15.39
-147452.840   218.807    16.26   16.09
-147167.019   224.041    18.31   13.30
-146881.180   228.095    14.18    8.76
-146595.323   227.786    -1.08    7.78
-146309.447   225.680    -7.37   10.12
-146023.552   222.189   -12.21   13.09
-145737.639   217.103   -17.78   16.78
-145451.708   208.306   -30.76   23.99
-145165.758   198.187   -35.39   27.68
-144879.790   190.530   -26.77   28.58
-144593.803   185.099   -18.99   29.70
-144307.798   184.760    -1.18   33.25
-144021.774   189.525    16.66   36.46
-143735.731   192.735    11.22   37.69
-143449.671   195.887    11.02   36.86
-143163.591   195.084    -2.81   36.44
-142877.493   183.866   -39.21   41.06
-142591.377   172.929   -38.22   41.90
-142305.242   162.691   -35.78   37.11
-142019.089   155.915   -23.68   32.13
-141732.917   157.592     5.86   33.69
-141446.726   161.533    13.77   35.78
-141160.517   168.661    24.90   34.78
-140874.290   175.706    24.61   31.73
-140588.044   179.943    14.80   29.23
-140301.779   177.864    -7.26   27.15
-140015.496   176.034    -6.39   24.74
-139729.194   176.768     2.56   23.40
-139442.874   175.549    -4.26   22.95
-139156.535   177.479     6.74   23.33
-138870.177   180.620    10.97   23.56
-138583.801   183.140     8.80   23.24
-138297.407   184.733     5.56   22.55
-138010.993   187.395     9.29   21.58
-137724.562   190.426    10.58   20.49
-137438.111   193.143     9.48   19.54
-137151.642   197.525    15.30   19.34
-136865.155   200.975    12.04   17.78
-136578.649   204.884    13.64   17.09
-136292.124   210.639    20.08   16.15
-136005.580   216.603    20.81   16.68
-135719.018   222.521    20.65   14.87
-135432.438   228.275    20.08   12.28
-135145.838   233.325    17.62   10.15
-134859.220   237.484    14.51    7.39
-134572.584   239.857     8.28    6.28
-134285.929   242.142     7.97    6.36
-133999.255   242.943     2.79    7.60
-133712.562   244.558     5.64    8.91
-133425.851   246.592     7.09    9.34
-133139.122   247.620     3.59    8.65
-132852.373   248.378     2.64    7.35
-132565.606   248.967     2.05    6.36
-132278.820   248.250    -2.50    6.77
-131992.016   246.878    -4.78    7.87
-131705.193   244.500    -8.29    8.69
-131418.351   240.675   -13.33   10.63
-131131.490   238.683    -6.94   10.89
-130844.611   238.254    -1.49   10.13
-130557.713   236.647    -5.60   10.75
-130270.797   237.367     2.51    9.08
-129983.861   238.445     3.76    6.60
-129696.907   238.909     1.62    5.27
-129409.935   238.661    -0.86    5.53
-129122.943   236.268    -8.34    7.51
-128835.933   233.336   -10.22    9.27
-128548.904   230.107   -11.25   10.86
-128261.857   227.919    -7.62   12.19
-127974.790   226.008    -6.65   13.44
-127687.705   223.325    -9.35   15.24
-127400.602   224.000     2.35   15.28
-127113.479   225.542     5.37   14.53
-126826.338   227.350     6.30   12.79
-126539.178   229.886     8.83   10.33
-126251.999   231.206     4.60    8.07
-125964.801   231.769     1.96    6.89
-125677.585   231.066    -2.45    7.13
-125390.350   229.390    -5.83    7.91
-125103.096   226.667    -9.48    9.39
-124815.823   222.297   -15.21   11.22
-124528.532   217.754   -15.81   13.77
-124241.222   214.598   -10.98   17.66
-123953.893   215.026     1.49   19.93
-123666.545   214.347    -2.36   22.02
-123379.178   212.376    -6.86   27.22
-123091.793   211.175    -4.18   29.30
-122804.388   200.708   -36.42   45.57
-122516.965   190.223   -36.48   54.11
-122229.523   187.077   -10.94   53.89
-121942.063   172.534   -50.59   65.11
-121654.583   156.762   -54.86   69.55
-121367.085   146.016   -37.38   69.35
-121079.568   140.724   -18.41   70.83
-120792.031   129.024   -40.69   75.52
-120504.477   117.098   -41.47   77.28
-120216.903   107.025   -35.03   77.84
-119929.310    91.769   -53.04   75.13
-119641.699    81.236   -36.62   72.37
-119354.068    71.294   -34.56   69.78
-119066.419    55.403   -55.24   61.55
-118778.751    47.286   -28.22   55.71
-118491.064    38.839   -29.36   48.33
-118203.358    29.661   -31.90   36.86
-117915.634    24.992   -16.23   31.38
-117627.890    19.653   -18.55   19.87
-117340.128    15.136   -15.70    4.35
-117052.346    15.898     2.65    8.78
-116764.546    18.750     9.91   14.77
-116476.727    21.058     8.02   17.65
-116188.889    24.259    11.12   21.08
-115901.032    28.032    13.11   24.00
-115613.156    30.656     9.11   25.35
-115325.261    34.463    13.22   26.70
-115037.347    38.202    12.99   27.37
-114749.414    40.496     7.97   27.54
-114461.463    43.233     9.51   27.35
-114173.492    48.076    16.82   26.36
-113885.502    50.806     9.48   25.43
-113597.494    54.311    12.17   23.66
-113309.467    58.175    13.41   20.81
-113021.420    61.116    10.21   18.57
-112733.355    65.089    13.79   15.34
-112445.270    68.558    12.04   10.33
-112157.167    70.298     6.04    7.52
-111869.045    72.024     5.99    3.50
-111580.904    72.558     1.85    3.31
-111292.743    72.942     1.33    2.87
-111004.564    72.855    -0.30    2.73
-110716.366    72.033    -2.85    5.81
-110428.149    69.242    -9.68   11.69
-110139.912    63.528   -19.82   18.97
-109851.657    54.787   -30.32   25.29
-109563.383    46.083   -30.19   27.63
-109275.089    36.289   -33.97   27.00
-108986.777    28.148   -28.24   23.70
-108698.446    22.403   -19.92   19.15
-108410.095    17.350   -17.52   12.41
-108121.726    15.273    -7.20    7.44
-107833.338    14.600    -2.33    3.45
-107544.930    16.451     6.42   10.24
-107256.504    19.377    10.14   15.22
-106968.058    21.768     8.29   17.61
-106679.593    23.754     6.89   19.50
-106391.110    25.050     4.49   20.65
-106102.607    25.756     2.45   20.39
-105814.085    26.744     3.42   20.33
-105525.544    25.825    -3.18   19.58
-105236.984    23.752    -7.18   16.57
-104948.405    23.976     0.77   17.30
-104659.807    23.521    -1.57   16.25
-104372.713    28.689    18.00   27.71
-104088.060    35.952    25.52   37.72
-103803.388    41.233    18.55   42.69
-103518.699    52.603    39.94   49.88
-103233.991    62.124    33.44   54.40
-102949.266    69.925    27.40   56.57
-102664.524    83.100    46.27   58.56
-102379.763    92.185    31.90   58.26
-102094.985   101.942    34.26   56.06
-101810.189   112.504    37.09   51.27
-101525.375   118.508    21.08   47.49
-101240.543   125.547    24.71   39.96
-100955.694   133.974    29.58   31.33
-100670.826   136.210     7.85   30.59
-100385.941   141.756    19.47   22.65
-100101.038   146.642    17.15   14.99
 -99816.117   148.065     4.99   13.64
 -99531.178   150.785     9.55   10.05
 -99246.222   153.625     9.97    7.10
 -98961.248   155.383     6.17    7.59
 -98676.255   157.183     6.32    6.42
 -98391.245   158.317     3.98    5.07
 -98106.217   158.096    -0.77    4.87
 -97821.172   156.887    -4.24    5.74
 -97536.108   155.068    -6.38    6.74
 -97251.026   153.309    -6.17    8.20
 -96965.927   151.344    -6.89   10.16
 -96680.810   150.958    -1.35   12.40
 -96395.675   151.868     3.19   14.23
 -96110.522   152.984     3.91   15.47
 -95825.351   155.612     9.22   14.62
 -95540.162   157.339     6.05   13.69
 -95254.956   157.927     2.06   12.48
 -94969.731   155.165    -9.68   15.49
 -94684.489   149.124   -21.18   20.95
 -94399.228   140.256   -31.09   24.43
 -94113.950   134.525   -20.09   24.76
 -93828.654   131.000   -12.36   23.97
 -93543.340   131.325     1.14   24.28
 -93258.008   134.555    11.32   24.88
 -92972.658   141.727    25.14   22.90
 -92687.290   150.598    31.09   16.68
 -92401.904   157.864    25.46    7.57
 -92116.500   161.275    11.95    7.19
 -91831.079   161.984     2.48    8.03
 -91545.639   162.158     0.61    8.48
 -91260.181   160.650    -5.28   11.18
 -90974.706   157.120   -12.36   14.93
 -90689.212   150.311   -23.85   21.25
 -90403.701   140.653   -33.83   26.54
 -90118.172   131.626   -31.61   26.50
 -89832.624   126.595   -17.62   24.14
 -89547.059   125.378    -4.26   22.24
 -89261.476   126.238     3.01   22.70
 -88975.874   130.631    15.38   24.04
 -88690.255   137.575    24.31   25.36
 -88404.618   146.587    31.55   23.77
 -88118.962   156.496    34.69   19.57
 -87833.289   163.198    23.46   14.89
 -87547.598   167.832    16.22   11.75
 -87261.889   170.339     8.77   11.49
 -86976.161   171.949     5.64   12.02
 -86690.416   172.754     2.82   11.95
 -86404.653   174.439     5.90   11.49
 -86118.871   174.933     1.73   10.70
 -85833.072   176.772     6.43    9.79
 -85547.255   179.129     8.25    8.94
 -85261.419   181.543     8.45    8.39
 -84975.566   184.699    11.04    7.75
 -84689.694   186.798     7.34    6.28
 -84403.805   188.075     4.47    5.28
 -84117.897   189.419     4.70    3.39
 -83831.972   189.268    -0.53    3.23
 -83546.028   188.630    -2.23    3.76
 -83260.066   187.402    -4.30    4.36
 -82974.086   186.290    -3.89    4.92
 -82688.088   184.958    -4.66    5.37
 -82402.072   184.339    -2.16    5.60
 -82116.038   183.415    -3.23    5.86
 -81829.986   181.719    -5.93    6.85
 -81543.916   179.550    -7.58    7.88
 -81257.828   176.706    -9.94    9.01
 -80971.721   173.057   -12.76    9.97
 -80685.597   169.033   -14.06   10.29
 -80399.454   163.934   -17.82   10.36
 -80113.294   159.306   -16.17    9.68
 -79827.115   157.107    -7.68    9.35
 -79540.918   157.710     2.10   10.55
 -79254.703   158.210     1.75   10.91
 -78968.470   159.339     3.95   10.58
 -78682.218   159.803     1.62   10.04
 -78395.949   160.926     3.92    8.41
 -78109.662   161.625     2.44    7.35
 -77823.356   161.943     1.11    7.11
 -77537.032   162.336     1.37    7.41
 -77250.690   163.178     2.94    7.21
 -76964.330   164.066     3.10    6.88
 -76677.952   164.163     0.34    6.43
 -76391.555   162.798    -4.76    5.74
 -76105.141   162.161    -2.23    4.71
 -75818.708   161.734    -1.49    4.00
 -75532.257   161.800     0.23    3.97
 -75245.788   162.902     3.85    5.18
 -74959.301   165.360     8.58    7.19
 -74672.795   167.459     7.33    7.66
 -74386.271   169.538     7.25    7.25
 -74099.730   171.529     6.95    6.87
 -73813.170   174.049     8.79    6.40
 -73526.591   176.169     7.40    6.51
 -73239.995   177.540     4.78    7.21
 -72953.380   177.862     1.12    7.68
 -72666.747   178.131     0.94    8.35
 -72380.096   177.496    -2.22    9.35
 -72093.427   175.736    -6.14   10.67
 -71806.739   172.992    -9.57   10.96
 -71520.034   171.105    -6.58    9.80
 -71233.310   169.690    -4.93    8.46
 -70946.568   168.350    -4.67    7.37
 -70659.807   167.884    -1.62    7.07
 -70373.028   167.221    -2.31    8.45
 -70086.231   166.183    -3.62    8.91
 -69799.416   165.261    -3.22   10.61
 -69512.583   162.172   -10.77   13.17
 -69225.731   156.875   -18.47   16.45
 -68938.861   149.840   -24.52   19.77
 -68651.973   140.797   -31.52   23.93
 -68365.066   131.350   -32.93   23.14
 -68078.141   122.183   -31.95   19.54
 -67791.198   118.333   -13.42   15.97
 -67504.237   116.871    -5.10   14.49
 -67217.257   117.300     1.49   14.25
 -66930.259   120.303    10.46   14.37
 -66643.243   123.927    12.63   14.07
 -66356.209   128.631    16.39   11.00
 -66069.156   132.585    13.77    8.61
 -65782.085   135.895    11.53    9.44
 -65494.995   140.175    14.91   12.43
 -65207.887   146.459    21.89   16.33
 -64920.761   151.852    18.78   17.12
 -64633.617   155.512    12.75   15.27
 -64346.454   155.172    -1.18   15.09
 -64059.273   152.798    -8.27   15.71
 -63772.073   152.167    -2.20   15.31
 -63484.856   151.605    -1.96   15.61
 -63197.619   151.855     0.87   14.92
 -62910.365   152.280     1.48   14.89
 -62623.092   156.933    16.20   14.63
 -62335.801   161.081    14.44   12.31
 -62048.491   162.926     6.42    9.94
 -61761.163   160.483    -8.50   11.50
 -61473.817   157.081   -11.84   12.85
 -61186.452   154.190   -10.06   13.60
 -60899.069   151.525    -9.27   13.96
 -60611.668   148.146   -11.75   13.09
 -60324.248   143.194   -17.23   12.59
 -60036.810   136.831   -22.14   11.29
 -59749.353   131.171   -19.69   12.74
 -59461.878   126.672   -15.65   13.25
 -59174.385   122.496   -14.53   13.17
 -58886.873   117.623   -16.95   12.10
 -58599.343   112.202   -18.85   10.53
 -58311.794   107.133   -17.63    8.26
 -58024.227   102.467   -16.23    8.40
 -57736.641    99.871    -9.03    8.04
 -57449.037   100.271     1.39   10.46
 -57161.415   103.942    12.76   15.86
 -56873.774   108.816    16.95   19.77
 -56586.115   115.525    23.32   21.96
 -56298.437   124.392    30.82   20.28
 -56010.741   132.374    27.74   15.63
 -55723.026   137.128    16.52   11.09
 -55435.293   138.238     3.86   10.20
 -55147.542   136.715    -5.29   10.31
 -54859.772   134.202    -8.74   10.35
 -54571.983   132.058    -7.45   10.22
 -54284.176   130.659    -4.86   10.43
 -53996.351   129.246    -4.91   11.12
 -53708.507   128.777    -1.63   11.86
 -53420.644   129.413     2.21   12.78
 -53132.763   127.431    -6.89   13.84
 -52844.864   123.342   -14.20   15.97
 -52556.946   118.378   -17.24   17.20
 -52269.010   114.419   -13.75   15.50
 -51981.055   113.463    -3.32   14.52
 -51693.081   116.192     9.48   18.22
 -51405.089   121.183    17.33   21.72
 -51117.079   128.185    24.31   22.31
 -50829.050   136.736    29.68   18.15
 -50541.002   142.894    21.38   12.60
 -50252.936   146.333    11.94    7.78
 -49964.851   146.967     2.20    6.60
 -49676.748   146.871    -0.33    7.27
 -49388.627   148.278     4.88    8.56
 -49100.486   150.525     7.80    9.36
 -48812.327   153.512    10.37    9.94
 -48524.150   156.000     8.63    8.66
 -48235.954   157.608     5.58    7.06
 -47947.740   154.623   -10.36   13.08
 -47659.507   149.384   -18.18   18.33
 -47371.255   143.438   -20.63   21.50
 -47082.985   137.108   -21.96   20.98
 -46794.696   133.131   -13.80   18.65
 -46506.388   130.475    -9.21   16.70
 -46218.062   127.684    -9.68   13.91
 -45929.718   128.840     4.01   13.30
 -45641.354   132.508    12.72   13.76
 -45352.973   137.934    18.82   11.76
 -45064.572   141.328    11.77   10.94
 -44776.153   142.524     4.15    9.90
 -44487.715   142.908     1.33    9.70
 -44199.259   140.065    -9.85   12.39
 -43910.784   135.145   -17.05   15.67
 -43622.291   128.034   -24.65   15.74
 -43333.778   121.286   -23.39   13.41
 -43045.247   117.768   -12.19   10.19
 -42756.698   118.347     2.01   11.36
 -42469.956   123.383    17.56   16.68
 -42185.256   130.016    23.30   19.81
 -41900.539   137.067    24.76   18.40
 -41615.805   140.269    11.25   16.65
 -41331.053   138.120    -7.55   20.61
 -41046.284   130.574   -26.50   28.10
 -40761.498   118.650   -41.87   31.66
 -40476.694   104.468   -49.80   31.88
 -40191.873    90.941   -47.49   26.20
 -39907.034    82.269   -30.45   17.77
 -39622.179    83.248     3.44   19.98
 -39337.305    91.303    28.28   28.69
 -39052.415   105.124    48.51   32.89
 -38767.507   119.870    51.76   31.54
 -38482.581   134.488    51.30   24.54
 -38197.639   144.976    36.81   15.57
 -37912.678   150.437    19.16    8.11
 -37627.701   152.244     6.34    6.00
 -37342.706   152.836     2.08    7.34
 -37057.693   154.910     7.28    9.80
 -36772.663   158.779    13.57   13.21
 -36487.616   162.339    12.49   13.71
 -36202.551   165.072     9.59   12.59
 -35917.469   166.160     3.82   12.32
 -35632.370   163.344    -9.87   16.66
 -35347.253   154.480   -31.09   25.69
 -35062.118   142.984   -40.32   30.05
 -34776.967   129.258   -48.13   30.05
 -34491.797   114.226   -52.71   32.92
 -34206.611    94.545   -69.01   35.32
 -33921.406    80.710   -48.51   30.61
 -33636.185    75.870   -16.97   27.65
 -33350.946    80.240    15.32   31.36
 -33065.689    89.563    32.69   37.60
 -32780.415   102.210    44.33   39.86
 -32495.123   119.603    60.97   34.44
 -32209.814   132.189    44.11   22.55
 -31924.488   139.715    26.38   13.39
 -31639.144   143.458    13.12    7.89
 -31353.782   145.865     8.43    3.38
 -31068.404   145.894     0.10    3.26
 -30783.007   144.496    -4.90    4.52
 -30497.593   143.096    -4.90    5.26
 -30212.162   141.238    -6.51    6.99
 -29926.713   138.633    -9.12    8.62
 -29641.246   132.286   -22.24   14.35
 -29355.762   123.933   -29.26   19.83
 -29070.261   115.700   -28.84   22.30
 -28784.742   110.056   -19.77   24.15
 -28499.205   107.792    -7.93   26.15
 -28213.651   109.623     6.41   30.57
 -27928.080   110.210     2.05   32.13
 -27642.490   108.933    -4.47   35.64
 -27356.884   107.117    -6.36   40.45
 -27071.260    96.661   -36.60   46.47
 -26785.618    83.868   -44.79   50.72
 -26499.958    68.115   -55.15   48.85
 -26214.282    50.896   -60.27   40.45
 -25928.587    37.983   -45.20   28.00
 -25642.875    28.275   -33.98   11.10
 -25357.146    25.728    -8.91    4.77
 -25071.398    25.612    -0.41    5.38
 -24785.634    26.927     4.60    9.35
 -24499.851    29.565     9.23   15.76
 -24214.051    32.450    10.10   21.19
 -23928.234    41.602    32.02   35.35
 -23642.399    49.437    27.41   43.86
 -23356.546    56.575    24.97   48.23
 -23070.676    65.244    30.32   52.76
 -22784.788    70.228    17.43   53.74
 -22498.883    71.140     3.19   53.02
 -22212.960    72.943     6.30   52.62
 -21927.019    72.770    -0.61   52.37
 -21641.061    70.450    -8.11   50.69
 -21355.085    69.677    -2.70   50.54
 -21069.091    65.748   -13.74   49.80
 -20783.080    60.314   -19.00   48.36
 -20497.051    55.685   -16.18   46.74
 -20211.005    53.248    -8.52   46.03
 -19924.941    47.058   -21.64   41.77
 -19638.859    42.432   -16.17   37.60
 -19352.759    37.331   -17.83   31.84
 -19066.642    33.192   -14.47   26.78
 -18780.508    28.790   -15.38   17.49
 -18494.355    26.088    -9.44   10.22
 -18208.185    24.139    -6.81    3.94
 -17921.998    23.742    -1.39    2.96
 -17635.792    23.667    -0.26    2.35
 -17349.569    23.763     0.34    2.17
 -17063.328    23.784     0.07    1.87
 -16777.070    23.968     0.64    1.52
 -16490.794    23.754    -0.75    1.47
 -16204.500    23.358    -1.38    1.48
 -15918.189    22.750    -2.12    1.84
 -15631.859    22.176    -2.00    2.15
 -15345.512    21.581    -2.08    2.36
 -15059.148    20.870    -2.48    2.19
 -14772.766    20.355    -1.80    1.86
 -14486.366    20.536     0.63    1.82
 -14199.948    20.815     0.97    1.87
 -13913.512    21.306     1.72    1.75
 -13627.059    21.418     0.39    1.59
 -13340.588    21.634     0.75    1.55
 -13054.099    22.425     2.76    1.98
 -12767.593    23.222     2.78    2.29
 -12481.069    23.645     1.48    2.50
 -12194.527    24.050     1.41    2.65
 -11907.967    24.274     0.78    2.65
 -11621.390    24.492     0.76    2.69
 -11334.795    24.283    -0.73    2.70
 -11048.182    24.008    -0.96    2.69
 -10761.551    23.244    -2.67    3.04
 -10474.903    22.835    -1.43    3.23
 -10188.237    22.730    -0.36    3.21
  -9901.553    22.699    -0.11    3.40
  -9614.851    22.558    -0.49    3.70
  -9328.131    22.556    -0.01    3.68
  -9041.394    22.320    -0.83    4.57
  -8754.639    22.430     0.38    5.20
  -8467.866    22.317    -0.39    5.91
  -8181.075    22.520     0.71    5.91
  -7894.266    23.074     1.93    5.57
  -7607.440    23.520     1.55    5.67
  -7320.596    23.484    -0.13    6.22
  -7033.734    23.633     0.52    5.74
  -6746.854    22.262    -4.78    7.25
  -6459.956    20.615    -5.74    8.87
  -6173.041    18.802    -6.32    9.94
  -5886.108    17.161    -5.72   10.96
  -5599.156    16.919    -0.85   11.25
  -5312.187    16.116    -2.80   11.36
  -5025.201    14.856    -4.39   11.65
  -4738.196    13.344    -5.27   12.28
  -4451.173    11.983    -4.74   12.96
  -4164.133    11.248    -2.56   14.27
  -3877.075    10.016    -4.29   14.40
  -3589.999     9.100    -3.19   14.96
  -3302.905     7.111    -6.93   13.67
  -3015.793     5.107    -6.98   11.80
  -2728.663     4.117    -3.45   10.50
  -2441.515     2.825    -4.50    8.41
  -2154.350     1.172    -5.76    5.07
  -1867.167     0.190    -3.42    1.37
  -1579.965     0.016    -0.61    0.18
  -1292.746     0.000    -0.06    0.00
  -1005.509     0.000     0.00    0.00
   -718.254     0.000     0.00    0.00
   -430.981     0.000     0.00    0.00
   -143.690     0.000     0.00    0.00
    143.618     0.000     0.00    0.00
    430.945     0.000     0.00    0.00
    718.290     0.025     0.09    0.27
   1005.652     0.214     0.66    2.15
   1293.032     0.984     2.68    5.18
   1580.431     2.158     4.09    7.80
   1867.847     4.063     6.63   10.01
   2155.281     5.377     4.57   10.79
   2442.734     6.736     4.73   11.08
   2730.204     9.548     9.78   12.66
   3017.692    12.756    11.16   14.42
   3305.198    15.528     9.64   15.32
   3592.722    18.464    10.21   15.80
   3880.264    21.189     9.48   15.97
   4167.824    23.397     7.68   15.21
   4455.402    23.772     1.30   14.56
   4742.998    23.496    -0.96   14.90
   5030.612    23.248    -0.86   14.71
   5318.243    23.808     1.95   14.19
   5605.893    23.336    -1.64   13.58
   5893.561    23.221    -0.40   13.00
   6181.247    22.866    -1.23   12.43
   6468.951    22.683    -0.64   11.88
   6756.673    22.811     0.45   11.53
   7044.413    22.736    -0.26   11.19
   7332.171    22.106    -2.19   11.07
   7619.947    22.175     0.24   10.72
   7907.741    22.632     1.59   10.92
   8195.553    23.073     1.53   10.93
   8483.383    24.215     3.97   11.53
   8771.231    26.865     9.21   11.49
   9059.097    29.384     8.75   10.22
   9346.981    32.455    10.67    6.25
   9634.883    33.000     1.89    5.35
   9922.803    33.368     1.28    5.26
  10210.742    33.754     1.34    5.25
  10498.698    34.548     2.76    5.29
  10786.672    35.395     2.94    4.99
  11074.665    36.025     2.19    4.59
  11362.675    36.389     1.26    4.66
  11650.704    37.121     2.54    5.34
  11938.751    39.380     7.84    7.01
  12226.816    42.797    11.86    9.92
  12514.898    47.537    16.45   13.52
  12802.999    52.575    17.49   15.23
  13091.119    58.048    18.99   14.53
  13379.256    62.492    15.42   12.36
  13667.411    66.315    13.27    9.45
  13955.584    69.905    12.46    5.96
  14243.776    71.935     7.05    5.25
  14531.986    73.835     6.59    5.68
  14820.213    75.752     6.65    5.92
  15108.459    77.587     6.37    5.67
  15396.723    78.669     3.75    5.10
  15685.005    79.960     4.48    4.24
  15973.306    80.839     3.05    3.44
  16261.624    81.276     1.52    3.01
  16549.961    81.389     0.39    3.05
  16838.315    81.427     0.13    3.30
  17126.688    81.775     1.21    3.16
  17415.079    82.336     1.95    3.02
  17703.488    82.592     0.89    2.85
  17991.916    82.648     0.19    2.84
  18280.361    83.185     1.86    3.13
  18568.825    83.640     1.58    3.09
  18857.307    84.402     2.64    2.52
  19145.807    84.480     0.27    2.58
  19432.210    84.192    -1.01    3.46
  19716.947    83.908    -1.00    4.77
  20001.701    82.632    -4.48    6.06
  20286.472    81.460    -4.12    6.35
  20571.260    78.909    -8.96    8.13
  20856.064    76.071    -9.97   10.16
  21140.886    72.615   -12.13   10.88
  21425.725    69.218   -11.92   10.58
  21710.580    66.307   -10.22    9.08
  21995.453    64.149    -7.58    7.52
  22280.342    62.366    -6.26    5.01
  22565.248    61.627    -2.59    2.66
  22850.171    62.107     1.68    2.11
  23135.112    62.268     0.57    2.78
  23420.069    62.387     0.42    3.09
  23705.043    62.558     0.60    3.26
  23990.034    62.706     0.52    3.22
  24275.042    63.379     2.36    3.35
  24560.066    64.455     3.77    3.74
  24845.108    65.349     3.14    3.58
  25130.167    64.862    -1.71    6.08
  25415.243    63.328    -5.38    9.85
  25700.336    61.349    -6.94   12.85
  25985.445    59.667    -5.90   14.94
  26270.572    57.258    -8.45   16.45
  26555.716    56.540    -2.52   16.61
  26840.876    57.331     2.77   16.40
  27126.054    59.698     8.30   15.07
  27411.248    61.516     6.37   13.61
  27696.460    63.833     8.12   10.74
  27981.689    64.500     2.34    7.46
  28266.934    62.798    -5.97    8.84
  28552.197    61.033    -6.19   11.17
  28837.477    59.992    -3.65   13.36
  29122.773    60.165     0.61   14.68
  29408.087    62.623     8.61   15.33
  29693.417    65.712    10.83   15.62
  29978.765    70.769    17.72   10.59
  30264.130    74.508    13.10    5.50
  30549.512    77.112     9.12    3.95
  30834.910    79.129     7.07    3.52
  31120.326    80.512     4.85    3.72
  31405.759    81.597     3.80    3.42
  31691.209    82.388     2.77    3.05
  31976.676    82.282    -0.37    3.15
  32262.160    81.336    -3.31    3.89
  32547.661    77.959   -11.83   10.43
  32833.179    73.296   -16.33   15.61
  33118.714    68.242   -17.70   18.97
  33404.266    66.385    -6.50   18.24
  33689.836    65.857    -1.85   17.52
  33975.422    65.146    -2.49   17.41
  34261.025    66.563     4.96   16.57
  34546.646    69.032     8.64   14.51
  34832.284    71.221     7.66   10.80
  35117.938    73.597     8.32    3.69
  35403.610    73.984     1.36    2.25
  35689.299    73.967    -0.06    2.09
  35975.005    73.905    -0.22    2.12
  36260.728    73.806    -0.34    2.49
  36546.468    73.488    -1.12    2.71
  36832.226    72.944    -1.90    3.06
  37118.000    72.713    -0.81    3.24
  37403.792    71.750    -3.37    3.67
  37689.600    70.571    -4.12    6.74
  37975.426    69.983    -2.06    6.68
  38261.269    66.823   -11.06   11.77
  38547.129    65.833    -3.46   12.44
  38833.006    65.717    -0.41   11.70
  39118.901    66.605     3.11   10.08
  39404.812    68.175     5.49    8.06
  39690.741    70.065     6.61    3.24
  39976.686    70.906     2.94    2.71
  40262.649    71.520     2.15    2.60
  40548.629    72.240     2.52    2.64
  40834.627    73.228     3.46    3.61
  41120.641    73.583     1.24    3.53
  41406.673    73.926     1.20    3.78
  41692.721    74.352     1.49    3.65
  41978.787    74.943     2.06    3.58
  42264.870    75.431     1.71    3.32
  42550.971    76.056     2.18    3.45
  42837.088    76.909     2.98    3.43
  43123.223    78.135     4.28    3.58
  43409.375    78.551     1.45    3.48
  43695.544    78.950     1.40    3.10
  43981.730    78.714    -0.83    3.07
  44267.933    78.661    -0.19    3.14
  44554.154    78.661     0.00    3.28
  44840.392    78.616    -0.16    3.35
  45126.647    78.532    -0.29    3.39
  45412.919    77.860    -2.35    3.68
  45699.209    74.260   -12.57   13.94
  45985.516    70.694   -12.45   18.98
  46271.840    65.645   -17.63   23.19
  46558.181    62.433   -11.22   25.14
  46844.539    58.369   -14.19   26.94
  47130.915    56.403    -6.86   26.47
  47417.308    56.656     0.88   25.21
  47703.718    55.504    -4.02   23.30
  47990.146    51.709   -13.25   23.97
  48276.591    49.889    -6.35   23.14
  48563.052    50.628     2.58   21.65
  48849.532    54.643    14.01   18.99
  49136.028    56.120     5.16   17.42
  49422.542    59.476    11.71   13.92
  49709.073    61.856     8.31   10.33
  49995.622    63.893     7.11    4.93
  50282.187    63.579    -1.10    5.21
  50568.770    63.354    -0.78    5.14
  50855.370    63.116    -0.83    4.18
  51141.988    63.645     1.85    4.66
  51428.623    63.598    -0.16    5.07
  51715.275    63.748     0.52    5.27
  52001.944    63.056    -2.41    5.34
  52288.631    61.776    -4.47    5.57
  52575.335    61.066    -2.48    6.02
  52862.056    59.938    -3.94    5.88
  53148.795    58.260    -5.85    5.43
  53435.551    56.711    -5.40    5.29
  53722.324    55.500    -4.22    4.45
  54009.115    55.565     0.22    4.57
  54295.923    56.902     4.66    5.95
  54582.748    59.152     7.84    8.62
  54869.591    61.615     8.59   10.55
  55156.451    65.692    14.21   11.27
  55443.329    68.984    11.48   10.88
  55730.223    71.417     8.48   10.20
  56017.135    73.387     6.87    9.12
  56304.065    75.056     5.82    8.16
  56591.012    75.476     1.46    8.70
  56877.976    74.544    -3.25   10.52
  57164.958    72.857    -5.88   11.47
  57451.957    70.736    -7.39   11.75
  57738.973    69.579    -4.03   11.27
  58026.007    68.598    -3.42   10.13
  58313.058    68.017    -2.03    8.50
  58600.126    67.921    -0.33    8.03
  58887.212    68.677     2.64    7.76
  59174.315    69.669     3.46    7.78
  59461.436    70.677     3.51    7.94
  59748.574    71.161     1.69    7.62
  60035.730    72.410     4.35    7.68
  60322.903    75.197     9.71    9.21
  60610.093    79.203    13.95   12.16
  60897.301    85.724    22.70   16.63
  61184.526    93.516    27.13   20.20
  61471.769   102.902    32.68   22.21
  61759.029   112.704    34.12   20.64
  62046.306   120.270    26.34   16.92
  62333.601   126.746    22.54   14.88
  62620.914   130.299    12.37   13.03
  62908.244   131.368     3.72   12.13
  63195.591   130.205    -4.05   11.44
  63482.956   127.836    -8.24   11.82
  63770.338   125.603    -7.77   11.27
  64057.738   122.198   -11.85   10.21
  64345.155   118.548   -12.70   10.80
  64632.589   114.419   -14.36   10.60
  64920.041   110.195   -14.70   10.23
  65207.511   107.778    -8.41   11.34
  65494.998   105.130    -9.21   10.78
  65782.503   101.661   -12.07   10.49
  66070.025    99.543    -7.37   11.27
  66357.564    96.911    -9.15   11.01
  66645.121    94.226    -9.34   11.43
  66932.696    92.165    -7.17   11.19
  67220.288    90.829    -4.65   10.40
  67507.897    90.752    -0.27   10.04
  67795.525    91.595     2.93   11.50
  68083.169    94.336     9.53   14.94
  68370.831   100.381    21.01   19.07
  68658.511   106.360    20.78   21.53
  68946.208   112.246    20.46   21.21
  69233.923   118.555    21.93   20.94
  69521.655   125.008    22.43   18.85
  69809.405   130.917    20.54   14.76
  70097.172   134.571    12.70   13.24
  70384.957   138.328    13.05   10.60
  70672.760   141.325    10.41    9.56
  70960.579   142.118     2.75   10.34
  71248.417   140.776    -4.66   11.78
  71536.272   138.680    -7.28   13.03
  71824.145   137.271    -4.89   12.48
  72112.035   138.065     2.76   12.64
  72399.943   140.951    10.02   13.37
  72687.868   145.430    15.55   15.59
  72975.811   150.797    18.64   16.07
  73263.772   157.532    23.39   13.31
  73551.750   162.165    16.09    9.51
  73839.746   164.537     8.23    6.31
  74127.759   164.016    -1.81    7.03
  74415.790   161.032   -10.36    8.62
  74703.839   158.336    -9.36    9.75
  74991.905   156.320    -7.00   11.60
  75279.989   154.523    -6.24   12.38
  75568.090   152.756    -6.13   12.41
  75856.209   150.680    -7.21   12.70
  76144.346   150.128    -1.92   12.91
  76432.500   148.008    -7.36   12.75
  76720.672   144.310   -12.84   12.00
  77008.862   141.952    -8.18   11.25
  77297.069   140.325    -5.64   11.74
  77585.294   137.236   -10.72   12.88
  77873.536   134.073   -10.97   13.05
  78161.796   128.504   -19.32   15.27
  78450.074   122.795   -19.80   16.59
  78738.370   119.885   -10.09   17.45
  79026.683   116.016   -13.42   19.68
  79315.014   112.384   -12.60   22.03
  79603.362   108.024   -15.12   22.32
  79891.728   102.672   -18.56   21.92
  80180.112    98.905   -13.06   20.75
  80468.513    94.777   -14.31   17.81
  80756.933    92.921    -6.43   14.97
  81045.370    95.520     9.01   15.04
  81331.496    97.066     5.40   15.13
  81616.286   102.000    17.33   17.23
  81901.091   106.733    16.62   18.55
  82185.913   112.804    21.31   18.66
  82470.752   117.578    16.76   17.18
  82755.607   121.576    14.04   15.51
