# NaN NaN NaN ;Mean Elev.(m), Avg Gradient(m/km), RMS Gradient(m/km) - SRTM1     
#   18.073  -5.873  12.108 ;Mean Elev.(m), Avg Gradient(m/km), RMS Gradient(m/km) - ASTER GDEM
#   26.240  -6.181  10.865 ;Mean Elev.(m), Avg Gradient(m/km), RMS Gradient(m/km) - GMTED2010 
   3 124.333949  65.243223   -20.879   -20.940 10 54683.99938776 13.453
   4 124.334756  65.243914   109.192   109.467 10 54693.91502986 26.471
   5 124.336294  65.242885   -14.763   -14.724 10 54703.83066941 11.570
   7 124.339362  65.239331    -1.835    -1.724 11 54723.66197029 11.626
   8 124.340046  65.239301    47.445    47.480 11 54733.57761869 23.278
  10 124.337183  65.241930    43.837    43.891 10 54753.40891218 53.269
  11 124.336727  65.241477    43.049    43.055 10 54763.32455822 41.536
  12 124.337779  65.239529    42.360    42.377 10 54773.24020171 42.451
  13 124.341862  65.238343    42.789    42.808 11 54783.15584275 22.208
  14 124.341002  65.238290    42.854    42.889 11 54793.07148111 20.952
  15 124.337320  65.239537    42.758    42.796 11 54802.98711824 19.785
  16 124.336768  65.240821    43.210    43.022 11 54812.90275539 18.469
  17 124.336260  65.241051    43.456    43.391 10 54822.81839834 17.199
  18 124.337095  65.240650    43.592    43.493 11 54832.73403865 16.244
  19 124.336785  65.240897    43.277    43.256 10 54842.64968873 16.120
  20 124.334407  65.242189    43.170    43.213 10 54852.56533755 15.265
  21 124.335044  65.244318    43.158    43.297 10 54862.48098639 14.927
  22 124.332316  65.244870    43.433    43.354 10 54872.39663480 14.618
  23 124.333222  65.243611    43.287    43.285 10 54882.31228147 14.213
  24 124.336658  65.241115    43.607    43.403 11 54892.22792496 14.119
  25 124.339945  65.239249    43.100    43.178 10 54902.14356565 13.331
  26 124.339045  65.239311    43.410    43.263 10 54912.05920452 13.428
  27 124.337896  65.240874    43.514    43.464 10 54921.97484243 13.343
  28 124.337995  65.241939    43.594    43.576 10 54931.89047970 12.098
  29 124.336795  65.240639    43.646    43.722 11 54941.80611511 13.168
  30 124.340574  65.238565    43.635    43.038 10 54951.72174921 35.116
  31 124.336448  65.236398    92.537    91.364  9 54961.63739048 15.567
  33 124.338185  65.239604    96.148    96.306 10 54981.46868703 28.957
  34 124.337544  65.241479    48.177    48.172 10 54991.38433434 29.349
  35 124.336572  65.241816    47.815    48.046 11 55001.29998109 29.314
  36 124.336531  65.241590   109.903   110.263 11 55011.21562609 27.928
  37 124.337638  65.241328    48.070    48.220 11 55021.13126969 22.832
  38 124.334968  65.241907   108.795   108.916 11 55031.04691191 27.521
  39 124.332056  65.242898    46.240    45.902 10 55040.96255344 31.374
  40 124.341618  65.244508    45.392    45.552  7 55050.87819466 31.725
  41 124.356145  65.244681    47.761    47.898  3 55060.79383411 24.628
  42 124.338501  65.239958    46.480    45.886 11 55070.70947385 26.746
  43 124.356190  65.240090    46.192    46.570  5 55080.62512453 29.150
  44 124.339316  65.238329    93.471    92.806 11 55090.54077020 17.814
  45 124.337404  65.240054    45.813    45.544 10 55100.45641659 34.965
  46 124.326095  65.240557   107.890   107.890  2 55110.37206159  3.297
  48 124.337677  65.239318   107.047   106.559 10 55130.20334845 18.320
  49 124.351884  65.238961   114.065   112.185  7 55140.11898931  3.364
  50 124.340705  65.237911    44.434    44.384 11 55150.03462681 26.285
  51 124.338861  65.239733   107.315   107.331 11 55159.95026512  1.109
  52 124.333646  65.240974   106.656   106.660  9 55169.86590271  0.539
  53 124.318497  65.239577   106.773   106.773  2 55179.78153801  0.407
  57 124.356151  65.245864    46.402    46.402  2 55219.44413823 16.138
  58 124.341644  65.244153    44.574    44.965  7 55229.35978518 16.253
  59 124.342805  65.242967    44.876    45.262  8 55239.27543042 15.597
  60 124.344857  65.241018    44.831    45.325  8 55249.19107209 15.143
  61 124.346580  65.239802    44.430    44.104  8 55259.10671140 15.230
  62 124.338328  65.238900    44.266    43.985 10 55269.02234905 15.251
  63 124.337840  65.240000    44.572    44.847 10 55278.93798729 14.752
  64 124.337173  65.240532    44.440    44.517 11 55288.85362419 14.601
  65 124.338829  65.240072    44.422    44.975 10 55298.76925885 14.237
  66 124.338703  65.238527    44.554    44.595 11 55308.68490215 25.466
  67 124.339692  65.237680    44.715    44.731 11 55318.60054825 23.335
  68 124.343661  65.238657    89.607    89.037 10 55328.51619373 17.958
  69 124.324305  65.238243   111.131   110.827  6 55338.43183647 25.346
  70 124.336770  65.241425    96.449    96.460 10 55348.34748193 28.866
  71 124.336675  65.242119    94.848    94.802 10 55358.26312428 30.028
  73 124.336235  65.241679    94.644    94.539 11 55378.09440316 29.236
  74 124.336698  65.241880    47.333    47.225 11 55388.01004114 23.771
  76 124.337021  65.241541    45.503    45.747 10 55407.84132232 36.344
  77 124.335941  65.240276    46.513    46.814 10 55417.75697309 27.883
  79 124.335976  65.238263   113.526   118.734 10 55437.58826530 12.720
  80 124.337074  65.239020   108.217   108.263  9 55447.50390897 17.718
  81 124.339179  65.240220    46.140    46.040 10 55457.41955244 26.488
  84 124.340978  65.238717    42.406    42.423 10 55487.16647044 43.831
  85 124.340853  65.237838    42.074    42.068 10 55497.08210425 37.440
  86 124.341132  65.238658   106.227   106.551  8 55506.99774091  0.870
  87 124.339337  65.240180    42.730    42.860 10 55516.91339126 20.146
  88 124.336865  65.241336    42.849    42.919 10 55526.82904060 18.773
  89 124.336107  65.241853    42.965    43.034 11 55536.74468805 18.895
  90 124.335451  65.241951    42.787    42.809 10 55546.66033329 16.632
  91 124.335090  65.242341    42.839    42.900 10 55556.57597679 14.993
  92 124.334584  65.242852    42.890    42.586 10 55566.49161943 14.408
  93 124.335723  65.242656    42.696    42.533 10 55576.40726152 13.877
  94 124.336351  65.241117    42.473    42.503 11 55586.32290163 13.705
  95 124.339743  65.239376    42.458    42.470 11 55596.23853878 12.932
  96 124.339284  65.238045    42.504    42.332 11 55606.15417253 13.053
  97 124.341536  65.238215    42.434    42.403 10 55616.06980449 12.966
  98 124.339709  65.239125    42.711    42.578 10 55625.98544637 12.748
  99 124.339422  65.239832    42.915    42.894 11 55635.90109834 12.536
 100 124.338024  65.239470    42.838    42.789 10 55645.81674804 11.365
 101 124.338614  65.238658    42.839    42.779 11 55655.73239513 11.481
 102 124.339925  65.238284    43.367    43.453 11 55665.64803783 11.412
 103 124.341036  65.238827    45.052    45.179 11 55675.56367764 26.535
 104 124.354329  65.241595    46.313    46.424  5 55685.47931699 27.200
 105 124.330021  65.239808    92.255    92.251  8 55695.39495152 20.113
 106 124.338739  65.241091   111.272   111.159 10 55705.31058795 29.659
 108 124.337703  65.241388    47.203    47.210 10 55725.14188482 55.247
 110 124.355901  65.245280    48.559    48.622  3 55744.97317943 26.660
 112 124.335938  65.240629    44.445    43.640 10 55764.80446311 31.777
 113 124.315387  65.235809   134.267   134.267  2 55774.72009984  3.151
 114 124.342382  65.237687    46.084    46.235 11 55784.63573812 36.554
 115 124.339488  65.238198   102.286   105.677 11 55794.55137139 24.949
 117 124.339055  65.240531    44.951    45.270 10 55814.38265868 31.344
 118 124.337787  65.239311    44.952    44.935 11 55824.29830582 52.595
 120 124.349270  65.238352    46.059    46.151  9 55844.12958825 27.082
 121 124.341586  65.238529    42.711    42.662 10 55854.04522331 44.835
 122 124.337815  65.240101    42.763    42.794 10 55863.96086086 39.804
 123 124.336995  65.241775    43.349    42.987 10 55873.87651448 23.581
 124 124.334240  65.241514    43.905    44.034 10 55883.79216248 18.523
 125 124.335582  65.241068    44.625    44.592 10 55893.70780464 17.817
 126 124.337279  65.240771    44.369    44.644 10 55903.62344139 16.273
 127 124.336285  65.241321    44.488    44.634 10 55913.53907964 16.355
 128 124.335224  65.242558    43.666    43.402 10 55923.45473373 15.806
 129 124.335723  65.242647    44.271    44.411 11 55933.37038492 15.372
 130 124.338329  65.240932    44.440    44.642 11 55943.28603176 15.348
 131 124.342057  65.238751    43.375    43.053  9 55953.20167436 14.775
 132 124.347094  65.238267    44.176    44.336  8 55963.11731401 14.272
 133 124.343822  65.239093    42.876    42.844 10 55973.03295107 14.154
 134 124.336085  65.240170    42.839    42.858 10 55982.94858649 14.318
 135 124.337368  65.240623    42.896    42.865 10 55992.86422082 13.886
 136 124.339724  65.239773    42.798    42.542 11 56002.77986968 13.388
 137 124.340745  65.238031    42.805    42.818 11 56012.69551910 13.513
 138 124.341837  65.237788    43.381    43.136 11 56022.61116519 13.126
 139 124.338671  65.239189    43.152    43.237 11 56032.52680833 12.612
 140 124.335415  65.241353    43.675    43.647 10 56042.44244943  8.372
 141 124.335308  65.242711    42.714    42.585 10 56052.35808827 26.873
 142 124.336140  65.242282   108.488   109.085 10 56062.27372414 21.970
 143 124.337607  65.240981   120.352   119.844 10 56072.18936420  3.974
 145 124.337328  65.241640    47.369    47.381 11 56092.02066235 54.274
 148 124.337699  65.240490    46.410    46.299 10 56121.76757810 27.219
 149 124.366550  65.241076    48.235    48.104  3 56131.68321618 31.247
 150 124.344121  65.237238   117.656   117.753 11 56141.59884952 26.216
 151 124.365050  65.241342    45.292    45.292  2 56151.51450260 53.125
 154 124.338241  65.240434    46.508    46.628 11 56181.26143976 31.932
 155 124.340684  65.238779    45.965    45.910 11 56191.17707907 31.436
 156 124.339130  65.237749    45.847    45.768 11 56201.09271527 30.079
 158 124.342616  65.241536    43.557    43.553  9 56220.92398220 40.962
 159 124.336545  65.242806    42.564    42.576 10 56230.83963335 36.670
 160 124.333861  65.242532    42.402    42.411 10 56240.75528599 27.333
 161 124.335232  65.241827    42.420    42.425 10 56250.67093496 27.938
 162 124.338738  65.241333    42.591    42.607 10 56260.58657939 26.678
 164 124.311499  65.238777   106.224   106.224  2 56280.41785857  0.242
 166 124.337129  65.240762    42.803    42.810 10 56300.24916114 19.365
 167 124.340588  65.239183    42.505    42.538 11 56310.16480538 19.187
 168 124.340745  65.238228    42.392    42.377 10 56320.08044701 18.487
 169 124.340808  65.239276    42.526    42.485 10 56329.99608794 17.838
 170 124.335852  65.240343    43.078    43.003 10 56339.91172768 15.761
 171 124.335905  65.240971    42.895    43.113 10 56349.82736568 15.469
 172 124.339831  65.240205    42.803    42.803 10 56359.74300269 14.653
 173 124.339584  65.239011    43.177    42.908 10 56369.65865275 14.681
 175 124.353925  65.242516    42.774    42.909  4 56389.48994688 13.272
 176 124.335999  65.242500    44.060    44.065 10 56399.40558861 14.336
 177 124.333873  65.243266    44.578    44.609 10 56409.32122926 34.522
 178 124.336813  65.242949    94.258    89.896 10 56419.23686577 16.597
 179 124.334003  65.241225   114.302   111.224  9 56429.15249988 22.411
 180 124.336842  65.241467    47.990    48.054 10 56439.06815369 28.696
 182 124.335771  65.241963    95.599    95.780 11 56458.89945344 27.300
 183 124.335039  65.241201    46.385    46.391 10 56468.81509882 48.246
 184 124.337144  65.240294    46.660    46.845 11 56478.73074048 26.626
 185 124.353137  65.240798    47.109    47.239  6 56488.64637958 24.987
 187 124.340059  65.239086    47.301    47.012 10 56508.47764738 21.633
 188 124.339744  65.239855    47.352    47.274 11 56518.39328669 24.762
 189 124.336889  65.240223    45.924    45.717 11 56528.30894058 45.207
 190 124.337541  65.240200    46.454    46.557 10 56538.22459053 27.501
 191 124.339951  65.240010    44.295    44.287 10 56548.14023658 45.737
 192 124.338657  65.240298    46.221    45.939 11 56558.05587974 28.781
 193 124.335380  65.241081   107.605   107.406 10 56567.97152183 23.892
 194 124.334451  65.242419    43.612    43.634 11 56577.88716285 49.150
 195 124.337267  65.243064    91.223    90.675  9 56587.80280053 18.411
 196 124.335054  65.242256    92.359    91.873 10 56597.71844200 11.066
 197 124.334798  65.241721    41.149    41.181 10 56607.63409341 32.930
 198 124.336495  65.241806    41.809    41.841 10 56617.54974013 24.520
 199 124.335451  65.241676    42.279    42.369 10 56627.46538325 22.400
 200 124.337301  65.241479    41.880    41.879 11 56637.38102385 20.011
 201 124.338489  65.240450    42.716    42.748 11 56647.29666594 18.066
 202 124.340112  65.239759    42.776    42.777 11 56657.21231808 15.769
 203 124.340196  65.239247    42.885    42.896 10 56667.12796575 14.416
 204 124.338767  65.239739    42.802    42.833 11 56677.04361071 15.274
 205 124.337796  65.240642    42.520    42.434 11 56686.95925454 13.794
 206 124.336348  65.240871    42.689    42.728 11 56696.87489623 14.744
 207 124.338852  65.240471    42.762    42.734 11 56706.79053365 12.631
 208 124.340019  65.239587    42.380    42.333 10 56716.70616820 13.754
 209 124.337516  65.239876    42.550    42.648 11 56726.62182108 13.725
 210 124.337088  65.241388    42.950    42.915 10 56736.53747027 11.755
 211 124.336015  65.243112    43.141    42.973 10 56746.45311602 12.052
 212 124.332214  65.243198    43.739    43.825 10 56756.36875710 11.423
 213 124.334118  65.242529    44.706    44.649 10 56766.28439291 23.910
 214 124.336963  65.241762    45.103    44.608 11 56776.20003436 32.591
 215 124.332482  65.241533    93.326    92.360 10 56786.11569045 17.364
 216 124.335342  65.242707   118.243   119.721 11 56796.03134364  9.658
 219 124.336392  65.240355    94.570    94.724 10 56825.77827207 22.749
 220 124.340211  65.239073    47.680    47.589 10 56835.69390708 21.345
 221 124.342701  65.239051   106.237   109.784 10 56845.60953882  3.375
 222 124.337201  65.239724    46.178    46.194 11 56855.52518557 53.843
 223 124.337491  65.241251    45.134    44.497 10 56865.44083925 30.448
 224 124.335804  65.241301    44.471    44.471 10 56875.35649174 48.889
 225 124.335938  65.240845    45.184    45.280 10 56885.27214124 50.926
 226 124.337208  65.240410    46.183    46.579 11 56895.18778788 28.834
 227 124.337871  65.241101    44.999    45.356 11 56905.10343139 28.922
 228 124.335469  65.242517   106.857   106.756 11 56915.01907250 22.561
 229 124.342366  65.244830    46.153    46.443  7 56924.93471267 34.123
 231 124.335206  65.242507   107.696   107.081 11 56944.76597963 11.314
 232 124.337072  65.241292    42.084    42.025 11 56954.68162923 39.680
 233 124.337020  65.240936    40.648    40.620 10 56964.59727894 37.921
 234 124.337515  65.241936    41.748    41.763 10 56974.51292419 26.233
 235 124.337356  65.242782    41.898    41.929 10 56984.42856498 25.339
 236 124.336328  65.241744    42.308    42.320 10 56994.34420052 20.760
 237 124.339490  65.239683    42.207    42.176 10 57004.25983990 19.776
 238 124.338807  65.238075    42.249    42.280 11 57014.17549570 20.031
 239 124.339141  65.238391    42.495    42.456 10 57024.09114675 18.641
 240 124.338834  65.240596    42.365    42.352 10 57034.00679539 18.042
 241 124.334918  65.241983    42.447    42.437 10 57043.92244121 17.479
 242 124.335948  65.242117    42.547    42.509 10 57053.83808478 15.640
 243 124.336362  65.240409    42.388    42.355 10 57063.75372356 15.790
 244 124.337814  65.239254    42.459    42.506 10 57073.66935747 14.256
 245 124.337393  65.239539    42.393    42.380 10 57083.58498771 13.006
 246 124.334251  65.241783    42.563    42.578 10 57093.50063754 13.772
 247 124.334806  65.244315    43.807    43.700 10 57103.41629466 11.219
 248 124.331208  65.244233    44.300    44.372 10 57113.33194735 12.058
 249 124.334105  65.242813    43.967    43.976 10 57123.24759449 11.731
 250 124.336147  65.241132    44.354    44.137 11 57133.16323612 11.857
 251 124.337222  65.240527    43.899    44.208 11 57143.07887303 27.560
 253 124.336277  65.241650   113.003   113.107 10 57162.91014039 12.329
 255 124.338384  65.240340    47.662    47.756 10 57182.74145154 26.368
 258 124.351242  65.241984    46.927    47.081  5 57212.48838458 26.412
 260 124.333874  65.242126    93.806    92.499 10 57232.31966917 28.011
 262 124.337351  65.240030    45.253    45.567 11 57252.15094608 31.355
 263 124.338211  65.240279    46.268    46.284 10 57262.06658148 30.309
 264 124.334249  65.241430    46.000    45.555 10 57271.98221551 29.085
 268 124.336051  65.241007   108.069   107.968 10 57311.64482779 12.780
 269 124.336174  65.240264    41.579    41.554 10 57321.56047250 37.325
 270 124.336797  65.241225    43.059    42.223 11 57331.47611502 25.719
 271 124.337422  65.242555    43.072    42.117 10 57341.39175551 23.321
 272 124.335940  65.242473    43.964    44.373 10 57351.30740658 21.184
 273 124.344690  65.241678    45.397    45.693  7 57361.22305210 18.356
 274 124.351054  65.240217    46.046    46.126  7 57371.13869416 17.320
 275 124.350277  65.239815    45.042    44.869  7 57381.05433351 16.649
 276 124.351924  65.241501    45.440    45.983  6 57390.96997237 15.644
 277 124.338539  65.241542    44.307    44.589 10 57400.88560878 16.063
 278 124.344224  65.242534    43.716    43.120  8 57410.80124980 15.737
 279 124.350920  65.242786    44.885    45.514  6 57420.71690256 15.175
 280 124.345594  65.241873    43.339    42.982  8 57430.63255157 15.382
 281 124.344320  65.242562    42.925    42.961  7 57440.54819905 14.778
 282 124.341779  65.243911    43.217    43.379  7 57450.46384555 14.362
 283 124.339365  65.244701    43.979    43.739  9 57460.37949055 14.603
 284 124.335893  65.243856    43.827    43.771 10 57470.29513208 14.696
 285 124.337653  65.242276    43.310    43.255 10 57480.21076999 14.275
 286 124.337481  65.240429    43.512    43.365 10 57490.12640465 13.407
 287 124.339340  65.239667    44.494    44.507 11 57500.04203752 11.363
 288 124.338195  65.240098   104.196   106.618 10 57509.95768252 13.498
 289 124.337814  65.241051    44.086    43.199 10 57519.87333825 36.516
 291 124.338552  65.240470    47.108    47.111 10 57539.70464112 55.421
 293 124.350628  65.240669    47.504    47.558  6 57559.53593513 23.665
