# NaN NaN NaN ;Mean Elev.(m), Avg Gradient(m/km), RMS Gradient(m/km) - SRTM1     
#  126.357 -14.236  20.722 ;Mean Elev.(m), Avg Gradient(m/km), RMS Gradient(m/km) - ASTER GDEM
#  138.356  -5.133  22.234 ;Mean Elev.(m), Avg Gradient(m/km), RMS Gradient(m/km) - GMTED2010 
   1 119.176897  60.061782   140.104   140.195  3 54661.36291823 17.260
   2 119.174372  60.061939   133.162   133.113  3 54671.27856328 48.725
   4 119.176712  60.063134   133.315   133.326  4 54691.10984988 50.261
   8 119.172701  60.058664   140.222   140.322  3 54730.77243708 21.149
  10 119.170440  60.058283   140.162   140.070  3 54750.60373062 24.626
  11 119.171357  60.058379   132.139   131.388  3 54760.51937731 49.434
  12 119.171673  60.058218   130.417   130.338  3 54770.43502160 50.590
  13 119.169945  60.058572   130.298   130.324  3 54780.35066239 38.143
  14 119.170964  60.057928   136.852   139.735  3 54790.26630107 26.148
  15 119.172417  60.058303   139.900   140.077  3 54800.18193867 21.264
  16 119.174093  60.059564   139.894   140.045  3 54810.09757634 19.040
  17 119.174343  60.061764   139.945   140.064  3 54820.01321517 17.747
  18 119.176212  60.060901   140.070   140.056  3 54829.92886786 14.156
  19 119.172330  60.061562   140.383   140.375  3 54839.84450630 14.050
  20 119.174628  60.059983   140.244   140.157  3 54849.76015580 13.750
  21 119.174298  60.060330   140.320   140.330  3 54859.67580427 12.829
  22 119.172243  60.061566   140.532   140.594  3 54869.59145255 11.858
  23 119.173763  60.060364   140.441   140.630  3 54879.50710036 11.223
  24 119.171658  60.059464   140.471   140.434  3 54889.42274466 12.135
  25 119.168782  60.058221   140.789   140.800  3 54899.33838579 12.162
  26 119.169060  60.057314   140.605   140.605  2 54909.25402495 12.517
  27 119.170219  60.058036   140.626   140.636  3 54919.16966278 12.328
  30 119.173189  60.059535   130.745   130.720  3 54948.91657233 40.978
  31 119.173051  60.059307   137.712   137.764  3 54958.83220962 38.026
  32 119.169922  60.060116   133.090   133.050  3 54968.74785779 46.240
  33 119.171790  60.060216   135.348   135.303  3 54978.66350530 49.425
  35 119.172265  60.060814   137.677   137.712  3 54998.49479987 31.270
  36 119.174176  60.059945   140.273   140.284  3 55008.41044573 20.703
  37 119.173582  60.060362   134.241   134.292  3 55018.32608933 50.586
  38 119.172606  60.061659   133.433   133.389  3 55028.24173147 44.198
  39 119.175714  60.061773   132.689   132.693  3 55038.15737368 38.566
  40 119.177256  60.062334   132.400   132.412  3 55048.07301459 43.639
  41 119.175974  60.062522   131.813   131.801  3 55057.98865332 35.472
  42 119.172520  60.061926   135.183   134.880  3 55067.90429119 46.809
  43 119.170899  60.059239   140.464   140.519  3 55077.81994159 20.894
  44 119.168757  60.058572   133.821   133.849  3 55087.73558919 36.645
  45 119.169985  60.058668   132.920   132.851  3 55097.65123535 47.124
  46 119.171044  60.059474   140.384   140.384  2 55107.56688090 23.340
  47 119.172441  60.058791   131.903   131.911  3 55117.48252594 50.340
  48 119.169590  60.058239   131.454   131.454  2 55127.39816829 48.296
  49 119.168611  60.057204   130.576   130.527  3 55137.31380866 41.511
  50 119.169250  60.057609   140.072   140.258  3 55147.22944725 27.895
  51 119.173167  60.058976   140.019   140.107  3 55157.14508543 23.705
  52 119.172877  60.061821   140.175   140.162  3 55167.06072304 23.244
  53 119.177158  60.061725   139.627   139.717  3 55176.97636103 23.071
  54 119.174044  60.062174   140.119   140.074  3 55186.89200399 22.235
  55 119.173004  60.061042   140.173   140.104  3 55196.80765508 20.579
  56 119.171770  60.061362   140.360   140.331  3 55206.72330472 19.382
  57 119.173008  60.062023   140.310   140.356  3 55216.63895388 19.099
  58 119.173766  60.061897   140.264   140.217  3 55226.55460244 17.842
  59 119.171929  60.060707   140.477   140.456  3 55236.47024839 16.432
  60 119.171472  60.057826   140.306   140.151  3 55246.38589130 16.596
  61 119.166365  60.057253   140.822   140.925  3 55256.30153090 16.547
  62 119.166942  60.057301   140.842   140.868  3 55266.21716985 15.534
  63 119.170389  60.058689   140.646   140.742  3 55276.13280825 16.446
  64 119.173105  60.060260   140.781   140.800  3 55286.04844562 15.540
  65 119.174612  60.060394   140.480   140.714  3 55295.96408101 14.569
  67 119.168533  60.058096   130.391   130.441  3 55315.79536778 43.434
  68 119.168562  60.058309   468.712   468.626  3 55325.71101325 12.935
  69 119.173230  60.059017   137.289   137.281  3 55335.62665782 51.587
  70 119.173797  60.061107   134.030   133.988  3 55345.54230140 39.121
  71 119.175031  60.061113   134.751   134.734  3 55355.45794425 45.936
  72 119.172593  60.061504   132.798   132.754  3 55365.37358472 36.779
  73 119.173620  60.060868   132.413   132.413  2 55375.28922414 44.439
  74 119.176828  60.060946   135.879   135.926  3 55385.20486267 51.380
  75 119.175119  60.063481   132.060   131.901  3 55395.12049961 35.464
  76 119.176379  60.064339   140.192   140.239  3 55405.03613918 20.042
  77 119.176237  60.061970   133.776   133.758  3 55414.95179106 48.854
  78 119.171839  60.059743   140.379   140.410  3 55424.86743940 19.837
  79 119.170080  60.057274   133.571   133.572  3 55434.78308532 49.601
  80 119.167963  60.057564   140.665   140.665  2 55444.69872930 21.080
  81 119.169079  60.058897   132.480   132.279  3 55454.61437231 47.275
  82 119.172179  60.060150   131.569   131.569  2 55464.53001472 48.897
  83 119.174115  60.060026   131.114   131.159  3 55474.44565455 43.034
  84 119.170678  60.059927   140.328   140.373  3 55484.36129096 25.818
  85 119.169897  60.058591   130.357   130.357  2 55494.27692572 45.229
  86 119.170989  60.059398   130.524   130.544  3 55504.19255940 40.645
  87 119.174335  60.060059   130.329   130.272  3 55514.10820867 34.432
  88 119.175429  60.061824   139.622   139.706  3 55524.02385826 25.935
  89 119.174818  60.062323   140.084   140.063  3 55533.93950611 22.117
  90 119.174680  60.060832   135.551   137.830  3 55543.85515239 16.705
  91 119.171501  60.060674   135.581   137.904  3 55553.77079623 18.319
  92 119.172410  60.060519   137.646   137.741  3 55563.68643926 16.397
  93 119.175298  60.060874   133.947   137.860  3 55573.60208175 15.377
  94 119.173198  60.062287   132.672   130.197  3 55583.51772221 13.965
  95 119.174935  60.060692   134.883   136.971  3 55593.43336003 13.674
  96 119.172956  60.059790   132.618   136.312  3 55603.34899410 11.648
  97 119.170371  60.060141   130.471   129.308  3 55613.26462594 11.560
  98 119.171063  60.060823   131.619   129.719  3 55623.18026246 10.720
  99 119.174276  60.060055   126.050   125.273  3 55633.09591582 10.846
 100 119.174463  60.060367   130.581   129.459  3 55643.01156652  9.827
 101 119.173125  60.060238   131.971   129.958  3 55652.92721427  8.381
 102 119.170656  60.059208   140.393   140.610  3 55662.84285772 13.293
 103 119.169516  60.058340   129.864   129.864  2 55672.75849818 29.953
 104 119.169658  60.058921   131.840   131.861  3 55682.67413698 35.164
 105 119.173284  60.060546   135.152   135.138  3 55692.58977441 49.406
 106 119.174507  60.063422   134.018   134.282  3 55702.50540986 45.262
 107 119.177807  60.063245   133.093   132.993  3 55712.42105322 37.358
 108 119.177341  60.061898   136.320   135.297  3 55722.33670275 31.059
 109 119.172996  60.062065   140.360   140.349  3 55732.25234976 24.734
 110 119.173227  60.061411   140.367   140.562  3 55742.16799611 20.943
 111 119.174330  60.061020   140.366   140.515  3 55752.08364126 19.912
 112 119.175339  60.060523   131.530   131.512  3 55761.99928413 43.499
 113 119.172246  60.060896   133.815   133.768  3 55771.91492367 49.187
 114 119.172090  60.059468   134.746   134.778  3 55781.83056018 50.668
 115 119.171809  60.059492   133.552   133.552  2 55791.74619379 44.964
 116 119.174827  60.060021   140.220   140.266  3 55801.66182673 18.148
 117 119.172919  60.061237   134.473   132.489  3 55811.57747639 27.061
 118 119.175224  60.060687   140.098   140.212  3 55821.49312510 20.152
 119 119.173567  60.060973   131.544   131.544  2 55831.40876857 26.573
 120 119.172398  60.060450   131.337   131.414  3 55841.32440766 42.473
 121 119.171087  60.060620   131.295   131.294  3 55851.24004367 34.445
 122 119.172386  60.061859   140.173   140.072  3 55861.15567782 25.661
 123 119.174053  60.061876   130.935   131.028  3 55871.07133098 37.790
 124 119.175951  60.062227   130.882   130.926  3 55880.98698157 32.465
 125 119.174265  60.063267   140.276   140.356  3 55890.90262508 17.451
 126 119.176405  60.062623   137.049   139.418  3 55900.81826329 20.344
 127 119.177659  60.062908   140.030   140.182  3 55910.73389654 16.143
 128 119.175027  60.062483   140.009   140.247  3 55920.64955005 17.091
 129 119.173458  60.061835   140.523   140.501  3 55930.56520211 14.409
 130 119.172197  60.060648   140.401   140.300  3 55940.48085037 15.090
 131 119.172327  60.058465   140.436   140.569  3 55950.39649429 13.775
 132 119.170871  60.057969   140.550   140.878  3 55960.31213384 13.282
 133 119.172091  60.058199   140.369   140.454  3 55970.22777131 14.442
 134 119.174338  60.059502   140.130   140.109  3 55980.14340775 12.252
 135 119.175871  60.060779   139.794   139.615  3 55990.05904323 12.994
 136 119.175941  60.060495   140.536   140.613  3 55999.97468726 10.736
 137 119.172100  60.059882   140.451   140.045  3 56009.89033784 11.910
 138 119.171107  60.059017   140.488   140.539  3 56019.80598460 10.434
 139 119.170850  60.059137   141.161   141.165  3 56029.72162823  9.451
 141 119.174192  60.061230   137.410   139.999  3 56049.55290959 14.506
 142 119.177183  60.061977   316.481   316.481  2 56059.46854670  1.125
 143 119.177252  60.063111   136.626   136.552  3 56069.38418138 46.174
 144 119.175674  60.062295   136.265   136.066  4 56079.29983237 44.803
 145 119.174254  60.061918   139.742   139.998  3 56089.21548067 31.198
 146 119.175282  60.061604   139.638   139.828  3 56099.13112674 25.137
 147 119.173481  60.061838   136.126   136.157  3 56109.04675857 49.796
 148 119.172278  60.060994   140.539   140.508  3 56118.96239925 18.665
 149 119.171799  60.059871   135.774   135.774  2 56128.87803637 37.473
 150 119.171740  60.059692   136.758   136.758  2 56138.79366995 49.010
 151 119.171889  60.059766   133.058   133.058  2 56148.70931810 36.913
 152 119.174870  60.059890   132.922   132.900  3 56158.62496731 49.440
 153 119.172513  60.061396   132.537   132.382  3 56168.54061467 46.492
 154 119.171710  60.060611   132.411   132.464  3 56178.45625944 39.936
 155 119.169486  60.060009   140.797   140.893  3 56188.37189964 21.341
 156 119.171703  60.058934   131.429   131.330  3 56198.28753699 47.610
 157 119.171688  60.061252   132.184   132.130  3 56208.20317092 44.504
 158 119.177116  60.062815   131.008   130.950  3 56218.11880388 42.903
 159 119.176667  60.064518   130.398   130.418  3 56228.03444863 39.247
 160 119.175587  60.063622   133.637   130.665  3 56237.95010302 33.540
 161 119.175931  60.061529   139.949   140.168  3 56247.86575381 21.056
 162 119.172563  60.061731   139.475   139.720  3 56257.78139894 24.440
 163 119.174005  60.061847   139.934   139.935  3 56267.69704116 22.039
 164 119.174523  60.062553   140.190   140.236  3 56277.61268147 17.706
 165 119.176727  60.060916   139.355   139.015  3 56287.52833009 20.342
 166 119.171966  60.059977   140.283   140.327  3 56297.44397894 16.392
 167 119.169408  60.058016   140.608   140.642  3 56307.35962419 15.434
 168 119.169217  60.056966   140.451   140.527  3 56317.27526683 14.975
 169 119.169126  60.058817   140.607   140.590  3 56327.19090771 12.766
 170 119.174603  60.059747   140.398   140.415  3 56337.10654827 12.439
 171 119.174961  60.061600   140.278   140.302  3 56347.02218664 14.095
 172 119.172938  60.062069   140.641   140.853  3 56356.93782242 12.545
 173 119.172798  60.059009   140.369   140.404  3 56366.85347112 10.409
 177 119.176100  60.062550   140.290   140.426  3 56406.51604980 14.788
 178 119.174822  60.063582   471.121   470.124  3 56416.43168719 10.192
 179 119.174368  60.063452   142.732   142.778  3 56426.34732010 54.551
 180 119.175697  60.060815   139.921   139.783  3 56436.26297085 27.607
 181 119.173060  60.060798   139.824   139.582  3 56446.17862240 27.361
 182 119.175179  60.060544   134.470   134.441  3 56456.09427212 41.150
 183 119.174061  60.060611   133.069   132.753  3 56466.00991843 32.676
 184 119.170436  60.060246   132.869   132.955  3 56475.92556068 39.839
 185 119.169021  60.058692   134.016   134.057  3 56485.84119973 49.009
 186 119.170803  60.057738   135.692   135.713  3 56495.75683606 35.215
 187 119.171621  60.060069   140.312   140.318  3 56505.67247017 21.528
 188 119.175929  60.062795   134.066   134.001  3 56515.58810303 49.941
 189 119.177584  60.062361   134.496   134.521  3 56525.50375740 30.426
 190 119.173778  60.061835   136.779   136.894  3 56535.41940772 17.411
 192 119.170238  60.058863   130.944   130.875  3 56555.25069882 38.402
 193 119.172564  60.059747   140.522   140.565  3 56565.16634172 20.090
 194 119.173913  60.062629   130.330   130.312  3 56575.08198298 39.182
 195 119.179219  60.063360   130.199   129.935  3 56584.99762196 49.161
 196 119.176719  60.064954   129.720   129.738  3 56594.91325780 39.352
 197 119.174647  60.062489   129.975   129.996  3 56604.82891089 29.688
 198 119.175170  60.059958   129.737   129.751  3 56614.74455935 26.837
 199 119.171630  60.061339   136.213   138.895  3 56624.66020306 26.023
 200 119.172349  60.062041   136.412   139.402  3 56634.57584440 22.552
 201 119.173518  60.062856   130.295   130.304  3 56644.49148138 22.760
 202 119.174191  60.060067   133.226   130.298  3 56654.40713460 21.340
 203 119.169568  60.058978   136.801   139.726  3 56664.32278289 20.160
 204 119.170217  60.057282   140.102   140.210  3 56674.23842916 16.661
 205 119.169063  60.058877   140.593   140.709  3 56684.15407374 13.845
 206 119.172403  60.060147   140.320   140.299  3 56694.06971675 13.368
 207 119.175604  60.061376   140.301   140.430  3 56703.98535540 11.565
 208 119.175442  60.062033   140.341   140.293  3 56713.90098846 12.686
 210 119.172233  60.058379   140.452   140.371  3 56733.73228894 11.510
 211 119.173544  60.059060   135.048   136.861  3 56743.64793598 10.321
 212 119.175369  60.061380   140.728   140.815  3 56753.56357849  9.394
 213 119.177110  60.063446   133.768   130.221  3 56763.47921562 23.619
 214 119.178664  60.063571   313.837   313.837  2 56773.39484927  0.869
 215 119.174073  60.061669   133.589   133.565  3 56783.31050650 42.059
 216 119.170620  60.060171   134.172   134.200  3 56793.22616020 45.788
 217 119.170995  60.058852   133.416   133.381  3 56803.14181143 41.676
 218 119.170689  60.059707   139.715   140.296  3 56813.05745447 23.573
 219 119.172322  60.059564   135.249   135.232  3 56822.97309430 47.961
 221 119.173097  60.059478   132.519   132.337  3 56842.80436187 50.256
 222 119.171529  60.060281   132.035   132.068  3 56852.72000202 39.255
 223 119.171985  60.059807   130.838   130.838  2 56862.63565613 48.565
 224 119.171991  60.060281   131.195   131.153  3 56872.55130948 48.215
 225 119.170804  60.060763   132.015   131.792  3 56882.46695961 49.221
 226 119.173235  60.059242   132.135   131.889  3 56892.38260678 28.838
 227 119.171655  60.058680   135.469   133.311  3 56902.29825040 25.839
 228 119.171511  60.058810   140.429   140.451  3 56912.21389221 20.087
 229 119.171960  60.060293   134.743   132.278  3 56922.12953237 25.548
 230 119.176310  60.061468   131.627   131.642  3 56932.04517070 49.619
 231 119.175650  60.064065   139.897   139.995  3 56941.96080319 26.324
 232 119.175618  60.063813   129.868   129.857  3 56951.87644588 41.017
 233 119.174101  60.061813   129.801   129.861  3 56961.79209714 37.399
 234 119.173315  60.060556   132.962   129.581  3 56971.70774335 25.092
 235 119.172376  60.060982   139.821   139.593  3 56981.62338517 19.985
 236 119.175051  60.060952   139.732   139.636  3 56991.53902287 16.943
 237 119.175689  60.061835   139.732   139.906  3 57001.45465467 18.262
 238 119.171023  60.060931   140.247   140.211  3 57011.37031179 17.785
 239 119.172504  60.058500   140.199   140.340  3 57021.28596389 15.445
 240 119.170506  60.059187   140.812   140.785  3 57031.20161251 15.805
 241 119.171074  60.059843   140.468   140.414  3 57041.11725954 14.619
 242 119.170964  60.061021   140.744   140.468  3 57051.03290437 13.342
 243 119.175089  60.060071   140.257   140.463  3 57060.94854570 12.636
 244 119.172302  60.061728   140.312   140.285  3 57070.86418047 13.718
 245 119.174299  60.062179   140.290   140.157  3 57080.77981149 12.405
 246 119.177165  60.062199   140.454   140.251  3 57090.69545317 10.608
 247 119.177047  60.062122   140.105   140.334  3 57100.61111077  9.351
 248 119.174634  60.062964   130.145   130.153  3 57110.52676488 19.445
 249 119.176271  60.061619   129.469   129.515  3 57120.44241402 17.684
 250 119.173155  60.061434   129.692   129.631  3 57130.35805680 18.603
 251 119.172732  60.061291   129.873   129.810  3 57140.27369458 43.011
 252 119.174959  60.061660   135.818   134.377  3 57150.18932914 35.937
 253 119.178508  60.062251   135.617   135.397  3 57160.10496082 53.297
 254 119.174519  60.062269   136.545   136.339  3 57170.02061330 49.329
 256 119.171262  60.058414   136.334   136.236  3 57189.85192064 54.488
 257 119.169776  60.058645   134.003   134.003  2 57199.76756835 39.251
 258 119.171485  60.059328   140.549   140.549  2 57209.68320250 18.818
 259 119.174652  60.059800   140.323   140.321  3 57219.59884668 16.900
 260 119.173670  60.060736   131.746   131.661  3 57229.51448936 50.309
 261 119.174990  60.060165   140.244   140.163  3 57239.43013020 16.721
 262 119.171979  60.061474   140.296   140.149  3 57249.34576745 21.373
 263 119.173136  60.062574   139.471   139.538  3 57259.26140281 23.279
 264 119.177521  60.063528   129.738   129.722  4 57269.17703730 31.735
 265 119.177812  60.064316   130.337   130.178  3 57279.09268830 46.060
 266 119.177308  60.063583   140.085   140.197  4 57289.00834428 18.674
 267 119.173788  60.062638   136.947   140.256  3 57298.92399715 27.706
 268 119.174341  60.059847   129.773   129.671  3 57308.83964698 51.198
 269 119.170554  60.059889   130.187   130.162  3 57318.75529241 46.826
 270 119.170839  60.059994   129.523   129.540  3 57328.67093503 39.213
 271 119.175180  60.059957   136.415   139.114  3 57338.58657581 22.878
 272 119.170819  60.060985   136.770   140.029  3 57348.50222387 22.566
 273 119.169678  60.059548   133.805   130.479  3 57358.41786995 24.306
 274 119.169941  60.057610   140.193   140.321  3 57368.33351299 18.794
 275 119.169665  60.058097   140.384   140.384  2 57378.24915292 15.751
 276 119.172082  60.060230   140.171   140.227  3 57388.16479135 15.082
 277 119.174282  60.062823   139.667   139.435  3 57398.08042892 14.402
 278 119.177302  60.063475   139.594   139.657  4 57407.99606528 14.124
 279 119.173892  60.062166   139.188   139.308  3 57417.91171829 12.207
 280 119.170945  60.060969   140.798   140.804  3 57427.82736895 13.941
 281 119.172722  60.060151   140.473   140.397  3 57437.74301726 11.716
 282 119.173281  60.062054   140.752   140.806  3 57447.65866362 12.170
 283 119.175231  60.063365   140.977   140.816  3 57457.57430905 11.585
 284 119.178554  60.062473   135.495   138.069  3 57467.48995224 11.225
 285 119.176995  60.061723   140.614   140.708  3 57477.40559101  9.243
 288 119.176303  60.062633   133.112   129.712  3 57507.15249817 32.244
 289 119.174503  60.062948   130.965   130.898  3 57517.06815434 35.821
 290 119.175732  60.061287   133.584   133.544  3 57526.98380824 35.335
 291 119.172123  60.059857   136.274   136.026  3 57536.89945902 53.669
 292 119.170695  60.057872   137.238   137.245  3 57546.81510735 49.593
 293 119.168856  60.058136   135.471   135.471  2 57556.73075363 44.668
 294 119.171928  60.059220   133.760   133.785  3 57566.64639892 43.002
 295 119.172931  60.061370   132.210   132.285  3 57576.56204311 39.314
 296 119.174595  60.061777   140.248   140.327  3 57586.47768652 20.392
 297 119.175928  60.060509   132.801   132.673  3 57596.39332785 51.385
