-134385.768    73.672     0.00   12.13
-134098.891    70.682   -10.42   13.17
-133812.002    66.699   -13.88   13.17
-133525.098    64.029    -9.31   12.60
-133238.182    60.428   -12.55   11.61
-132951.251    57.473   -10.30    9.90
-132664.308    55.951    -5.30    8.51
-132377.350    55.381    -1.99    7.83
-132090.380    55.474     0.32    7.65
-131803.395    57.084     5.61    9.18
-131516.398    59.510     8.45   10.32
-131229.386    62.126     9.11   10.84
-130942.361    65.487    11.71   10.54
-130655.323    68.744    11.35    9.78
-130368.271    72.216    12.09    7.61
-130081.206    74.758     8.86    4.50
-129794.127    75.782     3.56    2.49
-129507.034    75.292    -1.71    3.08
-129219.928    74.569    -2.52    3.64
-128932.808    72.781    -6.23    4.71
-128645.675    70.584    -7.65    5.28
-128358.528    68.300    -7.96    5.16
-128071.368    66.323    -6.88    4.58
-127784.194    64.214    -7.35    5.17
-127497.007    61.597    -9.11    5.14
-127209.806    59.566    -7.07    4.33
-126922.592    59.053    -1.79    4.32
-126635.364    59.173     0.42    4.26
-126348.122    59.514     1.19    4.44
-126060.867    60.973     5.08    4.81
-125773.598    63.155     7.60    4.26
-125486.316    64.900     6.07    3.28
-125199.020    65.882     3.42    2.65
-124911.711    66.292     1.42    2.61
-124624.387    66.407     0.40    2.54
-124337.051    65.743    -2.31    3.12
-124049.701    65.205    -1.88    3.27
-123762.337    65.037    -0.58    3.45
-123474.960    65.122     0.30    3.92
-123187.569    65.599     1.66    4.14
-122900.164    64.443    -4.02    5.07
-122612.746    62.975    -5.11    5.85
-122325.314    61.592    -4.81    6.39
-122037.869    60.092    -5.22    6.30
-121750.410    58.438    -5.75    5.88
-121462.937    56.872    -5.45    5.35
-121175.451    55.548    -4.61    4.24
-120887.952    54.935    -2.13    3.77
-120600.438    54.266    -2.33    3.63
-120312.911    53.665    -2.09    3.33
-120025.371    53.351    -1.09    2.88
-119737.816    52.851    -1.74    2.53
-119450.249    52.398    -1.57    2.04
-119162.667    52.069    -1.14    1.82
-118875.072    52.111     0.15    1.85
-118587.463    52.228     0.40    1.94
-118299.841    52.299     0.25    1.98
-118012.205    52.200    -0.34    1.94
-117724.556    51.999    -0.70    2.04
-117436.892    51.797    -0.70    2.76
-117149.215    51.232    -1.96    4.08
-116861.525    50.349    -3.07    5.01
-116573.821    49.676    -2.34    5.48
-116286.103    49.690     0.05    5.33
-115998.371    49.841     0.52    5.33
-115710.626    51.110     4.41    4.43
-115422.868    52.060     3.30    3.95
-115135.095    53.012     3.31    2.89
-114847.309    53.700     2.39    2.70
-114559.509    53.720     0.07    2.75
-114271.696    53.270    -1.56    3.55
-113983.869    52.651    -2.15    3.98
-113696.028    52.573    -0.27    3.86
-113408.174    52.919     1.20    3.32
-113120.306    54.398     5.14    4.78
-112832.424    55.951     5.40    5.64
-112544.528    58.616     9.26    7.92
-112256.619    60.497     6.53    8.62
-111968.696    63.064     8.92    8.65
-111681.385    64.952     6.57    7.68
-111396.277    65.166     0.75    7.16
-111111.156    64.866    -1.05    7.39
-110826.023    63.678    -4.17    8.04
-110540.877    62.966    -2.49    8.14
-110255.718    61.174    -6.28    8.15
-109970.547    59.354    -6.38    7.80
-109685.364    57.457    -6.65    6.74
-109400.167    55.896    -5.47    4.63
-109114.959    55.465    -1.51    3.11
-108829.737    55.198    -0.94    2.21
-108544.503    55.330     0.46    2.37
-108259.256    55.491     0.57    2.36
-107973.997    55.240    -0.88    2.48
-107688.725    54.713    -1.85    2.00
-107403.441    54.121    -2.07    2.58
-107118.144    53.228    -3.13    3.09
-106832.834    52.678    -1.93    3.12
-106547.512    51.910    -2.69    3.39
-106262.177    51.490    -1.47    3.59
-105976.829    51.158    -1.16    3.58
-105691.469    51.057    -0.36    3.36
-105406.096    51.593     1.88    2.40
-105120.711    52.130     1.88    1.60
-104835.313    52.393     0.92    1.48
-104549.902    52.712     1.12    1.50
-104264.479    52.832     0.42    1.49
-103979.043    53.081     0.87    1.59
-103693.594    53.640     1.96    1.66
-103408.133    54.066     1.49    1.47
-103122.659    54.367     1.06    1.55
-102837.173    52.874    -5.23    6.74
-102551.673    50.266    -9.13    9.60
-102266.162    47.468    -9.80   11.34
-101980.637    44.311   -11.06   12.36
-101695.100    40.628   -12.90   12.76
-101409.550    37.405   -11.28   12.64
-101123.988    34.535   -10.05   11.42
-100838.413    34.658     0.43   11.21
-100552.825    35.528     3.04   11.53
-100267.225    36.072     1.91   11.81
 -99981.612    38.151     7.28   12.18
 -99695.986    40.661     8.79   11.99
 -99410.347    42.529     6.54   11.37
 -99124.696    44.585     7.20   10.28
 -98839.033    45.151     1.98    9.38
 -98553.356    45.909     2.65    8.40
 -98267.667    46.120     0.74    7.80
 -97981.965    47.403     4.49    6.71
 -97696.251    48.828     4.99    4.89
 -97410.524    49.810     3.44    2.47
 -97124.784    50.069     0.91    1.57
 -96839.032    49.855    -0.75    1.85
 -96553.266    49.554    -1.06    2.34
 -96267.488    49.014    -1.89    2.64
 -95981.698    48.012    -3.51    3.15
 -95695.895    46.789    -4.28    3.93
 -95410.079    47.587     2.79    8.68
 -95124.250    50.978    11.86   15.56
 -94838.409    58.714    27.06   24.41
 -94552.555    66.456    27.08   28.97
 -94266.688    75.825    32.77   30.30
 -93980.808    82.079    21.88   27.94
 -93694.916    88.307    21.78   23.35
 -93409.011    93.407    17.84   14.32
 -93123.094    94.587     4.13    9.42
 -92837.163    93.064    -5.33    8.95
 -92551.220    90.027   -10.62    8.14
 -92265.264    87.674    -8.23    8.12
 -91979.296    86.496    -4.12    9.06
 -91693.315    84.889    -5.62    9.00
 -91407.321    85.126     0.83    9.98
 -91121.314    84.666    -1.61   10.96
 -90835.295    84.529    -0.48   11.66
 -90549.262    83.606    -3.23   11.55
 -90263.218    83.149    -1.60   11.54
 -89977.160    81.428    -6.02    9.26
 -89691.090    82.014     2.05    8.18
 -89405.007    83.117     3.86    8.01
 -89118.911    85.455     8.17    8.39
 -88832.802    88.428    10.39    8.75
 -88546.681    91.232     9.80    8.32
 -88260.547    93.942     9.47    8.07
 -87974.400    96.075     7.45    8.09
 -87688.240    97.564     5.21    8.29
 -87402.068    99.445     6.57    8.51
 -87115.883   101.582     7.47    8.40
 -86829.685   104.232     9.26    7.97
 -86543.474   106.594     8.25    7.24
 -86257.251   108.643     7.16    6.21
 -85971.015   110.255     5.63    4.93
 -85684.766   111.461     4.21    3.84
 -85398.504   111.691     0.80    3.58
 -85112.230   111.066    -2.18    4.63
 -84825.942   110.027    -3.63    6.92
 -84539.642   110.583     1.94    8.43
 -84253.329   110.055    -1.84   10.06
 -83967.004   110.181     0.44   10.55
 -83680.665   112.582     8.38   10.19
 -83394.314   115.158     9.00    9.37
 -83107.950   117.160     6.99    8.06
 -82821.573   117.466     1.07    7.92
 -82535.184   116.691    -2.71    7.31
 -82248.782   115.087    -5.60    6.87
 -81962.366   113.408    -5.86    6.73
 -81675.938   112.583    -2.88    6.45
 -81389.498   113.333     2.62    6.11
 -81103.044   114.659     4.63    4.28
 -80816.578   114.781     0.42    4.26
 -80530.099   114.566    -0.75    3.97
 -80243.607   114.737     0.59    3.72
 -79957.102   114.683    -0.19    3.30
 -79670.584   114.501    -0.63    3.79
 -79384.054   114.377    -0.43    4.30
 -79097.511   114.923     1.90    4.76
 -78810.955   114.811    -0.39    4.78
 -78524.386   114.270    -1.89    5.10
 -78237.804   112.413    -6.48    5.62
 -77951.209   110.467    -6.79    6.25
 -77664.602   107.728    -9.56    6.57
 -77377.982   104.916    -9.81    6.79
 -77091.349   102.435    -8.66    6.37
 -76804.703   100.035    -8.37    6.32
 -76518.044    97.803    -7.79    5.91
 -76231.373    95.766    -7.11    5.41
 -75944.688    94.332    -5.00    4.65
 -75657.991    92.698    -5.70    4.07
 -75371.281    91.211    -5.19    3.65
 -75084.558    89.843    -4.77    3.51
 -74797.822    89.321    -1.82    3.80
 -74511.074    89.430     0.38    4.88
 -74224.312    88.938    -1.72    5.95
 -73937.538    88.842    -0.33    7.21
 -73650.751    87.624    -4.25    8.87
 -73363.950    85.972    -5.76    9.68
 -73077.138    83.780    -7.64   10.17
 -72790.312    81.097    -9.36    9.10
 -72503.473    78.373    -9.50    8.66
 -72216.621    75.712    -9.27    7.61
 -71929.757    73.964    -6.09    7.33
 -71642.880    71.963    -6.98    5.46
 -71355.990    70.951    -3.53    4.34
 -71069.087    70.110    -2.93    2.89
 -70782.171    70.639     1.85    2.87
 -70495.242    71.957     4.59    3.88
 -70208.300    74.633     9.33    5.28
 -69921.345    77.674    10.60    6.77
 -69634.378    81.611    13.72    8.21
 -69347.398    85.910    14.98    8.74
 -69060.404    89.715    13.26    7.91
 -68773.398    92.423     9.43    6.28
 -68486.379    94.299     6.54    4.19
 -68199.347    95.895     5.56    3.47
 -67912.302    96.857     3.35    3.96
 -67625.244    97.400     1.89    4.00
 -67338.174    97.378    -0.08    3.84
 -67051.090    98.052     2.35    3.72
 -66763.994    99.433     4.81    3.58
 -66476.884   101.001     5.46    3.62
 -66189.762   102.584     5.51    4.30
 -65902.627   104.536     6.80    5.68
 -65615.478   108.097    12.40    7.52
 -65328.317   112.045    13.75    8.35
 -65041.143   115.963    13.64    7.79
 -64753.956   118.817     9.94    6.34
 -64466.756   120.369     5.40    4.82
 -64179.544   120.523     0.54    4.26
 -63892.318   119.289    -4.30    4.38
 -63605.079   117.566    -6.00    3.96
 -63317.828   115.545    -7.04    3.23
 -63030.563   113.714    -6.37    3.49
 -62743.286   112.178    -5.35    4.20
 -62455.995   109.983    -7.64    5.11
 -62168.692   108.445    -5.35    4.92
 -61881.375   107.576    -3.03    4.77
 -61594.046   107.590     0.05    4.61
 -61306.704   108.370     2.71    4.67
 -61019.349   109.645     4.43    4.50
 -60731.980   110.938     4.50    3.70
 -60444.599   112.071     3.95    2.75
 -60157.205   113.030     3.34    1.95
 -59869.798   113.471     1.53    1.70
 -59582.378   113.744     0.95    1.72
 -59294.945   113.789     0.16    1.65
 -59007.499   113.610    -0.62    1.81
 -58720.040   113.077    -1.86    2.23
 -58432.568   112.518    -1.94    2.43
 -58145.083   111.835    -2.37    2.31
 -57857.585   111.266    -1.98    2.11
 -57570.075   110.659    -2.11    1.83
 -57282.551   110.381    -0.97    1.79
 -56995.014   110.061    -1.11    1.79
 -56707.464   109.795    -0.93    1.69
 -56419.901   109.293    -1.75    1.59
 -56132.326   108.736    -1.94    1.68
 -55844.737   108.109    -2.18    1.91
 -55557.135   107.114    -3.46    2.68
 -55269.520   105.544    -5.46    3.51
 -54981.892   104.199    -4.68    3.31
 -54694.252   103.475    -2.52    2.95
 -54406.598   103.420    -0.19    2.99
 -54118.931   103.653     0.81    3.21
 -53831.251   104.568     3.18    3.36
 -53543.558   105.470     3.14    2.69
 -53255.852   105.682     0.74    2.47
 -52968.133   104.883    -2.78    3.30
 -52680.402   103.493    -4.83    3.90
 -52392.657   101.519    -6.86    4.25
 -52104.899    99.690    -6.36    4.21
 -51817.128    97.803    -6.56    3.79
 -51529.344    96.335    -5.10    3.39
 -51241.547    95.057    -4.44    3.15
 -50953.737    93.804    -4.35    2.75
 -50665.914    92.795    -3.50    2.30
 -50378.077    92.319    -1.66    2.24
 -50090.228    92.157    -0.56    2.42
 -49803.136    92.266     0.38    2.64
 -49517.957    92.243    -0.08    3.01
 -49232.766    91.903    -1.19    3.07
 -48947.564    90.899    -3.52    4.18
 -48662.349    89.512    -4.86    5.31
 -48377.122    87.455    -7.21    6.58
 -48091.883    85.069    -8.36    7.52
 -47806.633    82.299    -9.71    8.12
 -47521.370    78.683   -12.68    8.85
 -47236.095    75.995    -9.42    9.20
 -46950.809    72.671   -11.65    9.33
 -46665.510    69.721   -10.34    8.38
 -46380.199    66.816   -10.18    7.17
 -46094.877    64.135    -9.40    5.25
 -45809.542    62.575    -5.47    3.96
 -45524.195    61.079    -5.24    2.30
 -45238.837    60.540    -1.89    1.88
 -44953.466    59.943    -2.09    1.77
 -44668.084    59.225    -2.52    2.57
 -44382.689    58.005    -4.28    3.67
 -44097.282    56.206    -6.30    5.04
 -43811.864    53.804    -8.42    6.21
 -43526.433    51.239    -8.98    6.67
 -43240.991    48.280   -10.37    6.20
 -42955.536    45.342   -10.29    4.96
 -42670.069    43.642    -5.95    4.12
 -42384.591    41.912    -6.06    3.74
 -42099.100    40.751    -4.07    3.97
 -41813.597    38.895    -6.50    7.10
 -41528.082    37.044    -6.48    9.89
 -41242.556    34.874    -7.60   11.99
 -40957.017    31.691   -11.15   13.19
 -40671.466    28.900    -9.77   13.51
 -40385.903    28.089    -2.84   13.38
 -40100.328    29.961     6.56   14.21
 -39814.741    32.514     8.94   14.53
 -39529.142    34.883     8.30   13.83
 -39243.531    37.857    10.41   12.18
 -38957.908    38.958     3.86   10.62
 -38672.273    39.389     1.51   10.02
 -38386.626    37.514    -6.56   10.41
 -38100.967    34.094   -11.97   11.62
 -37815.296    31.074   -10.57   12.52
 -37529.613    26.652   -15.48   12.42
 -37243.917    25.348    -4.56   12.33
 -36958.210    25.089    -0.91   11.49
 -36672.491    25.474     1.35   10.74
 -36386.759    26.654     4.13    9.72
 -36101.016    27.933     4.48    8.79
 -35815.260    29.988     7.19    6.48
 -35529.492    30.888     3.15    5.05
 -35243.713    30.766    -0.43    5.51
 -34957.921    30.274    -1.72    6.08
 -34672.117    30.075    -0.70    6.64
 -34386.301    29.766    -1.08    6.25
 -34100.473    29.210    -1.95    7.01
 -33814.633    30.190     3.43    6.08
 -33528.781    30.692     1.76    5.84
 -33242.917    31.592     3.15    5.34
 -32957.041    32.605     3.54    5.20
 -32671.152    34.566     6.86    5.10
 -32385.252    36.300     6.06    4.44
 -32099.339    37.656     4.74    3.29
 -31813.415    38.583     3.24    2.30
 -31527.478    38.867     0.99    2.23
 -31241.529    38.622    -0.86    2.49
 -30955.568    37.611    -3.53    3.32
 -30669.595    36.889    -2.53    3.93
 -30383.610    35.810    -3.77    5.28
 -30097.613    35.501    -1.08    5.52
 -29811.604    35.420    -0.28    5.21
 -29525.582    35.315    -0.37    4.54
 -29239.549    35.522     0.72    3.90
 -28953.503    35.092    -1.50    3.99
 -28667.445    33.972    -3.91    5.15
 -28381.376    32.498    -5.15    5.41
 -28095.294    30.903    -5.57    5.03
 -27809.200    29.339    -5.47    4.90
 -27523.094    27.698    -5.74    4.42
 -27236.975    26.366    -4.66    3.77
 -26950.845    24.796    -5.49    2.96
 -26664.702    24.067    -2.55    2.80
 -26378.548    23.197    -3.04    2.84
 -26092.381    22.372    -2.88    2.99
 -25806.202    21.751    -2.17    3.15
 -25520.011    21.608    -0.50    3.47
 -25233.808    21.992     1.34    4.10
 -24947.593    22.592     2.10    4.58
 -24661.365    23.233     2.24    4.75
 -24375.126    24.031     2.79    4.91
 -24088.874    25.225     4.17    4.83
 -23802.610    25.455     0.80    5.67
 -23516.334    25.415    -0.14    6.46
 -23230.046    25.984     1.99    7.09
 -22943.746    26.751     2.68    7.44
 -22657.433    27.236     1.69    8.03
 -22371.109    27.751     1.80    7.99
 -22084.772    28.884     3.96    7.12
 -21798.423    30.546     5.80    4.67
 -21512.062    31.222     2.36    2.52
 -21225.689    30.827    -1.38    2.44
 -20939.304    30.457    -1.29    2.17
 -20652.906    30.266    -0.67    2.09
 -20366.496    30.549     0.99    1.99
 -20080.075    30.811     0.91    2.05
 -19793.641    30.890     0.27    2.09
 -19507.194    30.766    -0.43    2.18
 -19220.736    30.131    -2.22    2.89
 -18934.266    29.428    -2.45    3.52
 -18647.783    28.299    -3.94    4.30
 -18361.288    26.410    -6.59    5.08
 -18074.781    24.587    -6.36    5.28
 -17788.262    22.810    -6.20    5.29
 -17501.730    21.461    -4.71    4.96
 -17215.187    20.871    -2.06    4.29
 -16928.631    20.228    -2.24    3.80
 -16642.063    20.627     1.39    4.72
 -16355.483    21.033     1.42    5.13
 -16068.890    20.845    -0.66    5.67
 -15782.286    20.420    -1.48    6.13
 -15495.669    19.839    -2.03    6.11
 -15209.040    19.081    -2.64    6.20
 -14922.399    18.892    -0.66    5.99
 -14635.745    18.848    -0.15    5.64
 -14349.080    18.788    -0.21    5.00
 -14062.402    19.255     1.63    4.72
 -13775.712    20.056     2.80    4.85
 -13489.010    21.655     5.58    4.47
 -13202.295    22.881     4.27    3.46
 -12915.569    23.382     1.75    3.63
 -12628.830    24.382     3.49    3.94
 -12342.079    25.139     2.64    4.58
 -12055.316    25.796     2.29    5.28
 -11768.540    25.597    -0.70    6.82
 -11481.752    24.880    -2.50    8.64
 -11194.952    25.678     2.78    9.43
 -10908.140    27.364     5.88    9.57
 -10621.316    28.648     4.48    9.23
 -10334.479    29.825     4.10    9.00
 -10047.630    30.986     4.05    8.10
  -9760.769    32.585     5.57    4.90
  -9473.896    33.042     1.59    1.85
  -9187.010    32.045    -3.47    3.19
  -8900.112    27.675   -15.23   11.29
  -8613.202    22.299   -18.74   15.06
  -8326.280    15.990   -21.99   16.73
  -8039.345     9.287   -23.36   16.01
  -7752.398     4.266   -17.50   13.41
  -7465.439     3.372    -3.12   12.52
  -7178.468     6.713    11.64   14.41
  -6891.484    11.714    17.42   15.41
  -6604.488    17.341    19.61   14.64
  -6317.480    22.460    17.84   11.74
  -6030.460    26.654    14.61    6.11
  -5743.427    28.020     4.76    0.95
  -5456.382    27.603    -1.45    0.96
  -5169.325    27.262    -1.19    1.70
  -4882.256    25.099    -7.54    7.41
  -4595.174    21.613   -12.14   10.91
  -4308.080    17.080   -15.79   12.96
  -4020.974    12.395   -16.32   13.41
  -3733.855     8.188   -14.65   12.25
  -3446.724     5.354    -9.87   10.68
  -3159.581     5.530     0.62   10.90
  -2872.426     7.172     5.72   11.84
  -2585.258     6.831    -1.19   12.02
  -2298.078     5.990    -2.93   11.80
  -2010.886     5.478    -1.78   11.39
  -1723.681     4.140    -4.66   10.51
  -1436.464     2.533    -5.59    9.04
  -1149.235     0.619    -6.66    6.54
   -861.994    -0.715    -4.64    3.55
   -574.740    -1.212    -1.73    0.34
   -287.474    -1.242    -0.10    0.00
     -0.195    -1.242     0.00    0.00
    287.095    -1.242     0.00    0.00
    574.398    -1.242     0.00    0.00
    861.714    -1.099     0.50    1.33
   1149.041     1.114     7.70    8.06
   1436.381     7.292    21.50   16.99
   1723.733    16.251    31.18   26.66
   2011.098    32.303    55.86   40.69
   2298.475    50.720    64.09   51.42
   2585.864    79.381    99.73   64.85
   2873.265   101.089    75.53   62.47
   3160.679   131.229   104.87   70.86
   3448.105   154.690    81.62   67.99
   3735.544   178.627    83.28   70.28
   4022.995   203.289    85.79   76.83
   4310.458   231.199    97.09   85.62
   4597.933   265.160   118.14   93.23
   4885.421   294.034   100.44   90.17
   5172.921   325.645   109.95   81.37
   5460.434   356.459   107.18   75.91
   5747.959   389.176   113.79   80.43
   6035.496   419.169   104.31   81.37
   6323.046   442.447    80.95   76.81
   6610.607   454.546    42.08   66.44
   6898.182   460.944    22.25   58.09
   7185.768   452.928   -27.87   55.81
   7473.367   430.839   -76.80   64.55
   7760.979   405.044   -89.69   68.09
   8048.602   384.344   -71.97   68.17
   8336.238   368.789   -54.08   68.33
   8623.887   352.516   -56.57   68.05
   8911.548   326.880   -89.12   68.63
   9199.221   303.337   -81.84   60.02
   9486.906   280.584   -79.09   49.36
   9774.604   262.185   -63.95   41.52
  10062.314   245.330   -58.58   36.63
  10350.037   232.499   -44.59   33.08
  10637.772   219.655   -44.64   30.92
  10925.519   209.561   -35.08   27.95
  11213.279   199.420   -35.24   23.64
  11501.051   192.217   -25.03   20.84
  11788.836   187.111   -17.74   21.57
  12075.715   181.455   -19.72   20.65
  12360.953   174.627   -23.94   19.33
  12646.202   169.119   -19.31   18.20
  12931.462   165.708   -11.96   18.93
  13216.734   161.102   -16.15   18.82
  13502.017   156.345   -16.67   18.87
  13787.311   154.005    -8.20   18.34
  14072.617   149.352   -16.31   18.15
  14357.934   145.501   -13.50   17.99
  14643.262   139.486   -21.08   18.67
  14928.602   134.447   -17.66   19.92
  15213.953   126.510   -27.82   20.97
  15499.315   118.715   -27.32   23.34
  15784.689   108.967   -34.16   21.59
  16070.074   101.563   -25.95   17.24
  16355.471    97.109   -15.61   12.05
  16640.879    95.607    -5.26    8.85
  16926.298    96.846     4.34    8.74
  17211.729   100.418    12.51    9.33
  17497.171   104.542    14.45   10.16
  17782.624   109.479    17.30   10.46
  18068.089   113.480    14.02    9.76
  18353.565   117.588    14.39    9.87
  18639.052   122.148    15.97   11.23
  18924.551   127.523    18.83   11.05
  19210.061   132.637    17.91   10.48
  19495.583   136.773    14.48   10.12
  19781.116   141.097    15.14    9.61
  20066.660   144.766    12.85    8.53
  20352.216   148.348    12.55    8.91
  20637.783   152.117    13.20   10.09
  20923.362   156.145    14.11   11.69
  21208.952   161.781    19.73   13.78
  21494.553   168.036    21.90   15.03
  21780.166   174.551    22.81   14.44
  22065.790   177.444    10.13   15.00
  22351.425   181.079    12.73   16.27
  22637.072   183.054     6.91   17.98
  22922.730   185.222     7.59   22.73
  23208.400   186.706     5.19   25.13
  23494.081   184.883    -6.38   28.60
  23779.774   181.364   -12.32   29.59
  24065.478   177.232   -14.46   29.70
  24351.193   175.593    -5.74   27.26
  24636.920   171.825   -13.19   23.97
  24922.658   168.010   -13.35   16.42
  25208.408   168.134     0.43   11.96
  25494.169   173.686    19.43   12.85
  25779.941   179.948    21.91   15.08
  26065.725   187.889    27.79   17.62
  26351.520   196.720    30.90   19.38
  26637.327   206.092    32.79   19.42
  26923.145   214.373    28.97   17.87
  27208.974   220.099    20.03   15.53
  27494.815   228.423    29.12   18.26
  27780.668   235.864    26.03   22.08
  28066.532   247.337    40.13   30.10
  28352.407   262.069    51.53   41.02
  28638.293   280.904    65.88   52.95
  28924.192   304.652    83.07   60.05
  29210.101   328.728    84.21   60.62
  29496.022   355.354    93.12   62.38
  29781.955   379.008    82.73   62.78
  30067.899   398.818    69.28   61.56
  30353.854   407.639    30.85   56.69
  30639.821   428.200    71.90   61.22
  30925.799   454.493    91.94   60.10
  31211.789   481.941    95.98   71.00
  31497.790   509.516    96.42   80.13
  31783.802   527.525    62.97   81.21
  32069.826   544.613    59.74   83.18
  32355.862   558.796    49.58   77.65
  32641.909   577.255    64.53   81.40
  32927.967   596.240    66.37   87.06
  33214.037   605.128    31.07   87.92
  33500.119   614.016    31.07   81.19
  33786.211   617.383    11.77   78.20
  34072.316   623.920    22.85   80.37
  34358.432   621.721    -7.69   86.76
  34644.559   622.403     2.39   90.86
  34930.698   636.326    48.66   94.21
  35216.848   659.114    79.64  104.13
  35503.009   687.077    97.72   94.02
  35789.183   700.131    45.62   86.86
  36075.367   708.669    29.83   87.05
  36361.563   708.677     0.03   89.57
  36647.771   712.496    13.34   90.45
  36933.990   710.721    -6.20   83.92
  37220.221   703.938   -23.70   78.48
  37506.463   702.117    -6.36   75.70
  37792.716   692.025   -35.25   80.41
  38078.981   672.236   -69.13   89.65
  38365.258   639.766  -113.42   97.99
  38651.546   594.428  -158.37   97.85
  38937.845   551.099  -151.34   94.08
  39224.156   506.353  -156.29   86.44
  39510.479   468.410  -132.52   85.70
  39796.813   433.557  -121.72   76.42
  40083.159   398.440  -122.64   60.39
  40369.516   378.699   -68.94   48.65
  40655.884   364.007   -51.31   31.54
  40942.264   363.222    -2.74   29.94
  41228.656   372.964    34.02   40.86
  41515.059   387.420    50.47   48.03
  41801.474   414.324    93.93   60.58
  42087.900   434.827    71.58   58.21
  42374.337   461.179    92.00   63.11
  42660.787   486.122    87.08   59.16
  42947.247   511.773    89.55   68.26
  43233.719   543.403   110.41   78.41
  43520.203   572.960   103.17   85.00
  43806.698   593.840    72.88   81.96
  44093.205   597.863    14.04   89.42
  44379.724   586.960   -38.05  101.68
  44666.254   579.736   -25.21  107.77
  44952.795   572.214   -26.25  109.03
  45239.348   570.140    -7.24  102.87
  45525.912   583.885    47.97  103.18
  45812.488   598.840    52.18  102.02
  46099.076   614.476    54.56   93.46
  46385.675   614.452    -0.08   93.27
  46672.286   585.706  -100.30  101.77
  46958.908   534.730  -177.85  110.69
  47245.542   477.699  -198.97  103.19
  47532.187   430.736  -163.84   99.80
  47818.844   389.221  -144.83   93.44
  48105.512   361.018   -98.38   80.54
  48392.192   339.958   -73.46   62.37
  48678.884   326.881   -45.61   49.14
  48965.587   325.503    -4.81   43.15
  49252.302   329.184    12.84   48.40
  49539.028   346.599    60.74   61.93
  49825.766   365.132    64.63   66.32
  50112.515   379.492    50.08   70.16
  50399.276   393.647    49.36   68.15
  50686.048   401.139    26.12   67.24
  50972.832   408.344    25.12   65.90
  51259.628   410.357     7.02   63.30
  51546.435   420.291    34.64   67.58
  51833.254   433.364    45.58   66.99
  52120.084   440.003    23.14   69.28
  52406.926   443.774    13.15   67.03
  52693.780   449.877    21.28   64.69
  52980.645   467.295    60.72   64.76
  53267.522   486.342    66.39   64.99
  53554.410   506.351    69.75   75.06
  53841.310   522.134    55.01   85.53
  54128.221   547.023    86.75   98.89
  54415.144   581.382   119.75  117.43
  54702.079   617.287   125.13  121.74
  54989.025   646.720   102.57  119.60
  55275.983   671.403    86.02  112.76
  55562.953   697.964    92.56  111.25
  55849.934   732.766   121.27  107.30
  56136.926   753.153    71.04   95.60
  56423.931   755.751     9.05   88.49
  56710.947   754.954    -2.78   83.07
  56997.974   743.982   -38.23   89.15
  57285.013   719.314   -85.94  103.93
  57572.064   677.210  -146.68   98.23
  57859.126   649.117   -97.87   88.42
  58146.200   624.292   -86.48   81.02
  58433.286   599.986   -84.67   66.27
  58720.383   586.258   -47.81   64.08
  59007.492   573.183   -45.54   67.90
  59294.612   562.628   -36.76   68.69
  59581.744   552.061   -36.80   65.93
  59868.888   543.700   -29.12   59.85
  60156.043   542.736    -3.36   64.10
  60443.210   548.127    18.77   70.39
  60730.389   571.432    81.16   80.45
  61017.579   585.617    49.39   73.82
  61304.781   594.838    32.11   71.80
  61591.994   590.870   -13.81   68.32
  61879.219   573.518   -60.42   71.76
  62166.456   547.311   -91.24   76.82
  62453.705   513.321  -118.33   75.55
  62740.965   487.104   -91.27   65.18
  63028.236   470.583   -57.51   49.29
  63315.520   468.642    -6.75   46.21
  63602.815   481.345    44.21   69.02
  63890.121   510.351   100.96   94.56
  64177.440   542.428   111.64  113.84
  64464.770   572.610   105.05  123.17
  64752.111   599.164    92.41  125.59
  65039.465   614.547    53.53  128.83
  65326.830   630.832    56.67  127.89
  65614.206   643.699    44.77  130.10
  65901.594   657.324    47.41  133.36
  66188.994   675.258    62.40  135.66
  66476.406   688.374    45.64  143.60
  66763.829   720.251   110.91  149.23
  67051.264   730.869    36.94  161.21
  67338.711   732.262     4.85  166.60
  67626.169   700.128  -111.79  170.78
  67913.639   664.935  -122.43  162.02
  68201.121   626.669  -133.11  141.54
  68488.614   592.700  -118.16  106.94
  68776.119   570.341   -77.77   67.38
  69063.636   567.178   -11.00   53.17
  69351.164   577.092    34.48   57.91
  69638.704   594.607    60.92   62.85
  69926.256   616.460    76.00   58.59
  70213.820   633.203    58.22   53.89
  70501.395   660.190    93.85   61.25
  70788.982   691.432   108.64   81.09
  71076.580   734.415   149.46  104.25
  71364.190   785.274   176.83  118.44
  71651.812   832.123   162.89  114.11
  71939.446   859.329    94.59  107.57
  72227.091   883.494    84.01   98.70
  72514.749   906.273    79.19   93.34
  72802.417   923.333    59.31   86.60
  73090.098   949.168    89.81   89.66
  73377.790   974.857    89.29  101.37
  73665.494  1019.641   155.66  127.02
  73952.203  1064.885   157.81  145.43
  74237.511  1105.255   141.50  139.97
  74522.831  1139.268   119.21  120.45
  74808.161  1166.421    95.17  100.98
