# NaN NaN NaN ;Mean Elev.(m), Avg Gradient(m/km), RMS Gradient(m/km) - SRTM1     
#   45.597  -0.278  12.815 ;Mean Elev.(m), Avg Gradient(m/km), RMS Gradient(m/km) - ASTER GDEM
#   36.705  -0.262  15.739 ;Mean Elev.(m), Avg Gradient(m/km), RMS Gradient(m/km) - GMTED2010 
   1 127.013778  64.110447    62.575    62.658  6 54665.26491443 28.723
   2 127.012382  64.111590    62.682    62.606  5 54675.18055888 25.967
   3 127.011941  64.113294     0.690     0.690  4 54685.09620198  8.141
   4 127.008247  64.115309    62.452    62.452  2 54695.01184329 29.584
   5 127.008263  64.114993     1.978     1.358  3 54704.92748264 15.007
   6 127.013167  64.111225    61.276    61.106  5 54714.84313500 42.420
   7 127.038295  64.103674    13.820    13.824 15 54724.75878825  9.161
   8 127.039712  64.102085    62.574    62.616 16 54734.67443671 26.188
   9 127.035644  64.103806    62.420    62.637 15 54744.59008317 26.173
  10 127.037640  64.104793    58.899    58.919 15 54754.50572981 51.283
  11 127.036185  64.104965    58.109    58.113 14 54764.42137525 51.494
  12 127.040305  64.102300    57.325    57.344 15 54774.33701870 43.561
  13 127.041982  64.100276    59.244    59.662 16 54784.25265930 20.317
  14 127.041266  64.100838    58.685    58.246 16 54794.16829762 17.380
  15 127.038155  64.104092    59.477    58.804 15 54804.08393467 16.211
  16 127.015571  64.110793    60.245    60.204  6 54813.99956928 16.112
  17 127.013381  64.111631    58.465    58.504  5 54823.91521362 16.455
  18 127.014849  64.109834    58.362    58.364  6 54833.83085397 15.382
  19 127.038815  64.104563    58.889    58.476 14 54843.74650661 15.123
  20 127.015671  64.109517    58.266    58.049  7 54853.66215307 14.610
  21 127.012692  64.111724    58.252    57.788  5 54863.57780131 14.453
  22 127.012518  64.112433    57.847    58.219  5 54873.49344973 13.809
  23 127.014040  64.111054    58.267    58.442  5 54883.40909615 13.620
  24 127.037150  64.104056    58.738    58.594 14 54893.32474163 13.767
  25 127.037871  64.101492    58.959    59.039 16 54903.24038202 13.075
  26 127.040157  64.100927    59.274    59.330 16 54913.15602116 12.038
  27 127.036030  64.103441    59.308    59.315 15 54923.07165870 12.133
  28 127.041729  64.104377    58.792    58.735 13 54932.98729651 12.052
  29 127.014739  64.109858    58.522    58.517  6 54942.90292912 12.466
  30 127.038080  64.104422    59.106    57.217 14 54952.81856532 37.817
  31 127.040206  64.102001    60.245    59.802 15 54962.73420925 39.224
  32 127.038543  64.102071    65.051    65.049 15 54972.64985766 37.748
  33 127.039536  64.103626    62.837    62.840 15 54982.56550519 47.422
  34 127.014083  64.110464    63.870    63.895  6 54992.48114956 37.718
  35 127.013505  64.111124    62.897    62.866  6 55002.39679592 36.047
  36 127.014660  64.110313    61.718    61.706  6 55012.31244073 43.685
  37 127.030336  64.106622    62.941    62.908 11 55022.22808569 27.829
  38 127.015581  64.109971    62.690    62.654  6 55032.14372647 26.326
  39 127.013900  64.111775    61.885    62.546  5 55042.05936789 30.369
  40 127.011705  64.113448    62.767    62.789  4 55051.97500777 25.466
  41 127.010639  64.112984    59.711    59.734  4 55061.89064575 36.349
  42 127.018089  64.108980    61.577    61.982  8 55071.80628993 28.606
  43 127.036986  64.102653    59.658    59.630 15 55081.72194085 54.951
  44 127.037513  64.101756    60.710    60.343 16 55091.63758793 28.554
  45 127.036318  64.103104    61.126    60.897 15 55101.55323411 30.344
  46 127.040600  64.103893    59.898    59.849 14 55111.46888043 53.413
  47 127.038797  64.104342    59.441    59.430 14 55121.38452413 49.805
  48 127.037406  64.103089    58.110    58.104 15 55131.30016519 51.007
  49 127.038118  64.101206    56.139    56.161 16 55141.21580454 45.511
  50 127.041091  64.100875    57.811    57.529 16 55151.13144330 32.576
  51 127.036961  64.103941    57.556    57.530 15 55161.04708126 29.500
  52 127.015734  64.110506    57.757    57.790  6 55170.96271698 26.166
  53 127.010673  64.112878    57.662    57.665  5 55180.87835307 23.817
  54 127.014088  64.111299    57.650    57.619  5 55190.79400215 24.171
  55 127.015461  64.110150    57.426    57.406  7 55200.70965269 22.950
  56 127.015087  64.110197    57.224    57.201  6 55210.62530224 22.839
  57 127.013792  64.111092    57.013    57.044  6 55220.54095115 21.978
  58 127.016002  64.110302    56.938    56.962  6 55230.45659947 20.769
  59 127.038320  64.104958    56.740    56.738 14 55240.37224679 20.311
  60 127.040685  64.102499    56.760    56.738 15 55250.28788848 19.483
  61 127.039284  64.101320    56.644    56.676 15 55260.20352748 19.687
  62 127.037697  64.101807    57.206    57.206 16 55270.11916557 17.897
  63 127.039380  64.102828    57.164    57.060 15 55280.03480386 17.146
  64 127.036954  64.104590    57.241    57.204 15 55289.95044047 16.868
  65 127.035368  64.105471    57.424    57.373 14 55299.86607487 16.346
  66 127.038871  64.103513    58.588    57.753 15 55309.78172049 30.485
  67 127.039306  64.102101    59.496    58.270 15 55319.69736645 22.861
  68 127.039223  64.102072    57.634    57.608 15 55329.61301115 43.060
  69 127.040020  64.103411    65.346    65.302 15 55339.52865551 51.250
  70 127.017152  64.109399    62.596    62.599  7 55349.44429701 50.387
  71 127.015773  64.110682    61.362    61.357  6 55359.35993886 53.163
  72 127.014600  64.110976    63.020    63.029  5 55369.27557868 26.321
  73 127.014662  64.111024    62.969    62.996  5 55379.19121719 26.720
  74 127.015158  64.111533    61.417    61.412  5 55389.10685501 52.834
  75 127.012196  64.112802    59.931    59.927  5 55399.02249149 49.676
  76 127.012410  64.112166    62.756    62.693  5 55408.93813762 26.948
  77 127.016157  64.109358    60.111    60.050  7 55418.85378896 53.026
  78 127.037571  64.103202    60.399    60.068 15 55428.76943877 31.897
  79 127.039554  64.101969    59.164    59.170 16 55438.68508370 44.611
  80 127.038475  64.102719    60.098    60.072 16 55448.60072675 54.302
  81 127.037418  64.103745    62.548    62.755 15 55458.51636944 26.464
  82 127.036633  64.104211    62.237    62.637 15 55468.43201146 27.304
  83 127.036893  64.103730    62.122    62.102 15 55478.34765040 25.859
  84 127.039906  64.102781    57.529    57.532 15 55488.26328663 45.007
  85 127.039135  64.103119    57.024    57.038 15 55498.17892018 49.831
  86 127.037167  64.104621    57.777    57.770 15 55508.09455825 23.805
  87 127.031130  64.106486    58.069    58.111 11 55518.01020787 22.669
  88 127.016111  64.110061    60.086    59.748  6 55527.92585563 19.211
  89 127.017464  64.109983    60.297    60.670  6 55537.84150326 17.511
  90 127.013989  64.110556    61.425    61.718  6 55547.75714811 15.735
  91 127.016861  64.110167    61.707    61.561  6 55557.67279180 15.293
  92 127.013065  64.111431    61.263    61.726  6 55567.58843383 15.209
  93 127.013080  64.111470    61.262    61.836  6 55577.50407552 14.582
  94 127.016720  64.109636    60.976    61.140  6 55587.41971560 14.625
  95 127.037225  64.104175    60.765    60.865 15 55597.33535444 14.066
  96 127.035725  64.103614    60.500    60.584 15 55607.25098806 14.006
  97 127.037794  64.103885    60.917    60.793 14 55617.16661997 13.938
  98 127.038912  64.104985    61.610    61.429 12 55627.08226440 12.622
  99 127.016916  64.109287    60.588    60.323  7 55636.99791374 11.994
 100 127.038279  64.104505    61.286    61.221 14 55646.91356577 12.018
 101 127.040257  64.102445    60.881    60.904 15 55656.82921297 12.586
 102 127.039174  64.101805    61.197    61.164 16 55666.74485540 11.103
 103 127.039637  64.102427    58.525    58.080 15 55676.66049495 31.100
 104 127.035782  64.105098    62.864    63.068 14 55686.57613203 30.434
 105 127.015857  64.110651    62.298    62.430  6 55696.49176621 38.601
 106 127.014524  64.111914    60.715    60.713  5 55706.40740117 56.927
 107 127.011996  64.111672    63.029    62.952  5 55716.32305070 27.843
 108 127.013652  64.110816    62.968    62.988  6 55726.23869961 27.155
 109 127.013282  64.111251    62.895    62.907  6 55736.15434647 27.807
 110 127.013323  64.111935    62.816    62.713  5 55746.06999212 28.975
 111 127.011734  64.111975    60.054    60.060  5 55755.98563582 47.889
 112 127.017267  64.109299    58.366    58.362  6 55765.90127795 56.239
 113 127.039035  64.103074    59.987    59.084 15 55775.81691895 33.315
 114 127.040017  64.101808    60.785    60.797 15 55785.73255468 51.865
 115 127.037785  64.103656    62.578    62.685 15 55795.64818781 26.109
 116 127.016513  64.109708    60.926    60.443  6 55805.56382493 28.050
 117 127.015832  64.110578    62.585    62.692  6 55815.47947393 26.567
 118 127.027616  64.107171    59.986    59.809 11 55825.39512175 40.643
 119 127.038320  64.103393    60.329    60.204 15 55835.31076501 35.237
 120 127.040413  64.102141    60.453    60.533 15 55845.22640375 29.079
 121 127.038424  64.104085    57.686    57.676 15 55855.14203910 49.590
 122 127.014689  64.110851    57.726    57.726  6 55865.05767656 51.853
 123 127.012742  64.112314    57.575    57.562  4 55874.97332941 33.927
 124 127.010951  64.112470    61.450    62.094  5 55884.88897673 19.782
 125 127.014462  64.111186    62.093    62.059  6 55894.80461867 17.860
 126 127.014248  64.111050    61.919    62.268  6 55904.72025480 16.338
 127 127.013072  64.111907    61.635    62.262  5 55914.63589534 16.415
 128 127.013955  64.111936    62.292    62.255  5 55924.55154924 16.243
 129 127.013178  64.111748    61.905    61.886  5 55934.46719984 15.518
 130 127.034761  64.105676    62.373    62.442 13 55944.38284832 15.237
 131 127.039691  64.102070    62.023    62.178 15 55954.29849077 14.855
 132 127.037637  64.101165    61.669    61.816 16 55964.21412954 14.625
 133 127.038868  64.102257    61.918    62.090 16 55974.12976691 14.396
 134 127.017010  64.109197    61.211    61.217  6 55984.04540062 14.149
 135 127.010923  64.112327    61.637    61.672  5 55993.96103386 13.731
 136 127.015517  64.109978    61.392    61.494  6 56003.87668527 13.571
 137 127.038482  64.102839    61.977    62.047 16 56013.79233692 13.086
 138 127.037474  64.101564    61.750    61.812 16 56023.70798262 13.026
 139 127.040819  64.102302    62.176    62.195 15 56033.62362610 12.808
 140 127.015585  64.109961    56.405    56.414  6 56043.53926427 21.797
 141 127.012479  64.112808    56.652    56.639  5 56053.45490218 49.772
 142 127.009183  64.113906    66.458    66.503  4 56063.37053691 35.945
 143 127.011473  64.112199    64.429    64.385  5 56073.28617910 35.349
 144 127.016959  64.109846    63.025    62.994  6 56083.20182980 32.165
 145 127.013173  64.110593    62.381    62.382  6 56093.11747700 37.003
 146 127.013240  64.111495    61.327    61.324  6 56103.03312235 44.158
 147 127.012823  64.111417    62.862    62.824  5 56112.94875331 26.353
 148 127.015050  64.109752    62.837    62.879  6 56122.86439252 23.932
 149 127.036565  64.103914    60.823    60.713 15 56132.78002993 50.596
 150 127.040237  64.102322    62.102    62.016 15 56142.69566785 33.683
 151 127.038512  64.102956    60.148    60.168 16 56152.61131831 47.801
 152 127.038877  64.104588    60.623    60.675 14 56162.52696728 49.134
 153 127.014188  64.110335    60.964    60.735  6 56172.44261164 32.092
 154 127.015629  64.109563    60.670    60.430  7 56182.35825415 33.326
 155 127.036029  64.104151    62.464    62.650 15 56192.27389503 26.638
 156 127.038557  64.102782    61.436    61.239 16 56202.18953128 28.924
 157 127.038307  64.104451    59.207    59.160 14 56212.10516517 49.113
 158 127.013692  64.112243    58.326    58.324  5 56222.02079443 51.111
 159 127.009323  64.114527    56.797    56.808  3 56231.93644830 33.622
 160 127.010717  64.113826    57.011    57.027  4 56241.85210110 34.635
 161 127.015353  64.111379    57.727    57.723  5 56251.76775007 29.950
 162 127.016429  64.109908    57.868    57.879  6 56261.68339392 30.040
 163 127.016698  64.109857    57.920    57.929  6 56271.59903540 29.358
 164 127.014868  64.110781    57.812    57.829  6 56281.51467609 26.935
 165 127.017529  64.109882    57.769    57.735  6 56291.43032853 24.911
 166 127.037289  64.104602    57.493    57.519 15 56301.34597843 23.049
 167 127.038154  64.102456    57.178    57.176 15 56311.26162218 22.387
 168 127.038462  64.101598    56.991    56.984 15 56321.17726361 21.503
 169 127.036577  64.103046    56.785    56.788 15 56331.09290409 21.854
 170 127.038400  64.104634    57.128    57.029 15 56341.00854438 19.386
 171 127.013081  64.110758    58.137    58.081  6 56350.92417957 18.101
 172 127.017547  64.109566    57.140    57.190  6 56360.83981872 18.843
 173 127.039519  64.103585    56.769    56.658 15 56370.75547099 18.428
 175 127.036606  64.104473    57.847    58.024 14 56390.58676253 17.078
 176 127.016306  64.110371    59.146    59.111  6 56400.50240330 21.163
 177 127.010941  64.112950    56.679    56.683  4 56410.41804303 50.718
 178 127.010426  64.113461    57.828    57.371  4 56420.33367858 38.113
 179 127.012732  64.112559    64.937    64.938  4 56430.24931567 55.338
 180 127.015051  64.110745    62.817    62.816  6 56440.16496920 57.179
 181 127.015019  64.110038    63.054    63.101  7 56450.08062000 27.702
 182 127.015251  64.109665    62.656    62.659  7 56459.99626858 56.420
 183 127.037379  64.104652    61.995    62.631 15 56469.91191623 31.961
 184 127.037835  64.103718    60.511    60.109 15 56479.82755775 41.160
 185 127.039591  64.102863    61.456    61.457 15 56489.74319538 56.435
 186 127.040030  64.103333    62.496    62.486 15 56499.65883023 43.393
 187 127.038858  64.104868    62.172    62.172 14 56509.57446349 54.882
 188 127.012723  64.110743    62.735    62.756  6 56519.49010214 25.569
 189 127.017066  64.109672    62.798    62.765  6 56529.40575626 24.942
 190 127.030794  64.106518    62.243    62.515 12 56539.32140734 29.481
 191 127.038370  64.104318    61.303    61.171 14 56549.23705358 32.045
 192 127.036865  64.104694    62.709    62.798 14 56559.15269641 27.481
 193 127.014941  64.109885    62.459    62.500  6 56569.06833609 26.695
 194 127.010891  64.112460    58.479    58.488  5 56578.98397634 40.238
 195 127.010871  64.113719    57.494    57.489  3 56588.89961327 44.570
 196 127.013040  64.112973    56.712    56.715  4 56598.81525753 47.145
 197 127.013621  64.111343    57.792    57.812  6 56608.73090873 31.906
 198 127.015186  64.110539    57.477    57.459  6 56618.64655500 25.793
 199 127.013899  64.110852    57.473    57.504  6 56628.56219762 20.480
 200 127.013825  64.110820    58.438    57.771  6 56638.47783739 17.490
 201 127.026972  64.107255    59.874    59.158 11 56648.39348255 17.480
 202 127.039316  64.102983    60.475    60.542 15 56658.30913557 15.656
 203 127.038264  64.102286    60.340    60.557 16 56668.22478295 14.983
 204 127.040230  64.102873    61.146    61.083 15 56678.14042807 14.857
 205 127.036753  64.105020    61.006    61.156 14 56688.05607126 14.697
 206 127.016219  64.109531    59.654    59.751  7 56697.97171042 14.606
 207 127.018335  64.108941    60.059    59.850  8 56707.88734746 14.628
 208 127.035722  64.105160    61.210    61.176 14 56717.80298644 13.953
 209 127.037885  64.104175    61.138    61.051 15 56727.71863951 13.855
 210 127.039085  64.104909    62.001    61.799 12 56737.63428833 13.296
 211 127.013078  64.111446    60.840    60.659  5 56747.54993055 13.652
 212 127.011388  64.112851    61.171    61.256  5 56757.46557095 11.961
 213 127.012119  64.112945    57.462    57.477  4 56767.38120577 21.538
 214 127.013718  64.111525    58.733    58.573  6 56777.29685020 34.845
 215 127.015189  64.110026    61.712    61.897  7 56787.21250665 36.691
 216 127.016760  64.109351    63.198    63.199  6 56797.12815952 39.138
 217 127.016856  64.109466    62.957    62.951  7 56807.04380708 30.759
 218 127.034077  64.105856    61.846    61.607 13 56816.95945034 38.806
 219 127.037382  64.104060    61.214    61.192 15 56826.87508868 51.025
 220 127.037753  64.102938    60.776    60.745 15 56836.79072332 41.594
 221 127.037109  64.103792    59.896    59.906 15 56846.70635462 55.354
 222 127.036291  64.104903    62.095    62.522 14 56856.62200436 31.347
 223 127.014137  64.110208    59.259    59.224  6 56866.53765523 53.793
 224 127.016884  64.109559    62.613    62.728  7 56876.45330757 26.851
 225 127.038952  64.104354    59.600    59.550 14 56886.36895894 49.737
 226 127.037292  64.103282    60.961    60.577 15 56896.28460504 29.291
 227 127.036235  64.103625    61.633    62.612 15 56906.20024816 26.947
 228 127.033983  64.105837    62.546    62.750 13 56916.11588888 28.027
 229 127.013440  64.112063    62.761    62.649  5 56926.03152574 25.698
 230 127.010022  64.114127    60.666    60.565  4 56935.94716124 32.688
 231 127.009197  64.114216    58.002    58.011  4 56945.86279185 48.827
 232 127.014640  64.110862    57.012    57.010  5 56955.77844477 48.538
 233 127.041768  64.104367    57.189    56.623 13 56965.69409700 35.040
 234 127.016198  64.109631    57.401    57.439  6 56975.60973900 27.415
 235 127.014518  64.111307    57.658    57.706  5 56985.52537896 22.879
 236 127.011439  64.112260    60.398    60.390  5 56995.44101341 16.816
 237 127.016036  64.109618    61.403    61.429  6 57005.35665586 15.994
 238 127.039636  64.102350    61.437    61.219 15 57015.27231368 15.989
 239 127.040095  64.101510    61.448    61.471 16 57025.18796455 15.282
 240 127.038082  64.103771    62.001    62.084 14 57035.10361278 14.824
 241 127.017585  64.109766    60.739    60.717  6 57045.01925650 14.073
 242 127.014992  64.110917    60.896    60.692  5 57054.93489924 13.171
 243 127.016602  64.109438    60.495    60.456  7 57064.85053768 13.135
 244 127.037711  64.104768    61.547    61.348 14 57074.76617341 12.725
 245 127.016666  64.109789    60.872    61.143  6 57084.68180113 13.092
 246 127.013753  64.112007    60.935    60.945  5 57094.59745404 12.711
 247 127.009576  64.114165    61.628    61.391  3 57104.51311002 11.741
 248 127.010169  64.114190    61.791    61.838  4 57114.42876237 11.598
 249 127.012608  64.112123    60.863    60.833  4 57124.34440889 11.248
 250 127.015373  64.109717    58.865    58.802  7 57134.26005018  9.098
 251 127.036623  64.105266    59.459    58.729 14 57144.17568891 30.130
 252 127.016397  64.110310    58.923    58.095  6 57154.09132048 38.986
 253 127.010785  64.112810    64.858    64.859  5 57164.00695633 56.639
 254 127.012035  64.111912    62.083    62.076  5 57173.92261345 55.884
 255 127.035727  64.105400    63.078    63.134 14 57183.83826974 34.154
 256 127.037974  64.102628    62.707    62.706 15 57193.75391981 38.628
 257 127.040187  64.101501    61.637    61.601 16 57203.66956737 51.313
 258 127.037124  64.103642    62.267    62.533 15 57213.58520082 28.959
 259 127.017528  64.109709    62.633    62.646  6 57223.50084227 28.385
 260 127.014335  64.111491    62.773    62.741  5 57233.41648385 28.005
 261 127.015087  64.110785    59.256    59.261  6 57243.33212304 40.181
 262 127.015108  64.109676    61.101    61.205  6 57253.24775970 28.598
 263 127.014786  64.110231    58.610    58.606  6 57263.16339470 47.893
 264 127.010849  64.113225    59.474    59.058  5 57273.07903115 33.497
 265 127.006543  64.115443    57.559    57.542  3 57282.99468802 38.900
 266 127.008402  64.114980    62.669    63.005  3 57292.91034304 32.053
 267 127.012694  64.112186    58.783    57.616  4 57302.82599506 37.332
 268 127.039041  64.104793    57.121    57.096 14 57312.74164562 51.506
 269 127.038327  64.103616    57.265    56.535 14 57322.65728990 48.444
 270 127.037578  64.104333    58.972    58.893 14 57332.57293189 33.557
 271 127.015838  64.109897    57.033    57.018  7 57342.48856953 33.440
 272 127.016122  64.109418    56.923    56.882  7 57352.40422167 33.251
 273 127.037173  64.104288    58.890    59.072 14 57362.31986826 26.416
 274 127.036971  64.102723    60.363    60.264 15 57372.23550937 23.369
 275 127.038843  64.102423    61.906    62.182 16 57382.15114874 20.283
 276 127.038794  64.104263    61.066    61.238 15 57392.06678725 19.517
 277 127.013561  64.111413    59.723    59.785  5 57401.98242209 19.274
 278 127.010842  64.112940    59.446    59.489  4 57411.89806428 18.543
 279 127.013755  64.111289    59.839    59.932  6 57421.81371662 17.908
 280 127.017054  64.109490    60.106    59.788  7 57431.72936631 17.028
 281 127.016806  64.109528    60.173    60.111  6 57441.64501358 16.884
 282 127.014567  64.111246    60.487    60.462  5 57451.56065971 15.929
 283 127.013485  64.112662    61.003    61.329  4 57461.47630437 15.427
 284 127.013653  64.112924    61.479    61.525  4 57471.39194580 14.924
 285 127.011168  64.112528    60.555    60.693  5 57481.30758308 14.805
 286 127.014665  64.110668    60.628    60.674  5 57491.22321803 14.638
 287 127.012617  64.110960    60.454    60.202  6 57501.13885030 13.402
 288 127.016202  64.110303    60.985    60.887  6 57511.05449842 34.711
 289 127.014424  64.110387    62.212    62.821  6 57520.97015385 34.197
 290 127.016871  64.109424    62.022    62.022  7 57530.88580722 55.908
 291 127.038897  64.104206    62.496    62.453 14 57540.80145942 55.322
 292 127.039839  64.102912    63.201    63.169 15 57550.71710649 51.086
 293 127.038318  64.103028    62.084    62.015 16 57560.63275176 31.972
 294 127.038196  64.104103    62.814    62.940 14 57570.54839655 28.157
 295 127.015357  64.109699    62.787    62.799  7 57580.46403868 26.028
 296 127.014227  64.110802    62.850    62.845  6 57590.37968146 24.575
 297 127.015556  64.110604    61.578    61.469  6 57600.29532184 36.616
