# NaN NaN NaN ;Mean Elev.(m), Avg Gradient(m/km), RMS Gradient(m/km) - SRTM1     
#   30.780  -0.584   1.919 ;Mean Elev.(m), Avg Gradient(m/km), RMS Gradient(m/km) - ASTER GDEM
#   25.012  -2.433   7.406 ;Mean Elev.(m), Avg Gradient(m/km), RMS Gradient(m/km) - GMTED2010 
   1 124.878014  64.950541   113.187   118.259  4 54667.13475871  4.446
   2 124.882520  64.952312   110.185   116.642  4 54677.05040371  2.229
   3 124.879518  64.953700    -0.572    -0.160 11 54686.96604664 12.961
   4 124.882002  64.954885    97.353    97.751 11 54696.88168829 27.290
   5 124.880025  64.953391     7.807     7.623 12 54706.79732861 13.013
   6 124.882689  64.951552   101.557   100.981 12 54716.71298080 23.477
   7 124.885471  64.949772    12.725    12.723 13 54726.62863053 14.926
   8 124.884280  64.949467    96.548    96.738 13 54736.54427830 27.912
   9 124.883190  64.951161    95.879    95.917 12 54746.45992564 27.475
  10 124.880208  64.952537    47.579    47.560 11 54756.37557238 36.965
  11 124.880985  64.952462    46.934    46.925 11 54766.29121767 49.320
  12 124.884242  64.950654    46.487    46.483 13 54776.20685998 41.877
  13 124.887234  64.948941    47.289    47.327 13 54786.12249982 25.548
  14 124.886208  64.948630    47.248    47.299 12 54796.03813806 24.925
  15 124.884441  64.950191    47.115    47.142 13 54805.95377583 21.134
  16 124.880961  64.951290    47.472    47.497 12 54815.86941281 19.272
  17 124.882325  64.952284    47.559    47.596 12 54825.78506016 18.236
  18 124.884329  64.952272    47.528    47.533 12 54835.70069973 16.966
  19 124.881951  64.952339    47.429    47.390 11 54845.61634915 16.333
  20 124.879725  64.953079    47.258    47.226 12 54855.53199795 15.759
  21 124.878320  64.954487    47.175    47.029 11 54865.44764681 15.435
  22 124.880520  64.955250    46.989    46.932 11 54875.36329556 14.878
  23 124.880154  64.954139    46.949    46.908 12 54885.27894115 14.727
  24 124.881503  64.952022    46.926    46.850 12 54895.19458339 14.311
  25 124.884634  64.950554    47.078    47.017 12 54905.11022315 14.304
  26 124.885049  64.950267    47.126    47.006 13 54915.02586156 13.342
  27 124.884216  64.951100    47.352    47.279 12 54924.94149952 11.692
  28 124.881087  64.951499    47.172    47.138 12 54934.85713650 11.996
  29 124.881947  64.951080    47.363    47.370 12 54944.77277183 23.878
  30 124.885037  64.949414    47.491    47.411 13 54954.68840493 32.832
  31 124.889108  64.948598    97.678    96.815 13 54964.60405146 19.770
  32 124.888825  64.948922   123.862   126.416 10 54974.51969964  5.088
  34 124.881939  64.951758    51.654    51.656 12 54994.35099462 40.903
  35 124.880429  64.952513    50.992    50.958 12 55004.26664090 23.594
  36 124.882447  64.952861    50.189    50.280 12 55014.18228537 24.251
  37 124.883252  64.952835    49.385    49.578 12 55024.09792829 27.537
  38 124.880169  64.953115    49.515    49.559 12 55034.01357024 24.757
  39 124.879236  64.953634    48.459    48.522 12 55043.92921167 30.972
  40 124.880820  64.953398    48.654    48.673 12 55053.84485163 28.194
  41 124.880615  64.951498    97.756    95.772 12 55063.76048908 25.627
  42 124.883069  64.950225   104.610   105.243 12 55073.67613493 11.557
  43 124.884113  64.949632    48.171    47.943 13 55083.59178307 29.287
  44 124.882671  64.949990    48.204    48.291 12 55093.50742951 30.630
  45 124.883248  64.950994    48.592    48.572 12 55103.42307606 29.251
  46 124.884682  64.951853    48.465    48.341 12 55113.33872244 28.413
  47 124.883218  64.951143    47.973    47.991 13 55123.25436602 32.971
  48 124.885163  64.950260    46.828    46.725 12 55133.17000699 45.885
  49 124.884057  64.949125    46.005    45.949 13 55143.08564556 37.489
  50 124.885710  64.949657    47.045    46.902 13 55153.00128387 27.764
  51 124.884763  64.950570    47.040    46.940 12 55162.91692228 25.723
  52 124.880681  64.951085    47.170    47.108 12 55172.83256005 22.634
  53 124.883644  64.951753    47.161    47.107 12 55182.74819702 22.085
  54 124.881650  64.952088    47.101    47.143 11 55192.66384810 21.950
  55 124.880285  64.952855    47.082    46.966 11 55202.57949805 20.771
  56 124.879402  64.953746    46.910    46.839 12 55212.49514743 20.449
  57 124.880686  64.954244    46.754    46.778 11 55222.41079655 19.468
  58 124.881977  64.953443    46.686    46.657 11 55232.32644427 19.609
  59 124.879868  64.951307    46.829    46.902 12 55242.24208839 19.767
  60 124.885728  64.950680    46.952    47.001 12 55252.15772994 20.217
  61 124.885204  64.950362    46.854    46.808 12 55262.07336866 19.604
  62 124.881594  64.950662    47.151    47.199 12 55271.98900617 18.268
  63 124.883943  64.951317    47.218    47.176 12 55281.90464409 18.416
  64 124.883470  64.950549    47.268    47.238 13 55291.82028047 17.654
  65 124.884565  64.949241    47.215    47.267 13 55301.73591483 17.599
  66 124.887377  64.948988    46.684    46.641 13 55311.65156282 24.500
  67 124.884937  64.949044    46.710    46.462 12 55321.56720803 37.405
  68 124.883006  64.950054    95.613    94.470 13 55331.48285222 19.558
  69 124.884230  64.951626   100.134   100.201 12 55341.39849673 25.290
  70 124.879957  64.951573    50.861    50.902 12 55351.31414044 23.781
  71 124.882949  64.952005    97.531    97.695 12 55361.22978266 27.640
  72 124.883270  64.952267    49.793    49.831 12 55371.14542251 26.131
  73 124.887447  64.953545    49.678    49.768 10 55381.06106129 27.299
  74 124.881324  64.953452    50.103    50.101 11 55390.97669831 56.399
  75 124.880586  64.952917    48.708    48.646 12 55400.89233456 47.155
  76 124.884891  64.951950    48.497    48.689 12 55410.80798374 27.051
  77 124.884325  64.949773    48.671    48.524 12 55420.72363353 23.908
  78 124.887679  64.949184    47.828    47.774 13 55430.63928075 38.145
  79 124.885623  64.949913    95.112    95.182 13 55440.55492524 22.286
  81 124.879788  64.951429    48.309    48.038 12 55460.38621060 27.546
  82 124.862087  64.947887    99.353    94.744  4 55470.30185031 15.917
  83 124.884309  64.949085    46.836    46.855 13 55480.21749092 25.997
  84 124.888290  64.948528    46.409    46.383 13 55490.13312713 39.347
  85 124.888055  64.948991    46.346    46.362 13 55500.04876082 40.074
  86 124.884665  64.950400    46.562    46.544 13 55509.96440203 25.797
  87 124.882491  64.951794    46.752    46.747 12 55519.88005175 21.323
  88 124.881306  64.952219    46.970    46.976 12 55529.79570052 19.435
  89 124.880491  64.951876    46.921    46.920 12 55539.71134755 18.955
  90 124.883881  64.952372    46.777    46.743 12 55549.62699282 17.275
  91 124.879036  64.952686    46.693    46.712 12 55559.54263567 16.028
  92 124.877982  64.953742    46.765    46.767 11 55569.45827809 15.010
  93 124.880413  64.953889    46.931    47.020 11 55579.37391984 14.211
  94 124.881994  64.951864    46.855    46.827 11 55589.28955879 13.909
  95 124.885442  64.949150    46.918    46.879 12 55599.20519479 12.878
  96 124.887993  64.947724    47.072    46.934 13 55609.12082834 12.613
  97 124.888499  64.948415    47.131    46.911 12 55619.03646015 11.958
  98 124.883353  64.950392    47.101    47.118 13 55628.95210829 11.962
  99 124.879845  64.951211    46.989    46.940 12 55638.86775906 11.369
 100 124.882938  64.950582    47.007    46.929 12 55648.78340812 10.777
 101 124.886038  64.948808    47.113    47.119 13 55658.69905401 10.355
 102 124.889086  64.948296    47.416    47.683 13 55668.61469611 10.248
 103 124.886388  64.949244    46.848    46.708 13 55678.53033541 33.776
 104 124.882993  64.951084    47.409    47.071 13 55688.44597279 36.951
 105 124.879537  64.952025   102.636    98.309 12 55698.36160874 10.012
 106 124.884011  64.952229    50.127    50.176 12 55708.27724565 28.682
 107 124.883534  64.951548    50.182    50.143 12 55718.19289653 23.025
 108 124.881537  64.951369    50.559    50.534 12 55728.10854470 20.961
 109 124.880942  64.952325    49.552    49.750 12 55738.02419151 24.331
 110 124.880896  64.953500    48.737    48.703 12 55747.93983713 32.597
 111 124.884794  64.953878    48.658    48.543 11 55757.85548082 47.929
 112 124.861876  64.948802   107.930   105.393  5 55767.77111901  8.522
 113 124.901353  64.951400    48.003    48.026  7 55777.68676032 33.847
 114 124.893907  64.948696   126.701   127.187 12 55787.60239444  3.074
 115 124.888967  64.948712    48.209    48.012 13 55797.51802751 27.711
 116 124.884465  64.950154    95.016    94.960 12 55807.43367042 22.372
 117 124.880146  64.951075    48.444    48.332 12 55817.34931915 25.594
 118 124.882867  64.950470    48.260    48.243 12 55827.26496484 26.342
 119 124.886866  64.949013    47.981    47.946 13 55837.18060622 42.880
 120 124.888754  64.947895    46.882    46.783 12 55847.09624425 38.226
 121 124.887404  64.948735    46.618    46.589 13 55857.01187970 44.106
 122 124.881861  64.950605    46.674    46.624 12 55866.92752346 41.814
 123 124.880013  64.952728    47.014    46.965 12 55876.84317564 17.739
 124 124.881313  64.953157    47.507    47.484 12 55886.75882176 16.375
 125 124.879900  64.951944    47.498    47.378 12 55896.67446181 16.042
 126 124.882191  64.951071    47.422    47.351 12 55906.59009709 14.933
 127 124.880127  64.951298    47.398    47.031 12 55916.50574175 14.668
 128 124.879456  64.952487    47.518    47.431 12 55926.42139530 13.979
 129 124.879489  64.952784    47.487    47.282 12 55936.33704554 13.427
 130 124.885107  64.951924    47.472    47.399 12 55946.25269131 12.961
 131 124.885084  64.949548    47.363    47.357 12 55956.16833195 12.669
 132 124.888364  64.948697    47.497    47.354 13 55966.08397038 12.350
 133 124.887377  64.949389    47.506    47.371 13 55975.99960741 12.385
 134 124.883936  64.950520    47.520    47.621 12 55985.91524341 12.275
 135 124.882763  64.950898    47.519    47.488 12 55995.83087913 12.019
 136 124.884341  64.950509    47.733    47.524 13 56005.74653102 11.566
 137 124.886708  64.949279    47.742    47.615 13 56015.66217894 11.437
 138 124.887464  64.949072    47.835    47.736 13 56025.57782382 11.329
 139 124.884057  64.950116    47.905    48.009 13 56035.49346662 10.904
 140 124.883487  64.952143    47.897    47.873 12 56045.40910773  8.717
 141 124.882307  64.953230    93.896    93.676 12 56055.32474591 23.228
 142 124.879285  64.952471    52.008    52.012 12 56065.24037987 38.622
 143 124.881473  64.952049   100.025   100.060 11 56075.15602529 27.015
 144 124.881780  64.952123    50.678    50.623 12 56085.07167476 25.958
 145 124.882073  64.952377    50.986    50.990 12 56094.98732186 54.798
 146 124.885356  64.952985    49.779    49.777 10 56104.90296711 49.655
 147 124.879791  64.951430    50.023    49.937 12 56114.81859690 21.075
 148 124.882036  64.950421    49.368    49.432 12 56124.73423525 24.384
 149 124.885268  64.949118    99.933    97.349 12 56134.64986968 14.704
 150 124.887431  64.948889    49.996    49.927 12 56144.56551046 20.815
 151 124.885666  64.949531    48.478    48.256 12 56154.48116053 33.691
 152 124.911316  64.954401    48.084    48.085  3 56164.39681224 37.712
 153 124.890404  64.952268    49.041    48.960  9 56174.31245712 24.128
 154 124.908797  64.954280    48.999    49.012  3 56184.22810073 55.229
 155 124.884124  64.949724    95.988    95.945 13 56194.14373620 21.172
 156 124.885363  64.949412    95.472    95.390 12 56204.05937144 27.527
 157 124.898788  64.952032    46.245    46.304  8 56213.97500641 32.584
 158 124.884660  64.951661    47.489    47.435 12 56223.89063985 46.476
 159 124.879468  64.952556    46.817    46.750 12 56233.80629541 42.461
 160 124.880424  64.952994    46.761    46.782 12 56243.72194751 28.235
 161 124.881791  64.952736    47.091    47.093 11 56253.63759485 26.620
 162 124.879918  64.952248    47.245    47.195 12 56263.55323756 24.278
 163 124.881390  64.952477    47.189    47.190 12 56273.46887877 24.181
 164 124.883462  64.952462    47.206    47.220 12 56283.38452243 20.288
 165 124.883407  64.951671    47.170    47.122 12 56293.30017398 19.475
 166 124.885404  64.950577    47.014    47.054 12 56303.21582128 18.857
 167 124.883737  64.949592    46.905    46.934 13 56313.13146412 17.510
 168 124.884108  64.950051    46.875    46.861 12 56323.04710509 17.233
 169 124.881486  64.950679    46.893    46.837 12 56332.96274518 16.424
 170 124.882984  64.951105    46.922    46.930 12 56342.87838512 15.261
 171 124.884339  64.950572    47.000    46.977 13 56352.79402268 14.500
 172 124.885625  64.949839    47.072    46.889 12 56362.70966438 14.127
 173 124.885106  64.949979    47.046    46.982 13 56372.62531346 13.740
 175 124.880988  64.952456    47.196    47.099 12 56392.45660403 13.036
 176 124.880549  64.953227    47.783    47.729 12 56402.37224676 23.859
 177 124.880241  64.953101    93.498    93.711 11 56412.28788663 23.690
 178 124.879678  64.952086    94.662    94.548 12 56422.20352143 16.411
 179 124.880041  64.951887   104.309   100.485 12 56432.11916254 14.309
 180 124.879075  64.952519    98.471    98.225 12 56442.03481512 28.427
 181 124.880028  64.953229    49.995    50.084 11 56451.95046532 23.516
 182 124.882637  64.952880    50.772    50.778 12 56461.86611315 34.734
 183 124.882467  64.951214    49.308    49.503 12 56471.78175735 26.995
 184 124.884634  64.949873    48.993    49.070 12 56481.69739828 29.079
 185 124.884241  64.949404    49.031    48.929 12 56491.61303528 27.171
 186 124.882679  64.949817    49.050    48.895 12 56501.52866976 31.112
 187 124.890002  64.951514    50.374    50.424 11 56511.44430365 54.135
 188 124.886486  64.951240   109.917   112.154 12 56521.35994886 14.764
 189 124.883496  64.950443    49.589    49.597 12 56531.27560159 43.126
 191 124.884790  64.950243    48.277    48.093 13 56551.10689599 28.696
 192 124.880215  64.951279    95.591    95.293 12 56561.02253839 17.389
 193 124.879516  64.953025   101.709    96.234 12 56570.93818008 14.254
 194 124.879430  64.953871    47.030    47.046 12 56580.85382024 42.656
 195 124.882282  64.953127    46.638    46.615 12 56590.76945645 44.928
 196 124.881474  64.951860    46.203    46.333 12 56600.68510387 25.775
 197 124.882937  64.951855    46.807    46.811 12 56610.60075415 21.441
 198 124.880057  64.952464    46.752    46.749 12 56620.51639941 17.862
 199 124.879285  64.953170    46.827    46.860 11 56630.43204181 16.235
 200 124.881084  64.952523    46.951    46.936 11 56640.34768077 15.619
 201 124.885027  64.950835    47.029    46.973 12 56650.26332764 15.568
 202 124.883689  64.948847    47.071    47.078 13 56660.17897816 13.897
 203 124.885359  64.949126    47.051    47.083 13 56670.09462551 13.517
 204 124.882309  64.950809    46.878    46.865 12 56680.01027029 13.520
 205 124.881870  64.952501    46.863    46.831 12 56689.92591357 13.175
 206 124.879507  64.952002    46.920    46.828 12 56699.84155344 12.099
 207 124.884548  64.950662    47.335    47.195 12 56709.75718926 12.217
 208 124.885347  64.949498    47.239    47.104 12 56719.67283023 11.721
 209 124.883115  64.950165    47.585    47.326 12 56729.58848229 12.179
 210 124.883086  64.952747    47.633    47.419 12 56739.50413079 10.841
 211 124.876616  64.954143    47.613    47.512 11 56749.41977467 10.408
 212 124.881740  64.955080    46.692    46.593 11 56759.33541482 24.218
 213 124.879659  64.953058    47.019    46.968 11 56769.25104783 32.193
 214 124.882122  64.952028    46.907    46.901 11 56779.16669736 29.024
 216 124.881938  64.953170   111.912   108.577 11 56798.99800521 24.210
 217 124.861246  64.951493   120.410   120.156  5 56808.91364927  3.533
 218 124.878962  64.953313    50.136    50.030 11 56818.82929151 24.601
 219 124.881075  64.951310    97.051    97.231 12 56828.74492839 26.980
 220 124.885806  64.949197    49.091    49.111 12 56838.66056231 27.400
 221 124.886796  64.948404    48.652    48.691 12 56848.57619354 54.502
 222 124.883667  64.950136    49.118    49.203 13 56858.49184795 23.055
 223 124.882540  64.952520    48.044    47.997 12 56868.40750156 49.612
 224 124.881410  64.953163    48.379    48.548 11 56878.32315303 27.187
 225 124.883480  64.952468    48.219    48.140 12 56888.23880141 29.187
 226 124.883669  64.951070    48.504    48.558 12 56898.15444687 24.993
 227 124.885101  64.951604    47.879    47.921 12 56908.07009000 43.556
 228 124.883676  64.953460    47.956    47.992 11 56917.98573092 46.019
 229 124.878416  64.954780    48.463    48.617 11 56927.90136944 24.880
 230 124.878811  64.955008    47.744    47.736 11 56937.81700436 50.004
 231 124.879538  64.953116    46.711    46.675 12 56947.73263654 47.120
 232 124.879961  64.951541    46.005    45.934 12 56957.64829006 37.341
 233 124.881445  64.951107    45.816    45.837 12 56967.56393840 29.361
 234 124.880851  64.951815    46.645    46.670 12 56977.47958262 21.900
 235 124.880914  64.952760    46.904    46.889 11 56987.39522243 18.421
 236 124.879389  64.951824    46.864    46.892 12 56997.31085601 17.498
 237 124.881629  64.950415    46.933    46.912 12 57007.22650288 15.750
 238 124.884784  64.949282    47.037    47.020 12 57017.14215689 15.647
 239 124.884227  64.949129    46.950    46.920 12 57027.05780704 15.482
 240 124.883306  64.950847    47.163    47.028 12 57036.97345541 13.935
 241 124.881587  64.952408    47.373    47.237 12 57046.88910111 13.257
 242 124.879162  64.952531    46.966    46.883 12 57056.80474304 13.265
 243 124.881636  64.951503    47.113    47.090 12 57066.72037996 13.220
 244 124.882125  64.950393    47.121    47.023 12 57076.63601234 12.548
 245 124.884262  64.950425    47.213    47.162 12 57086.55164223 11.981
 246 124.879161  64.952233    47.503    47.470 12 57096.46730081 11.499
 247 124.878213  64.954300    48.176    47.986 11 57106.38295698 15.103
 248 124.880840  64.955220    47.811    47.719 11 57116.29860868 10.888
 249 124.880333  64.953901    47.970    47.821 12 57126.21425368 11.283
 250 124.883284  64.952582    47.283    47.440 12 57136.12989364 21.846
 251 124.882216  64.951263    46.917    46.674 12 57146.04552902 31.114
 252 124.882931  64.951186    47.800    47.795 13 57155.96116221 37.524
 253 124.883328  64.951672    52.741    52.797 12 57165.87680395 38.490
 254 124.881150  64.951861    98.116    98.185 12 57175.79246029 29.111
 255 124.882826  64.951236    50.840    50.916 13 57185.70811314 24.530
 256 124.882982  64.950049    50.799    50.793 13 57195.62376174 23.460
 257 124.883581  64.949912    97.300    97.146 13 57205.53939682 27.267
 258 124.885480  64.951370    96.522    96.694 12 57215.45504237 28.849
 260 124.880470  64.952485    95.668    95.811 12 57235.28632791 25.584
 261 124.881767  64.952011    48.224    48.444 12 57245.20196657 30.008
 262 124.884465  64.951587    48.112    48.132 12 57255.11760278 31.004
 263 124.907294  64.954996    47.620    47.632  4 57265.03323976 45.945
 264 124.881100  64.952697    95.476    93.551 11 57274.94887875 24.166
 265 124.881922  64.954255    46.488    46.242 11 57284.86453605 35.344
 266 124.880372  64.954043    47.798    47.888 11 57294.78019016 27.661
 267 124.881329  64.953246    47.140    46.623 11 57304.69584084 30.398
 268 124.880806  64.952227    46.072    46.066 12 57314.61148752 45.848
 269 124.879314  64.951848    46.315    46.268 12 57324.52713095 42.951
 270 124.881231  64.952204    46.240    46.203 12 57334.44277284 22.716
 271 124.879485  64.951793    46.499    46.460 12 57344.35841243 23.954
 272 124.883790  64.952071    46.945    46.779 12 57354.27406675 20.025
 273 124.882061  64.950916    46.861    46.889 12 57364.18971044 17.947
 274 124.885771  64.950574    46.929    46.851 12 57374.10535127 17.215
 275 124.884210  64.950509    46.898    46.649 12 57384.02098979 16.543
 276 124.881891  64.950704    46.894    46.799 12 57393.93662782 15.269
 277 124.884202  64.951440    46.931    46.851 12 57403.85226539 15.188
 278 124.884532  64.951654    47.041    47.067 12 57413.76791132 14.496
 279 124.880756  64.951456    47.052    46.761 12 57423.68356245 14.215
 280 124.879279  64.952006    47.133    46.940 12 57433.59921100 13.293
 281 124.881383  64.953582    47.006    46.996 11 57443.51485816 13.123
 282 124.878072  64.954127    47.053    46.852 11 57453.43050411 12.892
 283 124.878730  64.954296    47.115    47.345 11 57463.34614869 12.672
 284 124.879500  64.952978    47.292    46.910 11 57473.26178955 12.525
 285 124.882102  64.951742    47.259    47.022 11 57483.17742682 12.297
 286 124.882279  64.950793    47.415    47.498 12 57493.09306089 11.497
 287 124.882934  64.950949    47.948    47.835 13 57503.00869301  9.018
 288 124.885204  64.951975    47.023    46.622 12 57512.92434523 29.787
 289 124.884195  64.951792    97.474    96.232 12 57522.84000001 17.100
 290 124.883223  64.950702    50.664    50.427 12 57532.75565239 27.763
 291 124.897091  64.951795    50.799    50.704  9 57542.67130306 26.523
 292 124.883312  64.950154    50.740    51.005 13 57552.58694826 26.917
 293 124.881579  64.951072    50.271    50.226 12 57562.50259327 24.283
 294 124.883647  64.952454    49.578    49.314 12 57572.41823823 27.719
 295 124.880555  64.952184    48.900    48.917 12 57582.33388252 28.340
 296 124.880703  64.951718    49.648    49.628 12 57592.24952525 39.333
 297 124.881667  64.951633    50.086    50.125 12 57602.16516550 21.275
