# NaN NaN NaN ;Mean Elev.(m), Avg Gradient(m/km), RMS Gradient(m/km) - SRTM1     
#  182.411  -4.905  34.299 ;Mean Elev.(m), Avg Gradient(m/km), RMS Gradient(m/km) - ASTER GDEM
#  131.197  -5.264  36.439 ;Mean Elev.(m), Avg Gradient(m/km), RMS Gradient(m/km) - GMTED2010 
   2 116.940131  60.367226   149.403   149.400  3 54669.08442724 41.496
   8 116.943500  60.366926   235.137   235.137  2 54728.57829927  4.899
  11 116.938158  60.368648   146.991   146.991  2 54758.32524107 20.230
  12 116.938454  60.368517   147.067   147.047  3 54768.24088603 46.206
  13 116.939222  60.366768   146.509   146.509  2 54778.15652745 34.436
  14 116.940710  60.365206   146.738   146.738  2 54788.07216648 22.387
  15 116.942403  60.365220   150.396   147.421  3 54797.98780460 18.728
  16 116.940013  60.365196   146.606   146.606  2 54807.90344220 18.411
  17 116.940430  60.366070   156.357   156.346  3 54817.81907960 15.629
  18 116.938763  60.366908   156.433   156.433  2 54827.73472976 14.825
  19 116.938712  60.367985   155.439   155.469  3 54837.65036881 14.512
  20 116.937141  60.369070   152.600   155.203  3 54847.56601811 14.247
  21 116.937440  60.370781   155.451   155.326  3 54857.48166717 12.422
  22 116.937908  60.372268   155.328   155.394  3 54867.39731634 11.413
  23 116.935550  60.371155   155.386   155.516  3 54877.31296428 12.124
  24 116.937089  60.369881   155.738   155.354  3 54887.22860951 12.211
  25 116.938017  60.368167   155.917   155.917  2 54897.14425123 12.217
  26 116.939588  60.367817   156.243   156.250  3 54907.05989046 10.847
  27 116.938650  60.367531   156.371   156.371  2 54916.97552818 10.663
  28 116.937519  60.367242   156.228   156.228  2 54926.89116569 11.005
  30 116.941430  60.365782   146.770   146.770  2 54946.72243803 30.597
  31 116.943201  60.363779   152.773   152.796  3 54956.63807115 30.602
  33 116.941113  60.364694   150.940   150.951  3 54976.46936735 40.180
  35 116.938068  60.366784   154.321   154.321  2 54996.30066294 34.786
  36 116.939461  60.368027   153.405   153.371  3 55006.21630945 49.882
  37 116.937945  60.368172   152.304   150.871  3 55016.13195332 13.349
  38 116.936747  60.368723   149.930   149.936  3 55026.04759580 40.138
  39 116.938207  60.370580   149.796   149.651  3 55035.96323816 46.650
  40 116.937179  60.369995   148.685   148.685  2 55045.87887910 42.431
  41 116.938492  60.368088   148.296   148.296  2 55055.79451827 24.567
  42 116.940005  60.365168   151.000   150.666  3 55065.71015503 46.877
  43 116.941965  60.365178   150.398   150.241  3 55075.62580380 35.903
  44 116.940419  60.365853   149.221   149.221  2 55085.54145160 47.719
  45 116.937535  60.366812   148.725   148.662  3 55095.45709777 20.906
  46 116.937543  60.367727   157.125   157.292  3 55105.37274403 14.475
  47 116.937841  60.367320   151.126   148.575  3 55115.28838990 15.216
  48 116.940637  60.366758   147.732   147.724  3 55125.20403358 37.337
  49 116.941066  60.365699   147.348   147.365  3 55135.11967429 35.978
  50 116.940485  60.365246   147.223   147.223  2 55145.03531279 34.523
  51 116.941046  60.366412   156.554   156.554  2 55154.95095080 16.774
  52 116.940023  60.366720   153.391   155.668  3 55164.86658880 15.031
  53 116.938502  60.366182   151.484   148.760  3 55174.78222642 15.610
  54 116.940640  60.366160   157.110   157.325  3 55184.69786639 12.064
  55 116.939280  60.367061   156.676   156.658  3 55194.61351747 12.163
  56 116.937136  60.368685   155.760   155.760  2 55204.52916735 11.771
  57 116.936442  60.370760   155.323   155.232  3 55214.44481682 10.342
  58 116.936969  60.371563   155.189   155.274  3 55224.36046577  9.746
  59 116.936936  60.369764   155.754   155.333  3 55234.27611259 10.041
  60 116.938347  60.367024   156.993   156.993  2 55244.19175615 10.052
  61 116.939856  60.365746   157.170   157.180  3 55254.10739684  9.628
  62 116.940112  60.366677   157.012   157.012  2 55264.02303571  8.025
  63 116.937870  60.367794   156.516   156.516  2 55273.93867336  8.304
  64 116.938636  60.368171   153.124   156.331  3 55283.85431068  9.679
  65 116.939423  60.365845   156.850   156.850  2 55293.76994619  7.786
  66 116.943069  60.363933   146.873   146.785  3 55303.68558323 17.959
  67 116.944263  60.363901   147.123   147.124  3 55313.60123074 31.138
  68 116.942056  60.364828   408.573   408.628  3 55323.51687607  5.566
  69 116.939963  60.366688   154.714   154.696  3 55333.43252032 39.936
  70 116.938610  60.368015   151.025   151.025  2 55343.34816447 44.259
  71 116.937535  60.367524   152.244   152.176  3 55353.26380800 43.287
  72 116.938918  60.367270   146.150   148.817  3 55363.17944962 19.829
  73 116.937710  60.366704   149.113   148.983  3 55373.09508907 32.611
  74 116.938468  60.367829   152.683   152.683  2 55383.01072754 39.727
  75 116.937156  60.368125   148.692   148.692  2 55392.92636489 35.527
  76 116.938983  60.367810   148.164   148.062  3 55402.84200084 40.375
  77 116.939819  60.366768   149.932   149.969  3 55412.75765256 39.383
  78 116.941636  60.365200   148.267   148.267  2 55422.67330163 42.733
  79 116.941605  60.364027   148.361   148.361  2 55432.58894796 37.646
  80 116.940979  60.365589   149.144   149.121  3 55442.50459278 41.104
  81 116.938727  60.367304   148.858   148.711  3 55452.42023604 41.115
  82 116.937615  60.368122   147.648   147.676  3 55462.33587855 17.880
  83 116.938178  60.366462   154.091   156.622  3 55472.25151913 11.335
  84 116.943174  60.365192   147.531   147.531  2 55482.16715731 33.061
  85 116.943564  60.363111   146.650   146.671  3 55492.08279268 41.913
  86 116.944621  60.363858   147.009   147.009  2 55501.99842666 35.665
  87 116.940249  60.365386   146.422   146.415  3 55511.91407130 39.440
  88 116.938117  60.367505   146.454   146.454  2 55521.82972088 33.050
  89 116.939126  60.368824   146.497   146.521  3 55531.74536936 23.897
  90 116.937166  60.367562   146.834   146.854  3 55541.66101563 22.842
  91 116.937576  60.367470   147.816   147.706  3 55551.57666023 21.674
  92 116.936544  60.368326   147.173   147.293  3 55561.49230345 19.073
  93 116.937958  60.370167   154.513   154.483  3 55571.40794631 16.111
  94 116.938481  60.370027   152.641   155.223  3 55581.32358774 14.637
  95 116.938785  60.367224   156.075   156.075  2 55591.23922570 14.071
  96 116.941557  60.364127   156.542   156.781  3 55601.15486060 14.254
  97 116.944213  60.362469   156.576   156.576  2 55611.07049342 13.972
  98 116.944104  60.362606   157.395   157.368  3 55620.98612528 14.085
  99 116.941525  60.365635   156.000   155.758  3 55630.90177814 12.480
 100 116.938488  60.366482   156.258   156.194  3 55640.81742864 11.731
 101 116.939265  60.365854   156.377   156.372  3 55650.73307666  7.375
 102 116.942490  60.364651   146.849   146.862  3 55660.64872123 17.029
 103 116.943233  60.364034   147.070   147.079  3 55670.56436232 40.804
 105 116.940550  60.366451   149.867   149.831  3 55690.39563943 42.803
 106 116.939202  60.366980   149.505   149.505  2 55700.31127544 43.622
 107 116.939526  60.366799   147.810   147.673  3 55710.22691506 26.555
 108 116.939323  60.366877   152.104   152.104  2 55720.14256527 46.991
 109 116.937394  60.366776   150.721   150.660  3 55730.05821303 39.579
 110 116.937921  60.367851   148.603   148.603  2 55739.97385977 40.461
 111 116.939119  60.369102   148.058   147.980  3 55749.88950532 32.445
 112 116.937783  60.368116   147.649   147.620  3 55759.80514796 25.340
 113 116.939290  60.366766   149.375   149.375  2 55769.72078798 18.460
 114 116.941995  60.364934   151.136   151.136  2 55779.63642476 47.954
 115 116.943995  60.363569   150.159   150.006  3 55789.55205906 46.657
 116 116.944614  60.363418   148.740   148.740  2 55799.46769228 45.270
 117 116.942520  60.364944   149.200   149.308  3 55809.38333919 51.952
 118 116.940707  60.366101   148.559   148.559  2 55819.29898826 23.402
 119 116.940168  60.365258   148.117   148.096  3 55829.21463279 15.461
 120 116.943773  60.364493   147.450   147.450  2 55839.13027324 39.351
 121 116.944540  60.363367   158.690   159.168  3 55849.04591026  9.160
 122 116.944943  60.364148   147.788   147.788  2 55858.96154537 46.790
 123 116.939658  60.365473   147.500   147.401  3 55868.87719335 36.078
 124 116.939368  60.367995   147.011   147.142  3 55878.79284500 34.190
 125 116.938349  60.368070   145.769   145.769  2 55888.70848965 23.886
 126 116.938051  60.366918   146.470   146.470  2 55898.62412847 26.835
 127 116.939790  60.366151   147.433   147.561  3 55908.53976263 23.013
 128 116.938098  60.366812   147.043   147.012  3 55918.45541163 17.302
 129 116.939342  60.368470   152.305   154.687  3 55928.37106507 16.492
 130 116.937774  60.367547   155.935   156.042  3 55938.28671441 15.222
 131 116.939474  60.366502   156.084   155.894  3 55948.20235910 14.706
 132 116.942137  60.365919   156.310   156.397  3 55958.11799938 13.654
 133 116.941058  60.364978   156.534   156.439  3 55968.03363673 13.405
 134 116.940889  60.365294   156.723   156.566  3 55977.94927338 13.078
 135 116.940648  60.365112   156.092   156.092  2 55987.86490926 13.629
 136 116.941483  60.364783   151.355   151.355  2 55997.78054891 13.495
 137 116.941509  60.364832   156.382   156.027  3 56007.69620002 13.405
 138 116.942787  60.365125   156.159   156.160  3 56017.61184712 12.549
 139 116.942087  60.365905   152.709   155.327  3 56027.52749128 12.903
 140 116.939230  60.366575   146.696   146.661  3 56037.44313366  9.050
 143 116.939268  60.366480   154.479   154.482  3 56067.19004567 43.042
 144 116.937634  60.366595   153.425   153.323  3 56077.10569453 47.538
 145 116.938016  60.368002   155.786   155.786  2 56087.02134361 45.290
 146 116.937008  60.368233   153.203   153.229  3 56096.93698991 36.834
 147 116.938510  60.368028   152.222   152.222  2 56106.85263419 49.206
 148 116.940404  60.366693   150.919   150.761  3 56116.76826394 45.643
 149 116.940942  60.364628   153.155   153.087  3 56126.68390136 50.318
 150 116.943470  60.363905   153.342   153.287  3 56136.59953532 48.129
 151 116.942990  60.364751   149.850   149.850  2 56146.51517943 46.566
 152 116.941265  60.365982   148.841   148.841  2 56156.43082902 27.095
 153 116.940228  60.366649   148.435   148.598  3 56166.34647770 47.831
 154 116.940130  60.366214   148.733   148.621  3 56176.26212399 48.918
 155 116.941198  60.365407   151.615   148.375  3 56186.17776537 13.674
 156 116.941219  60.364544   152.565   152.565  2 56196.09340284 14.724
 157 116.941778  60.365184   148.480   148.480  2 56206.00903749 36.601
 158 116.940868  60.365857   147.487   147.487  2 56215.92467045 24.720
 159 116.938853  60.366179   147.156   147.156  2 56225.84030991 38.034
 160 116.937613  60.366773   146.284   146.279  3 56235.75596506 34.258
 161 116.938608  60.367276   147.360   147.360  2 56245.67161654 26.394
 162 116.938247  60.367396   147.487   147.487  2 56255.58726279 22.031
 163 116.937921  60.368188   148.151   148.211  3 56265.50290532 21.276
 164 116.938627  60.369034   148.089   148.047  3 56275.41854629 20.892
 165 116.936809  60.367721   147.934   147.978  3 56285.33419184 16.678
 166 116.939043  60.366677   147.964   147.964  2 56295.24984259 16.049
 167 116.941621  60.365647   151.669   151.669  2 56305.16548918 15.418
 168 116.940551  60.365184   147.260   147.179  3 56315.08113188 13.405
 169 116.940142  60.366797   151.697   151.697  2 56324.99677288 14.883
 170 116.938974  60.367707   149.901   146.871  3 56334.91241284 15.962
 171 116.939700  60.367087   146.833   146.859  3 56344.82805183 18.808
 172 116.941255  60.365054   149.506   146.857  3 56354.74368838 15.972
 173 116.942243  60.364246   146.478   146.478  2 56364.65933311 25.719
 174 116.940455  60.364921   146.685   146.685  2 56374.57498185 26.587
 176 116.937457  60.369386   146.274   146.383  3 56394.40627209 22.512
 178 116.937499  60.368536   146.495   146.495  3 56414.23755311 36.854
 179 116.939650  60.366620   153.412   153.450  3 56424.15318720 48.281
 180 116.938983  60.366426   150.396   150.239  3 56434.06883264 49.499
 181 116.938781  60.368478   151.116   150.953  3 56443.98448501 41.084
 182 116.936706  60.369648   152.800   152.800  2 56453.90013454 12.771
 183 116.937933  60.369633   149.516   149.516  2 56463.81578142 44.703
 184 116.937852  60.367068   148.712   148.720  3 56473.73142442 47.097
 185 116.941990  60.365437   151.114   151.114  2 56483.64706456 47.152
 186 116.942233  60.364436   157.688   157.440  3 56493.56270116 14.340
 187 116.941373  60.365012   150.763   150.668  3 56503.47833569 47.766
 188 116.941051  60.365726   148.744   148.810  3 56513.39396874 25.861
 189 116.940429  60.366377   151.412   151.412  2 56523.30961847 46.863
 190 116.941387  60.366037   148.248   148.248  2 56533.22527064 21.857
 192 116.940324  60.365275   147.052   147.052  2 56553.05656362 36.839
 193 116.939719  60.367701   147.742   147.616  3 56562.97220658 33.879
 194 116.937739  60.369575   145.514   145.514  2 56572.88784805 20.637
 195 116.938014  60.370117   146.825   146.684  3 56582.80348742 28.541
 196 116.939181  60.367814   146.282   146.358  3 56592.71912204 38.019
 197 116.938938  60.366683   146.211   146.211  2 56602.63477309 33.926
 198 116.938575  60.366677   149.789   146.603  3 56612.55042231 21.245
 199 116.938846  60.368160   155.834   156.105  3 56622.46606754 18.345
 200 116.936248  60.368230   156.155   156.195  3 56632.38170946 14.280
 201 116.939193  60.368072   156.202   156.358  3 56642.29734752 16.011
 202 116.939671  60.366276   156.642   156.642  2 56652.21299707 14.465
 203 116.942183  60.365486   156.619   156.539  3 56662.12864699 15.893
 204 116.940535  60.364845   157.243   157.351  3 56672.04429351 14.947
 205 116.938570  60.366516   156.458   156.468  3 56681.95993851 14.451
 206 116.937972  60.368093   156.085   156.081  3 56691.87558155 14.132
 207 116.937972  60.367712   155.987   155.975  3 56701.79122049 14.809
 208 116.940165  60.365589   156.402   156.402  2 56711.70685448 13.250
 210 116.941099  60.366612   156.441   156.685  3 56731.53815124 12.601
 211 116.938162  60.368728   155.271   155.271  2 56741.45379915  7.971
 212 116.936696  60.370643   163.453   163.453  2 56751.36944291  6.973
 213 116.936787  60.370519   146.707   146.643  3 56761.28508147 30.576
 214 116.936799  60.367641   230.888   232.323  3 56771.20071296  7.814
 215 116.938157  60.367695   150.437   150.437  2 56781.11636782 48.865
 216 116.938175  60.368243   150.691   150.691  2 56791.03202264 47.923
 217 116.937544  60.369688   134.364   134.364  2 56800.94767440  7.996
 218 116.936445  60.370319   149.897   149.886  3 56810.86331898 45.422
 219 116.938722  60.370359   151.431   151.363  3 56820.77895912 43.384
 221 116.941515  60.364700   149.139   149.139  2 56840.61022719 38.597
 222 116.943968  60.364047   148.404   148.404  2 56850.52586289 26.519
 223 116.941422  60.365997   147.028   146.987  3 56860.44151745 17.968
 224 116.936939  60.367419   147.244   147.170  3 56870.35717104 44.002
 225 116.936461  60.368524   148.234   148.328  3 56880.27282229 18.622
 226 116.938218  60.368651   149.164   149.164  2 56890.18846998 45.774
 227 116.938015  60.367725   149.950   149.950  2 56900.10411449 31.848
 228 116.938387  60.368753   148.808   147.878  3 56910.01975711 14.355
 229 116.937451  60.370019   149.317   149.317  2 56919.93539789 40.165
 230 116.937467  60.371041   148.213   148.213  2 56929.85103658 14.350
 231 116.936760  60.369595   147.424   147.317  3 56939.76667014 35.640
 232 116.937888  60.367779   146.718   146.528  3 56949.68230696 43.120
 233 116.939365  60.367861   146.169   146.198  3 56959.59795937 36.876
 234 116.938025  60.367432   145.991   145.991  2 56969.51360643 35.685
 235 116.938611  60.367852   147.171   147.171  2 56979.42924993 24.321
 236 116.937694  60.367180   151.439   151.439  2 56989.34488876 20.465
 237 116.940514  60.366121   146.829   146.829  2 56999.26052162 21.153
 238 116.940143  60.365652   151.785   151.785  2 57009.17617371 18.906
 239 116.939848  60.365279   156.099   156.047  3 57019.09182630 16.588
 240 116.939438  60.365708   155.970   155.970  2 57029.00747581 17.650
 241 116.939298  60.367085   155.855   156.087  3 57038.92312370 14.937
 242 116.938234  60.367878   155.577   155.577  2 57048.83876903 14.290
 243 116.936691  60.367105   156.078   156.082  3 57058.75441020 11.909
 244 116.938199  60.366235   155.997   156.078  3 57068.67004599 11.997
 245 116.940052  60.365684   156.336   156.311  3 57078.58567760 11.933
 246 116.940106  60.365793   156.623   156.719  3 57088.50131281 11.987
 247 116.937703  60.368283   155.569   155.569  2 57098.41697139 11.822
 248 116.936152  60.370000   146.318   146.336  3 57108.33262702 18.493
 249 116.937142  60.370285   150.767   150.767  2 57118.24827755 10.423
 250 116.938282  60.369403   146.812   146.867  3 57128.16392180 16.570
 253 116.939615  60.366396   152.977   152.977  2 57157.91082721 46.032
 254 116.940684  60.366527   155.296   156.201  3 57167.82647419 13.940
 255 116.939539  60.366352   151.892   151.846  3 57177.74213019 43.163
 256 116.939425  60.366037   153.491   153.491  2 57187.65778220 45.801
 257 116.939672  60.366315   157.776   157.776  2 57197.57343028 12.556
 258 116.938537  60.366782   151.252   151.448  3 57207.48906471 46.110
 259 116.938786  60.367861   148.958   148.990  3 57217.40470969 14.848
 260 116.937031  60.367285   148.073   148.092  3 57227.32035326 13.105
 261 116.939330  60.367452   146.898   146.898  2 57237.23599518 29.097
 262 116.940155  60.366918   147.842   147.842  2 57247.15163343 18.038
 263 116.938362  60.366149   130.302   130.382  3 57257.06726878  9.927
 264 116.938642  60.367055   145.637   145.637  2 57266.98290327 24.065
 265 116.939278  60.368771   146.382   146.337  3 57276.89854951 42.758
 266 116.938179  60.369400   147.450   147.450  2 57286.81420603 45.114
 267 116.937578  60.368737   145.964   145.964  2 57296.72985953 22.435
 268 116.937096  60.367735   146.156   146.074  3 57306.64550940 44.442
 269 116.937691  60.368220   146.104   146.016  3 57316.56115581 45.448
 270 116.937229  60.368985   146.093   146.093  2 57326.47679900 34.242
 271 116.936974  60.369078   146.559   146.551  3 57336.39244011 22.356
 272 116.938585  60.368960   146.376   146.355  3 57346.30808752 19.167
 273 116.938093  60.367201   147.199   147.199  2 57356.22373460 20.241
 274 116.940103  60.366456   146.590   146.590  2 57366.13937836 18.935
 275 116.939290  60.365870   151.198   151.198  2 57376.05501849 18.840
 276 116.938986  60.366523   150.983   150.983  2 57385.97065686 17.828
 277 116.938362  60.366521   155.966   155.966  2 57395.88629449 15.890
 278 116.940709  60.366417   155.769   156.043  3 57405.80193134 15.838
 279 116.941215  60.366243   156.498   156.498  2 57415.71758067 14.256
 280 116.939716  60.366352   156.146   156.037  3 57425.63323172 14.142
 281 116.939326  60.368309   155.750   155.921  3 57435.54888020 13.383
 282 116.937774  60.370488   155.165   155.165  2 57445.46452697 11.489
 283 116.937621  60.371941   154.871   154.761  3 57455.38017304 11.292
 284 116.936655  60.370669   155.451   155.397  3 57465.29581668 11.228
 285 116.938060  60.367836   156.565   156.526  3 57475.21145652  9.334
 288 116.941403  60.365776   146.002   146.002  2 57504.95835911 18.540
 289 116.937629  60.366989   147.292   147.355  3 57514.87401526 28.306
 290 116.939112  60.367387   150.359   150.359  2 57524.78966947 48.984
 291 116.940824  60.366107   152.769   152.736  3 57534.70532116 50.298
 292 116.940408  60.364810   152.927   153.023  3 57544.62096972 46.084
 293 116.940892  60.366038   151.629   151.629  2 57554.53661649 37.183
 294 116.937028  60.366990   150.191   150.104  3 57564.45226139 38.531
 295 116.938139  60.368958   148.548   148.548  2 57574.36790632 23.164
 296 116.938239  60.368672   148.069   148.075  3 57584.28355042 29.589
 297 116.938571  60.367397   148.453   148.453  2 57594.19919242 30.895
