-106302.305   144.480     0.00   12.03
-106016.274   147.388    10.17   14.43
-105730.234   149.941     8.92   16.66
-105444.187   151.522     5.53   17.88
-105158.132   152.836     4.59   19.77
-104872.068   153.555     2.51   20.20
-104585.996   151.184    -8.29   20.90
-104299.917   148.535    -9.26   20.89
-104013.829   146.286    -7.86   20.05
-103727.733   144.104    -7.63   19.74
-103441.629   144.764     2.31   22.17
-103155.517   145.657     3.12   23.45
-102869.398   147.250     5.57   23.83
-102583.269   149.965     9.49   24.07
-102297.133   151.321     4.74   23.27
-102010.989   151.812     1.71   21.86
-101724.837   152.660     2.96   21.26
-101438.677   156.264    12.60   20.85
-101152.508   161.272    17.50   19.11
-100866.332   165.540    14.91   18.51
-100580.147   170.315    16.69   16.96
-100293.954   175.333    17.54   12.50
-100007.754   175.803     1.64   11.77
 -99721.545   174.617    -4.14   12.40
 -99435.328   171.088   -12.33   12.49
 -99149.103   167.294   -13.26   10.40
 -98862.870   163.084   -14.71    7.25
 -98576.629   160.841    -7.84    6.82
 -98290.380   159.406    -5.01    8.09
 -98004.122   155.993   -11.92   10.33
 -97717.857   150.779   -18.21   14.00
 -97431.584   144.713   -21.19   16.29
 -97145.302   139.085   -19.66   16.40
 -96859.012   133.662   -18.94   16.32
 -96572.715   128.862   -16.76   15.23
 -96286.409   123.273   -19.52   13.14
 -96000.095   119.199   -14.23   10.92
 -95713.773   117.051    -7.50    8.91
 -95427.443   116.761    -1.01    8.01
 -95141.105   117.930     4.08    9.60
 -94854.759   120.993    10.70   10.94
 -94568.404   124.667    12.83   11.32
 -94282.042   127.521     9.97    9.85
 -93995.671   129.891     8.28    8.83
 -93709.293   132.181     8.00    8.96
 -93422.906   134.252     7.23   10.53
 -93136.511   135.944     5.91   10.92
 -92850.108   135.652    -1.02   10.99
 -92563.697   134.679    -3.40   12.42
 -92277.278   130.745   -13.73   15.23
 -91990.851   125.022   -19.98   17.22
 -91704.415   118.329   -23.37   16.67
 -91417.972   111.021   -25.51   12.43
 -91131.520   106.182   -16.89    8.72
 -90845.061   102.793   -11.83    6.73
 -90558.593    99.917   -10.04    7.11
 -90272.117    98.279    -5.72    7.17
 -89985.633    97.728    -1.92    7.79
 -89699.141    96.921    -2.82    8.42
 -89412.641    95.243    -5.86    9.60
 -89126.133    94.118    -3.93   10.06
 -88839.616    93.792    -1.14   10.63
 -88553.092    94.529     2.57   10.74
 -88266.559    95.978     5.06   10.49
 -87980.018    97.213     4.31   10.13
 -87693.469    99.821     9.10    9.27
 -87406.912   101.679     6.48    7.97
 -87120.347   103.617     6.76    5.47
 -86833.774   105.461     6.43    4.16
 -86547.193   107.130     5.83    5.59
 -86260.603   109.113     6.92    6.93
 -85974.006   111.993    10.05    7.30
 -85687.400   115.283    11.48    7.25
 -85400.786   117.827     8.88    6.39
 -85114.164   118.915     3.80    5.83
 -84827.534   118.442    -1.65    6.60
 -84540.896   117.768    -2.35    6.96
 -84254.249   116.303    -5.11    7.15
 -83967.595   114.397    -6.65    6.32
 -83680.932   113.514    -3.08    6.11
 -83394.262   113.187    -1.14    5.88
 -83107.583   113.650     1.61    5.61
 -82820.896   113.906     0.89    5.08
 -82534.201   114.403     1.73    4.95
 -82247.498   115.084     2.38    5.27
 -81960.786   116.500     4.94    5.48
 -81674.067   117.844     4.69    5.73
 -81387.339   118.121     0.96    5.77
 -81100.603   119.146     3.58    5.77
 -80813.859   121.493     8.18    5.39
 -80527.107   123.469     6.89    4.26
 -80240.347   124.681     4.23    3.47
 -79953.579   125.109     1.49    3.34
 -79666.802   125.567     1.60    3.08
 -79380.018   125.555    -0.04    3.40
 -79093.225   125.401    -0.53    4.38
 -78806.424   124.881    -1.81    4.99
 -78519.615   125.079     0.69    6.24
 -78232.798   125.326     0.86    6.83
 -77945.973   125.745     1.46    6.97
 -77659.139   126.186     1.54    6.44
 -77372.297   126.569     1.34    5.79
 -77085.448   128.397     6.37    5.71
 -76798.590   130.617     7.74    5.31
 -76511.724   132.174     5.43    5.41
 -76224.850   133.507     4.65    6.21
 -75937.967   134.859     4.71    6.52
 -75651.077   136.131     4.43    5.96
 -75364.178   137.114     3.43    5.34
 -75077.271   137.151     0.13    5.17
 -74790.356   137.391     0.84    5.07
 -74503.433   136.928    -1.62    4.84
 -74216.502   135.743    -4.13    4.82
 -73929.562   135.219    -1.83    4.99
 -73642.615   135.431     0.74    5.38
 -73355.659   136.264     2.91    5.18
 -73068.695   136.554     1.01    4.70
 -72781.723   136.796     0.84    4.54
 -72494.743   136.632    -0.57    4.52
 -72207.754   137.116     1.69    4.31
 -71920.757   136.993    -0.43    4.03
 -71633.753   136.373    -2.16    3.32
 -71346.740   135.750    -2.17    3.14
 -71059.719   134.728    -3.56    3.89
 -70772.689   133.014    -5.97    6.73
 -70485.652   132.577    -1.52    6.60
 -70198.606   133.486     3.16    6.15
 -69911.553   135.072     5.53    5.73
 -69624.491   136.608     5.35    5.37
 -69337.421   137.824     4.23    5.32
 -69050.342   138.957     3.95    4.47
 -68763.256   139.293     1.17    4.16
 -68476.161   139.234    -0.21    4.07
 -68189.058   139.275     0.15    4.17
 -67901.947   139.201    -0.26    4.03
 -67614.828   139.504     1.05    3.55
 -67327.701   139.118    -1.34    3.51
 -67040.565   138.486    -2.20    3.92
 -66753.422   137.186    -4.53    7.41
 -66466.270   135.551    -5.69   10.74
 -66179.110   133.944    -5.60   12.83
 -65891.941   132.367    -5.49   14.39
 -65604.765   131.804    -1.96   14.40
 -65317.580   131.141    -2.31   14.27
 -65030.388   130.787    -1.23   13.23
 -64743.187   131.846     3.69   10.08
 -64455.977   130.915    -3.24    8.79
 -64168.760   129.725    -4.14    6.63
 -63881.534   127.703    -7.04    6.47
 -63594.301   124.700   -10.45    6.94
 -63307.059   121.448   -11.32    7.53
 -63019.809   119.285    -7.53    6.78
 -62732.550   118.581    -2.45    5.99
 -62445.284   119.050     1.63    5.90
 -62158.009   118.426    -2.17    5.62
 -61870.726   119.146     2.50    6.41
 -61583.435   120.260     3.88    7.07
 -61296.136   121.107     2.95    7.22
 -61008.828   121.739     2.20    7.08
 -60721.866   122.255     1.80    7.08
 -60436.220   122.617     1.27    7.21
 -60150.567   121.934    -2.39    6.84
 -59864.907   121.262    -2.35    8.80
 -59579.239   120.916    -1.21   12.86
 -59293.564   123.174     7.90   15.95
 -59007.881   125.138     6.87   17.01
 -58722.192   127.176     7.13   17.81
 -58436.495   127.486     1.08   17.71
 -58150.790   127.074    -1.44   17.61
 -57865.078   125.227    -6.46   15.77
 -57579.359   122.183   -10.65   11.25
 -57293.633   120.423    -6.16    6.70
 -57007.899   120.370    -0.19    5.59
 -56722.158   121.424     3.69    5.77
 -56436.410   121.895     1.65    5.40
 -56150.654   122.587     2.42    5.14
 -55864.891   124.157     5.49    5.32
 -55579.120   124.857     2.45    5.62
 -55293.343   126.226     4.79    6.34
 -55007.557   128.167     6.79    6.46
 -54721.765   129.408     4.34    6.31
 -54435.965   131.479     7.25    6.34
 -54150.158   133.826     8.21    7.34
 -53864.344   135.617     6.27    7.76
 -53578.522   136.864     4.36    8.30
 -53292.693   137.993     3.95    9.61
 -53006.856   138.810     2.86   10.92
 -52721.013   140.840     7.10   12.90
 -52435.161   140.993     0.53   13.06
 -52149.303   139.754    -4.33   12.31
 -51863.437   138.514    -4.34   10.14
 -51577.564   138.446    -0.24    7.66
 -51291.683   140.420     6.91    6.14
 -51005.796   141.774     4.73    3.92
 -50719.900   142.141     1.28    4.30
 -50433.998   142.872     2.56    4.64
 -50148.088   144.594     6.02    6.83
 -49862.171   146.732     7.48    8.05
 -49576.246   148.430     5.94    8.21
 -49290.314   150.343     6.69    8.00
 -49004.375   152.145     6.30    7.17
 -48718.428   154.879     9.56    5.05
 -48432.474   155.972     3.82    4.53
 -48146.513   154.514    -5.10    6.01
 -47860.544   152.266    -7.86    7.59
 -47574.568   149.727    -8.88    9.43
 -47288.585   147.869    -6.50   10.32
 -47002.594   146.184    -5.89   10.39
 -46716.596   143.525    -9.30   11.02
 -46430.590   141.114    -8.43   11.78
 -46144.577   138.348    -9.67   12.20
 -45858.557   135.113   -11.31   12.06
 -45572.530   131.639   -12.14   11.80
 -45286.495   127.543   -14.32   10.72
 -45000.452   124.745    -9.79    9.65
 -44714.403   121.972    -9.69    8.69
 -44428.346   119.698    -7.95    7.57
 -44142.281   118.664    -3.61    7.35
 -43856.210   119.401     2.58    7.10
 -43570.130   121.662     7.90    8.67
 -43284.044   122.435     2.70    9.75
 -42997.950   122.725     1.01   11.24
 -42711.849   122.021    -2.46   12.38
 -42425.740   122.612     2.06   12.64
 -42139.624   124.606     6.97   13.49
 -41853.501   126.366     6.15   15.38
 -41567.370   129.783    11.94   16.30
 -41281.232   134.417    16.20   15.96
 -40995.087   140.443    21.06   12.64
 -40708.934   145.248    16.79    8.36
 -40422.774   148.446    11.17    5.03
 -40136.606   149.781     4.66    3.57
 -39850.432   150.277     1.73    3.91
 -39564.249   150.535     0.90    5.69
 -39278.060   151.482     3.31    6.59
 -38991.863   151.312    -0.59    7.94
 -38705.658   150.706    -2.12    8.70
 -38419.446   148.391    -8.09   10.28
 -38133.227   145.957    -8.51   12.27
 -37847.001   142.303   -12.76   13.65
 -37560.767   138.545   -13.13   13.25
 -37274.525   135.606   -10.27   12.16
 -36988.277   133.667    -6.77   12.34
 -36702.021   133.704     0.13   12.97
 -36415.757   134.406     2.45   12.78
 -36129.486   136.478     7.24   12.73
 -35843.208   137.089     2.13   13.01
 -35556.922   138.375     4.49   11.65
 -35270.629   139.471     3.83    8.98
 -34984.329   139.546     0.26    7.61
 -34698.021   138.936    -2.13    5.95
 -34411.706   137.912    -3.57    5.32
 -34125.384   135.839    -7.24    5.54
 -33839.054   132.042   -13.26    7.35
 -33552.716   127.633   -15.40    9.76
 -33266.372   122.362   -18.41   12.16
 -32980.019   117.141   -18.23   12.42
 -32693.660   111.557   -19.50   10.91
 -32407.293   107.420   -14.45    8.57
 -32120.919   105.380    -7.13    6.61
 -31834.537   105.078    -1.05    8.25
 -31548.148   107.415     8.16   11.38
 -31261.751   110.108     9.40   12.74
 -30975.348   112.683     8.99   12.42
 -30688.936   113.853     4.08   11.73
 -30402.518   112.927    -3.23   10.52
 -30116.091   110.779    -7.50   11.02
 -29829.658   106.113   -16.29   11.16
 -29543.217   101.193   -17.18   10.84
 -29256.769    96.442   -16.59   10.69
 -28970.313    91.163   -18.43   10.01
 -28683.850    87.021   -14.46    9.42
 -28397.380    83.848   -11.08    8.34
 -28110.902    83.122    -2.53    8.66
 -27824.416    82.720    -1.40    9.72
 -27537.924    83.453     2.56   10.83
 -27251.424    85.159     5.96   11.41
 -26964.916    87.546     8.33   11.04
 -26678.401    89.818     7.93   10.53
 -26391.879    90.993     4.10    9.50
 -26105.349    92.379     4.84    7.90
 -25818.812    93.646     4.42    6.21
 -25532.267    94.647     3.50    4.49
 -25245.715    94.841     0.67    3.84
 -24959.156    93.723    -3.90    4.27
 -24672.589    91.204    -8.79    5.00
 -24386.015    88.504    -9.42    5.70
 -24099.433    86.177    -8.12    5.99
 -23812.844    83.917    -7.89    6.24
 -23526.248    80.841   -10.73    6.06
 -23239.644    77.674   -11.05    5.33
 -22953.033    75.169    -8.74    4.94
 -22666.414    73.287    -6.57    4.97
 -22379.788    72.080    -4.21    4.83
 -22093.154    71.750    -1.15    5.59
 -21806.513    71.461    -1.01    6.85
 -21519.865    70.599    -3.01    7.94
 -21233.209    69.703    -3.12    8.46
 -20946.546    70.850     4.00    9.72
 -20659.875    71.093     0.85    9.86
 -20373.197    70.783    -1.08   10.07
 -20086.511    69.211    -5.48   10.42
 -19799.818    67.957    -4.37   10.75
 -19513.118    66.688    -4.43   11.37
 -19226.410    64.810    -6.55   11.72
 -18939.695    62.789    -7.05   12.35
 -18652.972    60.711    -7.25   12.47
 -18366.242    58.862    -6.45   12.50
 -18079.505    56.709    -7.51   12.21
 -17792.760    54.308    -8.38   10.16
 -17506.007    51.613    -9.40    6.90
 -17219.247    49.463    -7.50    4.74
 -16932.480    48.458    -3.51    4.70
 -16645.706    46.964    -5.21    4.41
 -16358.923    45.892    -3.74    4.65
 -16072.134    45.070    -2.87    4.79
 -15785.337    44.243    -2.88    4.83
 -15498.532    42.971    -4.44    5.03
 -15211.721    41.453    -5.29    4.99
 -14924.901    40.622    -2.90    5.16
 -14638.074    39.209    -4.93    4.19
 -14351.240    38.210    -3.48    3.56
 -14064.399    37.655    -1.94    3.14
 -13777.550    37.210    -1.55    3.08
 -13490.693    36.820    -1.36    3.09
 -13203.829    36.738    -0.29    3.50
 -12916.958    35.890    -2.96    3.57
 -12630.079    35.290    -2.09    3.48
 -12343.193    34.820    -1.64    3.52
 -12056.299    34.042    -2.71    3.41
 -11769.398    34.376     1.16    3.69
 -11482.489    34.803     1.49    3.51
 -11195.573    35.394     2.06    3.58
 -10908.649    36.451     3.68    3.89
 -10621.718    37.826     4.79    3.84
 -10334.780    38.920     3.81    3.48
 -10047.834    39.192     0.95    3.23
  -9760.881    39.083    -0.38    3.01
  -9473.920    37.791    -4.50    4.12
  -9186.952    35.546    -7.82    6.35
  -8899.976    32.000   -12.36    8.94
  -8612.993    28.145   -13.43   10.67
  -8326.002    24.620   -12.28   10.50
  -8039.004    21.497   -10.88    9.29
  -7751.999    18.142   -11.69    7.69
  -7464.986    15.558    -9.00    6.05
  -7177.965    14.669    -3.10    4.72
  -6890.937    15.254     2.04    5.25
  -6603.902    16.708     5.07    6.03
  -6316.859    16.460    -0.86    6.37
  -6029.809    15.099    -4.74    8.31
  -5742.751    12.929    -7.56   10.11
  -5455.686    10.561    -8.25   11.05
  -5168.613     6.915   -12.70   10.57
  -4881.533     3.271   -12.70    7.38
  -4594.445     0.717    -8.89    3.09
  -4307.350     0.000    -2.50    0.00
  -4020.248     0.042     0.15    0.50
  -3733.138     0.207     0.58    1.26
  -3446.020     0.210     0.01    1.26
  -3158.895     0.486     0.96    2.34
  -2871.763     1.755     4.42    6.41
  -2584.623     4.547     9.72   10.23
  -2297.476     5.957     4.91   10.84
  -2010.321     6.910     3.32   10.85
  -1723.158     8.109     4.17   11.17
  -1435.989     8.007    -0.35   11.18
  -1148.811     7.430    -2.01   11.01
   -861.627     4.804    -9.14    9.22
   -574.434     1.701   -10.81    5.08
   -287.235     0.199    -5.23    1.42
     -0.027     0.000    -0.69    0.00
    287.187     0.000     0.00    0.00
    574.409     0.000     0.00    0.00
    861.639     0.184     0.64    1.16
   1148.451     0.350     0.58    1.77
   1434.170     0.384     0.12    1.81
   1719.896     0.381    -0.01    1.80
   2005.629     1.259     3.07    4.01
   2291.368     3.426     7.58    6.87
   2577.114     6.312    10.10    8.80
   2862.866     9.570    11.40    9.95
   3148.625    12.218     9.27    9.87
   3434.391    12.856     2.23    9.78
   3720.163    13.239     1.34    9.58
   4005.942    13.262     0.08   10.07
   4291.727    12.826    -1.53    9.98
   4577.520    13.312     1.70    9.42
   4863.319    12.701    -2.14    9.20
   5149.124    12.979     0.97    9.23
   5434.936    13.610     2.21    8.74
   5720.755    11.372    -7.83    9.06
   6006.580     8.036   -11.67    8.09
   6292.412     5.319    -9.50    6.86
   6578.251     3.549    -6.19    6.14
   6864.096     2.986    -1.97    5.82
   7149.948     2.302    -2.39    4.98
   7435.807     2.993     2.42    6.62
   7721.672     6.289    11.53    9.89
   8007.544     9.555    11.42   11.33
   8293.422    11.843     8.00   11.54
   8579.307    13.371     5.34   11.60
   8865.199    15.333     6.87   10.73
   9151.098    16.457     3.93   10.43
   9437.003    15.879    -2.02   10.29
   9722.914    14.807    -3.75    9.48
  10008.833    14.014    -2.77    8.46
  10294.758    14.921     3.17    7.90
  10580.689    16.294     4.80    6.13
  10866.628    16.779     1.70    3.90
  11152.573    16.507    -0.95    5.16
  11438.524    16.609     0.35    8.49
  11724.483    16.965     1.25   13.46
  12010.448    19.394     8.50   17.52
  12296.419    22.290    10.13   20.16
  12582.397    26.290    13.99   20.97
  12868.382    29.224    10.26   20.11
  13154.374    33.070    13.45   18.46
  13440.372    36.057    10.44   16.77
  13726.377    38.014     6.84   14.71
  14012.388    38.574     1.96   11.37
  14298.406    37.379    -4.18    9.21
  14584.431    35.471    -6.67    9.12
  14870.463    32.829    -9.24    9.87
  15156.501    29.524   -11.55   10.39
  15442.545    26.764    -9.65    8.91
  15728.597    25.784    -3.43    8.59
  16014.655    27.858     7.25   11.71
  16300.720    31.392    12.35   14.57
  16586.791    34.906    12.29   14.94
  16872.869    37.036     7.44   14.41
  17158.954    39.629     9.06   13.59
  17445.045    42.221     9.06   12.01
  17731.143    43.978     6.14    9.99
  18017.248    44.094     0.40    9.20
  18303.359    43.678    -1.45    9.93
  18589.477    42.299    -4.82   11.71
  18875.602    41.906    -1.37   11.16
  19161.733    40.181    -6.03   11.05
  19447.871    39.562    -2.16    9.27
  19734.016    39.399    -0.57    5.92
  20020.167    38.387    -3.54    5.04
  20306.325    37.210    -4.11    4.86
  20592.490    35.858    -4.72    5.16
  20878.662    34.521    -4.67    5.62
  21164.840    33.230    -4.51    5.88
  21451.024    31.291    -6.78    5.92
  21737.216    29.531    -6.15    5.11
  22023.414    29.021    -1.78    4.36
  22309.618    29.698     2.36    5.60
  22595.830    31.364     5.82    6.63
  22882.048    33.430     7.22    7.25
  23168.273    36.420    10.45    7.11
  23454.504    39.232     9.82    6.46
  23740.742    41.838     9.10    5.03
  24026.987    42.823     3.44    4.17
  24313.238    42.862     0.14    3.91
  24599.497    43.309     1.56    3.78
  24885.761    43.514     0.71    3.59
  25172.033    42.634    -3.07    4.45
  25458.311    40.667    -6.87    5.66
  25744.596    39.420    -4.35    5.99
  26030.887    39.326    -0.33    6.22
  26317.185    40.322     3.48    6.86
  26603.490    40.855     1.86    6.75
  26889.802    41.121     0.93    6.05
  27176.120    41.895     2.70    5.59
  27462.445    43.810     6.69    4.83
  27748.777    45.058     4.36    3.82
  28035.115    44.129    -3.25    4.66
  28321.460    42.869    -4.40    4.92
  28607.812    43.872     3.50    6.41
  28894.170    46.324     8.56    8.77
  29180.535    48.671     8.20   10.19
  29466.907    51.355     9.37   11.29
  29753.285    54.877    12.30   11.82
  30039.670    58.703    13.36   11.43
  30326.062    61.993    11.49   10.75
  30612.461    64.587     9.06    8.72
  30898.866    66.763     7.59    6.45
  31185.278    69.108     8.19    5.05
  31471.696    71.185     7.25    4.87
  31758.121    72.097     3.19    4.79
  32044.553    71.870    -0.79    4.80
  32330.992    71.188    -2.38    5.33
  32617.437    70.720    -1.63    5.77
  32903.889    70.282    -1.53    6.24
  33190.348    69.679    -2.10    5.85
  33476.813    69.036    -2.25    4.74
  33763.285    69.573     1.88    4.47
  34049.764    71.028     5.08    3.84
  34336.250    72.167     3.97    2.92
  34622.742    72.301     0.47    3.32
  34909.241    71.837    -1.62    3.73
  35195.746    71.813    -0.08    3.72
  35482.259    72.246     1.51    3.91
  35768.778    73.385     3.97    4.35
  36055.303    75.021     5.71    4.94
  36341.836    76.927     6.65    5.05
  36628.375    78.754     6.37    5.63
  36914.921    80.589     6.40    5.80
  37201.473    80.818     0.80    6.25
  37488.032    80.432    -1.35    7.15
  37774.598    79.522    -3.18    7.21
  38061.171    78.301    -4.26    7.13
  38347.750    76.310    -6.95    6.20
  38634.336    75.261    -3.66    5.25
  38920.929    74.712    -1.91    5.21
  39207.529    75.231     1.81    7.27
  39494.135    75.746     1.80   10.33
  39780.748    77.109     4.75   13.85
  40067.367    79.021     6.67   17.60
  40353.993    80.227     4.21   20.09
  40640.626    78.586    -5.73   20.60
  40927.266    75.300   -11.46   20.63
  41213.913    71.278   -14.03   18.68
  41500.566    69.068    -7.71   16.34
  41787.226    67.942    -3.93   14.85
  42073.892    67.399    -1.90   14.34
  42360.565    68.697     4.53   13.60
  42647.245    69.352     2.28   12.23
  42933.932    71.275     6.71    9.63
  43220.626    72.971     5.91    7.80
  43507.326    72.293    -2.37    8.18
  43794.033    69.218   -10.72    8.73
  44080.746    65.927   -11.48    9.99
  44367.466    61.775   -14.48   12.36
  44654.193    57.692   -14.24   13.38
  44940.927    56.874    -2.85   12.39
  45227.668    57.655     2.72   11.71
  45514.415    61.830    14.56   14.22
  45801.169    68.110    21.90   16.74
  46087.929    73.493    18.77   17.95
  46374.697    80.417    24.15   15.99
  46661.471    86.303    20.52   12.82
  46948.252    90.887    15.99   10.49
  47235.039    94.101    11.21    9.13
  47521.833    98.841    16.52   10.04
  47808.634   103.264    15.42   11.20
  48095.442   108.887    19.61   11.87
  48382.256   114.396    19.21   12.21
  48669.078   119.833    18.96   11.20
  48955.906   124.803    17.33    9.02
  49242.740   128.063    11.37    7.04
  49529.581   130.116     7.16    5.24
  49816.430   130.812     2.43    5.31
  50103.284   129.287    -5.32    8.89
  50390.146   128.732    -1.93    9.02
  50677.014   128.453    -0.98    8.28
  50963.889   128.629     0.61    7.23
  51250.771   129.189     1.95    6.83
  51537.659   130.972     6.21    6.68
  51824.555   132.629     5.78    6.51
  52111.457   135.140     8.75    7.18
  52398.365   138.438    11.50    8.08
  52685.281   141.862    11.93    8.75
  52972.203   145.174    11.54    8.99
  53259.132   147.887     9.46    9.49
  53546.067   150.986    10.80    9.49
  53833.010   154.424    11.98    9.26
  54119.959   156.614     7.63    9.14
  54406.915   158.050     5.00   10.54
  54693.877   160.169     7.39   11.29
  54980.847   162.906     9.54   11.04
  55267.823   164.239     4.65   10.45
  55554.805   165.392     4.02    9.26
  55841.795   165.562     0.60    8.27
  56128.791   165.928     1.27    7.39
  56415.794   166.121     0.67    6.59
  56702.804   165.814    -1.07    6.07
  56989.821   166.645     2.90    6.53
  57276.844   169.109     8.58    7.99
  57563.874   172.169    10.66    9.25
  57850.911   175.746    12.46    9.36
  58137.954   178.978    11.26    8.78
  58425.005   182.536    12.40    7.71
  58712.062   186.021    12.14    6.73
  58999.125   189.170    10.97    7.56
  59286.196   191.964     9.73    8.58
  59573.273   193.719     6.11    8.53
  59860.357   195.688     6.86    8.70
  60147.448   196.881     4.16    8.47
  60434.546   198.609     6.02    8.75
  60721.650   199.388     2.72    9.78
  61008.761   201.428     7.10   10.18
  61295.879   204.618    11.11   11.08
  61583.003   209.143    15.76   12.34
  61870.135   212.986    13.38   13.19
  62157.273   216.411    11.93   12.67
  62444.418   219.789    11.76   11.20
  62731.569   223.435    12.70    9.84
  63018.255   226.049     9.12    9.33
  63304.050   226.699     2.27    9.61
  63589.851   226.776     0.27   10.23
  63875.659   227.065     1.01    9.98
  64161.472   227.022    -0.15    9.49
  64447.291   226.864    -0.55    8.41
  64733.116   224.746    -7.41    7.07
  65018.946   223.252    -5.23    6.37
  65304.783   222.806    -1.56    5.98
  65590.626   223.245     1.54    7.07
  65876.475   224.556     4.59    9.30
  66162.329   226.841     7.99   11.76
  66448.190   230.304    12.12   13.14
  66734.056   234.979    16.35   13.56
  67019.928   240.887    20.67   13.54
  67305.807   246.810    20.72   12.01
  67591.691   252.594    20.23   11.85
  67877.581   257.865    18.44   13.40
  68163.477   260.781    10.20   14.70
  68449.380   261.936     4.04   15.24
  68735.288   261.341    -2.08   16.56
  69021.202   259.676    -5.82   17.82
  69307.121   257.371    -8.06   18.22
  69593.047   253.783   -12.55   15.97
  69878.979   252.171    -5.64   11.89
  70164.917   251.362    -2.83    9.56
  70450.861   251.197    -0.58    8.16
  70736.810   251.028    -0.59    7.46
  71022.766   251.396     1.28    8.73
  71308.727   253.786     8.36   11.47
  71594.695   258.497    16.47   15.78
  71880.668   263.582    17.78   17.55
  72166.647   270.000    22.44   17.19
  72452.633   275.621    19.66   14.91
  72738.624   279.106    12.19   12.61
  73024.621   280.497     4.86   12.26
  73310.624   280.229    -0.93   11.92
  73596.633   280.314     0.30   10.57
  73882.648   280.891     2.02   10.82
  74168.669   283.859    10.38   11.75
  74454.696   288.754    17.11   13.59
  74740.729   294.748    20.96   14.83
  75026.768   300.237    19.19   13.63
  75312.813   305.322    17.77   12.70
  75598.864   307.350     7.09   12.60
  75884.920   306.929    -1.47   13.29
  76170.983   304.158    -9.68   14.12
  76457.052   300.730   -11.98   13.73
  76743.126   299.662    -3.73   12.62
  77029.207   299.730     0.24   11.54
  77315.293   300.410     2.38   12.40
  77601.385   301.471     3.71   12.77
  77887.484   303.378     6.66   14.28
  78173.588   306.916    12.37   15.48
  78459.698   312.507    19.54   15.23
  78745.815   316.806    15.02   16.88
  79031.937   322.493    19.88   17.92
  79318.065   327.768    18.43   16.85
  79604.199   332.619    16.95   14.82
  79890.339   335.621    10.49   12.03
  80176.485   336.278     2.29   11.65
  80462.637   334.082    -7.67   13.77
  80748.795   329.810   -14.93   15.62
  81034.959   323.729   -21.25   15.77
  81321.129   317.071   -23.26   14.70
  81607.305   310.678   -22.34   14.55
  81893.487   305.531   -17.98   14.86
  82179.674   299.936   -19.55   15.92
  82465.868   292.391   -26.36   17.59
  82752.068   285.686   -23.43   18.83
  83038.273   280.617   -17.71   18.19
  83324.485   277.218   -11.88   16.78
  83610.703   272.808   -15.41   15.29
