# NaN NaN NaN ;Mean Elev.(m), Avg Gradient(m/km), RMS Gradient(m/km) - SRTM1     
#   32.833  -0.714   4.928 ;Mean Elev.(m), Avg Gradient(m/km), RMS Gradient(m/km) - ASTER GDEM
#   25.000  -1.579   9.190 ;Mean Elev.(m), Avg Gradient(m/km), RMS Gradient(m/km) - GMTED2010 
   2    52.936 54670.10143040 39.74 125.597922  64.643916   -100 -100.00 -100.00 -100.00
   2    52.620 54670.10143099 37.35 125.603684  64.644808   -100 -100.00 -100.00 -100.00
   2    52.837 54670.10143158 34.54 125.609447  64.645699   -100 -100.00 -100.00 -100.00
   3     4.001 54680.01707418 23.12 125.594971  64.644532 18.122 -100.00 -100.00 -100.00
   3     5.176 54680.01707477 24.95 125.600733  64.645424 18.271 -100.00 -100.00 -100.00
   3     4.392 54680.01707536 27.14 125.606495  64.646315 25.193 -100.00 -100.00 -100.00
   3     3.910 54680.01707595 29.55 125.612258  64.647207   -100 -100.00 -100.00 -100.00
   4   115.740 54689.93271722 24.47 125.596340  64.645694 26.029 -100.00 -100.00 -100.00
   4   115.382 54689.93271782 26.79 125.602102  64.646586 25.703 -100.00 -100.00 -100.00
   4   114.727 54689.93271841 28.86 125.607865  64.647478   -100 -100.00 -100.00 -100.00
   5    11.951 54699.84835794 17.12 125.597292  64.645738  3.069 -100.00 -100.00 -100.00
   5    11.919 54699.84835853 17.01 125.603054  64.646630  2.559 -100.00 -100.00 -100.00
   5    11.844 54699.84835912 17.35 125.608816  64.647522  2.972 -100.00 -100.00 -100.00
   6    53.700 54709.76400272 52.24 125.597156  64.644390   -100 -100.00 -100.00 -100.00
   6    53.561 54709.76400331 54.23 125.602918  64.645282 20.904 -100.00 -100.00 -100.00
   6    53.507 54709.76400390 56.35 125.608680  64.646174   -100 -100.00 -100.00 -100.00
   7    13.357 54719.67965394 14.90 125.596919  64.643045  3.761 -100.00 -100.00 -100.00
   7    13.336 54719.67965453 16.42 125.602680  64.643937  4.584 -100.00 -100.00 -100.00
   7    13.278 54719.67965512 15.86 125.608441  64.644829  3.779 -100.00 -100.00 -100.00
   7    13.021 54719.67965571 15.82 125.614203  64.645721  3.221 -100.00 -100.00 -100.00
   8    54.950 54729.59530294 40.00 125.600101  64.642470 32.376 -100.00 -100.00 -100.00
   8    54.923 54729.59530353 42.94 125.605862  64.643362   -100 -100.00 -100.00 -100.00
   8    54.839 54729.59530412 46.17 125.611624  64.644253 10.150 -100.00 -100.00 -100.00
   9    53.839 54739.51095010 47.87 125.599480  64.642523 29.450 -100.00 -100.00 -100.00
   9    53.195 54739.51095069 52.12 125.605241  64.643415 22.183 -100.00 -100.00 -100.00
   9    53.101 54739.51095128 51.87 125.611003  64.644306 23.928 -100.00 -100.00 -100.00
  10    52.741 54749.42659738 37.87 125.599324  64.643301   -100 -100.00 -100.00 -100.00
  10    52.973 54749.42659797 41.48 125.605086  64.644192   -100 -100.00 -100.00 -100.00
  10    53.240 54749.42659856 41.69 125.610848  64.645083 29.406 -100.00 -100.00 -100.00
  11   112.786 54759.34224442  9.42 125.598958  64.643981 13.152 -100.00 -100.00 -100.00
  11   114.819 54759.34224501  4.43 125.604720  64.644872  6.074 -100.00 -100.00 -100.00
  11   112.304 54759.34224560  4.07 125.610483  64.645763  7.450 -100.00 -100.00 -100.00
  12   118.842 54769.25788923  3.03 125.600199  64.643956  6.628 -100.00 -100.00 -100.00
  12   116.116 54769.25788982  1.54 125.605961  64.644848  4.959 -100.00 -100.00 -100.00
  13    52.349 54779.17353042 20.00 125.599695  64.642707  3.703 -100.00 -100.00 -100.00
  13    52.396 54779.17353101 19.72 125.605458  64.643599  3.655 -100.00 -100.00 -100.00
  13    53.000 54779.17353160 19.10 125.611221  64.644491  3.317 -100.00 -100.00 -100.00
  14    52.398 54789.08916904 23.13 125.598935  64.641284  9.793 -100.00 -100.00 -100.00
  14    52.296 54789.08916963 22.18 125.604698  64.642176  8.772 -100.00 -100.00 -100.00
  14    52.316 54789.08917023 22.32 125.610460  64.643067  8.745 -100.00 -100.00 -100.00
  14    51.992 54789.08917082 24.55 125.616223  64.643959 12.819 -100.00 -100.00 -100.00
  15    52.441 54799.00480723 21.38 125.603680  64.641795  7.144 -100.00 -100.00 -100.00
  15    52.213 54799.00480782 21.65 125.609442  64.642687  9.166 -100.00 -100.00 -100.00
  15    52.700 54799.00480841 18.80 125.615205  64.643578  5.010 -100.00 -100.00 -100.00
  16    52.824 54808.92044446 17.39 125.598190  64.641767  4.696 -100.00 -100.00 -100.00
  16    52.907 54808.92044505 18.08 125.603952  64.642659  5.898 -100.00 -100.00 -100.00
  16    53.138 54808.92044564 16.67 125.609714  64.643551  3.467 -100.00 -100.00 -100.00
  16    52.769 54808.92044623 16.49 125.615477  64.644442  3.913 -100.00 -100.00 -100.00
  17    53.364 54818.83608166 16.22 125.596633  64.642511  3.843 -100.00 -100.00 -100.00
  17    53.102 54818.83608225 16.97 125.602395  64.643403  5.126 -100.00 -100.00 -100.00
  17    54.029 54818.83608284 16.02 125.608157  64.644295  3.461 -100.00 -100.00 -100.00
  17    53.391 54818.83608344 15.53 125.613920  64.645186  3.059 -100.00 -100.00 -100.00
  18    53.410 54828.75173392 17.24 125.598773  64.643870  5.386 -100.00 -100.00 -100.00
  18    52.822 54828.75173451 16.86 125.604535  64.644762  5.531 -100.00 -100.00 -100.00
  18    52.779 54828.75173510 16.56 125.610297  64.645654  5.101 -100.00 -100.00 -100.00
  19    53.837 54838.66737268 15.70 125.597722  64.644367  3.861 -100.00 -100.00 -100.00
  19    53.811 54838.66737327 15.44 125.603484  64.645259  3.587 -100.00 -100.00 -100.00
  19    52.768 54838.66737386 15.71 125.609246  64.646150  4.615 -100.00 -100.00 -100.00
  20    53.604 54848.58302182 15.11 125.596793  64.645226  3.713 -100.00 -100.00 -100.00
  20    54.018 54848.58302241 14.89 125.602555  64.646118  3.384 -100.00 -100.00 -100.00
  20    52.881 54848.58302300 15.30 125.608318  64.647009  4.209 -100.00 -100.00 -100.00
  21    53.704 54858.49867058 14.44 125.596671  64.646361  2.809 -100.00 -100.00 -100.00
  21    53.881 54858.49867117 14.67 125.602434  64.647253  3.939 -100.00 -100.00 -100.00
  21    52.866 54858.49867176 14.89 125.608197  64.648144  4.079 -100.00 -100.00 -100.00
  22    53.673 54868.41431910 14.19 125.593067  64.646676  3.315 -100.00 -100.00 -100.00
  22    53.387 54868.41431969 14.19 125.598830  64.647567  4.005 -100.00 -100.00 -100.00
  22    54.368 54868.41432028 13.73 125.604594  64.648459  2.749 -100.00 -100.00 -100.00
  22    54.229 54868.41432087 13.63 125.610357  64.649350  3.308 -100.00 -100.00 -100.00
  23    53.361 54878.32996732 13.95 125.595445  64.646507  2.881 -100.00 -100.00 -100.00
  23    53.099 54878.32996791 13.94 125.601209  64.647398  3.382 -100.00 -100.00 -100.00
  23    53.920 54878.32996850 13.67 125.606972  64.648290  3.473 -100.00 -100.00 -100.00
  24    53.299 54888.24561250 14.66 125.599329  64.645301  5.264 -100.00 -100.00 -100.00
  24    54.252 54888.24561309 13.15 125.605092  64.646193  2.874 -100.00 -100.00 -100.00
  24    52.512 54888.24561368 14.95 125.610856  64.647084  6.021 -100.00 -100.00 -100.00
  25    53.068 54898.16125377 14.14 125.597482  64.643157  3.999 -100.00 -100.00 -100.00
  25    52.480 54898.16125436 14.70 125.603245  64.644049  5.338 -100.00 -100.00 -100.00
  25    53.779 54898.16125495 13.86 125.609008  64.644941  3.967 -100.00 -100.00 -100.00
  25    54.142 54898.16125554 13.67 125.614771  64.645832  3.795 -100.00 -100.00 -100.00
  26    54.932 54908.07689304 12.60 125.600215  64.643061  3.372 -100.00 -100.00 -100.00
  26    53.598 54908.07689363 12.68 125.605978  64.643953  3.241 -100.00 -100.00 -100.00
  26    53.471 54908.07689422 12.46 125.611741  64.644844  2.934 -100.00 -100.00 -100.00
  27    54.903 54917.99253056 12.66 125.597815  64.643230  4.099 -100.00 -100.00 -100.00
  27    53.457 54917.99253115 13.12 125.603578  64.644121  4.540 -100.00 -100.00 -100.00
  27    53.613 54917.99253174 12.82 125.609341  64.645013  4.441 -100.00 -100.00 -100.00
  27    54.203 54917.99253233 12.31 125.615104  64.645904  3.317 -100.00 -100.00 -100.00
  28    55.504 54927.90816819 11.59 125.598199  64.643669  3.567 -100.00 -100.00 -100.00
  28    54.667 54927.90816878 11.31 125.603961  64.644561  2.890 -100.00 -100.00 -100.00
  28    54.354 54927.90816937 11.50 125.609724  64.645452  3.490 -100.00 -100.00 -100.00
  29    53.745 54937.82380520 11.87 125.600067  64.643183  3.500 -100.00 -100.00 -100.00
  29    53.338 54937.82380579 12.47 125.605829  64.644075  4.398 -100.00 -100.00 -100.00
  29    54.015 54937.82380638 11.83 125.611592  64.644966  3.259 -100.00 -100.00 -100.00
  30    52.782 54947.73944007 25.10 125.598615  64.641449 18.943 -100.00 -100.00 -100.00
  30    53.900 54947.73944066 21.35 125.604376  64.642341  8.882 -100.00 -100.00 -100.00
  30    53.949 54947.73944125 22.71 125.610138  64.643233 12.424 -100.00 -100.00 -100.00
  30    54.941 54947.73944184 21.63 125.615900  64.644124  8.622 -100.00 -100.00 -100.00
  31    52.701 54957.65507519 41.99 125.600340  64.640284   -100 -100.00 -100.00 -100.00
  31    52.598 54957.65507578 39.88 125.606101  64.641176   -100 -100.00 -100.00 -100.00
  31    52.575 54957.65507637 45.33 125.611862  64.642068   -100 -100.00 -100.00 -100.00
  31    52.474 54957.65507696 43.81 125.617623  64.642959   -100 -100.00 -100.00 -100.00
  32    55.628 54967.57072390 29.78 125.602130  64.640931 16.236 -100.00 -100.00 -100.00
  32    55.836 54967.57072449 28.75 125.607891  64.641822 12.746 -100.00 -100.00 -100.00
  32    57.123 54967.57072508 31.81 125.613652  64.642714 20.546 -100.00 -100.00 -100.00
  33    55.983 54977.48637139 56.27 125.600967  64.641994 17.884 -100.00 -100.00 -100.00
  33    55.945 54977.48637198 56.36 125.606729  64.642885 29.083 -100.00 -100.00 -100.00
  33    55.913 54977.48637257 57.37 125.612490  64.643777   -100 -100.00 -100.00 -100.00
  34    55.735 54987.40201888 54.26 125.599169  64.643030 12.437 -100.00 -100.00 -100.00
  34    55.941 54987.40201947 54.93 125.604931  64.643922   -100 -100.00 -100.00 -100.00
  34    56.102 54987.40202006 53.74 125.610693  64.644814   -100 -100.00 -100.00 -100.00
  35    56.057 54997.31766624 37.03 125.594955  64.643036 16.132 -100.00 -100.00 -100.00
  35    55.853 54997.31766683 33.65 125.600716  64.643928 11.350 -100.00 -100.00 -100.00
  35    55.750 54997.31766742 31.71 125.606478  64.644820  8.709 -100.00 -100.00 -100.00
  35    55.922 54997.31766801 30.43 125.612241  64.645711  5.773 -100.00 -100.00 -100.00
  36    55.188 55007.23331262 51.87 125.598417  64.643930   -100 -100.00 -100.00 -100.00
  36    54.955 55007.23331321 53.73 125.604179  64.644822  6.451 -100.00 -100.00 -100.00
  36    55.100 55007.23331380 55.08 125.609941  64.645713  1.747 -100.00 -100.00 -100.00
  37    55.703 55017.14895647 24.12 125.597657  64.644321  9.822 -100.00 -100.00 -100.00
  37    55.454 55017.14895706 25.16 125.603419  64.645213 12.630 -100.00 -100.00 -100.00
  37    54.259 55017.14895765 29.96 125.609182  64.646104 30.326 -100.00 -100.00 -100.00
  38    53.248 55027.06459907 36.15 125.598539  64.645451   -100 -100.00 -100.00 -100.00
  38    53.979 55027.06459966 31.19 125.604302  64.646343 30.822 -100.00 -100.00 -100.00
  38    54.124 55027.06460025 31.69 125.610065  64.647234 31.910 -100.00 -100.00 -100.00
  39    53.311 55036.98024098 43.83 125.597280  64.646484   -100 -100.00 -100.00 -100.00
  39    53.080 55036.98024157 45.77 125.603043  64.647376 11.194 -100.00 -100.00 -100.00
  39    53.006 55036.98024216 39.50 125.608806  64.648267   -100 -100.00 -100.00 -100.00
  40    53.211 55046.89588197 30.24 125.597500  64.646564 21.157 -100.00 -100.00 -100.00
  40    52.612 55046.89588256 32.27 125.603262  64.647455 32.390 -100.00 -100.00 -100.00
  40    52.338 55046.89588315 36.65 125.609025  64.648347   -100 -100.00 -100.00 -100.00
  41    53.962 55056.81152103 42.10 125.598789  64.644982 26.693 -100.00 -100.00 -100.00
  41    53.929 55056.81152162 46.18 125.604550  64.645874   -100 -100.00 -100.00 -100.00
  41    53.539 55056.81152221 46.41 125.610313  64.646766   -100 -100.00 -100.00 -100.00
  42    53.058 55066.72715763 33.77 125.599838  64.642360   -100 -100.00 -100.00 -100.00
  42    52.898 55066.72715822 35.46 125.605599  64.643252   -100 -100.00 -100.00 -100.00
  42    52.688 55066.72715881 35.57 125.611360  64.644144   -100 -100.00 -100.00 -100.00
  43    53.162 55076.64280791 50.96 125.602058  64.641567   -100 -100.00 -100.00 -100.00
  43    53.085 55076.64280850 52.39 125.607819  64.642458   -100 -100.00 -100.00 -100.00
  43    52.882 55076.64280909 52.84 125.613581  64.643350 25.124 -100.00 -100.00 -100.00
  44    52.651 55086.55845586 32.94 125.603057  64.642366   -100 -100.00 -100.00 -100.00
  44    52.531 55086.55845645 34.26 125.608819  64.643258   -100 -100.00 -100.00 -100.00
  44    52.530 55086.55845704 36.29 125.614580  64.644149   -100 -100.00 -100.00 -100.00
  45    53.573 55096.47410152 48.92 125.596623  64.642976   -100 -100.00 -100.00 -100.00
  45    53.360 55096.47410211 50.62 125.602385  64.643868   -100 -100.00 -100.00 -100.00
  45    53.210 55096.47410270 51.04 125.608147  64.644759  1.811 -100.00 -100.00 -100.00
  45    53.347 55096.47410329 49.59 125.613909  64.645650  9.102 -100.00 -100.00 -100.00
  46    53.097 55106.38974739 39.03 125.595821  64.643750  1.612 -100.00 -100.00 -100.00
  46    53.109 55106.38974798 37.87 125.601583  64.644642   -100 -100.00 -100.00 -100.00
  46    52.968 55106.38974857 37.50 125.607346  64.645533   -100 -100.00 -100.00 -100.00
  46    53.434 55106.38974916 35.14 125.613108  64.646425   -100 -100.00 -100.00 -100.00
  47    52.947 55116.30539280 43.92 125.595507  64.643066   -100 -100.00 -100.00 -100.00
  47    53.136 55116.30539339 46.17 125.601269  64.643958   -100 -100.00 -100.00 -100.00
  47    52.991 55116.30539398 49.37 125.607032  64.644849   -100 -100.00 -100.00 -100.00
  47    52.735 55116.30539457 53.43 125.612795  64.645741   -100 -100.00 -100.00 -100.00
  48    52.112 55126.22103648 43.19 125.601863  64.642400   -100 -100.00 -100.00 -100.00
  48    51.969 55126.22103707 44.22 125.607626  64.643292   -100 -100.00 -100.00 -100.00
  48    52.003 55126.22103766 40.04 125.613389  64.644183   -100 -100.00 -100.00 -100.00
  49   122.339 55136.13667699  3.35 125.601002  64.641132  2.464 -100.00 -100.00 -100.00
  49   122.623 55136.13667758  3.73 125.606764  64.642024  2.688 -100.00 -100.00 -100.00
  49   123.718 55136.13667817  3.21 125.612527  64.642915  2.609 -100.00 -100.00 -100.00
  49   123.823 55136.13667876  2.92 125.618290  64.643806  2.662 -100.00 -100.00 -100.00
  50    55.329 55146.05231544 24.07 125.599615  64.641086  4.201 -100.00 -100.00 -100.00
  50    56.026 55146.05231603 23.11 125.605377  64.641978  3.666 -100.00 -100.00 -100.00
  50    56.422 55146.05231662 24.55 125.611140  64.642870  6.375 -100.00 -100.00 -100.00
  50    57.184 55146.05231721 23.57 125.616903  64.643761  4.563 -100.00 -100.00 -100.00
  51    54.869 55155.96795309 25.78 125.596971  64.642102  6.199 -100.00 -100.00 -100.00
  51    55.583 55155.96795368 24.87 125.602734  64.642994  4.971 -100.00 -100.00 -100.00
  51    56.110 55155.96795427 24.53 125.608496  64.643886  4.798 -100.00 -100.00 -100.00
  51    57.093 55155.96795486 25.61 125.614259  64.644777  6.235 -100.00 -100.00 -100.00
  52    54.945 55165.88359125 25.73 125.598437  64.643412  7.065 -100.00 -100.00 -100.00
  52    53.395 55165.88359184 25.90 125.604200  64.644304  6.427 -100.00 -100.00 -100.00
  52    55.731 55165.88359243 24.99 125.609962  64.645196  5.576 -100.00 -100.00 -100.00
  53    53.217 55175.79922906 25.75 125.599627  64.643873  6.357 -100.00 -100.00 -100.00
  53    52.272 55175.79922965 25.14 125.605389  64.644765  6.806 -100.00 -100.00 -100.00
  53    52.059 55175.79923024 25.61 125.611151  64.645656  6.845 -100.00 -100.00 -100.00
  54    53.400 55185.71487037 24.23 125.599069  64.643164  5.251 -100.00 -100.00 -100.00
  54    52.856 55185.71487096 24.79 125.604830  64.644056  5.796 -100.00 -100.00 -100.00
  54    52.273 55185.71487155 24.71 125.610593  64.644948  6.757 -100.00 -100.00 -100.00
  55    52.827 55195.63052141 22.83 125.598678  64.643632  5.133 -100.00 -100.00 -100.00
  55    52.481 55195.63052200 22.69 125.604440  64.644524  5.296 -100.00 -100.00 -100.00
  55    52.155 55195.63052259 22.71 125.610203  64.645416  5.455 -100.00 -100.00 -100.00
  56    53.542 55205.54617089 22.51 125.594344  64.644527  5.234 -100.00 -100.00 -100.00
  56    53.527 55205.54617148 22.29 125.600106  64.645419  4.691 -100.00 -100.00 -100.00
  56    53.806 55205.54617207 22.14 125.605869  64.646310  4.587 -100.00 -100.00 -100.00
  56    52.297 55205.54617266 21.89 125.611632  64.647202  4.323 -100.00 -100.00 -100.00
  57    53.474 55215.46182039 22.00 125.595887  64.646600  5.047 -100.00 -100.00 -100.00
  57    52.892 55215.46182098 21.35 125.601649  64.647492  4.266 -100.00 -100.00 -100.00
  57    52.787 55215.46182157 21.19 125.607413  64.648384  4.042 -100.00 -100.00 -100.00
  58    51.713 55225.37746919 21.58 125.596775  64.647233  4.586 -100.00 -100.00 -100.00
  58    54.034 55225.37746978 21.11 125.602539  64.648124  4.589 -100.00 -100.00 -100.00
  58    55.573 55225.37747037 20.97 125.608302  64.649016  5.011 -100.00 -100.00 -100.00
  59    53.120 55235.29311587 21.50 125.598859  64.645834  4.464 -100.00 -100.00 -100.00
  59    52.387 55235.29311646 20.73 125.604622  64.646725  4.156 -100.00 -100.00 -100.00
  59    52.433 55235.29311705 20.94 125.610386  64.647617  4.733 -100.00 -100.00 -100.00
  60    52.905 55245.20875856 20.22 125.595383  64.642317  4.268 -100.00 -100.00 -100.00
  60    52.097 55245.20875915 20.11 125.601145  64.643209  4.463 -100.00 -100.00 -100.00
  60    52.359 55245.20875974 19.98 125.606908  64.644100  4.320 -100.00 -100.00 -100.00
  60    52.277 55245.20876033 19.71 125.612671  64.644992  4.320 -100.00 -100.00 -100.00
  61    52.196 55255.12439975 21.02 125.604252  64.641781  5.975 -100.00 -100.00 -100.00
  61    52.172 55255.12440034 20.66 125.610014  64.642673  5.274 -100.00 -100.00 -100.00
  61    52.047 55255.12440093 20.95 125.615777  64.643564  5.411 -100.00 -100.00 -100.00
  62    52.132 55265.04003838 19.66 125.602241  64.642149  4.460 -100.00 -100.00 -100.00
  62    52.246 55265.04003897 20.04 125.608004  64.643040  5.051 -100.00 -100.00 -100.00
  62    51.986 55265.04003956 20.05 125.613767  64.643932  5.214 -100.00 -100.00 -100.00
  63    52.248 55274.95567616 19.80 125.599691  64.643826  5.884 -100.00 -100.00 -100.00
  63    52.106 55274.95567675 19.54 125.605454  64.644718  4.586 -100.00 -100.00 -100.00
  63    52.275 55274.95567734 19.10 125.611217  64.645609  4.209 -100.00 -100.00 -100.00
  64    53.130 55284.87131333 19.20 125.599209  64.644513  5.600 -100.00 -100.00 -100.00
  64    53.612 55284.87131392 18.28 125.604972  64.645404  4.013 -100.00 -100.00 -100.00
  64    52.085 55284.87131451 18.42 125.610734  64.646296  4.522 -100.00 -100.00 -100.00
  65    52.617 55294.78694866 18.63 125.599506  64.642854  4.766 -100.00 -100.00 -100.00
  65    52.376 55294.78694925 18.02 125.605268  64.643746  4.211 -100.00 -100.00 -100.00
  65    53.487 55294.78694984 17.90 125.611030  64.644637  4.190 -100.00 -100.00 -100.00
  66    52.992 55304.70258720 25.90 125.603530  64.640864 17.655 -100.00 -100.00 -100.00
  66    53.007 55304.70258779 19.95 125.609291  64.641756  7.147 -100.00 -100.00 -100.00
  66    52.827 55304.70258838 18.49 125.615053  64.642648  4.806 -100.00 -100.00 -100.00
  67    52.568 55314.61823414 32.38 125.601323  64.639586   -100 -100.00 -100.00 -100.00
  67    52.885 55314.61823473 27.62 125.607084  64.640477 20.129 -100.00 -100.00 -100.00
  67    52.755 55314.61823533 27.49 125.612845  64.641369 18.586 -100.00 -100.00 -100.00
  67    52.252 55314.61823592 25.64 125.618606  64.642260 15.952 -100.00 -100.00 -100.00
  68    52.440 55324.53387953 45.51 125.599537  64.640627   -100 -100.00 -100.00 -100.00
  68    52.458 55324.53388012 43.55 125.605298  64.641518   -100 -100.00 -100.00 -100.00
  68    51.992 55324.53388071 46.06 125.611059  64.642410   -100 -100.00 -100.00 -100.00
  68    53.545 55324.53388130 41.67 125.616821  64.643301 28.552 -100.00 -100.00 -100.00
  69    52.952 55334.44952400 36.52 125.600119  64.643108 26.115 -100.00 -100.00 -100.00
  69    52.561 55334.44952459 37.93 125.605881  64.644000   -100 -100.00 -100.00 -100.00
  69    52.099 55334.44952518 40.56 125.611643  64.644891   -100 -100.00 -100.00 -100.00
  70    56.662 55344.36516787 28.99 125.597740  64.644450  4.728 -100.00 -100.00 -100.00
  70    56.823 55344.36516846 29.47 125.603502  64.645342  5.341 -100.00 -100.00 -100.00
  70    57.159 55344.36516905 30.63 125.609264  64.646233  7.595 -100.00 -100.00 -100.00
  71    54.673 55354.28081094 54.24 125.595494  64.644100   -100 -100.00 -100.00 -100.00
  71    54.595 55354.28081153 55.40 125.601255  64.644991 10.114 -100.00 -100.00 -100.00
  71    54.539 55354.28081212 53.55 125.607018  64.645883 26.992 -100.00 -100.00 -100.00
  71    54.502 55354.28081271 58.63 125.612780  64.646775   -100 -100.00 -100.00 -100.00
  72    55.905 55364.19645223 25.70 125.596700  64.643656 13.534 -100.00 -100.00 -100.00
  72    55.372 55364.19645282 24.96 125.602462  64.644548 13.237 -100.00 -100.00 -100.00
  72    54.281 55364.19645341 28.88 125.608225  64.645439 26.553 -100.00 -100.00 -100.00
  72    54.563 55364.19645400 29.02 125.613987  64.646331 25.694 -100.00 -100.00 -100.00
  73    55.576 55374.11209153 29.48 125.594881  64.643145 13.802 -100.00 -100.00 -100.00
  73    53.540 55374.11209212 31.30 125.600643  64.644037 20.306 -100.00 -100.00 -100.00
  73    54.143 55374.11209271 28.40 125.606405  64.644929 12.898 -100.00 -100.00 -100.00
  73    54.145 55374.11209330 34.22 125.612168  64.645820 29.154 -100.00 -100.00 -100.00
  74    53.268 55384.02773019 43.89 125.598124  64.644412   -100 -100.00 -100.00 -100.00
  74    53.415 55384.02773078 44.27 125.603886  64.645304 31.968 -100.00 -100.00 -100.00
  74    53.205 55384.02773137 47.22 125.609649  64.646195   -100 -100.00 -100.00 -100.00
  75    54.473 55393.94336735 52.58 125.595015  64.644794   -100 -100.00 -100.00 -100.00
  75    54.203 55393.94336794 54.35 125.600777  64.645686 11.996 -100.00 -100.00 -100.00
  75    54.130 55393.94336854 53.01 125.606539  64.646578 23.385 -100.00 -100.00 -100.00
  75    54.180 55393.94336913 55.48 125.612302  64.647470 17.109 -100.00 -100.00 -100.00
  76    52.891 55403.85900513 36.07 125.598554  64.645220 31.713 -100.00 -100.00 -100.00
  76    52.754 55403.85900572 37.14 125.604316  64.646112 31.790 -100.00 -100.00 -100.00
  76    52.722 55403.85900631 38.91 125.610078  64.647004   -100 -100.00 -100.00 -100.00
  77    52.872 55413.77465648 31.58 125.596075  64.643546 15.736 -100.00 -100.00 -100.00
  77    52.373 55413.77465707 32.44 125.601836  64.644438 21.315 -100.00 -100.00 -100.00
  77    52.323 55413.77465766 35.81 125.607598  64.645330 32.264 -100.00 -100.00 -100.00
  77    53.085 55413.77465825 38.06 125.613360  64.646221 25.982 -100.00 -100.00 -100.00
  78    53.098 55423.69030555 40.16 125.600807  64.641983  3.988 -100.00 -100.00 -100.00
  78    52.984 55423.69030614 41.56 125.606568  64.642875  5.528 -100.00 -100.00 -100.00
  78    52.980 55423.69030673 40.26 125.612329  64.643766   -100 -100.00 -100.00 -100.00
  79    52.626 55433.60595188 36.93 125.603604  64.640799   -100 -100.00 -100.00 -100.00
  79    52.256 55433.60595247 40.67 125.609365  64.641691 20.153 -100.00 -100.00 -100.00
  79    52.335 55433.60595306 41.43 125.615126  64.642582 16.811 -100.00 -100.00 -100.00
  80    52.771 55443.52159605 43.35 125.599213  64.640988 17.655 -100.00 -100.00 -100.00
  80    52.826 55443.52159664 39.45 125.604974  64.641879   -100 -100.00 -100.00 -100.00
  80    52.627 55443.52159723 37.85 125.610735  64.642771   -100 -100.00 -100.00 -100.00
  80    53.283 55443.52159782 36.78 125.616497  64.643662   -100 -100.00 -100.00 -100.00
  81    52.983 55453.43723920 42.37 125.596947  64.642680  1.689 -100.00 -100.00 -100.00
  81    52.803 55453.43723979 42.09 125.602708  64.643572 18.392 -100.00 -100.00 -100.00
  81    52.553 55453.43724038 40.97 125.608470  64.644463  9.153 -100.00 -100.00 -100.00
  81    53.579 55453.43724097 36.40 125.614233  64.645354 30.129 -100.00 -100.00 -100.00
  82    52.791 55463.35288162 33.82 125.595694  64.644000 15.482 -100.00 -100.00 -100.00
  82    52.704 55463.35288221 34.28 125.601456  64.644892 19.351 -100.00 -100.00 -100.00
  82    52.573 55463.35288280 36.16 125.607218  64.645783 19.845 -100.00 -100.00 -100.00
  82    52.506 55463.35288339 40.99 125.612981  64.646675   -100 -100.00 -100.00 -100.00
  83    52.636 55473.26852213 30.53 125.598892  64.643468 29.265 -100.00 -100.00 -100.00
  83    53.188 55473.26852272 28.41 125.604654  64.644360 19.190 -100.00 -100.00 -100.00
  83    52.967 55473.26852331 30.23 125.610416  64.645251 26.594 -100.00 -100.00 -100.00
  84   123.327 55483.18415959  6.41 125.601311  64.641370  6.982 -100.00 -100.00 -100.00
  84   125.586 55483.18416018  3.92 125.607073  64.642262  5.259 -100.00 -100.00 -100.00
  84   127.072 55483.18416077  1.44 125.612835  64.643153  3.987 -100.00 -100.00 -100.00
  85    51.448 55493.09979513 26.06 125.605621  64.640053  7.956 -100.00 -100.00 -100.00
  85    51.283 55493.09979572 26.95 125.611383  64.640945  9.301 -100.00 -100.00 -100.00
  85    51.460 55493.09979631 24.66 125.617145  64.641837  5.692 -100.00 -100.00 -100.00
  86    52.495 55503.01542844 20.88 125.600807  64.639802  3.433 -100.00 -100.00 -100.00
  86    54.330 55503.01542903 20.60 125.606568  64.640694  4.212 -100.00 -100.00 -100.00
  86    54.483 55503.01542962 19.92 125.612330  64.641586  2.952 -100.00 -100.00 -100.00
  86    52.556 55503.01543021 20.02 125.618093  64.642478  3.331 -100.00 -100.00 -100.00
  87    53.918 55512.93107531 20.11 125.600002  64.642423  3.111 -100.00 -100.00 -100.00
  87    53.269 55512.93107590 20.10 125.605764  64.643315  3.671 -100.00 -100.00 -100.00
  87    51.669 55512.93107649 19.32 125.611527  64.644206  3.271 -100.00 -100.00 -100.00
  88    52.984 55522.84672456 17.07 125.595588  64.644187  2.710 -100.00 -100.00 -100.00
  88    54.025 55522.84672515 16.96 125.601350  64.645079  2.819 -100.00 -100.00 -100.00
  88    53.349 55522.84672574 16.63 125.607113  64.645971  2.994 -100.00 -100.00 -100.00
  88    54.218 55522.84672633 16.49 125.612876  64.646862  2.833 -100.00 -100.00 -100.00
  89    53.099 55532.76237249 16.58 125.594183  64.644690  3.602 -100.00 -100.00 -100.00
  89    53.749 55532.76237308 15.97 125.599946  64.645582  2.639 -100.00 -100.00 -100.00
  89    54.043 55532.76237367 15.80 125.605708  64.646474  2.596 -100.00 -100.00 -100.00
  89    54.203 55532.76237426 15.88 125.611471  64.647365  2.727 -100.00 -100.00 -100.00
  90    53.817 55542.67801928 15.53 125.599135  64.644744  2.839 -100.00 -100.00 -100.00
  90    53.725 55542.67801987 15.10 125.604898  64.645635  2.870 -100.00 -100.00 -100.00
  90    54.322 55542.67802046 14.83 125.610660  64.646527  2.491 -100.00 -100.00 -100.00
  91    54.094 55552.59366345 14.36 125.597834  64.644065  3.180 -100.00 -100.00 -100.00
  91    54.104 55552.59366404 14.00 125.603596  64.644957  2.631 -100.00 -100.00 -100.00
  91    57.455 55552.59366463 13.94 125.609358  64.645848  2.414 -100.00 -100.00 -100.00
  92    54.027 55562.50930628 13.64 125.594657  64.644332  2.751 -100.00 -100.00 -100.00
  92    53.946 55562.50930687 13.65 125.600419  64.645224  2.851 -100.00 -100.00 -100.00
  92    56.252 55562.50930746 13.41 125.606182  64.646116  2.477 -100.00 -100.00 -100.00
  92    56.764 55562.50930805 13.31 125.611945  64.647007  2.528 -100.00 -100.00 -100.00
  93    55.714 55572.42494906 12.88 125.597273  64.645757  2.699 -100.00 -100.00 -100.00
  93    55.998 55572.42494965 12.89 125.603035  64.646649  2.454 -100.00 -100.00 -100.00
  93    56.174 55572.42495024 12.69 125.608798  64.647541  2.309 -100.00 -100.00 -100.00
  94    54.317 55582.34059013 12.66 125.595931  64.645360  2.407 -100.00 -100.00 -100.00
  94    54.211 55582.34059072 12.52 125.601694  64.646252  2.287 -100.00 -100.00 -100.00
  94    54.338 55582.34059132 12.49 125.607457  64.647144  2.533 -100.00 -100.00 -100.00
  95    55.135 55592.25622803 12.43 125.597291  64.643492  2.702 -100.00 -100.00 -100.00
  95    54.125 55592.25622862 12.41 125.603053  64.644384  2.409 -100.00 -100.00 -100.00
  95    54.736 55592.25622921 12.56 125.608816  64.645275  2.721 -100.00 -100.00 -100.00
  95    54.464 55592.25622980 12.46 125.614579  64.646167  2.514 -100.00 -100.00 -100.00
  96    55.096 55602.17186260 11.85 125.599054  64.640872  2.278 -100.00 -100.00 -100.00
  96    54.380 55602.17186319 11.92 125.604816  64.641764  2.783 -100.00 -100.00 -100.00
  96    56.633 55602.17186379 11.88 125.610578  64.642656  2.706 -100.00 -100.00 -100.00
  96    54.280 55602.17186438 11.97 125.616341  64.643547  2.534 -100.00 -100.00 -100.00
  97    55.409 55612.08749504 11.70 125.600319  64.639277  2.792 -100.00 -100.00 -100.00
  97    55.144 55612.08749564 11.56 125.606081  64.640169  2.253 -100.00 -100.00 -100.00
  97    54.588 55612.08749623 11.73 125.611843  64.641061  2.642 -100.00 -100.00 -100.00
  97    56.019 55612.08749682 11.62 125.617605  64.641952  2.601 -100.00 -100.00 -100.00
  98    55.225 55622.00312911 11.63 125.600389  64.639692  2.411 -100.00 -100.00 -100.00
  98    54.907 55622.00312970 11.65 125.606151  64.640584  2.597 -100.00 -100.00 -100.00
  98    54.674 55622.00313029 11.58 125.611913  64.641476  2.780 -100.00 -100.00 -100.00
  98    54.595 55622.00313088 11.59 125.617675  64.642367  2.559 -100.00 -100.00 -100.00
  99    55.905 55631.91878192 10.69 125.598426  64.641897  2.628 -100.00 -100.00 -100.00
  99    54.436 55631.91878251 10.79 125.604188  64.642789  2.642 -100.00 -100.00 -100.00
  99    54.759 55631.91878310 10.87 125.609950  64.643681  2.690 -100.00 -100.00 -100.00
  99    53.917 55631.91878369 10.97 125.615713  64.644572  2.789 -100.00 -100.00 -100.00
 100    55.594 55641.83443241 10.73 125.596150  64.642860  2.654 -100.00 -100.00 -100.00
 100    54.625 55641.83443300 10.95 125.601911  64.643752  3.040 -100.00 -100.00 -100.00
 100    54.944 55641.83443359 10.92 125.607674  64.644644  2.911 -100.00 -100.00 -100.00
 100    56.634 55641.83443418 10.72 125.613436  64.645536  2.561 -100.00 -100.00 -100.00
 101    54.918 55651.75008029 10.87 125.596996  64.642412  2.463 -100.00 -100.00 -100.00
 101    54.989 55651.75008088 10.93 125.602758  64.643304  2.959 -100.00 -100.00 -100.00
 101    54.409 55651.75008147 11.24 125.608520  64.644196  2.942 -100.00 -100.00 -100.00
 101    54.709 55651.75008206 10.86 125.614282  64.645087  2.542 -100.00 -100.00 -100.00
 102    55.396 55661.66572481 10.82 125.604382  64.641634  2.521 -100.00 -100.00 -100.00
 102    55.161 55661.66572541 10.72 125.610143  64.642525  2.618 -100.00 -100.00 -100.00
 102    53.761 55661.66572600 10.67 125.615905  64.643417  2.578 -100.00 -100.00 -100.00
 103    53.133 55671.58136525 34.07 125.601767  64.640381   -100 -100.00 -100.00 -100.00
 103    53.082 55671.58136584 29.14 125.607528  64.641272 18.780 -100.00 -100.00 -100.00
 103    52.667 55671.58136643 27.79 125.613290  64.642164 20.039 -100.00 -100.00 -100.00
 103    53.454 55671.58136702 28.36 125.619051  64.643055 18.959 -100.00 -100.00 -100.00
 104    52.606 55681.49700480 39.18 125.604217  64.641626 32.204 -100.00 -100.00 -100.00
 104    51.559 55681.49700539 45.70 125.609979  64.642518 12.589 -100.00 -100.00 -100.00
 104    53.571 55681.49700598 37.01 125.615740  64.643409 24.574 -100.00 -100.00 -100.00
 105    52.244 55691.41264180 38.57 125.597250  64.642479   -100 -100.00 -100.00 -100.00
 105    52.141 55691.41264239 41.33 125.603011  64.643371   -100 -100.00 -100.00 -100.00
 105    52.408 55691.41264298 40.43 125.608773  64.644263   -100 -100.00 -100.00 -100.00
 105    52.361 55691.41264357 41.19 125.614535  64.645154   -100 -100.00 -100.00 -100.00
 106    57.132 55701.32827790 45.58 125.597743  64.643898   -100 -100.00 -100.00 -100.00
 106    57.221 55701.32827849 45.41 125.603504  64.644790   -100 -100.00 -100.00 -100.00
 106    56.983 55701.32827908 46.15 125.609267  64.645681   -100 -100.00 -100.00 -100.00
 107    55.706 55711.24391902 29.23 125.596483  64.644010 20.742 -100.00 -100.00 -100.00
 107    53.443 55711.24391961 33.09 125.602245  64.644902   -100 -100.00 -100.00 -100.00
 107    54.016 55711.24392020 30.96 125.608007  64.645794 22.616 -100.00 -100.00 -100.00
 107    54.143 55711.24392079 33.77 125.613770  64.646686 30.271 -100.00 -100.00 -100.00
 108    55.917 55721.15956897 23.23 125.597692  64.644086 11.118 -100.00 -100.00 -100.00
 108    54.208 55721.15956956 28.41 125.603454  64.644978 29.294 -100.00 -100.00 -100.00
 108    55.169 55721.15957015 23.43 125.609216  64.645870 13.364 -100.00 -100.00 -100.00
 109    54.490 55731.07521664 52.60 125.597113  64.644080   -100 -100.00 -100.00 -100.00
 109    54.668 55731.07521723 52.68 125.602875  64.644972   -100 -100.00 -100.00 -100.00
 109    54.643 55731.07521782 51.90 125.608638  64.645864   -100 -100.00 -100.00 -100.00
 109    54.534 55731.07521841 52.49 125.614401  64.646755   -100 -100.00 -100.00 -100.00
 110    53.439 55740.99086306 39.83 125.596998  64.644394   -100 -100.00 -100.00 -100.00
 110    53.055 55740.99086365 42.35 125.602760  64.645286 15.020 -100.00 -100.00 -100.00
 110    53.130 55740.99086424 38.79 125.608522  64.646178   -100 -100.00 -100.00 -100.00
 111    53.292 55750.90650824 39.45 125.596995  64.644735   -100 -100.00 -100.00 -100.00
 111    53.101 55750.90650883 41.76 125.602757  64.645627   -100 -100.00 -100.00 -100.00
 111    52.763 55750.90650942 41.08 125.608520  64.646518   -100 -100.00 -100.00 -100.00
 112    52.546 55760.82215115 39.52 125.598667  64.644481   -100 -100.00 -100.00 -100.00
 112    52.515 55760.82215174 37.49 125.604428  64.645373   -100 -100.00 -100.00 -100.00
 112    52.481 55760.82215233 43.64 125.610191  64.646264 16.347 -100.00 -100.00 -100.00
 113    52.802 55770.73779072 35.25 125.596137  64.642740 29.696 -100.00 -100.00 -100.00
 113    52.300 55770.73779131 35.37 125.601898  64.643632   -100 -100.00 -100.00 -100.00
 113    52.279 55770.73779190 36.67 125.607660  64.644524   -100 -100.00 -100.00 -100.00
 113    53.711 55770.73779249 32.97 125.613422  64.645415 19.627 -100.00 -100.00 -100.00
 114    52.825 55780.65342766 36.32 125.601752  64.641615   -100 -100.00 -100.00 -100.00
 114    52.866 55780.65342825 35.96 125.607513  64.642506   -100 -100.00 -100.00 -100.00
 114    53.015 55780.65342884 37.84 125.613274  64.643398   -100 -100.00 -100.00 -100.00
 115    53.113 55790.56906142 51.04 125.600634  64.640190 32.522 -100.00 -100.00 -100.00
 115    53.288 55790.56906201 50.08 125.606394  64.641081 19.715 -100.00 -100.00 -100.00
 115    53.081 55790.56906260 47.58 125.612155  64.641973 21.631 -100.00 -100.00 -100.00
 115    53.274 55790.56906319 52.89 125.617917  64.642864   -100 -100.00 -100.00 -100.00
 116    52.836 55800.48469435 34.39 125.601689  64.640318   -100 -100.00 -100.00 -100.00
 116    52.822 55800.48469494 32.83 125.607449  64.641210 27.388 -100.00 -100.00 -100.00
 116    52.519 55800.48469553 34.95 125.613211  64.642101   -100 -100.00 -100.00 -100.00
 116    53.333 55800.48469612 34.75 125.618972  64.642993 32.190 -100.00 -100.00 -100.00
 117    52.600 55810.40034278 33.75 125.598521  64.641432 22.219 -100.00 -100.00 -100.00
 117    52.145 55810.40034337 33.94 125.604282  64.642324 29.305 -100.00 -100.00 -100.00
 117    52.190 55810.40034396 39.30 125.610044  64.643215   -100 -100.00 -100.00 -100.00
 117    52.227 55810.40034455 39.62 125.615806  64.644107   -100 -100.00 -100.00 -100.00
 118    53.395 55820.31599155 29.79 125.596267  64.642196 24.749 -100.00 -100.00 -100.00
 118    52.970 55820.31599214 32.50 125.602028  64.643088   -100 -100.00 -100.00 -100.00
 118    52.771 55820.31599273 34.32 125.607790  64.643980   -100 -100.00 -100.00 -100.00
 118    52.704 55820.31599332 33.28 125.613552  64.644871   -100 -100.00 -100.00 -100.00
 119    53.023 55830.23163614 34.89 125.599720  64.642304   -100 -100.00 -100.00 -100.00
 119    52.809 55830.23163673 33.22 125.605482  64.643196 31.646 -100.00 -100.00 -100.00
 119    52.531 55830.23163732 37.81 125.611244  64.644088   -100 -100.00 -100.00 -100.00
 120    52.818 55840.14727605 34.10 125.602644  64.641251 31.541 -100.00 -100.00 -100.00
 120    52.211 55840.14727664 38.01 125.608406  64.642142   -100 -100.00 -100.00 -100.00
 120    54.381 55840.14727723 35.81 125.614168  64.643034   -100 -100.00 -100.00 -100.00
 121    51.594 55850.06291280 32.27 125.604441  64.640605 18.559 -100.00 -100.00 -100.00
 121    51.421 55850.06291339 35.82 125.610203  64.641497   -100 -100.00 -100.00 -100.00
 121    51.623 55850.06291398 29.94 125.615965  64.642389 15.149 -100.00 -100.00 -100.00
 122    55.217 55859.97854729 21.52 125.602923  64.641138  4.388 -100.00 -100.00 -100.00
 122    54.372 55859.97854788 21.27 125.608684  64.642030  3.858 -100.00 -100.00 -100.00
 122    54.670 55859.97854847 20.19 125.614447  64.642921  3.018 -100.00 -100.00 -100.00
 123    51.758 55869.89419748 19.89 125.598378  64.642844  4.359 -100.00 -100.00 -100.00
 123    50.701 55869.89419807 19.61 125.604140  64.643736  4.061 -100.00 -100.00 -100.00
 123    50.967 55869.89419866 19.14 125.609902  64.644628  3.661 -100.00 -100.00 -100.00
 123    50.655 55869.89419925 18.87 125.615665  64.645520  3.436 -100.00 -100.00 -100.00
 124    53.959 55879.80984834 17.03 125.596475  64.644305  3.838 -100.00 -100.00 -100.00
 124    54.577 55879.80984893 16.25 125.602237  64.645197  3.372 -100.00 -100.00 -100.00
 124    54.505 55879.80984953 16.27 125.608000  64.646089  3.175 -100.00 -100.00 -100.00
 124    54.325 55879.80985012 16.07 125.613762  64.646980  3.425 -100.00 -100.00 -100.00
 125    52.224 55889.72549290 27.32 125.599258  64.645055 24.457 -100.00 -100.00 -100.00
 125    52.424 55889.72549349 27.33 125.605020  64.645947 24.726 -100.00 -100.00 -100.00
 125    52.340 55889.72549409 28.11 125.610783  64.646839 27.383 -100.00 -100.00 -100.00
 126    53.593 55899.64113130 16.85 125.599387  64.644480  5.602 -100.00 -100.00 -100.00
 126    54.577 55899.64113189 17.36 125.605149  64.645372  6.617 -100.00 -100.00 -100.00
 126    54.409 55899.64113248 16.59 125.610911  64.646264  5.376 -100.00 -100.00 -100.00
 127    53.715 55909.55676480 17.76 125.598650  64.643757  7.615 -100.00 -100.00 -100.00
 127    53.368 55909.55676539 16.93 125.604411  64.644649  6.738 -100.00 -100.00 -100.00
 127    52.534 55909.55676598 19.13 125.610174  64.645541  9.602 -100.00 -100.00 -100.00
 128    52.175 55919.47241595 19.35 125.597383  64.644372  9.973 -100.00 -100.00 -100.00
 128    53.887 55919.47241654 16.99 125.603146  64.645264  7.143 -100.00 -100.00 -100.00
 128    52.448 55919.47241713 19.94 125.608908  64.646156 10.698 -100.00 -100.00 -100.00
 129    52.360 55929.38806889 20.26 125.599383  64.644920  9.679 -100.00 -100.00 -100.00
 129    52.605 55929.38806948 18.35 125.605145  64.645812  8.596 -100.00 -100.00 -100.00
 129    52.488 55929.38807007 18.43 125.610908  64.646704  8.889 -100.00 -100.00 -100.00
 130    52.077 55939.30371740 20.39 125.594779  64.643267 12.536 -100.00 -100.00 -100.00
 130    52.328 55939.30371799 20.12 125.600542  64.644159 12.028 -100.00 -100.00 -100.00
 130    53.454 55939.30371858 18.76 125.606304  64.645051  8.558 -100.00 -100.00 -100.00
 130    52.148 55939.30371917 24.36 125.612067  64.645943 23.239 -100.00 -100.00 -100.00
 131    55.321 55949.21936182 15.53 125.597698  64.642045  6.269 -100.00 -100.00 -100.00
 131    52.136 55949.21936241 20.64 125.603460  64.642937 13.352 -100.00 -100.00 -100.00
 131    52.223 55949.21936300 23.32 125.609223  64.643828 21.058 -100.00 -100.00 -100.00
 131    52.173 55949.21936359 21.44 125.614986  64.644720 15.843 -100.00 -100.00 -100.00
 132    55.011 55959.13500188 14.47 125.600410  64.641453  4.718 -100.00 -100.00 -100.00
 132    54.084 55959.13500247 16.35 125.606172  64.642344  7.024 -100.00 -100.00 -100.00
 132    52.460 55959.13500306 17.96 125.611935  64.643236  9.512 -100.00 -100.00 -100.00
 132    52.143 55959.13500365 21.55 125.617698  64.644127 16.225 -100.00 -100.00 -100.00
 133    52.246 55969.05063949 16.61 125.602334  64.641846  8.504 -100.00 -100.00 -100.00
 133    52.649 55969.05064008 17.20 125.608096  64.642738  9.130 -100.00 -100.00 -100.00
 133    53.407 55969.05064067 13.79 125.613859  64.643629  5.221 -100.00 -100.00 -100.00
 134    55.271 55978.96627565 13.50 125.599152  64.642045  5.104 -100.00 -100.00 -100.00
 134    53.157 55978.96627624 16.14 125.604914  64.642937  8.117 -100.00 -100.00 -100.00
 134    57.000 55978.96627683 12.72 125.610677  64.643829  3.804 -100.00 -100.00 -100.00
 134    53.398 55978.96627742 14.38 125.616440  64.644720  6.402 -100.00 -100.00 -100.00
 135    55.382 55988.88191178 11.88 125.603191  64.642695  3.135 -100.00 -100.00 -100.00
 135    55.034 55988.88191237 12.54 125.608953  64.643587  4.544 -100.00 -100.00 -100.00
 135    54.853 55988.88191296 11.93 125.614715  64.644478  3.870 -100.00 -100.00 -100.00
 136    55.216 55998.79755312 12.45 125.600914  64.641883  3.855 -100.00 -100.00 -100.00
 136    54.680 55998.79755371 13.55 125.606676  64.642775  5.868 -100.00 -100.00 -100.00
 136    53.356 55998.79755430 13.98 125.612438  64.643666  6.332 -100.00 -100.00 -100.00
 137    54.885 56008.71320385 13.58 125.599193  64.641228  5.364 -100.00 -100.00 -100.00
 137    56.231 56008.71320444 12.39 125.604955  64.642120  3.416 -100.00 -100.00 -100.00
 137    54.294 56008.71320503 12.55 125.610716  64.643012  3.996 -100.00 -100.00 -100.00
 137    53.277 56008.71320562 14.50 125.616478  64.643903  6.654 -100.00 -100.00 -100.00
 138    55.833 56018.62885093 12.26 125.602496  64.641582  3.169 -100.00 -100.00 -100.00
 138    55.029 56018.62885152 12.32 125.608257  64.642474  2.958 -100.00 -100.00 -100.00
 138    54.609 56018.62885211 12.10 125.614019  64.643365  2.871 -100.00 -100.00 -100.00
 139    56.643 56028.54449471 11.87 125.600929  64.642156  3.866 -100.00 -100.00 -100.00
 139    55.187 56028.54449530 11.97 125.606690  64.643048  4.244 -100.00 -100.00 -100.00
 139    54.509 56028.54449589 11.56 125.612452  64.643939  2.862 -100.00 -100.00 -100.00
 140    55.623 56038.46013694 10.93 125.600463  64.643476  3.342 -100.00 -100.00 -100.00
 140    55.996 56038.46013753 10.60 125.606224  64.644368  2.831 -100.00 -100.00 -100.00
 140    55.836 56038.46013812 10.90 125.611986  64.645259  3.363 -100.00 -100.00 -100.00
 141    53.145 56048.37577716  9.60 125.599460  64.644297  3.146 -100.00 -100.00 -100.00
 141    52.914 56048.37577775  9.96 125.605222  64.645189  3.477 -100.00 -100.00 -100.00
 141    52.528 56048.37577834 10.38 125.610985  64.646081  3.980 -100.00 -100.00 -100.00
 142    52.862 56058.29141465 41.60 125.598930  64.644574   -100 -100.00 -100.00 -100.00
 142    52.398 56058.29141524 48.91 125.604692  64.645466  3.566 -100.00 -100.00 -100.00
 142    52.441 56058.29141583 48.58 125.610454  64.646358   -100 -100.00 -100.00 -100.00
 143    58.429 56068.20704744 54.08 125.596295  64.643458 32.684 -100.00 -100.00 -100.00
 143    58.513 56068.20704804 56.00 125.602057  64.644350 26.102 -100.00 -100.00 -100.00
 143    58.633 56068.20704863 52.52 125.607819  64.645242   -100 -100.00 -100.00 -100.00
 143    58.534 56068.20704922 55.44 125.613582  64.646134  6.153 -100.00 -100.00 -100.00
 144    56.137 56078.12269838 54.64 125.595253  64.643717   -100 -100.00 -100.00 -100.00
 144    55.829 56078.12269897 55.32 125.601015  64.644609 17.247 -100.00 -100.00 -100.00
 144    55.831 56078.12269956 55.09 125.606777  64.645501 20.998 -100.00 -100.00 -100.00
 144    55.963 56078.12270015 55.82 125.612540  64.646393 10.669 -100.00 -100.00 -100.00
 145    55.692 56088.03834742 25.65 125.598820  64.644949  7.537 -100.00 -100.00 -100.00
 145    55.253 56088.03834801 26.51 125.604582  64.645841 10.125 -100.00 -100.00 -100.00
 145    55.036 56088.03834860 30.78 125.610345  64.646733 19.796 -100.00 -100.00 -100.00
 146    55.386 56097.95399351 28.07 125.598383  64.645378 19.178 -100.00 -100.00 -100.00
 146    54.597 56097.95399410 31.86 125.604145  64.646269   -100 -100.00 -100.00 -100.00
 146    54.884 56097.95399469 29.77 125.609908  64.647161 26.153 -100.00 -100.00 -100.00
 147    53.707 56107.86963691 31.39 125.594533  64.644111 23.919 -100.00 -100.00 -100.00
 147    53.705 56107.86963750 31.97 125.600294  64.645003 22.690 -100.00 -100.00 -100.00
 147    53.827 56107.86963809 32.71 125.606057  64.645895 26.685 -100.00 -100.00 -100.00
 147    53.830 56107.86963868 38.44 125.611819  64.646786   -100 -100.00 -100.00 -100.00
 148    55.852 56117.78526664 22.81 125.598523  64.642889  9.017 -100.00 -100.00 -100.00
 148    55.218 56117.78526723 23.65 125.604284  64.643781 11.709 -100.00 -100.00 -100.00
 148    55.055 56117.78526782 22.59 125.610046  64.644673 10.294 -100.00 -100.00 -100.00
 149    53.000 56127.70090436 32.91 125.603555  64.641663   -100 -100.00 -100.00 -100.00
 149    53.369 56127.70090495 31.70 125.609316  64.642555 26.603 -100.00 -100.00 -100.00
 149    53.575 56127.70090554 34.49 125.615078  64.643446   -100 -100.00 -100.00 -100.00
 150    53.492 56137.61653785 54.01 125.602180  64.640381 21.657 -100.00 -100.00 -100.00
 150    53.624 56137.61653844 55.71 125.607941  64.641273  4.732 -100.00 -100.00 -100.00
 150    53.491 56137.61653903 58.15 125.613701  64.642165   -100 -100.00 -100.00 -100.00
 150    53.644 56137.61653962 52.57 125.619463  64.643056  4.555 -100.00 -100.00 -100.00
 151    53.530 56147.53218388 32.84 125.602289  64.641590   -100 -100.00 -100.00 -100.00
 151    54.098 56147.53218447 31.26 125.608050  64.642482 29.034 -100.00 -100.00 -100.00
 151    54.312 56147.53218506 31.98 125.613811  64.643373 31.649 -100.00 -100.00 -100.00
 152    52.817 56157.44783254 36.00 125.594990  64.642112   -100 -100.00 -100.00 -100.00
 152    52.764 56157.44783313 35.15 125.600751  64.643004   -100 -100.00 -100.00 -100.00
 152    52.385 56157.44783372 39.12 125.606513  64.643895   -100 -100.00 -100.00 -100.00
 152    52.564 56157.44783431 40.05 125.612275  64.644787   -100 -100.00 -100.00 -100.00
 153    54.003 56167.36348129 51.99 125.598533  64.643321   -100 -100.00 -100.00 -100.00
 153    53.860 56167.36348188 51.31 125.604294  64.644212   -100 -100.00 -100.00 -100.00
 153    53.743 56167.36348247 57.15 125.610056  64.645104 24.605 -100.00 -100.00 -100.00
 154    53.651 56177.27912671 37.08 125.596076  64.642099   -100 -100.00 -100.00 -100.00
 154    53.428 56177.27912730 37.61 125.601838  64.642991   -100 -100.00 -100.00 -100.00
 154    53.580 56177.27912789 31.29 125.607599  64.643883 26.017 -100.00 -100.00 -100.00
 154    53.732 56177.27912848 32.98 125.613362  64.644775   -100 -100.00 -100.00 -100.00
 155    52.807 56187.19476806 41.21 125.600318  64.641489   -100 -100.00 -100.00 -100.00
 155    52.678 56187.19476865 42.01 125.606079  64.642381   -100 -100.00 -100.00 -100.00
 155    52.754 56187.19476924 42.80 125.611841  64.643273   -100 -100.00 -100.00 -100.00
 155    53.058 56187.19476983 41.55 125.617604  64.644164   -100 -100.00 -100.00 -100.00
 156    52.983 56197.11040574 38.25 125.603838  64.641518   -100 -100.00 -100.00 -100.00
 156    52.822 56197.11040633 38.32 125.609600  64.642410   -100 -100.00 -100.00 -100.00
 156    53.372 56197.11040692 37.45 125.615362  64.643301   -100 -100.00 -100.00 -100.00
 157    52.610 56207.02603970 33.25 125.599607  64.641848 24.630 -100.00 -100.00 -100.00
 157    52.383 56207.02604030 39.54 125.605369  64.642740   -100 -100.00 -100.00 -100.00
 157    52.445 56207.02604089 39.50 125.611131  64.643632   -100 -100.00 -100.00 -100.00
 157    53.207 56207.02604148 34.31 125.616894  64.644524 29.272 -100.00 -100.00 -100.00
 158    52.475 56216.94167226 39.80 125.596603  64.642964 22.873 -100.00 -100.00 -100.00
 158    52.248 56216.94167285 41.84 125.602365  64.643856   -100 -100.00 -100.00 -100.00
 158    51.943 56216.94167345 44.99 125.608128  64.644748  2.110 -100.00 -100.00 -100.00
 158    51.974 56216.94167404 39.45 125.613890  64.645640   -100 -100.00 -100.00 -100.00
 159    51.219 56226.85731434 35.30 125.595434  64.644012 24.086 -100.00 -100.00 -100.00
 159    51.588 56226.85731493 33.12 125.601196  64.644904 18.087 -100.00 -100.00 -100.00
 159    51.705 56226.85731552 32.69 125.606958  64.645796 16.066 -100.00 -100.00 -100.00
 159    51.678 56226.85731611 31.01 125.612721  64.646688 13.366 -100.00 -100.00 -100.00
 160    54.898 56236.77296927 22.89 125.596828  64.644414  4.355 -100.00 -100.00 -100.00
 160    53.667 56236.77296986 22.65 125.602590  64.645306  4.630 -100.00 -100.00 -100.00
 160    54.203 56236.77297045 22.84 125.608352  64.646198  5.438 -100.00 -100.00 -100.00
 161    54.721 56246.68862023 22.29 125.597530  64.644046  3.848 -100.00 -100.00 -100.00
 161    56.220 56246.68862082 21.85 125.603292  64.644938  2.926 -100.00 -100.00 -100.00
 161    54.255 56246.68862141 21.79 125.609054  64.645829  3.754 -100.00 -100.00 -100.00
 162    53.463 56256.60426594 22.45 125.596097  64.643704  3.687 -100.00 -100.00 -100.00
 162    56.255 56256.60426653 22.31 125.601859  64.644596  4.130 -100.00 -100.00 -100.00
 162    56.369 56256.60426712 21.69 125.607621  64.645487  3.474 -100.00 -100.00 -100.00
 162    53.640 56256.60426771 21.78 125.613384  64.646379  3.954 -100.00 -100.00 -100.00
 164    52.404 56276.43554917 21.95 125.598249  64.645510  4.431 -100.00 -100.00 -100.00
 164    53.152 56276.43554976 20.87 125.604011  64.646401  3.775 -100.00 -100.00 -100.00
 164    53.191 56276.43555035 21.06 125.609774  64.647293  3.959 -100.00 -100.00 -100.00
 165    52.172 56286.35119600 20.98 125.597028  64.644847  4.293 -100.00 -100.00 -100.00
 165    52.350 56286.35119659 21.00 125.602791  64.645739  4.607 -100.00 -100.00 -100.00
 165    52.801 56286.35119718 20.44 125.608553  64.646630  4.046 -100.00 -100.00 -100.00
 166    55.268 56296.26684597 20.30 125.598009  64.642970  4.417 -100.00 -100.00 -100.00
 166    52.118 56296.26684656 20.47 125.603771  64.643861  4.467 -100.00 -100.00 -100.00
 166    55.922 56296.26684715 20.16 125.609534  64.644753  4.728 -100.00 -100.00 -100.00
 166    52.064 56296.26684774 20.68 125.615297  64.645644  5.476 -100.00 -100.00 -100.00
 167    51.998 56306.18249214 21.07 125.601563  64.641396  6.577 -100.00 -100.00 -100.00
 167    52.665 56306.18249273 20.33 125.607325  64.642288  5.114 -100.00 -100.00 -100.00
 167    52.141 56306.18249332 20.22 125.613088  64.643179  5.458 -100.00 -100.00 -100.00
 168    52.307 56316.09813458 20.51 125.599087  64.640660  5.691 -100.00 -100.00 -100.00
 168    52.050 56316.09813517 20.10 125.604849  64.641552  5.229 -100.00 -100.00 -100.00
 168    51.906 56316.09813576 20.12 125.610612  64.642443  5.094 -100.00 -100.00 -100.00
 168    51.951 56316.09813635 19.74 125.616374  64.643334  4.848 -100.00 -100.00 -100.00
 169    51.936 56326.01377571 19.24 125.599812  64.642514  4.761 -100.00 -100.00 -100.00
 169    52.290 56326.01377630 19.02 125.605575  64.643406  4.608 -100.00 -100.00 -100.00
 169    52.057 56326.01377689 19.36 125.611338  64.644297  5.587 -100.00 -100.00 -100.00
 170    54.143 56335.92941542 18.15 125.596123  64.643609  4.139 -100.00 -100.00 -100.00
 170    52.826 56335.92941601 18.22 125.601885  64.644501  3.914 -100.00 -100.00 -100.00
 170    52.214 56335.92941660 18.03 125.607648  64.645393  3.751 -100.00 -100.00 -100.00
 170    52.065 56335.92941719 18.42 125.613411  64.646284  4.625 -100.00 -100.00 -100.00
 171    52.473 56345.84505415 18.10 125.596515  64.643512  4.057 -100.00 -100.00 -100.00
 171    52.224 56345.84505474 18.07 125.602277  64.644404  3.885 -100.00 -100.00 -100.00
 171    51.773 56345.84505533 17.79 125.608039  64.645296  4.695 -100.00 -100.00 -100.00
 171    52.155 56345.84505592 17.42 125.613802  64.646188  4.019 -100.00 -100.00 -100.00
 172    52.928 56355.76069090 17.59 125.602317  64.642483  4.551 -100.00 -100.00 -100.00
 172    52.789 56355.76069149 18.04 125.608078  64.643375  5.239 -100.00 -100.00 -100.00
 172    52.140 56355.76069208 17.57 125.613840  64.644266  5.043 -100.00 -100.00 -100.00
 173    52.608 56365.67633739 17.40 125.604356  64.641464  4.069 -100.00 -100.00 -100.00
 173    52.332 56365.67633798 16.88 125.610117  64.642355  4.078 -100.00 -100.00 -100.00
 173    52.008 56365.67633857 17.62 125.615879  64.643247  5.375 -100.00 -100.00 -100.00
 174    52.661 56375.59198560 16.86 125.599133  64.641148  3.780 -100.00 -100.00 -100.00
 174    52.344 56375.59198619 17.15 125.604894  64.642040  4.791 -100.00 -100.00 -100.00
 174    52.240 56375.59198679 17.29 125.610655  64.642931  5.534 -100.00 -100.00 -100.00
 174    52.160 56375.59198738 16.68 125.616417  64.643823  4.382 -100.00 -100.00 -100.00
 176    52.567 56395.42327525 15.68 125.596840  64.645477  3.387 -100.00 -100.00 -100.00
 176    52.140 56395.42327584 15.73 125.602602  64.646369  3.573 -100.00 -100.00 -100.00
 176    52.421 56395.42327643 15.72 125.608365  64.647261  3.560 -100.00 -100.00 -100.00
 177    53.309 56405.33891695 35.97 125.596323  64.646191 31.978 -100.00 -100.00 -100.00
 177    53.203 56405.33891754 32.48 125.602085  64.647083 23.437 -100.00 -100.00 -100.00
 177    52.943 56405.33891813 34.45 125.607848  64.647975   -100 -100.00 -100.00 -100.00
 178    52.288 56415.25455520 45.25 125.594771  64.645126   -100 -100.00 -100.00 -100.00
 178    52.371 56415.25455579 43.89 125.600534  64.646018   -100 -100.00 -100.00 -100.00
 178    51.942 56415.25455638 48.19 125.606296  64.646909 11.203 -100.00 -100.00 -100.00
 178    53.496 56415.25455697 44.33 125.612059  64.647801   -100 -100.00 -100.00 -100.00
 179    51.925 56425.17018872 44.95 125.595169  64.643181  6.149 -100.00 -100.00 -100.00
 179    52.106 56425.17018931 42.00 125.600931  64.644073   -100 -100.00 -100.00 -100.00
 179    51.856 56425.17018990 48.30 125.606693  64.644965   -100 -100.00 -100.00 -100.00
 179    51.957 56425.17019049 46.15 125.612456  64.645857  4.578 -100.00 -100.00 -100.00
 180    56.650 56435.08583657 29.12 125.596064  64.643043  6.615 -100.00 -100.00 -100.00
 180    56.544 56435.08583716 28.76 125.601826  64.643935  6.723 -100.00 -100.00 -100.00
 180    56.906 56435.08583775 28.00 125.607588  64.644827  4.912 -100.00 -100.00 -100.00
 180    57.958 56435.08583834 27.12 125.613351  64.645718  4.382 -100.00 -100.00 -100.00
 181    55.260 56445.00148855 53.33 125.595544  64.644087 26.155 -100.00 -100.00 -100.00
 181    55.300 56445.00148914 53.14 125.601306  64.644979  6.862 -100.00 -100.00 -100.00
 181    55.401 56445.00148973 50.78 125.607068  64.645871   -100 -100.00 -100.00 -100.00
 181    55.518 56445.00149032 53.69 125.612831  64.646762   -100 -100.00 -100.00 -100.00
 182    54.191 56454.91713849 30.49 125.598975  64.646060 24.583 -100.00 -100.00 -100.00
 182    54.795 56454.91713908 30.08 125.604738  64.646952 21.284 -100.00 -100.00 -100.00
 182    54.702 56454.91713967 32.04 125.610501  64.647843 29.583 -100.00 -100.00 -100.00
 183    54.621 56464.83278494 52.95 125.598358  64.645717   -100 -100.00 -100.00 -100.00
 183    54.588 56464.83278553 53.07 125.604120  64.646609  9.200 -100.00 -100.00 -100.00
 183    54.564 56464.83278612 46.55 125.609883  64.647500  1.308 -100.00 -100.00 -100.00
 184    53.003 56474.74842758 51.25 125.597255  64.643433 15.765 -100.00 -100.00 -100.00
 184    53.182 56474.74842817 52.30 125.603016  64.644325   -100 -100.00 -100.00 -100.00
 184    52.934 56474.74842876 54.16 125.608778  64.645216 14.424 -100.00 -100.00 -100.00
 184    53.091 56474.74842935 52.44 125.614541  64.646107  9.408 -100.00 -100.00 -100.00
 185    52.922 56484.66406746 52.94 125.602976  64.641609  0.525 -100.00 -100.00 -100.00
 185    53.092 56484.66406805 53.87 125.608737  64.642500   -100 -100.00 -100.00 -100.00
 185    52.894 56484.66406864 57.29 125.614498  64.643391 25.580 -100.00 -100.00 -100.00
 186    53.696 56494.57970364 28.77 125.601113  64.640363 24.948 -100.00 -100.00 -100.00
 186    55.439 56494.57970424 24.01 125.606874  64.641254 11.343 -100.00 -100.00 -100.00
 186    54.910 56494.57970483 24.42 125.612635  64.642146 12.139 -100.00 -100.00 -100.00
 186    55.325 56494.57970542 26.51 125.618396  64.643037 16.648 -100.00 -100.00 -100.00
 187    55.089 56504.49533823 31.84 125.600976  64.641566  6.687 -100.00 -100.00 -100.00
 187    55.092 56504.49533882 30.75 125.606737  64.642458  5.810 -100.00 -100.00 -100.00
 187    55.009 56504.49533941 29.73 125.612499  64.643349  4.442 -100.00 -100.00 -100.00
 188    55.373 56514.41097077 49.18 125.595767  64.642414   -100 -100.00 -100.00 -100.00
 188    55.386 56514.41097136 40.97 125.601529  64.643306 21.815 -100.00 -100.00 -100.00
 188    55.415 56514.41097195 45.23 125.607290  64.644198   -100 -100.00 -100.00 -100.00
 188    55.289 56514.41097254 49.35 125.613052  64.645090  6.699 -100.00 -100.00 -100.00
 189    53.663 56524.32662295 35.98 125.598543  64.643805   -100 -100.00 -100.00 -100.00
 189    53.672 56524.32662354 33.26 125.604304  64.644697   -100 -100.00 -100.00 -100.00
 189    53.804 56524.32662413 37.74 125.610067  64.645589  0.463 -100.00 -100.00 -100.00
 190    53.722 56534.24227441 32.21 125.599219  64.642888   -100 -100.00 -100.00 -100.00
 190    53.484 56534.24227500 32.26 125.604980  64.643780   -100 -100.00 -100.00 -100.00
 190    53.610 56534.24227559 33.33 125.610743  64.644671   -100 -100.00 -100.00 -100.00
 192    53.104 56554.07356680 49.11 125.601211  64.641841   -100 -100.00 -100.00 -100.00
 192    52.621 56554.07356740 52.32 125.606973  64.642733 22.231 -100.00 -100.00 -100.00
 192    52.616 56554.07356799 55.21 125.612736  64.643624 15.682 -100.00 -100.00 -100.00
 193    52.692 56563.98920954 38.47 125.599492  64.643682   -100 -100.00 -100.00 -100.00
 193    52.493 56563.98921013 36.28 125.605255  64.644574   -100 -100.00 -100.00 -100.00
 193    52.402 56563.98921072 35.08 125.611018  64.645466   -100 -100.00 -100.00 -100.00
 194    52.323 56573.90485109 34.14 125.598915  64.646054 19.824 -100.00 -100.00 -100.00
 194    52.232 56573.90485168 34.17 125.604678  64.646945 19.102 -100.00 -100.00 -100.00
 194    51.958 56573.90485227 37.38 125.610441  64.647837   -100 -100.00 -100.00 -100.00
 195    51.756 56583.82049002 28.75 125.598670  64.646871 14.047 -100.00 -100.00 -100.00
 195    51.755 56583.82049061 29.75 125.604432  64.647763 15.993 -100.00 -100.00 -100.00
 195    51.470 56583.82049120 28.62 125.610195  64.648654 13.699 -100.00 -100.00 -100.00
 196    51.337 56593.73612408 20.22 125.597665  64.645146  3.659 -100.00 -100.00 -100.00
 196    54.095 56593.73612467 19.55 125.603427  64.646038  3.601 -100.00 -100.00 -100.00
 196    51.322 56593.73612526 19.63 125.609190  64.646930  3.575 -100.00 -100.00 -100.00
 197    50.658 56603.65177699 20.65 125.596447  64.643788  6.242 -100.00 -100.00 -100.00
 197    51.134 56603.65177758 20.05 125.602208  64.644680  5.556 -100.00 -100.00 -100.00
 197    50.536 56603.65177817 20.18 125.607970  64.645572  6.412 -100.00 -100.00 -100.00
 197    50.821 56603.65177876 19.28 125.613733  64.646463  5.045 -100.00 -100.00 -100.00
 198    52.035 56613.56742585 20.28 125.598095  64.643481  5.839 -100.00 -100.00 -100.00
 198    52.029 56613.56742644 20.89 125.603857  64.644373  7.384 -100.00 -100.00 -100.00
 198    51.883 56613.56742703 22.39 125.609619  64.645264 10.295 -100.00 -100.00 -100.00
 199    52.038 56623.48307069 19.92 125.599084  64.644343  5.201 -100.00 -100.00 -100.00
 199    51.974 56623.48307128 20.21 125.604847  64.645235  6.475 -100.00 -100.00 -100.00
 199    52.037 56623.48307187 19.76 125.610609  64.646127  5.537 -100.00 -100.00 -100.00
 200    52.037 56633.39871260 19.33 125.599127  64.645068  5.721 -100.00 -100.00 -100.00
 200    52.002 56633.39871320 18.96 125.604890  64.645959  5.223 -100.00 -100.00 -100.00
 200    52.089 56633.39871379 18.64 125.610653  64.646851  4.593 -100.00 -100.00 -100.00
 201    51.968 56643.31434936 19.06 125.594986  64.643927  5.745 -100.00 -100.00 -100.00
 201    51.984 56643.31434995 18.84 125.600748  64.644819  5.370 -100.00 -100.00 -100.00
 201    52.100 56643.31435054 18.72 125.606511  64.645711  5.106 -100.00 -100.00 -100.00
 201    52.130 56643.31435113 18.18 125.612274  64.646603  5.369 -100.00 -100.00 -100.00
 202    52.163 56653.23000105 17.82 125.599117  64.643102  5.385 -100.00 -100.00 -100.00
 202    52.124 56653.23000164 18.20 125.604879  64.643994  5.411 -100.00 -100.00 -100.00
 202    51.985 56653.23000223 17.72 125.610642  64.644886  5.046 -100.00 -100.00 -100.00
 203    52.289 56663.14565034 17.90 125.601008  64.641668  4.771 -100.00 -100.00 -100.00
 203    52.142 56663.14565093 17.43 125.606770  64.642560  4.789 -100.00 -100.00 -100.00
 203    52.187 56663.14565153 16.54 125.612533  64.643451  4.461 -100.00 -100.00 -100.00
 204    52.117 56673.06129676 17.44 125.601479  64.641195  5.655 -100.00 -100.00 -100.00
 204    52.042 56673.06129735 17.26 125.607241  64.642087  5.727 -100.00 -100.00 -100.00
 204    52.277 56673.06129794 16.56 125.613004  64.642978  5.207 -100.00 -100.00 -100.00
 205    52.207 56682.97694141 17.77 125.597462  64.642212  7.401 -100.00 -100.00 -100.00
 205    52.329 56682.97694200 15.92 125.603224  64.643104  4.383 -100.00 -100.00 -100.00
 205    52.081 56682.97694259 16.80 125.608987  64.643996  6.090 -100.00 -100.00 -100.00
 205    52.147 56682.97694318 16.57 125.614750  64.644887  6.715 -100.00 -100.00 -100.00
 206    52.108 56692.89258449 18.01 125.598757  64.644124  6.424 -100.00 -100.00 -100.00
 206    52.119 56692.89258509 16.44 125.604519  64.645016  4.630 -100.00 -100.00 -100.00
 206    51.938 56692.89258568 17.43 125.610282  64.645907  5.983 -100.00 -100.00 -100.00
 207    52.115 56702.80822319 15.19 125.598876  64.644547  4.668 -100.00 -100.00 -100.00
 207    52.017 56702.80822378 15.38 125.604639  64.645438  4.994 -100.00 -100.00 -100.00
 207    52.197 56702.80822437 14.68 125.610401  64.646330  3.906 -100.00 -100.00 -100.00
 208    52.089 56712.72385650 15.80 125.597885  64.642709  5.957 -100.00 -100.00 -100.00
 208    52.226 56712.72385709 15.04 125.603646  64.643601  3.990 -100.00 -100.00 -100.00
 208    52.096 56712.72385768 15.40 125.609408  64.644493  4.392 -100.00 -100.00 -100.00
 208    52.124 56712.72385827 15.09 125.615171  64.645385  4.167 -100.00 -100.00 -100.00
 209    52.029 56722.63950365 16.40 125.598271  64.641846 10.273 -100.00 -100.00 -100.00
 209    52.124 56722.63950424 15.90 125.604033  64.642738 11.451 -100.00 -100.00 -100.00
 209    52.095 56722.63950483 16.43 125.609794  64.643629 16.043 -100.00 -100.00 -100.00
 209    52.163 56722.63950542 16.22 125.615557  64.644521 17.034 -100.00 -100.00 -100.00
 210    52.202 56732.55515447 15.15 125.595486  64.641908  4.885 -100.00 -100.00 -100.00
 210    52.035 56732.55515506 14.55 125.601247  64.642800  4.137 -100.00 -100.00 -100.00
 210    52.177 56732.55515565 14.45 125.607009  64.643692  4.082 -100.00 -100.00 -100.00
 210    52.209 56732.55515624 14.63 125.612771  64.644583  4.573 -100.00 -100.00 -100.00
 211    52.827 56742.47080222 14.03 125.595837  64.644167  4.836 -100.00 -100.00 -100.00
 211    52.590 56742.47080281 14.10 125.601599  64.645059  5.043 -100.00 -100.00 -100.00
 211    54.165 56742.47080340 13.32 125.607361  64.645950  3.909 -100.00 -100.00 -100.00
 211    52.574 56742.47080399 13.61 125.613124  64.646841  3.801 -100.00 -100.00 -100.00
 212    53.100 56752.38644548 13.15 125.594624  64.646095  4.361 -100.00 -100.00 -100.00
 212    54.276 56752.38644607 13.37 125.600386  64.646987  4.237 -100.00 -100.00 -100.00
 212    52.860 56752.38644666 13.30 125.606149  64.647879  4.496 -100.00 -100.00 -100.00
 212    52.518 56752.38644725 13.33 125.611913  64.648770  4.532 -100.00 -100.00 -100.00
 213    53.677 56762.30208367 30.13 125.596218  64.646777 16.661 -100.00 -100.00 -100.00
 213    53.244 56762.30208426 30.83 125.601980  64.647669 20.672 -100.00 -100.00 -100.00
 213    52.861 56762.30208485 31.06 125.607743  64.648561 21.854 -100.00 -100.00 -100.00
 214    52.604 56772.21771444 41.72 125.594127  64.644832   -100 -100.00 -100.00 -100.00
 214    52.540 56772.21771503 44.17 125.599889  64.645724   -100 -100.00 -100.00 -100.00
 214    52.149 56772.21771562 44.99 125.605652  64.646616   -100 -100.00 -100.00 -100.00
 214    51.939 56772.21771621 44.15 125.611415  64.647508  5.575 -100.00 -100.00 -100.00
 215    53.224 56782.13337227 37.38 125.597815  64.644644 26.589 -100.00 -100.00 -100.00
 215    53.084 56782.13337286 36.83 125.603577  64.645536 26.688 -100.00 -100.00 -100.00
 215    53.435 56782.13337345 35.75 125.609340  64.646427 23.062 -100.00 -100.00 -100.00
 216    58.193 56792.04902670 50.19 125.599331  64.644601   -100 -100.00 -100.00 -100.00
 216    57.923 56792.04902729 52.57 125.605094  64.645492 28.251 -100.00 -100.00 -100.00
 216    58.091 56792.04902788 53.39 125.610857  64.646384 11.983 -100.00 -100.00 -100.00
 217    56.298 56801.96467805 37.70 125.598644  64.645175 27.075 -100.00 -100.00 -100.00
 217    56.104 56801.96467864 38.27 125.604406  64.646067 31.765 -100.00 -100.00 -100.00
 217    56.076 56801.96467923 39.78 125.610170  64.646958   -100 -100.00 -100.00 -100.00
 218    56.407 56811.88032162 27.05 125.595061  64.645153 12.058 -100.00 -100.00 -100.00
 218    55.252 56811.88032221 29.75 125.600823  64.646045 19.548 -100.00 -100.00 -100.00
 218    57.424 56811.88032280 27.99 125.606586  64.646937 13.412 -100.00 -100.00 -100.00
 218    54.906 56811.88032339 31.94 125.612349  64.647828 24.828 -100.00 -100.00 -100.00
 219    55.709 56821.79596155 27.18 125.596875  64.644954 11.769 -100.00 -100.00 -100.00
 219    55.303 56821.79596214 26.31 125.602637  64.645846  9.711 -100.00 -100.00 -100.00
 219    54.300 56821.79596273 32.55 125.608400  64.646737 28.410 -100.00 -100.00 -100.00
 220    53.707 56831.71159739 32.53 125.600368  64.643673   -100 -100.00 -100.00 -100.00
 220    53.913 56831.71159798 37.34 125.606129  64.644564  4.112 -100.00 -100.00 -100.00
 220    54.218 56831.71159857 34.90 125.611891  64.645456   -100 -100.00 -100.00 -100.00
 221    53.458 56841.62722938 36.10 125.599118  64.641282   -100 -100.00 -100.00 -100.00
 221    53.049 56841.62722997 39.16 125.604879  64.642174  3.430 -100.00 -100.00 -100.00
 221    53.139 56841.62723056 41.19 125.610640  64.643065  9.900 -100.00 -100.00 -100.00
 221    53.590 56841.62723115 40.85 125.616401  64.643956   -100 -100.00 -100.00 -100.00
 222    53.102 56851.54286727 49.17 125.600516  64.640838  5.386 -100.00 -100.00 -100.00
 222    52.766 56851.54286786 50.61 125.606277  64.641729   -100 -100.00 -100.00 -100.00
 222    52.950 56851.54286845 51.49 125.612038  64.642621 19.075 -100.00 -100.00 -100.00
 222    53.084 56851.54286904 47.94 125.617800  64.643512   -100 -100.00 -100.00 -100.00
 223    52.983 56861.45852176 37.42 125.600404  64.642445   -100 -100.00 -100.00 -100.00
 223    52.831 56861.45852236 37.66 125.606166  64.643337   -100 -100.00 -100.00 -100.00
 223    53.309 56861.45852295 37.22 125.611927  64.644228   -100 -100.00 -100.00 -100.00
 224    53.114 56871.37417522 40.54 125.595988  64.643694 28.264 -100.00 -100.00 -100.00
 224    52.783 56871.37417581 42.75 125.601749  64.644586   -100 -100.00 -100.00 -100.00
 224    52.562 56871.37417640 43.91 125.607511  64.645477   -100 -100.00 -100.00 -100.00
 224    52.368 56871.37417699 45.33 125.613274  64.646369   -100 -100.00 -100.00 -100.00
 225    53.233 56881.28982624 35.04 125.597011  64.644637   -100 -100.00 -100.00 -100.00
 225    52.793 56881.28982683 35.79 125.602773  64.645529   -100 -100.00 -100.00 -100.00
 225    53.055 56881.28982742 37.85 125.608535  64.646420   -100 -100.00 -100.00 -100.00
 226    53.113 56891.20547330 33.59 125.596350  64.644169 27.254 -100.00 -100.00 -100.00
 226    53.035 56891.20547389 33.68 125.602112  64.645061 26.774 -100.00 -100.00 -100.00
 226    52.115 56891.20547448 36.57 125.607875  64.645953   -100 -100.00 -100.00 -100.00
 226    53.565 56891.20547507 35.88 125.613638  64.646844 31.688 -100.00 -100.00 -100.00
 227    52.318 56901.12111756 41.66 125.597435  64.643663   -100 -100.00 -100.00 -100.00
 227    52.439 56901.12111815 35.57 125.603198  64.644555 18.511 -100.00 -100.00 -100.00
 227    52.450 56901.12111874 40.76 125.608961  64.645446   -100 -100.00 -100.00 -100.00
 227    53.218 56901.12111933 38.33 125.614724  64.646338 24.431 -100.00 -100.00 -100.00
 228    54.971 56911.03675967 32.00 125.596363  64.644181 23.862 -100.00 -100.00 -100.00
 228    52.849 56911.03676026 33.39 125.602126  64.645072 30.905 -100.00 -100.00 -100.00
 228    52.879 56911.03676085 34.00 125.607889  64.645964 29.863 -100.00 -100.00 -100.00
 228    52.670 56911.03676144 37.41 125.613652  64.646855   -100 -100.00 -100.00 -100.00
 229    52.414 56920.95240043 34.88 125.597753  64.645630   -100 -100.00 -100.00 -100.00
 229    53.319 56920.95240102 31.02 125.603516  64.646522 18.751 -100.00 -100.00 -100.00
 229    52.424 56920.95240162 36.10 125.609279  64.647413   -100 -100.00 -100.00 -100.00
 230    53.157 56930.86803881 34.11 125.597143  64.646601 29.849 -100.00 -100.00 -100.00
 230    53.203 56930.86803940 34.96 125.602905  64.647493   -100 -100.00 -100.00 -100.00
 230    52.976 56930.86803999 39.15 125.608668  64.648385   -100 -100.00 -100.00 -100.00
 231    52.610 56940.78367196 41.95 125.595675  64.645949 25.567 -100.00 -100.00 -100.00
 231    52.282 56940.78367255 43.76 125.601437  64.646841   -100 -100.00 -100.00 -100.00
 231    51.844 56940.78367314 49.50 125.607200  64.647732 19.525 -100.00 -100.00 -100.00
 233    55.248 56960.61496339 21.42 125.598918  64.644625  3.912 -100.00 -100.00 -100.00
 233    54.554 56960.61496398 21.17 125.604680  64.645517  3.870 -100.00 -100.00 -100.00
 233    54.380 56960.61496457 21.29 125.610442  64.646409  4.824 -100.00 -100.00 -100.00
 234    52.365 56970.53061009 21.64 125.599045  64.644397  6.311 -100.00 -100.00 -100.00
 234    52.062 56970.53061068 22.27 125.604807  64.645289  6.557 -100.00 -100.00 -100.00
 234    52.062 56970.53061127 21.81 125.610570  64.646180  6.199 -100.00 -100.00 -100.00
 235    51.810 56980.44625294 21.24 125.599842  64.644474  6.748 -100.00 -100.00 -100.00
 235    52.133 56980.44625353 20.64 125.605605  64.645366  5.095 -100.00 -100.00 -100.00
 235    53.060 56980.44625413 20.35 125.611367  64.646257  5.067 -100.00 -100.00 -100.00
 236    51.456 56990.36189099 21.66 125.596866  64.643672  6.558 -100.00 -100.00 -100.00
 236    51.827 56990.36189158 20.33 125.602628  64.644564  5.546 -100.00 -100.00 -100.00
 236    52.115 56990.36189217 20.43 125.608391  64.645456  5.636 -100.00 -100.00 -100.00
 236    51.766 56990.36189277 20.84 125.614154  64.646347  6.837 -100.00 -100.00 -100.00
 237    51.700 57000.27752311 20.78 125.598455  64.642577  5.718 -100.00 -100.00 -100.00
 237    51.763 57000.27752370 20.69 125.604217  64.643469  5.303 -100.00 -100.00 -100.00
 237    52.176 57000.27752429 20.27 125.609979  64.644361  5.513 -100.00 -100.00 -100.00
 237    51.849 57000.27752488 19.90 125.615742  64.645253  5.512 -100.00 -100.00 -100.00
 238    51.887 57010.19317789 20.59 125.596479  64.641911  5.940 -100.00 -100.00 -100.00
 238    51.678 57010.19317848 20.31 125.602241  64.642803  5.856 -100.00 -100.00 -100.00
 238    52.033 57010.19317907 19.67 125.608003  64.643695  4.844 -100.00 -100.00 -100.00
 238    52.073 57010.19317966 19.73 125.613766  64.644587  5.729 -100.00 -100.00 -100.00
 239    51.997 57020.10883037 19.70 125.599828  64.642013  5.394 -100.00 -100.00 -100.00
 239    51.829 57020.10883096 19.37 125.605591  64.642905  6.301 -100.00 -100.00 -100.00
 239    52.016 57020.10883155 19.27 125.611353  64.643796  4.821 -100.00 -100.00 -100.00
 240    51.770 57030.02447962 18.83 125.600707  64.642599  4.968 -100.00 -100.00 -100.00
 240    52.022 57030.02448021 17.81 125.606469  64.643490  4.317 -100.00 -100.00 -100.00
 240    52.964 57030.02448081 18.09 125.612232  64.644382  5.116 -100.00 -100.00 -100.00
 241    52.862 57039.94012689 16.96 125.599069  64.643286  4.244 -100.00 -100.00 -100.00
 241    53.169 57039.94012748 16.96 125.604832  64.644177  4.425 -100.00 -100.00 -100.00
 241    52.098 57039.94012807 17.01 125.610595  64.645069  4.405 -100.00 -100.00 -100.00
 242    52.498 57049.85577180 17.65 125.596188  64.643712  4.621 -100.00 -100.00 -100.00
 242    51.762 57049.85577239 17.19 125.601950  64.644604  4.365 -100.00 -100.00 -100.00
 242    52.238 57049.85577298 17.37 125.607712  64.645496  4.948 -100.00 -100.00 -100.00
 242    51.989 57049.85577357 17.19 125.613476  64.646387  4.448 -100.00 -100.00 -100.00
 243    51.806 57059.77141330 18.48 125.600085  64.644193  5.603 -100.00 -100.00 -100.00
 243    51.823 57059.77141389 18.06 125.605847  64.645085  4.944 -100.00 -100.00 -100.00
 243    51.986 57059.77141448 17.57 125.611610  64.645976  4.595 -100.00 -100.00 -100.00
 244    51.746 57069.68704828 18.76 125.595977  64.642849  5.676 -100.00 -100.00 -100.00
 244    52.123 57069.68704887 17.64 125.601739  64.643742  4.519 -100.00 -100.00 -100.00
 244    53.053 57069.68704946 17.49 125.607501  64.644633  4.751 -100.00 -100.00 -100.00
 244    51.936 57069.68705005 17.81 125.613263  64.645525  5.245 -100.00 -100.00 -100.00
 245    52.531 57079.60267943 15.40 125.596226  64.642440  4.255 -100.00 -100.00 -100.00
 245    53.112 57079.60268002 14.77 125.601987  64.643332  3.642 -100.00 -100.00 -100.00
 245    52.332 57079.60268061 15.10 125.607749  64.644224  4.526 -100.00 -100.00 -100.00
 245    53.547 57079.60268120 14.93 125.613511  64.645116  4.107 -100.00 -100.00 -100.00
 246    47.960 57089.51831740 17.09 125.594844  64.643002  5.191 -100.00 -100.00 -100.00
 246    52.631 57089.51831799 16.19 125.600605  64.643894  4.264 -100.00 -100.00 -100.00
 246    51.904 57089.51831858 16.25 125.606367  64.644786  4.171 -100.00 -100.00 -100.00
 246    52.164 57089.51831917 16.23 125.612129  64.645678  4.620 -100.00 -100.00 -100.00
 247    53.539 57099.43397594 14.49 125.597570  64.645553  4.616 -100.00 -100.00 -100.00
 247    53.913 57099.43397653 13.95 125.603332  64.646445  3.543 -100.00 -100.00 -100.00
 247    53.985 57099.43397712 13.95 125.609094  64.647337  3.517 -100.00 -100.00 -100.00
 248    53.524 57109.34963104 14.10 125.596546  64.646627  4.348 -100.00 -100.00 -100.00
 248    53.404 57109.34963163 14.13 125.602309  64.647519  3.595 -100.00 -100.00 -100.00
 248    54.307 57109.34963222 13.59 125.608072  64.648411  3.230 -100.00 -100.00 -100.00
 249    53.466 57119.26528073 14.03 125.596306  64.646092  5.015 -100.00 -100.00 -100.00
 249    53.582 57119.26528132 13.64 125.602069  64.646984  3.568 -100.00 -100.00 -100.00
 249    54.235 57119.26528191 13.55 125.607832  64.647876  3.910 -100.00 -100.00 -100.00
 250    53.077 57129.18092437 14.06 125.596211  64.644837  3.694 -100.00 -100.00 -100.00
 250    53.316 57129.18092496 13.96 125.601973  64.645729  3.543 -100.00 -100.00 -100.00
 250    53.555 57129.18092555 13.92 125.607736  64.646621  3.817 -100.00 -100.00 -100.00
 250    52.516 57129.18092614 13.94 125.613499  64.647512  3.680 -100.00 -100.00 -100.00
 251    53.527 57139.09656259 31.70 125.596392  64.644052 29.310 -100.00 -100.00 -100.00
 251    53.533 57139.09656319 29.55 125.602155  64.644944 20.791 -100.00 -100.00 -100.00
 251    53.274 57139.09656378 29.19 125.607917  64.645836 26.174 -100.00 -100.00 -100.00
 251    53.018 57139.09656437 26.39 125.613680  64.646727 17.944 -100.00 -100.00 -100.00
 252    52.220 57149.01219745 40.68 125.599597  64.644421   -100 -100.00 -100.00 -100.00
 252    52.631 57149.01219804 37.80 125.605359  64.645313 28.095 -100.00 -100.00 -100.00
 252    52.556 57149.01219863 37.14 125.611122  64.646204 27.839 -100.00 -100.00 -100.00
 253    55.044 57158.92782910 51.50 125.598580  64.643900  3.400 -100.00 -100.00 -100.00
 253    54.987 57158.92782969 53.70 125.604342  64.644792 24.554 -100.00 -100.00 -100.00
 253    54.940 57158.92783028 54.71 125.610104  64.645684 32.323 -100.00 -100.00 -100.00
 254    55.473 57168.84347832 52.29 125.595046  64.642908   -100 -100.00 -100.00 -100.00
 254    55.455 57168.84347891 53.66 125.600808  64.643800   -100 -100.00 -100.00 -100.00
 254    55.407 57168.84347950 56.06 125.606569  64.644692 11.885 -100.00 -100.00 -100.00
 254    55.396 57168.84348009 56.54 125.612331  64.645584 13.868 -100.00 -100.00 -100.00
 255    55.510 57178.75913462 55.12 125.599734  64.642862 17.252 -100.00 -100.00 -100.00
 255    55.464 57178.75913521 58.47 125.605496  64.643753   -100 -100.00 -100.00 -100.00
 255    55.416 57178.75913580 57.84 125.611257  64.644645   -100 -100.00 -100.00 -100.00
 256    56.846 57188.67478675 23.86 125.603479  64.642707  8.729 -100.00 -100.00 -100.00
 256    57.390 57188.67478735 22.98 125.609240  64.643598  7.467 -100.00 -100.00 -100.00
 256    57.859 57188.67478794 24.73 125.615002  64.644489 10.339 -100.00 -100.00 -100.00
 257    56.287 57198.59043425 24.48 125.599246  64.642373  7.649 -100.00 -100.00 -100.00
 257    55.514 57198.59043484 24.51 125.605008  64.643265  9.209 -100.00 -100.00 -100.00
 257    57.188 57198.59043543 26.82 125.610769  64.644156 12.417 -100.00 -100.00 -100.00
 258    53.457 57208.50606821 37.63 125.595294  64.642861 26.830 -100.00 -100.00 -100.00
 258    53.426 57208.50606880 37.35 125.601055  64.643753 29.595 -100.00 -100.00 -100.00
 258    53.345 57208.50606939 38.11 125.606817  64.644644 32.212 -100.00 -100.00 -100.00
 258    53.554 57208.50606998 36.35 125.612579  64.645536 26.220 -100.00 -100.00 -100.00
 259    53.341 57218.42171305 37.32 125.598317  64.644262   -100 -100.00 -100.00 -100.00
 259    53.222 57218.42171364 33.98 125.604079  64.645153   -100 -100.00 -100.00 -100.00
 259    53.313 57218.42171423 38.16 125.609841  64.646045   -100 -100.00 -100.00 -100.00
 260    52.748 57228.33735627 40.52 125.595841  64.643804   -100 -100.00 -100.00 -100.00
 260    52.548 57228.33735686 40.57 125.601603  64.644695   -100 -100.00 -100.00 -100.00
 260    52.557 57228.33735745 43.91 125.607365  64.645587   -100 -100.00 -100.00 -100.00
 260    52.735 57228.33735805 42.24 125.613128  64.646478   -100 -100.00 -100.00 -100.00
 261    52.379 57238.25299800 34.07 125.600359  64.643886   -100 -100.00 -100.00 -100.00
 261    52.387 57238.25299859 36.83 125.606121  64.644778   -100 -100.00 -100.00 -100.00
 261    52.505 57238.25299919 35.15 125.611884  64.645669   -100 -100.00 -100.00 -100.00
 262    52.685 57248.16863578 32.88 125.597973  64.643003 26.175 -100.00 -100.00 -100.00
 262    52.385 57248.16863637 32.48 125.603734  64.643895 30.487 -100.00 -100.00 -100.00
 262    52.361 57248.16863696 34.61 125.609497  64.644787   -100 -100.00 -100.00 -100.00
 262    53.460 57248.16863755 36.09 125.615259  64.645678   -100 -100.00 -100.00 -100.00
 263    52.472 57258.08427154 34.82 125.600057  64.643737 16.814 -100.00 -100.00 -100.00
 263    52.145 57258.08427213 37.37 125.605819  64.644629 29.386 -100.00 -100.00 -100.00
 263    53.212 57258.08427272 34.39 125.611582  64.645521 18.243 -100.00 -100.00 -100.00
 264    52.522 57267.99990554 30.88 125.596674  64.644425 20.907 -100.00 -100.00 -100.00
 264    52.066 57267.99990613 33.22 125.602436  64.645317 31.203 -100.00 -100.00 -100.00
 264    51.961 57267.99990672 35.44 125.608199  64.646209   -100 -100.00 -100.00 -100.00
 264    51.989 57267.99990731 35.56 125.613962  64.647101   -100 -100.00 -100.00 -100.00
 265    52.423 57277.91555410 30.22 125.598284  64.646118 19.790 -100.00 -100.00 -100.00
 265    53.789 57277.91555469 28.30 125.604046  64.647010 14.421 -100.00 -100.00 -100.00
 265    57.227 57277.91555528 31.26 125.609809  64.647901 21.651 -100.00 -100.00 -100.00
 266    52.435 57287.83121027 33.25 125.597470  64.646322 25.504 -100.00 -100.00 -100.00
 266    53.455 57287.83121086 35.27 125.603232  64.647214 32.527 -100.00 -100.00 -100.00
 266    53.591 57287.83121145 37.05 125.608995  64.648105   -100 -100.00 -100.00 -100.00
 267    53.404 57297.74686371 30.30 125.599046  64.645639 17.234 -100.00 -100.00 -100.00
 267    54.088 57297.74686430 30.02 125.604808  64.646531 14.881 -100.00 -100.00 -100.00
 267    54.477 57297.74686489 30.74 125.610571  64.647422 17.000 -100.00 -100.00 -100.00
 268    51.864 57307.66251312 34.75 125.596687  64.644001 24.051 -100.00 -100.00 -100.00
 268    51.649 57307.66251371 33.64 125.602448  64.644892 21.090 -100.00 -100.00 -100.00
 268    51.505 57307.66251430 37.32 125.608210  64.645784   -100 -100.00 -100.00 -100.00
 268    51.753 57307.66251489 31.42 125.613973  64.646675 15.841 -100.00 -100.00 -100.00
 269    55.483 57317.57815907 23.04 125.595542  64.643735  4.390 -100.00 -100.00 -100.00
 269    55.227 57317.57815966 22.75 125.601304  64.644627  4.217 -100.00 -100.00 -100.00
 269    54.635 57317.57816025 22.64 125.607066  64.645519  4.838 -100.00 -100.00 -100.00
 269    57.179 57317.57816084 22.08 125.612829  64.646410  3.644 -100.00 -100.00 -100.00
 270    55.361 57327.49380217 20.17 125.597026  64.644710  3.118 -100.00 -100.00 -100.00
 270    56.478 57327.49380276 20.50 125.602788  64.645602  3.665 -100.00 -100.00 -100.00
 270    56.188 57327.49380335 20.17 125.608551  64.646493  3.377 -100.00 -100.00 -100.00
 271    54.952 57337.40944314 18.99 125.598478  64.645538  3.378 -100.00 -100.00 -100.00
 271    54.476 57337.40944373 18.47 125.604241  64.646430  2.760 -100.00 -100.00 -100.00
 271    54.475 57337.40944432 18.48 125.610004  64.647321  3.093 -100.00 -100.00 -100.00
 272    55.191 57347.32509103 18.35 125.598453  64.644931  2.906 -100.00 -100.00 -100.00
 272    54.543 57347.32509162 18.49 125.604216  64.645822  3.314 -100.00 -100.00 -100.00
 272    54.506 57347.32509221 17.94 125.609979  64.646714  3.159 -100.00 -100.00 -100.00
 273    55.019 57357.24073743 18.05 125.595803  64.642797  3.588 -100.00 -100.00 -100.00
 273    55.254 57357.24073802 17.89 125.601565  64.643689  3.033 -100.00 -100.00 -100.00
 273    54.587 57357.24073861 17.52 125.607328  64.644580  3.426 -100.00 -100.00 -100.00
 273    54.153 57357.24073921 18.13 125.613091  64.645472  3.673 -100.00 -100.00 -100.00
 274    55.769 57367.15638097 16.94 125.598790  64.641663  4.359 -100.00 -100.00 -100.00
 274    54.602 57367.15638156 16.31 125.604553  64.642555  3.032 -100.00 -100.00 -100.00
 274    54.734 57367.15638215 16.16 125.610315  64.643447  3.248 -100.00 -100.00 -100.00
 274    56.265 57367.15638274 16.44 125.616078  64.644338  3.603 -100.00 -100.00 -100.00
 275    55.009 57377.07202139 15.78 125.601275  64.642040  3.125 -100.00 -100.00 -100.00
 275    56.516 57377.07202198 15.49 125.607038  64.642932  2.927 -100.00 -100.00 -100.00
 275    56.694 57377.07202257 15.23 125.612801  64.643823  2.941 -100.00 -100.00 -100.00
 276    55.009 57386.98765936 15.18 125.597072  64.642781  3.495 -100.00 -100.00 -100.00
 276    55.914 57386.98765996 14.71 125.602834  64.643673  2.720 -100.00 -100.00 -100.00
 276    56.286 57386.98766055 14.87 125.608597  64.644565  2.689 -100.00 -100.00 -100.00
 276    53.913 57386.98766114 14.79 125.614360  64.645456  3.078 -100.00 -100.00 -100.00
 277    55.329 57396.90329733 13.99 125.600051  64.644267  2.949 -100.00 -100.00 -100.00
 277    54.682 57396.90329792 13.89 125.605814  64.645159  2.772 -100.00 -100.00 -100.00
 277    54.673 57396.90329851 13.93 125.611577  64.646051  2.927 -100.00 -100.00 -100.00
 278    55.278 57406.81893338 13.91 125.597315  64.643527  3.406 -100.00 -100.00 -100.00
 278    54.682 57406.81893397 13.69 125.603077  64.644419  2.579 -100.00 -100.00 -100.00
 278    54.722 57406.81893456 13.78 125.608839  64.645311  2.957 -100.00 -100.00 -100.00
 278    54.975 57406.81893515 13.74 125.614602  64.646203  3.034 -100.00 -100.00 -100.00
 279    55.084 57416.73458446 13.37 125.598022  64.642899  3.481 -100.00 -100.00 -100.00
 279    55.102 57416.73458505 13.10 125.603784  64.643791  3.170 -100.00 -100.00 -100.00
 279    54.692 57416.73458564 12.93 125.609546  64.644683  2.790 -100.00 -100.00 -100.00
 279    53.946 57416.73458623 13.13 125.615308  64.645574  3.234 -100.00 -100.00 -100.00
 280    55.044 57426.65023564 12.95 125.600077  64.643048  2.641 -100.00 -100.00 -100.00
 280    55.992 57426.65023623 13.05 125.605839  64.643940  2.788 -100.00 -100.00 -100.00
 280    54.717 57426.65023682 13.05 125.611601  64.644832  3.036 -100.00 -100.00 -100.00
 281    54.558 57436.56588362 12.50 125.597605  64.644036  2.686 -100.00 -100.00 -100.00
 281    54.835 57436.56588421 12.55 125.603367  64.644928  2.935 -100.00 -100.00 -100.00
 281    54.616 57436.56588480 12.59 125.609130  64.645820  3.080 -100.00 -100.00 -100.00
 282    55.025 57446.48153025 12.28 125.596348  64.646178  2.854 -100.00 -100.00 -100.00
 282    54.592 57446.48153084 12.47 125.602110  64.647069  2.901 -100.00 -100.00 -100.00
 282    54.822 57446.48153143 12.15 125.607873  64.647961  2.950 -100.00 -100.00 -100.00
 283    56.124 57456.39717581 12.39 125.593969  64.647327  3.000 -100.00 -100.00 -100.00
 283    56.353 57456.39717640 12.24 125.599732  64.648219  3.222 -100.00 -100.00 -100.00
 283    57.109 57456.39717699 12.10 125.605495  64.649111  2.591 -100.00 -100.00 -100.00
 284    55.257 57466.31281925 11.47 125.594526  64.646764  2.550 -100.00 -100.00 -100.00
 284    54.877 57466.31281984 11.54 125.600289  64.647656  3.205 -100.00 -100.00 -100.00
 284    54.621 57466.31282043 11.35 125.606052  64.648548  2.783 -100.00 -100.00 -100.00
 285    55.333 57476.22845888 11.58 125.597393  64.644574  2.590 -100.00 -100.00 -100.00
 285    55.015 57476.22845947 11.60 125.603156  64.645466  2.660 -100.00 -100.00 -100.00
 285    54.909 57476.22846006 11.65 125.608919  64.646358  3.292 -100.00 -100.00 -100.00
 286    55.907 57486.14409467 10.83 125.595299  64.641846  2.493 -100.00 -100.00 -100.00
 286    55.521 57486.14409526 10.87 125.601061  64.642738  2.380 -100.00 -100.00 -100.00
 286    55.234 57486.14409585 11.01 125.606824  64.643630  2.687 -100.00 -100.00 -100.00
 286    57.002 57486.14409644 11.10 125.612586  64.644522  3.224 -100.00 -100.00 -100.00
 287    56.404 57496.05972902 11.03 125.602032  64.642327  2.561 -100.00 -100.00 -100.00
 287    55.656 57496.05972961 11.22 125.607794  64.643219  2.906 -100.00 -100.00 -100.00
 287    57.656 57496.05973020 10.97 125.613557  64.644111  2.555 -100.00 -100.00 -100.00
 288    53.019 57505.97536361 28.66 125.598086  64.642919 19.522 -100.00 -100.00 -100.00
 288    52.869 57505.97536420 28.52 125.603848  64.643811 21.002 -100.00 -100.00 -100.00
 288    51.930 57505.97536479 30.88 125.609610  64.644703   -100 -100.00 -100.00 -100.00
 288    51.977 57505.97536538 28.90 125.615373  64.645595 28.213 -100.00 -100.00 -100.00
 289    51.470 57515.89101996 43.64 125.597399  64.644532  2.462 -100.00 -100.00 -100.00
 289    51.489 57515.89102055 43.27 125.603161  64.645424   -100 -100.00 -100.00 -100.00
 289    51.637 57515.89102114 44.44 125.608924  64.646316   -100 -100.00 -100.00 -100.00
 290    53.664 57525.80667356 38.74 125.596680  64.644041   -100 -100.00 -100.00 -100.00
 290    53.670 57525.80667415 35.18 125.602442  64.644933 27.511 -100.00 -100.00 -100.00
 290    53.329 57525.80667474 37.55 125.608205  64.645825   -100 -100.00 -100.00 -100.00
 290    57.373 57525.80667533 34.21 125.613967  64.646716 20.233 -100.00 -100.00 -100.00
 291    54.520 57535.72232506 52.79 125.600213  64.642552   -100 -100.00 -100.00 -100.00
 291    54.298 57535.72232565 54.85 125.605975  64.643443 19.570 -100.00 -100.00 -100.00
 291    54.586 57535.72232624 56.55 125.611737  64.644335   -100 -100.00 -100.00 -100.00
 292    56.654 57545.63797348 24.26 125.600570  64.641171  8.044 -100.00 -100.00 -100.00
 292    57.231 57545.63797407 23.38 125.606331  64.642063  7.226 -100.00 -100.00 -100.00
 292    57.560 57545.63797466 24.73 125.612092  64.642954 10.330 -100.00 -100.00 -100.00
 292    57.773 57545.63797525 29.40 125.617854  64.643845 21.099 -100.00 -100.00 -100.00
 293    56.336 57555.55361989 24.40 125.598457  64.641436 11.942 -100.00 -100.00 -100.00
 293    56.790 57555.55362048 23.60 125.604218  64.642327 10.828 -100.00 -100.00 -100.00
 293    57.509 57555.55362107 22.40 125.609980  64.643219  8.163 -100.00 -100.00 -100.00
 293    57.730 57555.55362166 24.76 125.615741  64.644110 14.007 -100.00 -100.00 -100.00
 294    56.126 57565.46926537 24.06 125.599725  64.643797 13.683 -100.00 -100.00 -100.00
 294    57.071 57565.46926596 22.44 125.605487  64.644689 10.883 -100.00 -100.00 -100.00
 294    57.219 57565.46926655 26.33 125.611249  64.645580 19.101 -100.00 -100.00 -100.00
 295    53.926 57575.38490986 26.32 125.598420  64.645237 18.434 -100.00 -100.00 -100.00
 295    54.035 57575.38491045 29.08 125.604182  64.646128 25.507 -100.00 -100.00 -100.00
 295    53.963 57575.38491104 33.31 125.609944  64.647020   -100 -100.00 -100.00 -100.00
 296    53.630 57585.30055338 35.97 125.595775  64.644847 17.453 -100.00 -100.00 -100.00
 296    53.465 57585.30055397 36.80 125.601537  64.645739 19.007 -100.00 -100.00 -100.00
 296    53.424 57585.30055456 37.18 125.607299  64.646631 20.643 -100.00 -100.00 -100.00
 296    53.617 57585.30055515 38.23 125.613062  64.647522 25.381 -100.00 -100.00 -100.00
 297    53.932 57595.21619537 53.92 125.599664  64.644337 26.789 -100.00 -100.00 -100.00
 297    54.072 57595.21619596 55.66 125.605426  64.645229  8.676 -100.00 -100.00 -100.00
 297    54.169 57595.21619655 55.69 125.611189  64.646120  5.946 -100.00 -100.00 -100.00
