-116309.394   107.333     0.00    4.31
-116022.785   106.203    -3.95    5.04
-115736.186   105.868    -1.17    6.21
-115449.595   104.410    -5.09    6.85
-115163.013   103.250    -4.05    7.27
-114876.440   102.714    -1.87    7.55
-114589.877   102.910     0.68    7.77
-114303.322   104.095     4.14    8.43
-114016.776   105.225     3.94    8.54
-113730.240   105.385     0.56    7.94
-113443.712   106.284     3.14    7.51
-113157.193   107.089     2.81    6.77
-112870.684   107.971     3.08    6.11
-112584.183   108.730     2.65    5.03
-112297.691   108.323    -1.42    5.02
-112011.208   108.470     0.52    3.82
-111724.735   108.088    -1.33    3.16
-111438.270   107.521    -1.98    2.91
-111151.814   106.555    -3.37    3.08
-110865.367   105.494    -3.70    3.05
-110578.930   105.145    -1.22    3.30
-110292.501   105.009    -0.48    3.32
-110006.081   104.592    -1.45    3.39
-109719.670   104.381    -0.74    3.12
-109433.269   104.414     0.11    2.99
-109146.876   104.870     1.59    2.62
-108860.492   105.606     2.57    2.76
-108574.117   106.146     1.89    3.36
-108287.751   106.581     1.52    3.79
-108001.394   106.853     0.95    4.26
-107715.046   106.155    -2.44    5.60
-107428.707   105.652    -1.76    6.51
-107142.377   104.738    -3.19    6.57
-106856.056   103.327    -4.93    6.26
-106569.744   101.678    -5.76    5.32
-106283.441   100.610    -3.73    5.32
-105997.147   100.772     0.57    5.52
-105710.862   100.862     0.31    5.46
-105424.586   100.577    -0.99    5.81
-105138.319   100.294    -0.99    6.17
-104852.061   100.303     0.03    6.22
-104565.811   100.658     1.24    5.35
-104279.571    99.957    -2.45    5.36
-103993.340    99.497    -1.61    5.03
-103707.118    98.547    -3.32    4.22
-103420.904    97.346    -4.20    3.99
-103134.700    95.831    -5.29    4.17
-102848.504    93.987    -6.45    4.32
-102562.318    92.929    -3.70    4.69
-102276.140    92.417    -1.79    5.32
-101989.972    92.338    -0.28    6.06
-101703.812    92.340     0.01    6.42
-101417.661    92.762     1.47    6.53
-101131.520    93.292     1.85    5.99
-100845.387    93.924     2.21    5.26
-100559.263    94.753     2.90    4.48
-100273.148    95.821     3.73    3.93
 -99987.042    96.610     2.76    3.42
 -99700.946    97.304     2.43    3.05
 -99414.858    97.636     1.16    3.16
 -99128.778    98.103     1.63    3.00
 -98842.708    98.710     2.12    3.05
 -98556.647    99.426     2.50    3.61
 -98270.595   100.308     3.08    3.55
 -97984.552   100.725     1.46    3.14
 -97698.517   100.569    -0.54    3.26
 -97412.492   100.488    -0.28    3.17
 -97126.475    99.503    -3.45    3.16
 -96840.468    98.592    -3.18    2.87
 -96554.469    97.941    -2.28    2.89
 -96268.480    97.176    -2.67    3.12
 -95982.499    96.467    -2.48    3.34
 -95696.527    95.273    -4.18    3.01
 -95410.564    94.451    -2.88    2.59
 -95124.610    94.524     0.26    2.77
 -94838.665    94.280    -0.85    3.07
 -94552.729    93.777    -1.76    3.20
 -94266.802    93.567    -0.73    3.19
 -93980.884    93.585     0.06    3.29
 -93694.975    93.466    -0.42    3.55
 -93409.074    92.642    -2.88    3.93
 -93123.183    91.574    -3.74    3.74
 -92837.300    90.640    -3.27    4.00
 -92551.427    89.631    -3.53    4.14
 -92265.562    88.059    -5.50    4.47
 -91979.706    86.384    -5.86    4.01
 -91693.860    85.660    -2.53    3.94
 -91408.022    84.347    -4.59    4.26
 -91122.193    82.022    -8.13    7.55
 -90836.373    79.933    -7.31    9.96
 -90550.561    76.434   -12.24   12.53
 -90264.759    72.470   -13.87   13.70
 -89978.966    68.881   -12.56   13.88
 -89693.181    64.443   -15.53   12.44
 -89407.406    60.711   -13.06    9.92
 -89121.639    59.578    -3.97    7.97
 -88835.882    59.703     0.44    6.67
 -88550.133    63.431    13.05    9.89
 -88264.393    67.448    14.06   11.24
 -87978.662    70.750    11.56   11.09
 -87692.940    74.308    12.46    9.85
 -87407.227    77.462    11.04    7.45
 -87121.522    79.176     6.00    4.38
 -86835.827    79.851     2.36    3.25
 -86550.140    79.603    -0.87    3.31
 -86264.463    79.303    -1.05    3.24
 -85978.794    79.724     1.48    3.78
 -85693.134    80.160     1.53    4.24
 -85407.483    79.842    -1.11    4.50
 -85121.841    79.293    -1.92    5.28
 -84836.208    78.906    -1.36    5.84
 -84550.584    77.614    -4.52    7.16
 -84264.969    75.472    -7.50    8.22
 -83979.362    74.081    -4.87    7.81
 -83693.765    73.044    -3.63    7.58
 -83408.176    72.381    -2.32    7.13
 -83122.596    72.155    -0.79    6.91
 -82837.025    72.162     0.02    6.59
 -82551.463    72.088    -0.26    6.18
 -82265.910    71.443    -2.26    6.16
 -81980.366    69.378    -7.23    6.62
 -81694.831    67.081    -8.04    6.44
 -81409.304    65.446    -5.73    5.33
 -81123.787    65.110    -1.18    4.75
 -80837.841    65.260     0.52    4.78
 -80550.321    65.304     0.15    4.74
 -80262.810    66.253     3.30    5.09
 -79975.309    67.936     5.86    4.99
 -79687.818    69.472     5.34    4.50
 -79400.337    70.656     4.12    3.84
 -79112.865    71.569     3.18    3.45
 -78825.403    71.829     0.90    3.58
 -78537.952    71.891     0.22    3.61
 -78250.510    71.913     0.07    3.52
 -77963.077    72.174     0.91    3.76
 -77675.655    72.324     0.52    3.68
 -77388.242    72.491     0.58    3.57
 -77100.839    72.741     0.87    3.24
 -76813.446    72.942     0.70    2.82
 -76526.063    73.784     2.93    2.70
 -76238.690    74.731     3.30    2.97
 -75951.326    75.051     1.11    2.98
 -75663.972    75.383     1.16    2.95
 -75376.628    75.453     0.24    2.77
 -75089.294    75.827     1.30    2.37
 -74801.969    76.288     1.61    2.57
 -74514.655    76.355     0.23    3.06
 -74227.350    76.599     0.85    3.57
 -73940.055    77.208     2.12    3.91
 -73652.769    77.267     0.20    4.13
 -73365.494    76.968    -1.04    4.35
 -73078.228    75.855    -3.88    5.93
 -72790.972    73.537    -8.07    7.67
 -72503.726    70.890    -9.22    8.56
 -72216.489    67.547   -11.64    9.38
 -71929.263    65.096    -8.54    9.56
 -71642.046    62.819    -7.93    9.27
 -71354.839    60.694    -7.40    7.88
 -71067.641    60.146    -1.91    6.88
 -70780.454    60.281     0.47    6.27
 -70493.276    61.707     4.97    6.51
 -70206.108    64.081     8.27    7.04
 -69918.950    65.610     5.32    6.55
 -69631.802    66.501     3.10    5.76
 -69344.663    66.946     1.55    5.37
 -69057.534    66.421    -1.83    5.85
 -68770.415    65.491    -3.24    6.45
 -68483.305    64.256    -4.30    6.74
 -68196.206    62.355    -6.62    7.70
 -67909.116    60.160    -7.64    8.99
 -67622.036    57.503    -9.26    9.73
 -67334.966    56.729    -2.70   11.23
 -67047.905    56.353    -1.31   11.99
 -66760.854    56.259    -0.32   12.54
 -66473.813    56.760     1.74   13.33
 -66186.782    57.385     2.18   12.98
 -65899.760    59.233     6.44   11.96
 -65612.748    61.210     6.89   10.74
 -65325.746    63.633     8.44    8.76
 -65038.754    64.687     3.67    7.28
 -64751.772    65.819     3.95    5.64
 -64464.799    66.873     3.67    3.23
 -64177.836    66.642    -0.80    3.90
 -63890.882    64.060    -9.00    8.22
 -63603.939    60.647   -11.89   10.82
 -63317.005    57.520   -10.90   11.92
 -63030.081    54.369   -10.98   12.23
 -62743.166    52.117    -7.85   11.81
 -62456.262    51.743    -1.30   11.27
 -62169.367    52.695     3.32   11.24
 -61882.482    54.907     7.71   10.69
 -61595.606    57.003     7.31    9.68
 -61308.741    57.909     3.16    8.50
 -61021.885    56.817    -3.81    9.78
 -60735.038    53.926   -10.08   11.77
 -60448.202    51.088    -9.89   12.90
 -60161.375    47.412   -12.82   12.80
 -59874.558    43.406   -13.97   11.50
 -59587.751    41.355    -7.15   10.37
 -59300.953    40.929    -1.48   10.26
 -59014.165    41.886     3.34   11.07
 -58727.387    44.320     8.49   11.99
 -58440.619    46.236     6.68   12.25
 -58153.860    49.448    11.20   12.14
 -57867.111    51.865     8.43   11.27
 -57580.372    54.036     7.57   10.14
 -57293.642    56.003     6.86    8.45
 -57006.922    57.189     4.14    7.41
 -56720.212    57.298     0.38    8.00
 -56433.512    56.310    -3.45    9.59
 -56146.821    54.909    -4.89   11.43
 -55860.140    52.424    -8.67   12.72
 -55573.469    51.082    -4.68   13.06
 -55286.807    49.740    -4.68   13.26
 -55000.155    48.553    -4.14   13.12
 -54713.513    47.153    -4.88   12.12
 -54426.880    45.162    -6.95   10.79
 -54140.258    44.349    -2.84    9.44
 -53853.645    42.978    -4.79    7.32
 -53567.041    41.910    -3.73    6.04
 -53280.447    41.671    -0.83    6.89
 -52993.863    40.984    -2.40    7.19
 -52707.289    40.342    -2.24    7.33
 -52420.724    39.534    -2.82    7.67
 -52134.170    37.829    -5.95    8.15
 -51847.624    35.865    -6.85    8.21
 -51561.089    33.566    -8.02    7.31
 -51274.563    31.903    -5.81    6.24
 -50988.047    30.139    -6.16    5.95
 -50701.540    28.821    -4.60    5.68
 -50415.043    27.935    -3.09    5.23
 -50128.556    26.740    -4.17    4.48
 -49842.079    26.369    -1.30    3.21
 -49555.611    26.238    -0.46    2.53
 -49269.153    25.900    -1.18    2.70
 -48982.705    25.345    -1.94    3.45
 -48696.266    25.472     0.44    3.42
 -48409.837    25.547     0.26    3.51
 -48123.418    25.774     0.79    3.36
 -47837.008    25.973     0.70    3.27
 -47550.608    26.206     0.81    3.40
 -47264.217    26.603     1.39    3.01
 -46977.837    27.281     2.37    1.87
 -46691.466    27.550     0.94    2.13
 -46405.104    27.664     0.40    3.10
 -46118.753    27.799     0.47    3.71
 -45832.411    27.798    -0.00    4.11
 -45546.078    27.952     0.54    4.23
 -45259.756    28.169     0.76    4.42
 -44973.443    28.465     1.03    4.34
 -44687.139    28.513     0.17    3.91
 -44400.846    27.789    -2.53    3.17
 -44114.561    27.160    -2.20    2.22
 -43828.287    27.037    -0.43    1.99
 -43542.022    26.838    -0.70    2.21
 -43255.767    26.829    -0.03    2.46
 -42969.522    26.737    -0.32    2.55
 -42683.286    26.871     0.47    2.85
 -42397.060    27.646     2.71    3.16
 -42110.843    29.028     4.83    4.11
 -41824.636    30.798     6.19    4.56
 -41538.439    32.118     4.61    4.50
 -41252.252    33.132     3.55    4.11
 -40966.074    33.710     2.02    3.57
 -40679.905    34.525     2.85    3.26
 -40393.747    34.824     1.05    3.36
 -40107.598    34.711    -0.39    3.25
 -39821.458    34.829     0.41    3.16
 -39535.329    34.563    -0.93    3.26
 -39249.209    33.353    -4.23    6.65
 -38963.098    29.488   -13.51   12.03
 -38676.997    28.481    -3.52   13.28
 -38390.906    27.506    -3.41   14.03
 -38104.825    28.088     2.04   14.49
 -37818.753    28.923     2.92   14.73
 -37532.690    28.147    -2.71   14.19
 -37246.638    26.560    -5.55   15.07
 -36960.595    25.045    -5.30   15.59
 -36674.561    20.621   -15.47   16.60
 -36388.537    17.808    -9.84   16.06
 -36102.523    17.273    -1.87   15.40
 -35816.519    18.431     4.05   15.44
 -35530.524    22.646    14.74   15.23
 -35244.538    26.051    11.91   13.47
 -34958.563    28.117     7.22   10.97
 -34672.597    27.665    -1.58   11.59
 -34386.640    24.975    -9.41   13.26
 -34100.693    21.724   -11.37   14.82
 -33814.756    19.351    -8.30   14.90
 -33528.828    15.606   -13.10   14.91
 -33242.910    12.239   -11.78   14.67
 -32957.002     9.192   -10.66   14.06
 -32671.103     5.690   -12.25   12.05
 -32385.214     2.329   -11.76    9.19
 -32099.334    -0.360    -9.41    5.42
 -31813.464    -1.883    -5.33    0.17
 -31527.604    -1.586     1.04    2.73
 -31241.753     0.956     8.89    9.01
 -30955.912     3.944    10.46   12.16
 -30670.080     8.006    14.21   14.38
 -30384.258    10.519     8.79   15.08
 -30098.446    11.964     5.06   15.35
 -29812.643    12.610     2.26   15.57
 -29526.850    11.537    -3.75   15.17
 -29241.066    10.821    -2.51   14.99
 -28955.292     8.014    -9.82   14.33
 -28669.528     5.642    -8.30   13.33
 -28383.773     3.409    -7.81   11.02
 -28098.028     2.646    -2.67   10.06
 -27812.292     4.470     6.38   11.63
 -27526.566     6.880     8.44   13.03
 -27240.849     9.549     9.34   14.07
 -26955.142    12.697    11.02   14.51
 -26669.445    14.473     6.22   14.84
 -26383.757    16.067     5.58   14.67
 -26098.079    15.998    -0.24   14.75
 -25812.410    13.481    -8.81   15.27
 -25526.751    10.831    -9.28   15.13
 -25241.102     7.713   -10.92   14.18
 -24955.462     4.674   -10.64   12.38
 -24669.832     1.081   -12.58    8.54
 -24384.211    -1.218    -8.05    3.71
 -24098.600     0.139     4.75    7.80
 -23812.998     2.436     8.04   10.76
 -23527.406     3.935     5.25   12.14
 -23241.824     4.736     2.80   12.69
 -22956.251     5.829     3.83   13.31
 -22670.687     6.146     1.11   13.21
 -22385.134     6.288     0.50   13.01
 -22099.589     5.745    -1.90   12.55
 -21814.055     5.003    -2.60   11.72
 -21528.530     3.588    -4.95   10.58
 -21243.014     0.629   -10.36    7.36
 -20957.508    -1.107    -6.08    4.07
 -20672.012    -1.547    -1.54    2.46
 -20386.525    -1.129     1.46    3.76
 -20101.047     0.872     7.01    8.26
 -19815.580     3.266     8.38   10.97
 -19530.121     4.853     5.56   12.22
 -19244.673     5.682     2.91   12.96
 -18958.596     6.843     4.06   13.63
 -18671.003     8.871     7.05   14.93
 -18383.420    11.118     7.81   15.40
 -18095.848    13.307     7.61   15.74
 -17808.287    15.022     5.97   16.09
 -17520.736    17.667     9.20   16.40
 -17233.195    17.981     1.09   16.49
 -16945.665    20.654     9.30   15.75
 -16658.146    21.592     3.26   15.35
 -16370.637    22.657     3.70   15.00
 -16083.138    22.356    -1.04   15.17
 -15795.650    23.232     3.05   14.24
 -15508.173    21.614    -5.63   14.73
 -15220.706    19.874    -6.05   14.60
 -14933.249    16.592   -11.42   14.80
 -14645.803    14.895    -5.90   14.67
 -14358.368    14.450    -1.55   14.91
 -14070.943    15.028     2.01   14.78
 -13783.529    15.067     0.14   15.01
 -13496.124    17.110     7.11   15.05
 -13208.731    19.375     7.88   14.57
 -12921.348    20.738     4.75   14.87
 -12633.975    19.162    -5.48   15.94
 -12346.613    15.271   -13.54   16.43
 -12059.262    11.679   -12.50   15.76
 -11771.921     7.362   -15.03   13.48
 -11484.590     4.313   -10.61   10.82
 -11197.270     1.827    -8.65    8.01
 -10909.960     0.935    -3.10    6.85
 -10622.661     0.632    -1.05    6.50
 -10335.372    -0.198    -2.89    4.96
 -10048.094    -0.276    -0.27    5.16
  -9760.826     1.393     5.81    8.06
  -9473.569     3.563     7.56   10.62
  -9186.322     6.374     9.79   13.13
  -8899.085     9.903    12.28   15.24
  -8611.859    12.881    10.37   16.20
  -8324.644    16.461    12.46   16.43
  -8037.439    17.265     2.80   16.94
  -7750.244    18.373     3.86   17.41
  -7463.060    17.662    -2.48   17.31
  -7175.887    17.138    -1.82   17.36
  -6888.723    14.424    -9.45   16.58
  -6601.571    12.369    -7.16   15.54
  -6314.428    11.310    -3.69   14.60
  -6027.296    11.110    -0.70   14.83
  -5740.175    11.668     1.94   15.81
  -5453.064    13.386     5.99   17.90
  -5165.964    15.811     8.44   20.66
  -4878.874    17.522     5.96   21.68
  -4591.794    15.671    -6.45   21.47
  -4304.725    13.181    -8.67   19.98
  -4017.666    10.675    -8.73   17.26
  -3730.618     8.190    -8.66   14.39
  -3443.580     6.846    -4.68   12.81
  -3156.552     4.925    -6.69   11.35
  -2869.535     3.081    -6.42    9.43
  -2582.529     1.797    -4.47    8.21
  -2295.533     0.703    -3.81    7.27
  -2008.547    -0.405    -3.86    5.51
  -1721.572    -1.274    -3.03    3.12
  -1434.607    -1.826    -1.92    0.76
  -1147.652    -1.897    -0.25    0.00
   -860.708    -1.897     0.00    0.00
   -573.775    -1.586     1.08    2.69
   -286.852     1.162     9.58   11.26
      0.061     5.746    15.98   18.68
    286.963    11.707    20.78   25.02
    573.855    19.241    26.26   29.66
    860.737    26.522    25.38   32.30
   1147.608    34.215    26.82   32.70
   1434.468    40.017    20.22   31.12
   1721.319    45.132    17.83   27.71
   2008.159    49.235    14.31   23.30
   2294.988    52.496    11.37   17.19
   2581.807    54.715     7.74   10.17
   2868.616    55.322     2.12    4.73
   3155.414    56.185     3.01    4.79
   3442.202    58.117     6.74    5.85
   3728.979    60.537     8.44    5.86
   4015.746    62.511     6.89    5.72
   4302.503    64.131     5.65    5.04
   4589.249    64.531     1.39    4.80
   4875.985    64.242    -1.01    5.41
   5162.710    63.110    -3.95    5.85
   5449.425    61.550    -5.44    5.63
   5736.130    60.353    -4.18    5.23
   6022.824    58.999    -4.72    4.56
   6309.508    56.767    -7.79    6.17
   6596.182    53.635   -10.92    8.64
   6882.845    49.946   -12.87   10.70
   7169.497    45.851   -14.29   11.55
   7456.140    41.680   -14.55   10.87
   7742.772    37.760   -13.68    8.55
   8029.393    33.944   -13.31    4.69
   8316.004    32.110    -6.40    2.84
   8602.605    31.304    -2.81    2.41
   8889.196    30.330    -3.40    1.39
   9175.776    30.023    -1.07    1.57
   9462.346    29.632    -1.37    1.84
   9748.905    29.334    -1.04    2.37
  10035.454    28.994    -1.19    3.57
  10321.992    28.725    -0.94    4.09
  10608.521    29.088     1.27    4.52
  10895.039    29.541     1.58    4.60
  11181.546    30.862     4.61    4.78
  11468.043    32.460     5.58    4.62
  11754.530    33.458     3.49    4.11
  12041.006    34.278     2.86    3.66
  12327.472    34.531     0.88    3.38
  12613.928    34.873     1.19    3.32
  12900.374    34.982     0.38    3.14
  13186.809    35.289     1.07    2.82
  13473.233    35.358     0.24    3.18
  13759.647    35.556     0.69    3.74
  14046.051    35.759     0.71    4.38
  14332.445    36.362     2.10    5.10
  14618.828    37.006     2.25    5.93
  14905.201    37.421     1.45    6.59
  15191.564    38.205     2.74    6.73
  15477.916    39.334     3.94    6.44
  15764.258    39.837     1.75    5.98
  16050.589    40.480     2.25    5.36
  16336.911    40.747     0.93    4.98
  16623.222    40.671    -0.27    4.67
  16909.522    40.095    -2.01    4.75
  17195.812    39.719    -1.32    5.41
  17482.092    39.934     0.75    6.57
  17768.362    41.531     5.58    7.37
  18054.621    42.520     3.45    7.89
  18340.870    42.823     1.06    7.42
  18627.108    42.506    -1.11    7.11
  18913.337    42.161    -1.20    5.82
  19199.554    41.169    -3.46    5.72
  19485.762    38.653    -8.79    7.01
  19771.959    34.827   -13.37    9.77
  20058.146    30.281   -15.88   11.56
  20344.323    25.713   -15.96   11.25
  20630.489    22.562   -11.01    9.20
  20916.645    20.189    -8.29    7.14
  21202.791    20.073    -0.41    7.09
  21488.926    22.066     6.97    7.65
  21775.051    25.279    11.23    6.95
  22061.166    28.779    12.23    5.67
  22347.271    30.995     7.74    5.45
  22633.365    32.787     6.26    5.47
  22919.449    34.767     6.92    5.25
  23205.522    37.010     7.84    5.44
  23491.585    39.647     9.22    5.95
  23777.638    41.475     6.39    7.44
  24063.681    43.670     7.67    7.72
  24349.713    45.696     7.08    7.00
  24635.735    48.073     8.31    5.71
  24921.747    49.555     5.18    4.76
  25207.749    50.031     1.67    4.33
  25493.740    49.952    -0.27    4.76
  25779.721    49.176    -2.71    5.23
  26065.691    48.691    -1.70    5.43
  26351.651    47.629    -3.71    5.70
  26637.601    45.966    -5.82    5.56
  26923.541    44.235    -6.05    5.25
  27209.471    42.977    -4.40    4.73
  27495.390    42.814    -0.57    4.77
  27781.299    43.953     3.99    5.94
  28067.197    46.117     7.57    7.89
  28353.086    49.325    11.22    9.25
  28638.964    52.081     9.64    8.85
  28924.831    54.555     8.65    7.88
  29210.689    55.866     4.58    6.92
  29496.536    57.239     4.81    6.19
  29782.373    57.697     1.60    5.45
  30068.200    58.688     3.47    5.16
  30354.016    60.342     5.79    5.28
  30639.822    63.659    11.61    6.35
  30925.618    68.131    15.65    9.02
  31211.404    73.237    17.86   12.33
  31497.179    80.222    24.44   16.40
  31782.944    87.704    26.18   18.19
  32068.699    95.934    28.80   18.55
  32354.444   103.176    25.34   15.97
  32640.178   110.718    26.39   12.52
  32925.902   114.486    13.19    9.17
  33211.616   116.494     7.03    8.82
  33497.319   114.737    -6.15   10.46
  33783.013   113.455    -4.49   10.53
  34068.696   113.264    -0.67   10.12
  34354.369   114.827     5.47   10.79
  34640.031   118.817    13.97   13.19
  34925.683   126.975    28.56   19.29
  35211.325   140.066    45.83   29.64
  35496.957   158.429    64.29   41.05
  35782.579   182.426    84.02   51.49
  36068.190   212.635   105.77   60.30
  36353.791   249.836   130.25   70.35
  36639.382   283.294   117.15   74.09
  36924.963   316.281   115.51   73.41
  37210.533   344.953   100.40   63.35
  37496.093   361.344    57.40   51.15
  37781.643   371.170    34.41   42.59
  38067.183   367.260   -13.69   45.79
  38352.713   355.198   -42.24   53.93
  38638.232   337.080   -63.46   60.44
  38923.741   314.160   -80.28   63.44
  39209.240   289.163   -87.56   67.01
  39494.728   259.819  -102.78   65.97
  39780.207   235.526   -85.10   62.13
  40065.675   211.825   -83.03   57.86
  40351.133   191.117   -72.54   53.36
  40636.580   170.170   -73.38   47.99
  40922.018   149.801   -71.36   38.80
  41207.445   134.617   -53.20   32.15
  41492.862   123.155   -40.16   25.65
  41778.269   113.154   -35.04   18.65
  42063.666   105.343   -27.37   12.23
  42349.052    99.584   -20.18    8.12
  42634.428    95.869   -13.02    6.86
  42920.654    94.252    -5.65    6.03
  43208.326    91.849    -8.35    6.34
  43495.987    90.429    -4.94    6.30
  43783.637    89.456    -3.38    6.24
  44071.276    88.642    -2.83    5.70
  44358.904    87.565    -3.75    4.86
  44646.520    86.414    -4.00    4.61
  44934.125    86.429     0.05    4.67
  45221.719    86.740     1.08    4.99
  45509.302    86.725    -0.05    5.31
  45796.874    86.666    -0.21    5.78
  46084.434    86.387    -0.97    5.62
  46371.983    86.504     0.41    4.43
  46659.521    86.385    -0.41    4.44
  46947.048    86.550     0.57    4.00
  47234.564    87.304     2.62    5.17
  47522.068    87.922     2.15    6.23
  47809.561    89.266     4.67    7.60
  48097.044    90.052     2.73    8.40
  48384.515    89.959    -0.32    7.75
  48671.974    89.530    -1.49    7.30
  48959.423    88.252    -4.45    4.49
  49246.860    87.638    -2.13    3.73
  49534.287    87.614    -0.09    3.85
  49821.702    87.755     0.49    3.93
  50109.106    87.944     0.66    4.22
  50396.498    88.358     1.44    4.38
  50683.880    89.226     3.02    4.56
  50971.251    90.429     4.19    4.93
  51258.610    90.434     0.02    5.36
  51545.958    89.014    -4.94    6.23
  51833.295    87.922    -3.80    6.94
  52120.621    86.642    -4.45    7.21
  52407.935    85.527    -3.88    6.76
  52695.239    85.506    -0.07    6.59
  52982.531    85.488    -0.06    6.07
  53269.813    84.753    -2.56    5.80
  53557.083    83.777    -3.40    6.37
  53844.342    84.140     1.27    6.48
  54131.589    86.146     6.98    9.24
  54418.826    85.754    -1.36    8.97
  54706.052    85.986     0.81    8.10
  54993.266    86.513     1.84    8.56
  55280.469    89.088     8.97    9.88
  55567.661    91.513     8.44   10.61
  55854.842    93.421     6.65   11.41
  56142.012    96.403    10.38   13.50
  56429.171   100.838    15.44   15.94
  56716.318   106.335    19.14   19.61
  57003.455   109.777    11.99   20.49
  57290.580   110.918     3.97   20.54
  57577.694   112.367     5.05   19.99
  57864.798   111.735    -2.20   17.29
  58151.890   111.516    -0.76   13.16
  58438.970   110.659    -2.98   10.71
  58726.040   113.161     8.72   13.24
  59013.099   116.912    13.06   15.28
  59300.146   121.637    16.46   16.75
  59587.183   126.707    17.66   18.02
  59874.208   132.065    18.67   19.82
  60161.222   137.403    18.60   21.60
  60448.225   144.156    23.53   21.89
  60735.217   150.514    22.15   21.67
  61022.198   156.992    22.57   21.29
  61309.168   165.141    28.39   21.20
  61596.127   174.232    31.68   22.89
  61883.074   183.345    31.76   24.42
  62170.011   192.678    32.53   25.46
  62456.936   201.489    30.71   23.36
  62743.850   208.397    24.08   20.94
  63030.754   211.728    11.61   20.52
  63317.646   215.739    13.98   20.86
  63604.527   216.181     1.54   22.44
  63891.397   215.932    -0.87   21.13
  64178.255   218.724     9.73   22.29
  64465.103   226.155    25.90   22.96
  64751.940   239.377    46.09   26.38
  65038.766   251.782    43.25   29.77
  65325.580   265.035    46.21   35.26
  65612.384   278.336    46.38   43.36
  65899.176   294.140    55.10   52.02
  66185.957   313.707    68.23   58.35
  66472.727   331.463    61.92   64.75
  66759.487   354.855    81.57   75.92
  67046.235   376.277    74.71   83.75
  67332.972   405.853   103.15   86.32
  67619.698   433.898    97.81   86.89
  67906.413   461.080    94.80   88.87
  68193.116   503.510   147.99   96.84
  68479.809   547.610   153.82  104.51
  68766.491   589.809   147.20  104.85
  69053.162   617.824    97.72  100.62
  69339.821   643.749    90.44   92.09
  69626.470   662.928    66.90   93.63
  69913.107   667.873    17.25  103.76
  70199.734   677.277    32.81  107.81
  70486.349   689.227    41.69  108.29
  70772.953   693.118    13.57  110.15
  71059.547   690.846    -7.93  115.03
  71346.129   697.050    21.65  110.35
  71632.700   690.037   -24.47  108.07
  71919.260   688.325    -5.97  112.49
  72205.810   679.712   -30.06  113.60
  72492.348   672.679   -24.54  106.16
  72778.875   675.610    10.23   94.38
  73065.391   664.952   -37.20   88.98
  73351.896   654.162   -37.66   82.33
  73638.390   622.934  -109.00   94.65
  73924.873   582.147  -142.37  101.83
  74211.345   537.982  -154.17  102.65
  74497.805   478.088  -209.08  110.44
  74784.255   429.573  -169.36  117.40
  75070.694   375.624  -188.34  102.43
  75357.122   348.162   -95.88   81.45
  75643.539   339.426   -30.50   70.77
  75929.945   352.981    47.33   83.22
  76216.339   382.409   102.75  104.16
  76502.723   428.738   161.77  114.45
  76789.096   481.148   183.01  102.64
  77075.458   513.346   112.43   82.47
  77361.808   529.667    57.00   73.44
  77648.148   523.416   -21.83   79.66
  77934.477   498.306   -87.70   95.58
  78220.794   461.006  -130.27  102.86
  78507.101   426.213  -121.52   87.80
  78793.397   400.338   -90.38   70.58
  79079.681   383.687   -58.16   58.71
  79365.955   371.804   -41.51   54.54
  79652.218   358.921   -45.00   52.34
  79938.469   351.980   -24.25   46.81
  80224.710   346.110   -20.50   45.42
  80510.940   332.422   -47.82   51.94
  80797.158   305.187   -95.15   60.70
  81083.366   284.510   -72.24   57.86
  81369.563   270.147   -50.18   51.16
  81655.749   256.406   -48.01   45.46
  81941.923   250.500   -20.64   44.15
  82228.087   250.289    -0.74   43.56
  82514.240   256.891    23.07   43.95
  82800.382   261.667    16.69   37.78
