-188754.193   432.303     0.00   15.79
-188466.502   434.433     7.41   17.53
-188178.791   432.346    -7.25   20.00
-187891.059   432.508     0.56   21.75
-187603.308   434.168     5.77   22.20
-187315.537   436.783     9.08   21.81
-187027.746   437.043     0.91   21.85
-186739.935   439.793     9.55   21.11
-186452.104   442.513     9.45   18.90
-186164.252   445.316     9.74   16.73
-185876.381   449.447    14.35   15.23
-185588.489   453.517    14.13   13.43
-185300.578   456.571    10.61   10.91
-185012.646   458.175     5.57    8.54
-184724.694   457.417    -2.63    8.82
-184436.723   454.525   -10.04   11.81
-184148.731   449.840   -16.27   14.71
-183860.719   444.017   -20.22   16.25
-183572.687   436.759   -25.20   18.00
-183284.635   429.185   -26.29   19.24
-182996.562   419.866   -32.35   19.98
-182708.470   410.678   -31.89   18.92
-182420.358   402.157   -29.57   16.90
-182132.225   396.168   -20.78   15.55
-181844.072   391.168   -17.35   13.29
-181555.899   388.888    -7.91   13.16
-181267.706   390.226     4.64   15.97
-180979.493   394.924    16.30   18.87
-180691.260   400.458    19.20   18.62
-180403.006   406.707    21.68   15.17
-180114.733   409.696    10.37   11.80
-179826.439   409.153    -1.88   12.97
-179538.125   405.615   -12.27   15.70
-179249.791   399.879   -19.89   17.68
-178961.437   394.278   -19.42   16.77
-178673.062   389.017   -18.24   16.32
-178384.667   383.619   -18.72   16.47
-178096.253   381.319    -7.97   17.52
-177807.818   378.522    -9.70   18.88
-177519.362   375.235   -11.39   20.93
-177230.887   370.178   -17.53   24.01
-176942.391   361.376   -30.51   24.96
-176653.875   352.530   -30.66   26.07
-176365.339   343.782   -30.32   27.92
-176076.783   331.653   -42.03   27.79
-175788.206   323.147   -29.47   25.17
-175499.610   319.252   -13.49   24.22
-175210.992   323.134    13.45   28.87
-174922.355   330.923    26.98   33.83
-174633.698   339.578    29.98   34.24
-174345.020   352.565    44.99   33.39
-174056.322   363.067    36.37   32.52
-173767.604   369.778    23.24   32.64
-173478.865   370.017     0.83   32.96
-173190.106   368.233    -6.18   31.82
-172902.649   361.420   -23.70   32.47
-172618.088   354.786   -23.31   32.07
-172333.507   347.458   -25.75   31.28
-172048.907   338.974   -29.80   29.96
-171764.289   331.041   -27.87   31.35
-171479.651   321.243   -34.42   33.78
-171194.995   314.060   -25.23   35.20
-170910.319   308.966   -17.89   33.40
-170625.625   307.692    -4.47   31.80
-170340.911   313.250    19.52   35.64
-170056.179   320.500    25.46   41.95
-169771.428   332.008    40.41   47.08
-169486.657   348.803    58.97   47.73
-169201.868   364.042    53.50   43.49
-168917.060   378.829    51.91   33.69
-168632.233   389.807    38.54   27.42
-168347.386   397.621    27.43   22.48
-168062.521   405.638    28.14   18.10
-167777.637   413.479    27.52   19.32
-167492.734   418.427    17.37   21.31
-167207.812   420.475     7.18   24.25
-166922.870   420.966     1.72   26.18
-166637.910   419.562    -4.93   28.00
-166352.931   419.417    -0.51   27.93
-166067.932   421.845     8.52   26.47
-165782.915   424.590     9.63   26.78
-165497.879   427.205     9.17   25.80
-165212.823   428.129     3.24   24.44
-164927.749   427.035    -3.84   21.91
-164642.655   423.792   -11.37   21.06
-164357.543   419.615   -14.65   20.96
-164072.411   415.492   -14.46   20.68
-163787.260   414.462    -3.61   20.44
-163502.091   415.941     5.19   21.46
-163216.902   418.504     8.99   20.43
-162931.694   420.991     8.72   17.74
-162646.467   418.898    -7.34   17.51
-162361.221   416.339    -8.97   17.49
-162075.956   416.590     0.88   19.84
-161790.672   419.308     9.53   22.05
-161505.368   421.240     6.77   22.51
-161220.046   422.291     3.68   21.88
-160934.704   422.650     1.26   20.71
-160649.344   423.161     1.79   17.58
-160363.964   422.551    -2.14   16.27
-160078.565   420.043    -8.78   13.26
-159793.147   417.965    -7.28   12.75
-159507.710   412.508   -19.12   19.05
-159222.253   403.678   -30.93   27.93
-158936.778   392.085   -40.61   33.27
-158651.283   381.000   -38.82   31.23
-158365.770   374.417   -23.06   25.59
-158080.237   374.043    -1.31   25.80
-157794.685   382.034    27.98   29.02
-157509.114   391.425    32.88   29.80
-157223.523   401.076    33.79   24.18
-156937.914   405.310    14.82   19.12
-156652.285   402.661    -9.28   21.60
-156366.637   397.529   -17.96   21.94
-156080.970   392.282   -18.37   18.61
-155795.284   392.912     2.21   18.62
-155509.579   398.598    19.90   24.57
-155223.854   408.958    36.25   30.72
-154938.110   422.733    48.20   33.71
-154652.347   436.965    49.80   29.60
-154366.565   445.925    31.35   22.32
-154080.763   450.367    15.54   17.27
-153794.943   447.557    -9.83   21.22
-153509.103   439.216   -29.18   27.39
-153223.244   426.446   -44.67   31.89
-152937.365   412.280   -49.55   33.69
-152651.468   395.053   -60.25   33.95
-152365.551   381.667   -46.81   35.03
-152079.615   370.107   -40.42   36.87
-151793.660   356.670   -46.99   39.38
-151507.685   348.478   -28.64   40.48
-151221.691   343.099   -18.81   38.95
-150935.678   338.542   -15.93   35.99
-150649.646   336.060    -8.67   31.41
-150363.594   335.698    -1.27   27.17
-150077.523   338.717    10.55   24.40
-149791.433   344.733    21.03   26.18
-149505.324   355.216    36.63   30.00
-149219.195   368.256    45.57   31.03
-148933.047   382.342    49.22   29.88
-148646.879   398.229    55.51   30.13
-148360.693   416.448    63.66   29.81
-148074.487   431.148    51.35   27.89
-147788.261   442.656    40.20   22.88
-147502.017   447.957    18.52   18.10
-147215.753   446.923    -3.61   18.74
-146929.470   440.067   -23.95   25.80
-146643.167   427.891   -42.52   32.14
-146356.845   414.379   -47.19   32.89
-146070.504   402.525   -41.40   26.60
-145784.143   397.057   -19.09   22.57
-145497.763   396.748    -1.08   24.00
-145211.364   404.741    27.91   27.50
-144924.945   412.099    25.69   27.53
-144638.507   418.405    22.01   22.59
-144352.050   422.339    13.73   18.22
-144065.573   423.017     2.37   19.80
-143779.077   421.242    -6.20   20.99
-143492.561   418.559    -9.36   21.97
-143206.026   416.632    -6.73   22.07
-142919.472   413.864    -9.66   22.03
-142632.898   411.580    -7.97   22.28
-142346.305   408.852    -9.52   22.42
-142059.693   405.500   -11.69   24.22
-141773.061   398.966   -22.79   27.28
-141486.410   389.534   -32.90   31.06
-141199.739   378.436   -38.71   34.41
-140913.049   366.348   -42.16   36.04
-140626.339   353.487   -44.85   35.93
-140339.610   341.479   -41.88   35.02
-140052.862   329.458   -41.92   33.71
-139766.094   317.179   -42.81   30.77
-139479.306   308.132   -31.54   30.28
-139192.500   299.164   -31.27   31.11
-138905.673   294.590   -15.95   34.14
-138618.828   289.808   -16.67   35.58
-138331.962   285.585   -14.72   36.21
-138045.078   280.112   -19.07   37.38
-137758.174   273.000   -24.79   34.97
-137471.250   265.563   -25.92   32.55
-137184.307   259.076   -22.61   28.43
-136897.344   254.319   -16.57   24.26
-136610.362   254.814     1.72   25.99
-136323.361   255.810     3.47   29.38
-136036.340   255.417    -1.37   30.21
-135749.299   257.009     5.55   30.67
-135462.239   259.875     9.98   29.50
-135175.160   261.451     5.49   26.74
-134888.060   263.776     8.10   26.28
-134600.942   265.871     7.30   27.34
-134313.804   267.869     6.96   30.19
-134026.646   270.091     7.74   33.35
-133739.469   271.207     3.89   36.30
-133452.272   268.271   -10.22   37.17
-133165.056   267.785    -1.69   38.13
-132877.820   263.388   -15.31   35.63
-132590.564   256.802   -22.93   30.21
-132303.289   253.817   -10.39   25.93
-132015.995   252.783    -3.60   22.72
-131728.681   252.729    -0.19   23.98
-131441.347   255.896    11.02   29.53
-131153.994   263.483    26.40   37.97
-130866.621   271.550    28.07   44.09
-130579.229   278.957    25.77   47.16
-130291.817   283.560    16.02   51.98
-130004.385   289.765    21.58   55.22
-129716.934   295.100    18.56   56.87
-129429.463   301.025    20.61   55.60
-129141.972   303.793     9.63   54.15
-128854.462   305.583     6.23   51.66
-128566.933   303.254    -8.10   48.23
-128279.383   296.258   -24.33   43.65
-127991.814   288.427   -27.23   41.19
-127704.226   280.450   -27.74   38.87
-127416.618   273.035   -25.78   35.13
-127128.990   264.376   -30.10   33.09
-126841.342   257.517   -23.84   33.25
-126553.675   249.782   -26.89   30.82
-126265.988   242.466   -25.43   26.84
-125978.282   235.776   -23.25   21.40
-125690.556   233.269    -8.71   20.02
-125402.810   233.092    -0.62   21.02
-125115.044   235.774     9.32   25.04
-124827.259   238.714    10.22   28.89
-124539.454   245.733    24.39   34.17
-124251.630   252.342    22.96   38.19
-123963.786   257.259    17.08   39.74
-123675.922   259.835     8.95   40.76
-123388.038   259.769    -0.23   41.20
-123100.135   259.701    -0.24   40.58
-122812.212   252.017   -26.68   36.68
-122524.269   247.434   -15.91   35.20
-122236.306   242.024   -18.79   31.28
-121948.324   236.000   -20.92   25.96
-121660.322   229.983   -20.89   20.90
-121372.300   229.125    -2.98   19.48
-121084.259   228.375    -2.60   17.66
-120796.198   226.069    -8.00   15.59
-120508.117   225.513    -1.93   15.66
-120220.016   226.442     3.22   15.93
-119931.896   226.136    -1.06   14.44
-119643.755   226.815     2.36   16.18
-119355.595   227.288     1.64   16.00
-119067.416   227.579     1.01   16.44
-118779.216   227.906     1.14   18.13
-118490.997   229.144     4.30   20.58
-118202.758   231.521     8.25   22.87
-117914.499   234.280     9.57   26.02
-117626.220   238.759    15.54   30.61
-117337.921   241.198     8.46   32.56
-117049.603   244.125    10.15   34.23
-116761.265   244.388     0.91   35.08
-116472.907   242.629    -6.10   33.32
-116184.529   239.068   -12.35   27.07
-115896.131   241.934     9.94   26.44
-115607.714   241.631    -1.05   23.53
-115319.277   240.388    -4.31   22.29
-115030.820   241.314     3.21   24.44
-114742.343   241.311    -0.01   26.42
-114453.846   239.933    -4.78   26.57
-114165.329   238.267    -5.77   27.85
-113876.793   234.364   -13.53   28.29
-113588.236   230.369   -13.84   25.82
-113299.660   233.581    11.13   29.70
-113011.064   240.991    25.68   37.48
-112722.448   253.775    44.29   47.21
-112433.812   268.101    49.63   52.24
-112145.156   282.491    49.85   49.41
-111856.480   298.060    53.93   41.87
-111567.785   306.000    27.50   36.22
-111279.069   311.949    20.60   31.04
-110992.044   313.500     5.40   26.37
-110707.451   312.585    -3.22   26.25
-110422.840   310.992    -5.60   27.27
-110138.210   307.043   -13.87   28.38
-109853.561   304.457    -9.09   28.13
-109568.894   302.622    -6.45   28.63
-109284.208   304.608     6.98   31.36
-108999.504   308.483    13.61   32.84
-108714.781   313.934    19.14   34.68
-108430.040   317.870    13.82   35.29
-108145.280   316.906    -3.38   38.32
-107860.501   314.729    -7.64   39.35
-107575.704   310.607   -14.47   36.97
-107290.888   310.328    -0.98   32.80
-107006.053   313.328    10.53   28.96
-106721.200   317.917    16.11   28.40
-106436.328   326.554    30.32   26.67
-106151.438   336.282    34.15   22.95
-105866.529   344.542    28.99   17.87
-105581.601   348.884    15.24   17.58
-105296.655   350.716     6.43   17.47
-105011.690   351.547     2.92   17.53
-104726.706   347.252   -15.07   19.78
-104441.704   339.059   -28.75   24.04
-104156.683   327.176   -41.69   31.14
-103871.643   312.059   -53.03   34.04
-103586.585   297.908   -49.64   31.43
-103301.508   288.241   -33.91   23.66
-103016.413   287.422    -2.87   22.70
-102731.298   293.174    20.17   30.58
-102446.165   306.909    48.17   38.19
-102161.014   324.793    62.71   40.83
-101875.843   340.451    54.90   36.28
-101590.654   354.935    50.79   26.96
-101305.446   365.974    38.70   17.57
-101020.220   372.686    23.53   13.05
-100734.975   375.450     9.69   11.35
-100449.711   374.650    -2.80   11.40
-100164.428   372.233    -8.47   13.28
 -99879.127   365.421   -23.87   16.82
 -99593.807   358.264   -25.08   19.89
 -99308.468   350.186   -28.31   21.16
 -99023.111   344.009   -21.65   20.96
 -98737.734   338.273   -20.10   22.39
 -98452.339   331.043   -25.33   24.82
 -98166.925   324.703   -22.21   27.42
 -97881.493   317.771   -24.29   27.62
 -97596.042   313.150   -16.19   25.36
 -97310.572   313.780     2.21   21.96
 -97025.083   315.364     5.55   19.87
 -96739.575   320.426    17.73   21.33
 -96454.049   325.331    17.18   21.61
 -96168.504   326.641     4.59   21.16
 -95882.940   322.113   -15.86   27.58
 -95597.357   310.156   -41.87   37.40
 -95311.756   293.362   -58.80   41.52
 -95026.135   275.344   -63.08   39.07
 -94740.496   263.557   -41.26   29.60
 -94454.838   261.992    -5.48   28.29
 -94169.162   266.761    16.69   33.75
 -93883.466   279.537    44.72   40.07
 -93597.752   296.169    58.21   39.95
 -93312.019   313.076    59.16   32.26
 -93026.267   326.378    46.55   21.03
 -92740.496   331.672    18.52   17.49
 -92454.706   329.368    -8.06   22.25
 -92168.898   325.431   -13.77   25.76
 -91883.070   317.117   -29.09   27.91
 -91597.224   308.246   -31.03   27.75
 -91311.359   300.043   -28.69   24.77
 -91025.475   297.583    -8.60   22.40
 -90739.572   298.967     4.84   23.58
 -90453.651   300.621     5.78   25.03
 -90167.710   305.222    16.09   28.60
 -89881.751   302.402    -9.86   31.89
 -89595.773   297.714   -16.39   35.75
 -89309.775   291.336   -22.30   39.16
 -89023.759   282.793   -29.87   36.18
 -88737.724   280.512    -7.97   32.72
 -88451.671   285.179    16.31   34.57
 -88165.598   292.838    26.77   39.71
 -87879.506   304.562    40.98   42.19
 -87593.396   316.462    41.59   39.08
 -87307.266   325.805    32.65   31.02
 -87021.118   332.101    22.00   22.82
 -86734.951   328.233   -13.51   25.94
 -86448.764   320.915   -25.57   29.10
 -86162.559   314.412   -22.72   26.40
 -85876.335   310.861   -12.41   24.55
 -85590.092   313.127     7.92   26.30
 -85303.830   323.095    34.82   29.51
 -85017.549   331.448    29.18   29.17
 -84731.249   338.976    26.29   24.16
 -84444.930   341.991    10.53   23.81
 -84158.593   337.074   -17.17   30.81
 -83872.236   326.164   -38.10   36.55
 -83585.860   310.513   -54.65   39.72
 -83299.465   293.735   -58.58   41.34
 -83013.052   278.875   -51.88   39.91
 -82726.619   267.292   -40.44   35.92
 -82440.167   260.975   -22.05   31.07
 -82153.697   256.288   -16.36   26.63
 -81867.207   258.367     7.25   28.63
 -81580.698   267.388    31.49   35.72
 -81294.171   280.169    44.61   41.67
 -81007.624   295.276    52.72   41.98
 -80721.058   309.516    49.69   37.61
 -80434.474   319.871    36.13   28.85
 -80147.870   323.639    13.15   23.78
 -79861.247   321.738    -6.63   26.25
 -79574.605   311.186   -36.81   35.99
 -79287.944   292.882   -63.85   47.23
 -79001.265   272.851   -69.87   48.64
 -78714.566   257.575   -53.28   41.53
 -78427.848   251.445   -21.38   34.81
 -78141.111   249.992    -5.07   35.19
 -77854.354   257.420    25.90   39.96
 -77567.579   271.784    50.09   44.86
 -77280.785   291.590    69.05   42.69
 -76993.972   311.808    70.49   33.39
 -76707.139   327.017    53.02   27.66
 -76420.288   339.819    44.63   23.17
 -76133.417   348.843    31.46   19.52
 -75846.528   355.615    23.60   14.41
 -75559.619   358.314     9.41   11.86
 -75272.691   357.778    -1.87   12.28
 -74985.744   354.943    -9.88   15.37
 -74698.778   351.342   -12.55   16.91
 -74411.793   348.145   -11.14   16.39
 -74124.789   346.678    -5.11   15.14
 -73837.765   346.875     0.69   13.87
 -73550.723   346.828    -0.17   11.78
 -73263.661   344.376    -8.54   14.37
 -72976.580   339.000   -18.73   20.89
 -72689.480   329.218   -34.07   28.45
 -72402.361   315.060   -49.31   34.68
 -72115.223   297.628   -60.71   36.85
 -71828.066   279.787   -62.13   34.72
 -71540.889   262.790   -59.18   29.16
 -71253.694   252.345   -36.37   21.82
 -70966.479   249.161   -11.08   18.75
 -70679.245   252.123    10.31   23.58
 -70391.991   259.675    26.29   30.84
 -70104.719   270.760    38.59   35.43
 -69817.428   285.496    51.29   35.77
 -69530.117   301.164    54.53   33.16
 -69242.787   314.534    46.53   29.73
 -68955.438   325.277    37.39   25.64
 -68668.069   333.583    28.90   23.64
 -68380.682   338.983    18.79   21.72
 -68093.275   343.983    17.40   17.81
 -67805.849   348.164    14.54   13.91
 -67518.404   349.317     4.01   12.16
 -67230.939   349.095    -0.77   11.80
 -66943.456   347.593    -5.22   13.45
 -66655.953   346.927    -2.32   14.52
 -66368.431   347.068     0.49   15.10
 -66080.889   347.933     3.01   15.78
 -65793.329   349.411     5.14   16.64
 -65505.749   351.991     8.97   16.14
 -65218.150   356.703    16.38   14.98
 -64930.531   360.244    12.31   14.09
 -64642.894   361.782     5.35   12.71
 -64355.237   359.924    -6.46   13.92
 -64067.560   352.863   -24.54   18.22
 -63779.865   343.984   -30.86   22.02
 -63492.150   332.175   -41.04   25.18
 -63204.416   318.103   -48.90   24.89
 -62916.663   306.854   -39.09   22.05
 -62628.890   300.065   -23.59   16.71
 -62341.098   297.630    -8.46   13.37
 -62053.287   299.974     8.14   15.41
 -61765.456   304.623    16.15   19.66
 -61477.607   312.127    26.07   22.10
 -61189.737   319.542    25.76   22.06
 -60901.849   324.983    18.90   19.10
 -60613.941   326.508     5.30   17.32
 -60326.014   323.291   -11.18   19.66
 -60038.067   316.907   -22.17   22.96
 -59750.101   309.541   -25.58   23.50
 -59462.116   303.439   -21.19   20.65
 -59174.112   300.138   -11.46   17.17
 -58886.088   302.500     8.20   19.26
 -58598.045   310.746    28.63   23.01
 -58309.982   321.359    36.84   23.55
 -58021.900   333.658    42.69   20.09
 -57733.798   339.842    21.46   15.62
 -57445.678   340.744     3.13   14.51
 -57157.538   335.588   -17.89   21.44
 -56869.378   323.746   -41.10   28.92
 -56581.199   311.878   -41.18   29.84
 -56293.001   304.479   -25.67   27.32
 -56004.783   304.513     0.12   27.90
 -55716.546   308.439    13.62   29.64
 -55428.289   313.161    16.38   29.65
 -55140.014   319.026    20.34   25.63
 -54851.718   317.504    -5.28   27.31
 -54563.403   309.187   -28.85   32.44
 -54275.069   295.899   -46.08   33.99
 -53986.715   283.126   -44.30   33.18
 -53698.342   271.744   -39.47   30.06
 -53409.950   260.042   -40.58   29.04
 -53121.538   249.171   -37.69   29.15
 -52833.106   240.769   -29.13   26.65
 -52544.656   235.787   -17.27   23.54
 -52256.185   235.410    -1.31   21.46
 -51967.695   238.164     9.55   23.05
 -51679.186   245.236    24.51   27.47
 -51390.657   255.146    34.35   29.81
 -51102.109   266.568    39.58   29.50
 -50813.541   277.185    36.79   26.50
 -50524.954   285.825    29.94   24.86
 -50236.347   291.793    20.68   25.63
 -49947.721   298.370    22.78   26.24
 -49659.076   304.308    20.57   25.69
 -49370.410   309.815    19.08   25.64
 -49083.765   316.364    22.85   24.70
 -48799.133   321.000    16.29   24.09
 -48514.482   324.136    11.02   23.87
 -48229.813   327.772    12.77   22.87
 -47945.126   330.422     9.31   21.87
 -47660.421   332.083     5.83   20.83
 -47375.697   332.331     0.87   19.63
 -47090.956   333.101     2.71   18.17
 -46806.196   333.815     2.51   17.08
 -46521.418   336.261     8.59   15.96
 -46236.622   338.761     8.78   14.59
 -45951.807   341.008     7.89   11.89
 -45666.974   342.382     4.82   10.32
 -45382.124   341.075    -4.59   10.84
 -45097.254   336.059   -17.61   13.91
 -44812.367   328.264   -27.36   18.06
 -44527.461   319.123   -32.08   20.56
 -44242.538   309.525   -33.69   20.59
 -43957.595   302.628   -24.20   16.55
 -43672.635   300.000    -9.22   13.44
 -43387.656   301.675     5.88   14.61
 -43102.660   306.864    18.21   17.79
 -42817.644   314.150    25.56   19.14
 -42532.611   321.739    26.63   15.85
 -42247.559   326.066    15.18   11.47
 -41962.489   327.352     4.51    9.37
 -41677.401   326.212    -4.00   10.40
 -41392.295   324.429    -6.25   11.24
 -41107.170   321.992    -8.55   11.54
 -40822.027   319.793    -7.71   12.44
 -40536.865   317.571    -7.79   15.68
 -40251.685   312.500   -17.78   21.08
 -39966.487   305.375   -24.98   27.11
 -39681.271   296.983   -29.42   29.76
 -39396.037   284.983   -42.07   34.62
 -39110.784   272.484   -43.82   37.81
 -38825.512   260.889   -40.64   36.78
 -38540.223   246.275   -51.22   34.04
 -38254.915   234.659   -40.71   29.45
 -37969.588   224.729   -34.80   22.94
 -37684.244   215.059   -33.89   18.18
 -37398.881   209.876   -18.16   16.96
 -37113.500   205.487   -15.38   14.10
 -36828.100   202.412   -10.78   12.25
 -36542.682   201.314    -3.85   10.60
 -36257.246   201.347     0.12   10.55
 -35971.791   201.692     1.21    9.99
 -35686.318   204.854    11.07   10.26
 -35400.826   207.476     9.19    9.56
 -35115.317   209.798     8.13    8.53
 -34829.788   212.297     8.75    8.22
 -34544.242   214.718     8.48    8.48
 -34258.677   217.068     8.23    8.19
 -33973.093   219.297     7.80    7.03
 -33687.492   220.733     5.03    5.80
 -33401.871   221.475     2.60    5.06
 -33116.233   220.950    -1.84    5.48
 -32830.576   219.114    -6.43    5.88
 -32544.900   216.581    -8.87    5.80
 -32259.207   213.966    -9.15    6.36
 -31973.494   209.574   -15.37    9.43
 -31687.764   204.041   -19.36   13.46
 -31402.015   200.797   -11.35   14.05
 -31116.247   197.214   -12.54   14.57
 -30830.461   197.736     1.83   14.36
 -30544.657   200.742    10.52   15.71
 -30258.834   205.800    17.70   16.04
 -29972.993   210.634    16.91   12.80
 -29687.133   213.626    10.47    8.67
 -29401.255   213.552    -0.26    8.19
 -29115.358   210.894    -9.29   11.01
 -28829.443   207.623   -11.44   13.14
 -28543.509   201.563   -21.19   18.25
 -28257.557   192.466   -31.81   24.70
 -27971.586   181.306   -39.03   28.02
 -27685.597   174.872   -22.50   28.20
 -27399.590   171.839   -10.60   30.54
 -27113.564   170.820    -3.56   33.97
 -26827.519   175.298    15.65   37.00
 -26541.456   179.948    16.26   37.61
 -26255.375   181.244     4.53   37.07
 -25969.275   177.244   -13.98   39.22
 -25683.156   168.133   -31.84   41.53
 -25397.019   155.899   -42.76   40.93
 -25110.863   147.185   -30.45   35.74
 -24824.689   141.077   -21.34   32.04
 -24538.496   143.496     8.45   33.94
 -24252.285   149.537    21.11   35.94
 -23966.056   156.248    23.45   34.32
 -23679.807   163.121    24.01   30.99
 -23393.540   166.177    10.68   28.71
 -23107.255   164.172    -7.00   26.98
 -22820.951   161.625    -8.90   24.45
 -22534.629   161.667     0.15   23.00
 -22248.287   161.891     0.78   23.26
 -21961.928   164.051     7.54   23.22
 -21675.550   166.890     9.91   23.37
 -21389.153   169.691     9.78   23.18
 -21102.737   171.325     5.70   22.32
 -20816.303   173.684     8.23   21.10
 -20529.851   177.347    12.79   20.25
 -20243.380   180.140     9.75   19.78
 -19956.890   183.934    13.24   19.20
 -19670.382   187.579    12.72   17.74
 -19383.855   191.850    14.91   16.75
 -19097.309   197.571    19.97   16.77
 -18810.745   204.587    24.48   15.81
 -18524.162   209.650    17.67   14.53
 -18237.561   215.017    18.72   12.01
 -17950.941   220.408    18.81    9.18
 -17664.302   223.927    12.27    7.16
 -17377.645   226.504     8.99    6.42
 -17090.969   227.975     5.13    6.54
 -16804.274   229.264     4.50    7.92
 -16517.561   231.000     6.05    9.15
 -16230.829   232.892     6.60    9.31
 -15944.078   234.033     3.98    8.23
 -15657.309   234.500     1.63    7.33
 -15370.521   234.983     1.68    6.26
 -15083.715   234.233    -2.61    6.87
 -14796.890   232.333    -6.62    8.12
 -14510.046   229.417   -10.17   10.03
 -14223.183   226.143   -11.41   10.43
 -13936.302   224.717    -4.97   10.83
 -13649.402   223.347    -4.77   10.79
 -13362.483   222.675    -2.34   10.72
 -13075.546   223.607     3.25    8.46
 -12788.590   224.619     3.53    6.50
 -12501.615   225.168     1.91    4.85
 -12214.621   224.085    -3.77    5.92
 -11927.609   221.488    -9.05    8.27
 -11640.578   218.627    -9.97    9.68
 -11353.528   215.720   -10.13   10.78
 -11066.460   213.174    -8.87   12.84
 -10779.373   210.542    -9.17   14.68
 -10492.267   209.359    -4.12   15.31
 -10205.142   210.234     3.05   15.11
  -9917.999   211.896     5.79   14.38
  -9630.837   213.958     7.18   12.28
  -9343.656   215.782     6.35   10.13
  -9056.456   217.545     6.14    7.64
  -8769.238   217.803     0.90    6.73
  -8482.001   216.858    -3.29    7.21
  -8194.745   214.779    -7.24    8.24
  -7907.470   211.366   -11.88   10.11
  -7620.177   207.284   -14.21   11.88
  -7332.864   202.748   -15.79   14.88
  -7045.533   201.057    -5.89   18.01
  -6758.183   201.017    -0.14   20.42
  -6470.815   201.256     0.83   22.04
  -6183.427   196.959   -14.95   29.23
  -5896.021   193.742   -11.19   36.11
  -5608.596   186.883   -23.86   45.11
  -5321.152   175.935   -38.09   53.49
  -5033.689   166.460   -32.96   60.39
  -4746.207   156.776   -33.68   65.07
  -4458.707   138.951   -62.00   69.70
  -4171.188   130.361   -29.88   69.74
  -3883.650   126.153   -14.63   71.15
  -3596.093   113.598   -43.66   76.53
  -3308.517   100.561   -45.34   77.63
  -3020.922    90.017   -36.66   77.08
  -2733.309    74.880   -52.63   73.64
  -2445.677    63.560   -39.36   71.20
  -2158.025    53.252   -35.83   68.67
  -1870.355    39.583   -47.52   60.16
  -1582.666    30.818   -30.47   53.19
  -1294.958    24.790   -20.95   48.69
  -1007.232    15.949   -30.73   37.66
   -719.486     6.218   -33.82   20.24
   -431.722     5.315    -3.14   19.45
   -143.938     1.820   -12.14    6.96
    143.864     1.931     0.39    8.85
    431.685     5.169    11.25   15.36
    719.525     8.140    10.32   19.10
   1007.384    10.471     8.09   21.28
   1295.262    14.731    14.80   24.49
   1583.159    17.886    10.96   25.88
   1871.075    20.534     9.20   26.74
   2159.010    24.672    14.37   27.43
   2446.963    27.778    10.78   27.52
   2734.936    30.844    10.65   27.25
   3022.927    33.942    10.76   26.37
   3310.938    36.860    10.13   25.43
   3598.967    41.099    14.72   23.21
   3887.016    44.650    12.33   20.45
   4175.083    48.438    13.15   17.32
   4463.169    51.895    12.00   14.57
   4751.274    54.721     9.81   10.29
   5039.399    57.353     9.13    3.67
   5327.542    58.202     2.95    3.47
   5615.704    58.636     1.51    3.20
   5903.885    58.925     1.00    2.78
   6192.086    58.893    -0.11    2.71
   6480.305    57.374    -5.27    7.77
   6768.543    54.555    -9.78   12.77
   7056.800    48.367   -21.47   20.33
   7345.076    39.195   -31.82   25.85
   7633.371    29.893   -32.27   27.78
   7921.686    20.793   -31.56   26.60
   8210.019    12.496   -28.78   22.72
   8498.371     6.967   -19.17   17.76
   8786.743     2.893   -14.13   11.53
   9075.133     0.811    -7.22    5.56
   9363.542     0.600    -0.73    3.39
   9651.971     3.133     8.78   11.58
   9940.418     5.613     8.60   15.52
  10228.885     7.927     8.02   17.51
  10517.370    10.613     9.31   20.30
  10805.875    11.267     2.26   20.67
  11094.399    12.300     3.58   20.50
  11382.942    12.398     0.34   20.10
  11671.503    11.491    -3.14   19.10
  11960.084     9.405    -7.23   16.03
  12248.684    10.098     2.40   17.25
  12537.303    10.277     0.62   18.46
  12823.595    15.907    19.66   28.77
  13108.268    23.377    26.24   39.30
  13392.960    29.975    23.18   44.91
  13677.669    39.235    32.52   50.16
  13962.396    50.571    39.81   55.25
  14247.141    60.270    34.06   57.69
  14531.904    71.050    37.85   58.51
  14816.685    80.455    33.02   58.19
  15101.483    88.866    29.53   55.99
  15386.299    99.458    37.19   50.44
  15671.133   106.138    23.45   45.92
  15955.985   112.789    23.35   39.62
  16240.854   120.302    26.37   31.16
  16525.742   124.561    14.95   27.72
  16810.647   128.512    13.87   22.37
  17095.570   132.451    13.82   15.36
  17380.511   134.041     5.58   14.14
  17665.469   137.083    10.68   10.21
  17950.446   139.858     9.74    7.20
  18235.440   141.661     6.33    7.48
  18520.452   143.317     5.81    6.37
  18805.483   144.333     3.56    4.98
  19090.530   144.221    -0.39    4.83
  19375.596   142.636    -5.56    5.66
  19660.680   140.706    -6.77    6.76
  19945.781   138.626    -7.30    8.71
  20230.901   137.226    -4.91   10.62
  20516.038   136.739    -1.71   12.47
  20801.193   138.025     4.51   14.61
  21086.366   139.500     5.17   15.55
  21371.557   141.731     7.82   14.64
  21656.766   144.619    10.12   12.26
  21941.992   143.476    -4.01   12.87
  22227.237   140.059   -11.98   16.48
  22512.500   133.433   -23.23   22.45
  22797.780   125.106   -29.19   24.68
  23083.078   119.917   -18.19   24.39
  23368.394   116.658   -11.42   24.01
  23653.729   117.279     2.17   24.31
  23939.081   121.300    14.09   25.01
  24224.451   130.000    30.49   21.63
  24509.839   138.480    29.71   14.32
  24795.244   144.944    22.65    7.68
  25080.668   147.564     9.18    7.22
  25366.110   148.276     2.50    8.06
  25651.570   147.959    -1.11    8.96
  25937.047   146.358    -5.61   11.35
  26222.543   141.802   -15.96   16.02
  26508.056   133.488   -29.12   23.15
  26793.588   124.500   -31.48   26.93
  27079.137   117.097   -25.93   26.26
  27364.705   112.145   -17.34   23.83
  27650.290   111.711    -1.52   22.15
  27935.894   112.378     2.34   22.52
  28221.515   117.438    17.72   24.25
  28507.154   125.533    28.34   25.32
  28792.812   134.545    31.55   23.53
  29078.487   143.556    31.54   18.94
  29364.180   150.790    25.32   13.40
  29649.892   154.295    12.27   11.62
  29935.621   156.415     7.42   11.52
  30221.368   158.244     6.40   12.06
  30507.134   158.882     2.23   11.84
  30792.917   160.452     5.49   11.42
  31078.719   160.959     1.78   10.60
  31364.538   162.504     5.41    9.30
  31650.375   165.634    10.95    8.82
  31936.231   168.168     8.86    8.43
  32222.104   171.169    10.50    7.59
  32507.996   172.959     6.26    6.15
  32793.906   174.516     5.45    4.67
  33079.833   175.517     3.50    3.09
  33365.779   175.143    -1.31    3.33
  33651.743   174.390    -2.63    3.96
  33937.725   173.172    -4.26    4.36
  34223.725   172.033    -3.98    5.09
  34509.743   170.933    -3.84    5.53
  34795.779   170.000    -3.26    5.62
  35081.833   169.089    -3.19    6.05
  35367.905   167.464    -5.68    6.94
  35653.995   164.909    -8.93    8.24
  35940.104   162.124    -9.73    9.14
  36226.230   158.025   -14.33    9.91
  36512.375   154.050   -13.89   10.51
  36798.538   148.664   -18.82   10.58
  37084.719   144.889   -13.19    9.51
  37370.917   143.202    -5.90    9.50
  37657.135   143.587     1.35   10.66
  37943.370   144.298     2.49   11.00
  38229.623   145.445     4.01   10.54
  38515.894   146.336     3.11    9.33
  38802.184   147.128     2.77    7.99
  39088.492   147.828     2.44    7.29
  39374.817   147.899     0.25    7.09
  39661.161   148.675     2.71    7.36
  39947.524   149.521     2.95    7.35
  40233.904   150.100     2.02    6.89
  40520.302   149.821    -0.97    6.41
  40806.719   148.732    -3.80    5.61
  41093.154   147.983    -2.61    4.46
  41379.606   147.792    -0.67    3.97
  41666.078   147.893     0.35    3.94
  41952.567   149.400     5.26    5.82
  42239.074   151.862     8.59    7.50
  42525.600   154.073     7.72    7.78
  42812.144   155.720     5.75    7.26
  43098.706   157.782     7.20    6.82
  43385.286   160.680    10.11    6.40
  43671.884   162.347     5.82    6.54
  43958.501   163.445     3.83    7.34
  44245.136   163.854     1.42    7.72
  44531.789   164.492     2.23    8.26
  44818.460   163.446    -3.65    9.57
  45105.150   161.242    -7.69   10.88
  45391.857   158.605    -9.20   10.88
  45678.583   156.067    -8.85    9.03
  45965.327   155.504    -1.96    8.32
  46252.090   154.352    -4.02    7.17
  46538.870   153.383    -3.38    7.12
  46825.669   153.056    -1.14    8.71
  47112.486   152.205    -2.97    9.26
  47399.322   150.917    -4.49   11.13
  47686.175   147.352   -12.43   13.62
  47973.047   140.836   -22.72   17.51
  48259.938   134.355   -22.59   20.07
  48546.846   124.403   -34.69   24.06
  48833.773   115.742   -30.19   23.07
  49120.718   107.083   -30.18   18.83
  49407.681   103.358   -12.98   15.12
  49694.663   103.279    -0.28   14.50
  49981.663   103.926     2.25   14.03
  50268.681   106.777     9.93   14.44
  50555.717   110.429    12.72   13.74
  50842.772   115.175    16.54   10.43
  51129.845   119.437    14.85    8.13
  51416.936   122.944    12.21   10.55
  51704.046   126.492    12.36   12.51
  51991.174   134.042    26.30   16.68
  52278.320   139.105    17.63   16.84
  52565.485   141.447     8.16   15.11
  52852.668   141.358    -0.31   15.06
  53139.869   138.803    -8.90   15.52
  53427.089   137.992    -2.83   15.24
  53714.327   137.620    -1.29   15.30
  54001.584   138.000     1.32   14.74
  54288.858   139.202     4.18   15.10
  54576.151   143.458    14.81   14.25
  54863.463   147.951    15.64   11.59
  55150.793   148.607     2.28   10.04
  55438.141   145.868    -9.53   11.82
  55725.507   142.025   -13.37   13.16
  56012.892   139.280    -9.55   13.89
  56300.296   136.967    -8.05   13.89
  56587.717   133.392   -12.44   13.04
  56875.158   128.105   -18.39   12.55
  57162.616   121.882   -21.65   11.43
  57450.093   115.567   -21.97   12.92
  57737.588   111.736   -13.32   13.26
  58025.102   107.626   -14.30   12.86
  58312.634   102.300   -18.52   11.75
  58600.185    97.115   -18.03    9.73
  58887.754    92.107   -17.41    8.17
  59175.341    87.793   -15.00    8.46
  59462.947    85.720    -7.21    8.37
  59750.571    86.782     3.69   11.63
  60038.214    90.664    13.49   16.72
  60325.875    95.902    18.21   20.38
  60613.554   103.451    26.24   22.17
  60901.252   111.686    28.63   19.59
  61188.969   120.231    29.70   13.85
  61476.704   123.159    10.17   10.86
  61764.457   123.883     2.52   10.17
  62052.229   122.462    -4.94   10.50
  62340.019   120.024    -8.47   10.20
  62627.828   117.500    -8.77   10.21
  62915.655   116.150    -4.69   10.55
  63203.501   115.365    -2.73   11.48
  63491.365   115.293    -0.25   12.15
  63779.248   115.133    -0.55   13.08
  64067.149   112.541    -9.00   14.40
  64355.069   107.713   -16.77   16.05
  64643.007   103.397   -14.99   16.92
  64930.964    99.935   -12.02   14.99
  65218.939   100.520     2.03   15.43
  65506.933   102.767     7.80   18.97
  65794.945   108.344    19.37   22.15
  66082.976   116.041    26.72   21.85
  66371.025   124.125    28.07   16.94
  66659.093   129.869    19.94   11.30
  66947.180   132.545     9.29    7.32
  67235.285   132.658     0.39    6.66
  67523.408   133.311     2.27    7.21
  67811.550   134.520     4.20    8.98
  68099.711   137.016     8.66    9.77
  68387.890   140.225    11.13    9.37
  68676.088   142.238     6.99    8.40
  68964.304   142.710     1.64    8.47
  69252.539   139.885    -9.80   14.32
  69540.792   134.048   -20.25   19.14
  69829.064   127.512   -22.67   21.46
  70117.355   122.017   -19.06   20.61
  70405.664   118.669   -11.61   18.27
  70693.992   116.296    -8.23   16.30
  70982.338   113.661    -9.14   13.79
  71270.703   115.311     5.72   13.33
  71559.087   119.806    15.59   13.41
  71847.489   124.975    17.92   11.49
  72135.910   128.213    11.23   10.07
  72424.349   128.944     2.53    9.50
  72712.807   128.240    -2.44   10.13
  73001.284   124.926   -11.49   13.67
  73289.779   119.371   -19.25   16.18
  73578.293   112.290   -24.54   15.18
  73866.826   106.195   -21.13   12.81
  74155.377   103.460    -9.48    9.84
  74443.947   104.829     4.75   11.92
  74729.908   110.050    18.26   17.25
  75014.627   115.673    19.75   19.36
  75299.363   121.167    19.30   18.32
  75584.117   126.986    20.44   15.92
