# NaN NaN NaN ;Mean Elev.(m), Avg Gradient(m/km), RMS Gradient(m/km) - SRTM1     
#   54.213  -3.915  16.248 ;Mean Elev.(m), Avg Gradient(m/km), RMS Gradient(m/km) - ASTER GDEM
#   57.065  -3.928  17.103 ;Mean Elev.(m), Avg Gradient(m/km), RMS Gradient(m/km) - GMTED2010 
   1 129.756273  62.916791    80.555    80.654 11 54662.29864850 28.669
   2 129.731031  62.922951   149.790   151.306 16 54672.21429065  6.512
   3 129.735355  62.922739    -4.385    -4.655 20 54682.12993475  6.415
   4 129.751699  62.919819   146.270   145.958 13 54692.04557903 19.806
   5 129.755665  62.919315    -1.347    -0.038 10 54701.96121957  9.403
   6 129.752516  62.918396   124.394   124.344 12 54711.87686728 25.747
   7 129.736339  62.919979     7.345     7.106 20 54721.79251675  4.871
   8 129.749887  62.914569   110.950   107.481 17 54731.70816704 20.275
   9 129.765471  62.910306   142.229   148.838  6 54741.62381571  6.561
  10 129.742795  62.916198   150.806   152.745 21 54751.53945971  7.164
  11 129.744449  62.915940   144.737   143.646 19 54761.45510634 23.912
  12 129.741879  62.915900   144.329   143.941 21 54771.37075015 25.421
  13 129.743996  62.914773   145.311   145.429 20 54781.28639141 12.901
  14 129.724183  62.919611   140.843   145.004  6 54791.20202754  6.804
  15 129.696398  62.927767   144.265   144.265  2 54801.11766157 10.931
  16 129.767821  62.911945    96.846    82.931  8 54811.03330716 21.102
  17 129.757443  62.915867    78.460    78.486 11 54820.94894630 21.364
  18 129.758834  62.915054    79.675    78.544 12 54830.86459881 19.413
  19 129.757733  62.914825    78.547    78.364 11 54840.78023752 19.488
  20 129.758939  62.914644    79.312    78.241 12 54850.69588664 19.104
  21 129.757637  62.915839    79.786    78.206 12 54860.61153492 19.084
  22 129.754182  62.917239    78.413    78.037 12 54870.52718305 19.090
  23 129.752072  62.916773    79.139    77.836 13 54880.44283013 18.552
  24 129.757147  62.913339    79.107    77.840 15 54890.35847498 18.493
  25 129.756791  62.911162    81.063    77.823 16 54900.27411619 18.297
  26 129.754782  62.911404    82.164    83.219 17 54910.18975500 18.124
  27 129.747799  62.914627    82.747    84.080 19 54920.10539188 17.642
  28 129.741488  62.917792    82.465    81.003 20 54930.02102844 16.916
  29 129.738359  62.918726    81.327    79.980 19 54939.93666444 17.290
  30 129.741957  62.917033   143.428   141.631 20 54949.85229969 11.884
  31 129.742909  62.915936   122.645   121.692 21 54959.76793874 19.861
  32 129.741021  62.916551   147.425   147.431 20 54969.68358711 25.173
  33 129.740302  62.918077   150.554   149.562 20 54979.59923425  7.517
  34 129.738408  62.919660    82.965    82.962 20 54989.51488108 52.936
  35 129.738693  62.919490   146.410   146.535 20 54999.43052829 21.270
  36 129.750820  62.916180    82.490    82.476 14 55009.34617513 38.587
  37 129.765453  62.912567    89.840    83.639  8 55019.26182052 27.959
  38 129.738190  62.920325   146.574   146.490 20 55029.17745966 25.109
  39 129.734084  62.922734   146.070   146.956 20 55039.09310093 23.891
  40 129.745047  62.921140    80.671    80.768 16 55049.00874275 31.797
  41 129.735300  62.922829    80.994    81.116 20 55058.92438028 27.455
  42 129.767072  62.912680    81.597    81.701  9 55068.84002351 27.076
  43 129.768551  62.909333    87.213    89.543 11 55078.75567385 24.062
  44 129.764289  62.909452    80.556    80.487 12 55088.67132108 40.355
  45 129.741012  62.916268   146.263   147.705 20 55098.58696440 24.764
  46 129.765283  62.911834    80.956    81.105 10 55108.50261267 28.116
  47 129.739712  62.917933   145.343   145.419 20 55118.41825429 12.408
  48 129.740894  62.915710   147.773   147.579 20 55128.33389684 13.565
  49 129.750579  62.911565   141.902   141.724 19 55138.24953827 15.795
  50 129.749766  62.912319   120.131   117.503 18 55148.16517674 16.086
  51 129.741032  62.917313   121.869   120.044 20 55158.08081357 14.135
  52 129.737729  62.920844   124.272   122.791 20 55167.99645087 10.894
  53 129.735624  62.922505   122.806   122.712 20 55177.91208782  9.371
  54 129.737908  62.920821   121.201   123.284 20 55187.82773277  9.889
  55 129.737075  62.919755   123.440   125.220 19 55197.74338366  8.274
  56 129.738088  62.919764   123.134   122.336 20 55207.65903352 11.116
  57 129.774239  62.912231    78.226    78.204  4 55217.57468676 23.711
  58 129.760447  62.915850    82.477    84.019 10 55227.49033359 20.429
  59 129.763985  62.913293    84.552    85.972 10 55237.40597982 19.871
  60 129.759122  62.911566    84.314    85.985 13 55247.32162172 20.288
  61 129.762488  62.908482    83.245    86.908 13 55257.23726205 20.258
  62 129.761984  62.908880    84.940    88.670 13 55267.15290082 19.479
  63 129.751056  62.913936    84.368    85.914 16 55277.06853765 18.785
  64 129.737779  62.919328    82.344    80.554 20 55286.98417313 18.358
  65 129.738121  62.919709    82.437    80.814 20 55296.89980808 17.994
  66 129.741809  62.916777    82.160    81.015 20 55306.81544979 16.597
  67 129.750816  62.912354   142.055   142.457 18 55316.73109781 16.840
  68 129.748290  62.913122   152.293   153.187 19 55326.64674293 11.865
  69 129.739063  62.917671   148.495   144.838 19 55336.56238597 26.202
  70 129.768518  62.912743    82.294    82.289  8 55346.47803304 29.872
  71 129.736685  62.921251   150.931   155.262 17 55356.39367178  3.804
  72 129.764458  62.913965    89.714    83.135  8 55366.30931560 28.306
  73 129.765443  62.913286    89.237    82.755  8 55376.22495484 26.777
  74 129.749404  62.918044   134.944   135.121 14 55386.14059108 27.153
  75 129.734966  62.923032   147.345   146.694 19 55396.05622658 20.691
  76 129.761325  62.917421    78.989    78.991  8 55405.97187070 54.161
  77 129.736186  62.921728    79.745    79.755 19 55415.88751936 41.917
  78 129.741962  62.917092    79.755    79.723 20 55425.80316847 56.187
  79 129.745836  62.913640    79.578    79.588 19 55435.71881456 52.320
  80 129.731374  62.916883   145.457   147.896  6 55445.63445688  8.594
  81 129.742902  62.915635    80.265    79.871 21 55455.55010120 41.936
  82 129.738643  62.918637    79.173    79.175 20 55465.46574292 42.281
  83 129.755570  62.914862    83.382    82.911 12 55475.38138432 22.174
  84 129.741817  62.916913   126.941   128.052 21 55485.29701927 24.770
  85 129.743240  62.915118   116.938   122.226 21 55495.21265392 26.097
  86 129.743341  62.916019   120.228   119.280 20 55505.12828753 16.132
  87 129.738087  62.918953   120.731   119.553 19 55515.04393734 14.874
  88 129.739839  62.920547   115.170   116.186 18 55524.95958705 14.658
  89 129.741738  62.920555    99.552    93.514 18 55534.87523502 15.732
  90 129.739135  62.920203    97.792    91.761 18 55544.79088060 15.327
  91 129.736030  62.920055    88.301    85.031 20 55554.70652420 16.150
  92 129.740748  62.919093    95.404    92.479 18 55564.62216755 15.185
  93 129.737989  62.920629    88.456    85.049 20 55574.53780934 15.675
  94 129.737798  62.920664    89.116    87.128 20 55584.45344997 15.555
  95 129.749324  62.916805    96.914    93.391 15 55594.36908868 14.411
  96 129.770692  62.910214    91.284    91.299  9 55604.28472528 17.124
  97 129.761073  62.912195    87.775    88.020 12 55614.20035615 17.178
  98 129.759660  62.913197    87.773    87.708 12 55624.11599430 16.276
  99 129.756793  62.914266    87.552    87.404 12 55634.03164666 16.239
 100 129.758055  62.914118    88.611    88.149 11 55643.94729729 15.735
 101 129.751090  62.915290    86.352    86.252 16 55653.86294419 14.500
 102 129.754332  62.913213    87.848    87.854 16 55663.77858787 13.958
 103 129.742950  62.915280    81.918    81.227 20 55673.69422676 16.566
 104 129.770393  62.909199    83.648    80.397  9 55683.60986843 30.406
 105 129.735987  62.919843   145.730   147.037 18 55693.52550139 14.526
 106 129.734982  62.922552   151.246   151.566 20 55703.44113671 10.765
 107 129.742629  62.921411    80.228    80.165 16 55713.35678222 36.902
 108 129.765157  62.915043    85.942    82.778  8 55723.27243412 30.407
 109 129.751115  62.917705   135.249   135.913 14 55733.18807984 27.040
 110 129.753812  62.916782    80.292    80.197 12 55743.10372623 31.572
 111 129.740452  62.919890   144.130   143.961 19 55753.01936941 24.723
 112 129.736764  62.920152   142.573   145.068 20 55762.93501150 12.002
 113 129.739936  62.918239    78.798    78.770 20 55772.85065161 50.984
 114 129.767953  62.910115    81.764    81.734 10 55782.76629113 30.640
 115 129.741297  62.917011    80.822    80.816 21 55792.68192149 47.163
 116 129.765763  62.912513    80.167    80.121  8 55802.59755844 30.256
 117 129.766954  62.912684    80.226    80.227  8 55812.51320838 24.808
 118 129.738320  62.919467    80.137    80.154 20 55822.42885322 29.486
 119 129.706595  62.926468   141.777   147.855  8 55832.34449297 13.472
 120 129.741837  62.917159   143.613   145.217 20 55842.26013608 23.158
 121 129.740092  62.917944   143.692   144.153 21 55852.17577179 26.094
 122 129.738401  62.920239   144.321   143.752 20 55862.09140543 25.200
 123 129.763264  62.914673   100.953    86.778  9 55872.00706287 29.963
 124 129.763340  62.915227    93.468    83.742  9 55881.92271264 26.496
 125 129.767485  62.914305   105.149    84.783  8 55891.83835637 22.451
 126 129.769439  62.914090   101.158    81.744  7 55901.75399404 22.974
 127 129.765995  62.915742   112.461    97.780  7 55911.66962776 19.760
 128 129.766057  62.915037   109.388    95.884  8 55921.58528227 19.674
 129 129.764267  62.914455   100.631    95.636  8 55931.50093392 23.377
 130 129.766076  62.912106    81.478    78.204  9 55941.41658201 24.738
 131 129.772655  62.908284    84.026    85.213  8 55951.33222624 23.821
 132 129.769007  62.908332    86.161    86.640 11 55961.24786543 23.317
 133 129.760378  62.911465    84.496    85.017 13 55971.16350169 21.586
 134 129.765656  62.912375    88.405    89.418  9 55981.07913832 20.099
 135 129.769265  62.912872    91.148    90.630  7 55990.99477367 18.531
 136 129.757338  62.914966    87.844    87.877 12 56000.91041796 16.395
 137 129.760393  62.912082    89.290    89.344 13 56010.82606902 16.448
 138 129.757347  62.911915    88.433    88.480 14 56020.74171530 16.443
 139 129.755049  62.913155    87.265    87.430 16 56030.65735848 16.283
 140 129.739579  62.918926    77.501    77.117 20 56040.57299795 27.477
 141 129.735554  62.921598    78.519    79.050 19 56050.48863660 28.884
 142 129.709876  62.928976   146.693   146.808 10 56060.40427010 21.656
 143 129.733320  62.923258   148.887   148.423 20 56070.31990940  9.945
 144 129.767450  62.913799    90.464    84.257  8 56080.23556431 28.086
 145 129.737944  62.920834   151.273   156.063 20 56090.15120908 11.590
 146 129.764943  62.914820    90.524    84.407  8 56100.06685793 30.073
 147 129.712847  62.927254   149.660   148.177  9 56109.98248362  8.757
 148 129.731101  62.921166    82.018    82.011 18 56119.89812611 56.331
 149 129.769854  62.909830    83.809    81.861 10 56129.81376733 27.307
 150 129.741828  62.916245   135.352   134.884 21 56139.72939745 28.650
 151 129.742147  62.916737    80.913    80.909 21 56149.64504745 41.821
 152 129.737968  62.919523    80.217    80.203 20 56159.56069576 37.248
 153 129.736639  62.920611    79.661    79.631 19 56169.47634311 47.641
 154 129.739933  62.918555    79.863    79.873 20 56179.39198775 44.523
 155 129.769301  62.909571    79.996    79.866  9 56189.30763130 25.726
 156 129.768947  62.909239    81.935    80.321  9 56199.22326815 23.498
 157 129.738114  62.919050   149.583   149.797 19 56209.13889857 15.489
 158 129.702689  62.931131   142.992   148.795  8 56219.05452664 15.424
 159 129.755663  62.919558   143.398   143.213  7 56228.97017986 18.407
 160 129.737173  62.922982   121.412   121.677  6 56238.88583169 21.210
 161 129.737029  62.921265    97.065    91.773 20 56248.80148182 19.933
 162 129.737849  62.920020   107.510   109.812 19 56258.71712705 16.600
 163 129.736557  62.920998    98.664    97.735 19 56268.63276884 18.606
 164 129.735012  62.922267    87.691    82.344 20 56278.54840883 20.024
 165 129.745068  62.919330   113.000   108.425 16 56288.46405945 14.094
 166 129.739011  62.918450    89.039    85.271 19 56298.37970770 19.534
 167 129.743948  62.914554   111.365   112.585 21 56308.29535335 15.427
 168 129.760429  62.909344   108.531   108.505 15 56318.21099768 15.674
 169 129.773385  62.907775    92.006    91.912  8 56328.12664015 19.161
 170 129.767131  62.912058    89.292    90.161  9 56338.04227934 19.393
 171 129.756462  62.916508    85.686    86.264 11 56347.95791625 19.935
 172 129.746397  62.918477    84.210    83.948 15 56357.87355071 20.124
 173 129.757927  62.912741    86.538    87.132 13 56367.78920194 20.204
 176 129.734879  62.921381    82.040    83.292 20 56397.53613609 18.405
 177 129.746841  62.920513    80.619    79.728 14 56407.45177831 24.173
 178 129.746350  62.920842   142.833   142.374 15 56417.36741538 17.120
 179 129.754995  62.917961    82.222    82.118 12 56427.28304894 49.528
 180 129.766832  62.913056    89.775    86.581  9 56437.19870282 30.635
 181 129.766222  62.912644    81.545    81.609  8 56447.11435439 31.779
 182 129.733905  62.921239   148.152   147.369 19 56457.02999991 18.795
 183 129.767398  62.912750    80.917    80.900  8 56466.94565000 27.044
 184 129.768353  62.911031    82.534    80.340  9 56476.86129241 25.799
 185 129.765836  62.909758   136.130   136.427 11 56486.77693077 25.964
 186 129.743828  62.914835    82.995    82.045 20 56496.69256394 27.060
 187 129.754586  62.914126    81.575    81.560 15 56506.60819927 56.373
 188 129.734254  62.922267    81.724    81.702 20 56516.52383136 38.642
 189 129.739262  62.921394   153.496   155.256 16 56526.43948630  2.320
 190 129.767278  62.913240    80.749    80.747  8 56536.35513994 24.688
 192 129.766172  62.910314    79.428    79.417 10 56556.18643044 28.167
 193 129.765904  62.911807    88.383    88.991  9 56566.10207301 23.863
 194 129.721970  62.925422   138.045   149.914  4 56576.01770903 17.023
 195 129.758921  62.918624   129.206   127.704  9 56585.93335130 24.263
 196 129.761046  62.918365   143.896   142.927  8 56595.84898959 18.086
 197 129.757195  62.916871    86.478    86.489 11 56605.76464183 21.949
 198 129.759731  62.914450    81.119    78.233 10 56615.68028985 19.775
 199 129.769832  62.911836    84.783    84.209  7 56625.59593490 18.990
 200 129.746722  62.918149    97.339    93.429 16 56635.51157323 15.453
 201 129.744522  62.919274    96.262    92.372 16 56645.42721160 14.738
 202 129.749510  62.916222   105.001   107.430 16 56655.34286486 13.999
 203 129.747455  62.914589    98.320    95.386 19 56665.25851306 15.248
 204 129.749073  62.913293    98.692    99.180 18 56675.17415896 15.236
 205 129.746817  62.914791    99.466   106.184 19 56685.08980321 15.151
 206 129.742472  62.917790    92.729    86.618 19 56695.00544513 15.738
 207 129.746966  62.918353    99.314    95.539 16 56704.92108363 13.755
 208 129.762616  62.914873    88.768    88.613  9 56714.83671812 17.308
 209 129.739650  62.918419    84.022    84.101 20 56724.75236741 18.341
 210 129.765755  62.910990    89.375    89.714 11 56734.66802055 17.005
 211 129.759893  62.913664    87.902    88.165 12 56744.58366633 16.499
 212 129.755820  62.916949    86.100    86.456 11 56754.49930790 15.766
 213 129.750828  62.919965    82.196    82.075 13 56764.41494389 15.207
 214 129.748971  62.920439    79.666    78.935 14 56774.33057973 30.711
 215 129.707726  62.928178   148.737   148.525  8 56784.24623223 13.486
 216 129.740040  62.918507   146.285   146.427 20 56794.16188963 27.201
 217 129.768366  62.910824    82.457    80.617 10 56804.07754315 30.140
 218 129.741417  62.917599   131.630   129.772 21 56813.99318280 23.866
 219 129.768523  62.910748    84.526    80.305 10 56823.90882528 26.973
 220 129.741755  62.917051    81.476    81.546 21 56833.82445745 24.161
 221 129.766728  62.911272    80.399    80.400 10 56843.74009210 30.728
 222 129.738756  62.918525    80.173    80.186 20 56853.65573141 54.457
 223 129.738649  62.918590    79.172    78.757 19 56863.57138520 39.549
 224 129.765331  62.912176    81.055    78.961  9 56873.48704151 23.716
 225 129.740853  62.917954    79.743    79.860 20 56883.40268873 36.623
 226 129.772325  62.909804    84.678    80.061  9 56893.31833911 26.356
 227 129.767303  62.910647    79.749    79.570 10 56903.23398211 23.290
 228 129.767490  62.911217    81.591    79.639 10 56913.14962370 22.539
 229 129.737944  62.919952    81.055    81.044 20 56923.06526012 48.456
 230 129.751950  62.918387    83.416    79.921 14 56932.98089919 25.419
 231 129.748439  62.920520   130.188   128.183 14 56942.89653102 25.044
 232 129.729327  62.924452   141.878   144.859 14 56952.81217387 20.793
 233 129.737054  62.920817   126.783   126.801 20 56962.72782561 17.277
 234 129.742425  62.918787   116.682   116.425 17 56972.64347204 12.264
 235 129.736417  62.920559   128.367   131.081 19 56982.55911278  7.478
 236 129.738000  62.920587   120.097   119.191 20 56992.47474978 11.139
 237 129.736003  62.920854   126.016   125.040 20 57002.39038390  9.079
 238 129.740557  62.917434   124.968   121.846 20 57012.30604166 11.020
 239 129.740988  62.916220   125.502   130.670 20 57022.22169322 10.794
 240 129.742138  62.916734   123.909   122.848 20 57032.13734199 11.228
 241 129.738617  62.918834   126.413   128.151 19 57042.05298814  8.116
 242 129.736821  62.919960   125.149   121.831 20 57051.96863242  9.135
 243 129.751714  62.916045   104.918   107.130 15 57061.88427444 14.430
 244 129.753648  62.915565   101.616    95.916 14 57071.79990952 14.506
 245 129.770969  62.912546    90.757    90.731  7 57081.71554205 18.772
 246 129.764965  62.915483    88.870    88.921  7 57091.63118540 18.555
 247 129.764059  62.916374    85.371    85.618  8 57101.54684257 18.575
 248 129.750970  62.919447    84.772    86.359 13 57111.46249504 13.328
 249 129.746664  62.919296    84.658    84.879 16 57121.37814285 13.600
 250 129.737273  62.920036    81.930    81.531 20 57131.29378447 14.554
 251 129.738060  62.919705    82.280    82.307 20 57141.20942208 20.353
 252 129.714608  62.926811   151.495   151.539 12 57151.12505349  2.792
 253 129.743395  62.921392   150.153   149.108 16 57161.04068772 26.090
 254 129.735249  62.921935   146.559   146.376 20 57170.95634218 24.527
 255 129.738106  62.918665   147.520   147.444 20 57180.87199786 27.896
 256 129.742735  62.915376   146.471   143.670 21 57190.78764975 22.048
 257 129.770598  62.908439    87.330    88.737 10 57200.70330082 26.234
 258 129.740589  62.917435    81.433    81.428 21 57210.61893123 47.303
 259 129.739093  62.919648    79.776    79.735 20 57220.53457468 47.335
 260 129.738062  62.920308    79.522    79.316 20 57230.45021715 27.191
 261 129.754224  62.915854    78.795    78.470 14 57240.36585938 28.097
 262 129.737200  62.919606    78.335    78.015 19 57250.28149498 32.439
 263 129.766211  62.913701    78.430    78.376  9 57260.19713365 28.069
 264 129.765554  62.916345    78.283    78.172  8 57270.11276750 26.173
 265 129.765411  62.917611    77.695    77.723  7 57280.02842059 45.857
 266 129.760466  62.918280   129.468   128.894  9 57289.94407566 24.300
 267 129.754139  62.917687    78.336    78.354 12 57299.85972780 48.534
 268 129.727471  62.921639   145.573   146.186 14 57309.77537394 23.507
 269 129.742318  62.916769   144.001   142.171 21 57319.69102126 12.705
 270 129.768932  62.910847   101.462    86.568  9 57329.60666682 32.370
 271 129.738652  62.920043   127.264   131.457 20 57339.52230343  7.470
 272 129.738325  62.919667   123.989   127.716 20 57349.43795282  8.027
 273 129.741119  62.917039   124.950   127.966 20 57359.35359889  8.879
 274 129.749824  62.912809   121.493   119.139 18 57369.26924249 10.363
 275 129.750409  62.912820   120.159   116.381 18 57379.18488242 12.490
 276 129.740479  62.918044   123.492   121.474 20 57389.10051955  9.537
 277 129.736240  62.922235   124.269   121.972 20 57399.01615642  7.895
 278 129.745922  62.921125   123.613   114.840 14 57408.93179478  6.858
 279 129.741910  62.919886   123.155   119.040 18 57418.84744756  7.365
 280 129.739485  62.918511   122.957   121.699 19 57428.76309786  7.547
 281 129.745368  62.917190   123.084   119.267 17 57438.67874644  7.696
 282 129.753621  62.917299   121.718   121.969 12 57448.59439378  6.407
 283 129.763956  62.916668    81.257    82.989  7 57458.51004013 22.109
 284 129.764256  62.916841    82.397    83.706  8 57468.42568256 22.234
 285 129.762490  62.915758    88.540    88.584 10 57478.34132094 16.451
 286 129.761581  62.914249    90.231    90.192 10 57488.25695634 15.487
 287 129.738216  62.919898    81.148    81.169 20 57498.17258697 20.673
 288 129.758502  62.916303    77.449    77.392 10 57508.08822975 31.313
 289 129.734699  62.922232    79.441    79.163 20 57518.00388319 35.009
 290 129.737765  62.920880   146.969   146.997 20 57527.91953695 21.227
 291 129.741092  62.917870   130.201   130.251 20 57537.83518806 29.959
 292 129.739272  62.916182   148.739   149.213 19 57547.75083589 24.753
 293 129.750058  62.913005   148.471   147.935 18 57557.66648351 26.113
 294 129.740483  62.917219   127.695   129.486 20 57567.58212741 17.408
 295 129.754045  62.916195    80.362    80.346 14 57577.49777324 43.482
 296 129.735846  62.921810    79.690    79.615 20 57587.41341421 50.583
 297 129.754905  62.916558    80.626    80.652 12 57597.32905728 27.786
