-134202.930   135.464     0.00    4.64
-133917.181   136.853     4.86    4.81
-133631.420   138.272     4.97    5.08
-133345.647   139.924     5.78    4.96
-133059.862   141.194     4.44    4.49
-132774.065   142.689     5.23    3.79
-132488.256   143.815     3.94    3.07
-132202.434   144.847     3.61    3.19
-131916.601   146.148     4.55    3.75
-131630.756   147.832     5.89    4.33
-131344.898   149.618     6.25    4.35
-131059.028   151.246     5.70    3.93
-130773.147   152.870     5.68    3.32
-130487.253   154.066     4.18    2.50
-130201.347   154.689     2.18    2.11
-129915.429   155.029     1.19    2.20
-129629.499   155.826     2.79    2.30
-129343.556   156.615     2.76    2.63
-129057.602   157.182     1.98    2.86
-128771.636   157.162    -0.07    3.23
-128485.657   156.722    -1.54    3.54
-128199.667   155.745    -3.42    4.96
-127913.664   154.571    -4.10    5.72
-127627.649   153.669    -3.15    5.83
-127341.622   152.925    -2.60    5.11
-127055.583   152.740    -0.65    4.36
-126769.532   153.906     4.07    4.25
-126483.469   154.773     3.03    3.91
-126197.394   154.533    -0.84    4.89
-125911.306   153.697    -2.92    5.88
-125625.206   152.659    -3.63    6.82
-125339.095   150.931    -6.04    7.63
-125052.971   150.007    -3.23    7.89
-124766.835   149.591    -1.46    7.81
-124480.687   150.217     2.19    8.01
-124194.527   151.015     2.79    8.09
-123908.354   152.485     5.14    7.80
-123622.170   154.324     6.42    7.34
-123335.973   156.750     8.48    5.98
-123049.764   158.263     5.29    4.75
-122763.544   158.129    -0.47    5.67
-122477.310   155.522    -9.11    8.53
-122191.065   153.189    -8.15   10.10
-121904.808   151.313    -6.55   11.01
-121618.539   151.113    -0.70   11.66
-121332.257   151.796     2.39   12.14
-121045.963   153.424     5.69   12.20
-120759.657   156.248     9.86   11.02
-120473.339   158.541     8.01    8.78
-120187.009   160.106     5.46    5.49
-119900.667   160.606     1.75    3.71
-119614.312   160.356    -0.87    3.44
-119327.945   161.044     2.40    5.11
-119041.566   161.969     3.23    7.33
-118755.175   164.956    10.43   10.91
-118468.772   166.485     5.34   11.81
-118182.357   167.803     4.60   11.96
-117895.929   168.435     2.21   12.05
-117609.489   169.109     2.35   11.37
-117323.038   170.598     5.20   10.08
-117036.574   170.919     1.12    7.93
-116750.097   170.992     0.26    5.40
-116463.609   169.522    -5.13    6.15
-116177.108   168.481    -3.63    6.21
-115890.595   167.430    -3.67    6.36
-115604.070   165.947    -5.17    6.85
-115317.533   165.076    -3.04    7.03
-115030.984   162.029   -10.63    8.44
-114744.422   158.129   -13.61    9.99
-114457.848   154.275   -13.45   12.12
-114171.263   150.402   -13.52   12.67
-113884.664   146.735   -12.79   11.89
-113598.054   144.389    -8.18    9.17
-113311.431   143.530    -3.00    7.70
-113024.797   144.205     2.35    6.96
-112738.150   143.919    -1.00    7.18
-112451.491   143.752    -0.58    7.67
-112164.819   143.721    -0.11    7.18
-111878.135   143.612    -0.38    6.95
-111591.440   142.805    -2.82    6.33
-111304.732   142.000    -2.81    5.91
-111018.011   140.865    -3.96    6.27
-110731.279   140.891     0.09    6.51
-110444.534   140.742    -0.52    6.58
-110157.777   139.733    -3.52    6.68
-109871.008   138.795    -3.27    6.42
-109584.227   137.774    -3.56    6.25
-109297.433   137.455    -1.11    6.46
-109010.627   137.496     0.15    6.54
-108723.809   137.220    -0.96    6.02
-108436.979   136.433    -2.74    6.03
-108150.136   135.387    -3.65    5.81
-107863.282   134.492    -3.12    5.38
-107576.414   133.556    -3.27    5.08
-107289.535   132.700    -2.98    5.01
-107002.644   130.791    -6.65    4.74
-106715.740   128.295    -8.70    5.36
-106428.824   126.167    -7.42    6.11
-106141.896   124.871    -4.51    5.90
-105854.955   124.826    -0.16    5.77
-105568.002   124.833     0.03    5.86
-105281.037   126.304     5.12    6.76
-104994.060   128.146     6.42    7.38
-104707.070   129.970     6.36    6.87
-104420.068   131.714     6.08    5.85
-104133.054   133.022     4.56    5.00
-103846.028   133.904     3.07    4.92
-103558.989   134.639     2.56    4.66
-103271.938   135.562     3.22    5.26
-102984.875   135.667     0.36    6.94
-102697.800   134.818    -2.96    9.10
-102410.712   134.773    -0.16    9.57
-102123.612   135.126     1.23    9.56
-101836.500   134.576    -1.92    9.55
-101549.375   133.706    -3.03    9.21
-101262.238   132.759    -3.30    9.00
-100975.089   133.065     1.06    7.65
-100687.928   134.420     4.72    4.96
-100400.754   134.299    -0.42    4.22
-100113.568   133.876    -1.47    3.83
 -99826.370   133.280    -2.07    3.87
 -99539.159   132.868    -1.44    3.44
 -99251.936   132.641    -0.79    3.08
 -98964.701   132.376    -0.92    2.95
 -98677.453   132.424     0.17    3.05
 -98390.193   131.599    -2.87    3.05
 -98102.921   130.462    -3.96    4.52
 -97815.637   128.986    -5.14    6.55
 -97528.340   127.331    -5.76    7.66
 -97241.031   125.336    -6.94    7.88
 -96953.710   122.938    -8.34    7.55
 -96666.376   121.778    -4.04    6.72
 -96379.030   122.353     2.00    6.80
 -96091.671   124.423     7.20    6.38
 -95804.301   126.323     6.61    6.00
 -95516.918   128.338     7.01    6.39
 -95229.522   131.394    10.63    6.84
 -94942.115   134.030     9.17    6.45
 -94654.695   135.993     6.83    5.44
 -94367.262   136.735     2.58    4.85
 -94079.818   136.326    -1.42    4.84
 -93792.361   135.750    -2.00    4.99
 -93504.891   134.584    -4.06    5.62
 -93217.410   133.795    -2.74    5.45
 -92929.916   133.275    -1.81    5.09
 -92642.409   133.575     1.04    4.88
 -92354.891   134.222     2.25    5.25
 -92067.360   134.856     2.20    4.83
 -91779.816   134.284    -1.99    5.02
 -91492.260   134.209    -0.26    4.86
 -91204.692   134.359     0.52    4.43
 -90917.112   134.556     0.68    4.50
 -90629.519   134.150    -1.41    4.76
 -90341.914   133.355    -2.77    5.20
 -90054.296   132.695    -2.30    5.37
 -89766.666   132.482    -0.74    5.01
 -89479.024   132.301    -0.63    4.79
 -89191.369   131.739    -1.95    4.56
 -88903.702   131.538    -0.70    4.11
 -88616.023   131.464    -0.26    3.38
 -88328.331   131.364    -0.35    3.43
 -88040.627   131.460     0.33    3.55
 -87752.910   131.172    -1.00    3.44
 -87465.181   130.552    -2.15    3.39
 -87177.440   130.201    -1.22    3.85
 -86889.686   130.212     0.04    4.10
 -86601.920   129.356    -2.98    4.52
 -86314.142   129.277    -0.27    5.05
 -86026.351   129.095    -0.63    5.56
 -85739.181   128.707    -1.35    5.58
 -85453.937   127.971    -2.58    6.30
 -85168.681   127.910    -0.22    7.08
 -84883.415   127.529    -1.33    7.37
 -84598.136   126.859    -2.35    7.25
 -84312.847   125.353    -5.28    6.64
 -84027.546   123.869    -5.20    5.80
 -83742.234   122.955    -3.20    5.02
 -83456.910   123.156     0.70    3.94
 -83171.575   123.258     0.36    3.46
 -82886.229   123.587     1.15    3.41
 -82600.871   123.583    -0.01    3.28
 -82315.502   123.625     0.15    3.77
 -82030.122   123.412    -0.75    4.24
 -81744.730   122.780    -2.21    4.82
 -81459.327   122.072    -2.48    4.96
 -81173.912   122.203     0.46    5.32
 -80888.487   122.422     0.77    5.72
 -80603.049   123.183     2.67    5.63
 -80317.601   123.681     1.75    5.06
 -80032.141   124.306     2.19    4.32
 -79746.669   124.977     2.35    3.57
 -79461.187   125.615     2.23    3.09
 -79175.693   125.328    -1.00    2.81
 -78890.187   124.929    -1.40    2.99
 -78604.670   124.634    -1.03    3.42
 -78319.142   124.073    -1.97    3.80
 -78033.602   123.969    -0.36    3.83
 -77748.051   124.286     1.11    3.81
 -77462.489   124.463     0.62    3.44
 -77176.915   124.550     0.30    3.12
 -76891.330   124.761     0.74    2.89
 -76605.733   125.098     1.18    2.95
 -76320.125   125.725     2.19    3.41
 -76034.506   125.813     0.31    3.87
 -75748.875   125.153    -2.31    5.48
 -75463.233   122.563    -9.07   10.00
 -75177.579   119.167   -11.89   12.91
 -74891.914   116.650    -8.81   13.95
 -74606.237   113.765   -10.10   14.47
 -74320.550   112.585    -4.13   14.10
 -74034.850   111.583    -3.51   13.60
 -73749.140   112.072     1.71   12.96
 -73463.417   110.280    -6.27   13.44
 -73177.684   107.846    -8.52   14.95
 -72891.939   105.529    -8.11   16.40
 -72606.183   104.636    -3.13   16.86
 -72320.415   103.058    -5.52   17.52
 -72034.636   103.649     2.07   18.39
 -71748.845   106.230     9.03   19.59
 -71463.043   112.773    22.89   18.99
 -71177.230   117.942    18.08   14.28
 -70891.405   119.336     4.88   14.90
 -70605.568   116.637    -9.44   20.11
 -70319.720   110.883   -20.13   24.84
 -70033.861   104.744   -21.47   26.93
 -69747.991    97.252   -26.21   26.91
 -69462.108    89.383   -27.52   24.81
 -69176.215    83.507   -20.55   21.88
 -68890.310    76.679   -23.88   15.83
 -68604.394    75.265    -4.95   13.61
 -68318.466    74.341    -3.23   11.50
 -68032.526    75.076     2.57   11.84
 -67746.576    78.394    11.60   14.02
 -67460.613    80.137     6.10   14.93
 -67174.640    81.619     5.18   14.85
 -66888.654    83.440     6.37   14.83
 -66602.658    84.756     4.60   14.65
 -66316.650    85.207     1.58   14.36
 -66030.630    85.082    -0.44   13.97
 -65744.599    85.393     1.09   13.35
 -65458.557    86.492     3.84   13.08
 -65172.503    88.022     5.35   12.79
 -64886.438    88.985     3.37   11.69
 -64600.361    88.261    -2.53   11.53
 -64314.272    88.947     2.40   10.73
 -64028.173    87.741    -4.22   10.49
 -63742.061    87.022    -2.51    9.38
 -63455.939    85.970    -3.68    7.64
 -63169.805    85.309    -2.31    6.50
 -62883.659    86.008     2.44    5.09
 -62597.502    86.743     2.57    3.84
 -62311.333    86.647    -0.34    4.35
 -62025.153    86.254    -1.37    4.98
 -61738.961    85.286    -3.38    5.49
 -61452.758    84.231    -3.68    5.49
 -61166.543    83.410    -2.87    5.53
 -60880.317    83.083    -1.14    5.32
 -60594.080    82.328    -2.63    4.49
 -60307.831    81.432    -3.13    4.22
 -60021.570    80.833    -2.09    4.16
 -59735.298    80.612    -0.77    4.11
 -59449.014    79.435    -4.11    4.53
 -59162.719    78.022    -4.93    4.13
 -58876.413    76.541    -5.17    3.93
 -58590.095    74.664    -6.56    4.73
 -58303.765    73.090    -5.50    5.12
 -58017.424    71.287    -6.30    4.98
 -57731.071    69.568    -6.00    4.03
 -57444.707    68.146    -4.97    3.10
 -57158.332    66.902    -4.34    2.63
 -56871.944    66.341    -1.96    2.67
 -56585.546    66.324    -0.06    3.48
 -56299.135    66.880     1.94    4.49
 -56012.714    67.616     2.57    4.84
 -55726.280    68.571     3.34    4.94
 -55439.836    70.074     5.24    5.31
 -55153.379    71.856     6.22    6.04
 -54866.912    74.529     9.33    7.64
 -54580.432    78.015    12.17    9.83
 -54293.941    81.897    13.55   11.90
 -54007.439    86.964    17.68   12.68
 -53720.925    92.568    19.56   11.98
 -53434.399    96.558    13.92   10.56
 -53147.862   100.507    13.78    8.47
 -52861.314   102.927     8.44    6.84
 -52574.754   104.977     7.16    5.15
 -52288.182   106.176     4.18    4.97
 -52001.599   107.769     5.56    5.51
 -51715.004   110.105     8.15    7.49
 -51428.398   113.057    10.30    8.66
 -51141.780   116.579    12.29    8.74
 -50855.150   119.423     9.92    8.09
 -50568.509   122.583    11.02    6.72
 -50281.857   124.715     7.44    5.66
 -49995.193   125.881     4.06    4.75
 -49708.517   124.856    -3.57    5.02
 -49421.830   123.634    -4.26    4.63
 -49135.131   122.119    -5.29    5.29
 -48848.421   119.833    -7.97    6.70
 -48561.699   116.746   -10.77    7.76
 -48274.965   114.022    -9.50    7.07
 -47988.220   111.417    -9.09    6.08
 -47701.464   110.272    -3.99    5.30
 -47414.695   109.947    -1.13    5.14
 -47127.916   110.328     1.33    5.42
 -46841.124   111.426     3.83    5.29
 -46554.321   112.326     3.14    4.47
 -46267.507   111.341    -3.44    5.97
 -45980.681   109.306    -7.09    8.51
 -45693.843   106.088   -11.22   10.44
 -45406.994   103.462    -9.15   10.32
 -45120.133   101.818    -5.73    9.00
 -44833.260   100.919    -3.13    8.29
 -44546.376   100.059    -3.00    7.73
 -44259.481    99.584    -1.66    7.28
 -43972.573   100.061     1.66    6.40
 -43685.655   100.266     0.72    4.86
 -43398.724    99.157    -3.87    4.24
 -43111.782    98.213    -3.29    4.32
 -42824.829    97.459    -2.63    3.76
 -42537.863    97.292    -0.58    3.15
 -42250.886    96.955    -1.17    2.84
 -41963.898    96.647    -1.08    3.23
 -41676.898    96.540    -0.37    3.66
 -41389.886    95.090    -5.05    4.90
 -41102.863    93.890    -4.18    5.45
 -40815.828    92.833    -3.68    5.23
 -40528.782    92.299    -1.86    4.73
 -40241.723    92.215    -0.29    4.75
 -39954.654    92.250     0.12    5.17
 -39667.572    92.585     1.17    5.13
 -39380.479    93.193     2.12    4.69
 -39093.375    93.862     2.33    4.32
 -38806.258    94.105     0.85    3.83
 -38519.130    94.691     2.04    3.49
 -38231.991    95.530     2.92    3.20
 -37944.840    96.130     2.09    2.85
 -37657.677    96.037    -0.32    3.05
 -37370.502    95.265    -2.69    3.76
 -37083.316    94.647    -2.15    4.65
 -36796.119    94.311    -1.17    4.89
 -36508.909    94.188    -0.43    5.08
 -36221.688    93.226    -3.35    4.87
 -35934.456    91.897    -4.63    4.74
 -35647.211    90.888    -3.51    4.37
 -35359.955    90.712    -0.61    4.31
 -35072.688    91.194     1.68    4.17
 -34785.409    90.963    -0.81    4.26
 -34498.118    90.204    -2.64    4.44
 -34210.815    89.485    -2.50    4.08
 -33923.501    88.540    -3.29    3.88
 -33636.175    87.235    -4.54    4.67
 -33348.837    85.094    -7.45    7.11
 -33061.488    83.806    -4.48    7.98
 -32774.127    81.935    -6.51    8.36
 -32486.755    80.081    -6.45    8.33
 -32199.371    78.582    -5.22    7.45
 -31911.975    76.439    -7.46    7.00
 -31624.567    74.167    -7.91    6.80
 -31337.148    71.500    -9.28    6.67
 -31049.717    68.421   -10.71    7.80
 -30762.274    64.486   -13.69    8.38
 -30474.820    59.993   -15.63    7.85
 -30187.354    56.104   -13.53    7.34
 -29899.877    52.536   -12.41    8.27
 -29612.387    49.593   -10.24    9.45
 -29324.886    46.241   -11.66   10.38
 -29037.374    44.265    -6.87   10.42
 -28749.849    42.140    -7.39    9.80
 -28462.313    39.455    -9.34    9.03
 -28174.765    36.396   -10.64    8.22
 -27887.206    33.752    -9.19    6.11
 -27599.635    32.478    -4.43    4.44
 -27312.052    31.610    -3.02    4.43
 -27024.457    30.909    -2.44    4.41
 -26736.851    30.147    -2.65    4.12
 -26449.233    29.060    -3.78    3.59
 -26161.603    28.879    -0.63    3.41
 -25873.962    28.843    -0.12    3.49
 -25586.309    29.876     3.59    4.29
 -25298.644    31.311     4.99    5.09
 -25010.968    32.993     5.85    5.33
 -24723.279    34.809     6.31    4.55
 -24435.579    35.992     4.11    3.64
 -24147.868    35.696    -1.03    4.31
 -23860.914    35.273    -1.47    4.64
 -23575.598    35.123    -0.52    4.73
 -23290.271    35.250     0.44    4.81
 -23004.934    35.463     0.75    5.85
 -22719.586    35.153    -1.08    9.55
 -22434.227    35.727     2.01   10.90
 -22148.858    34.883    -2.96   13.22
 -21863.477    34.478    -1.42   13.88
 -21578.086    33.965    -1.80   13.94
 -21292.685    32.859    -3.87   13.87
 -21007.272    30.301    -8.96   14.47
 -20721.849    24.725   -19.54   16.82
 -20436.415    19.925   -16.81   16.86
 -20150.971    20.138     0.74   15.93
 -19865.516    21.647     5.29   16.43
 -19580.050    24.319     9.36   17.32
 -19294.573    28.689    15.31   16.77
 -19009.085    31.291     9.11   14.79
 -18723.587    31.216    -0.26   13.94
 -18438.078    26.933   -15.00   16.69
 -18152.559    21.672   -18.43   16.81
 -17867.028    17.979   -12.93   15.17
 -17581.487    15.575    -8.42   13.28
 -17295.935    16.522     3.32   13.76
 -17010.373    20.707    14.65   14.80
 -16724.799    25.943    18.34   13.43
 -16439.215    31.096    18.05   10.31
 -16153.621    34.519    11.98    7.48
 -15868.015    35.826     4.58    9.92
 -15582.399    36.556     2.55   11.70
 -15296.772    36.693     0.48   13.13
 -15011.134    37.568     3.06   12.10
 -14725.485    35.793    -6.22   14.05
 -14439.826    33.896    -6.64   15.96
 -14154.156    32.424    -5.15   17.22
 -13868.475    27.597   -16.90   19.94
 -13582.783    23.657   -13.79   20.89
 -13297.081    17.650   -21.03   20.97
 -13011.368    12.870   -16.73   19.84
 -12725.644     8.754   -14.40   17.36
 -12439.909     3.657   -17.84   11.28
 -12154.164     0.765   -10.12    4.55
 -11868.408     0.000    -2.68    0.00
 -11582.641     0.000     0.00    0.00
 -11296.863     0.059     0.21    0.69
 -11011.075     0.855     2.78    4.04
 -10725.275     1.993     3.98    6.42
 -10439.465     3.381     4.86    8.61
 -10153.644     3.462     0.28    8.80
  -9867.813     2.625    -2.93    7.81
  -9581.970     2.141    -1.69    6.74
  -9296.117     1.689    -1.58    5.69
  -9010.253     1.065    -2.18    4.41
  -8724.379     0.919    -0.51    4.04
  -8438.493     0.892    -0.09    3.98
  -8152.597     0.111    -2.73    0.75
  -7866.690     0.000    -0.39    0.00
  -7580.772     0.000     0.00    0.00
  -7294.843     0.000     0.00    0.00
  -7008.904     0.000     0.00    0.00
  -6722.953     0.000     0.00    0.00
  -6436.992     0.000     0.00    0.00
  -6151.021     0.000     0.00    0.00
  -5865.038     0.000     0.00    0.00
  -5579.044     0.000     0.00    0.00
  -5293.040     0.000     0.00    0.00
  -5007.025     0.000     0.00    0.00
  -4720.999     0.000     0.00    0.00
  -4434.963     0.000     0.00    0.00
  -4148.915     0.000     0.00    0.00
  -3862.857     0.000     0.00    0.00
  -3576.788     0.000     0.00    0.00
  -3290.708     0.000     0.00    0.00
  -3004.617     0.763     2.67    4.40
  -2718.515     3.781    10.55    9.49
  -2432.403     8.485    16.44   13.01
  -2146.280    13.404    17.19   14.26
  -1860.146    16.209     9.80   13.92
  -1574.001    16.965     2.64   13.57
  -1287.845    16.156    -2.83   13.70
  -1001.679    13.075   -10.77   13.94
   -715.501     7.921   -18.01   12.44
   -429.313     3.515   -15.40    8.79
   -143.114     0.388   -10.92    2.74
    143.095     0.000    -1.36    0.00
    429.316     1.921     6.71    7.05
    715.548     5.831    13.66   12.04
   1001.790    10.567    16.55   14.70
   1288.043    16.236    19.80   15.34
   1574.307    21.978    20.06   13.94
   1860.582    26.912    17.24   10.31
   2146.868    30.838    13.71    2.77
   2433.164    30.939     0.35    2.47
   2719.472    30.307    -2.21    2.82
   3005.790    30.231    -0.26    2.98
   3292.119    30.239     0.03    2.96
   3578.459    30.687     1.56    2.96
   3864.810    31.156     1.64    2.82
   4151.171    31.229     0.25    2.66
   4437.544    31.120    -0.38    2.69
   4723.927    30.949    -0.60    2.57
   5010.321    30.687    -0.92    2.53
   5296.726    30.514    -0.60    2.42
   5583.142    30.441    -0.26    2.25
   5869.569    30.548     0.37    2.15
   6156.007    30.891     1.20    2.10
   6442.455    31.306     1.45    1.87
   6728.915    31.540     0.82    1.62
   7015.385    31.731     0.67    1.46
   7301.866    31.942     0.73    1.45
   7588.358    32.467     1.83    1.82
   7874.861    33.052     2.04    2.50
   8161.375    33.396     1.20    2.83
   8447.900    34.331     3.26    3.17
   8734.435    35.263     3.25    3.27
   9020.982    36.191     3.24    2.79
   9307.539    36.765     2.00    2.40
   9594.107    36.471    -1.03    2.45
   9880.686    36.074    -1.39    2.36
  10167.276    35.647    -1.49    2.16
  10453.877    35.331    -1.10    1.74
  10740.489    35.324    -0.03    1.42
  11027.111    35.587     0.92    1.34
  11313.745    35.699     0.39    1.47
  11600.389    35.551    -0.52    1.99
  11887.045    35.770     0.77    2.67
  12173.711    37.543     6.18    5.95
  12460.388    40.372     9.87   10.17
  12747.076    44.609    14.78   13.93
  13033.775    49.314    16.41   16.49
  13320.485    55.417    21.28   17.60
  13607.205    62.486    24.65   16.50
  13893.937    68.089    19.54   14.85
  14180.680    73.593    19.19   11.52
  14467.433    77.186    12.53    8.16
  14754.197    79.904     9.48    5.18
  15040.973    81.393     5.19    3.77
  15327.759    83.174     6.21    3.07
  15614.556    84.331     4.03    3.52
  15901.364    85.793     5.10    4.47
  16188.183    87.880     7.28    5.98
  16475.013    90.676     9.75    7.01
  16761.854    93.533     9.96    7.16
  17048.706    95.457     6.70    7.37
  17335.568    98.575    10.87    8.77
  17622.442   102.824    14.81   11.10
  17909.326   105.735    10.15   12.22
  18196.222   109.410    12.81   13.20
  18483.128   112.957    12.36   12.62
  18770.045   116.304    11.66   10.86
  19056.974   118.331     7.07    9.66
  19343.913   118.336     0.02   10.84
  19630.863   117.652    -2.38   11.25
  19917.824   119.479     6.37   12.90
  20204.796   122.634    11.00   13.14
  20491.779   124.036     4.88   13.17
  20778.773   126.694     9.26   13.01
  21065.778   129.132     8.50   13.21
  21352.794   132.443    11.53   13.52
  21639.821   136.761    15.05   13.83
  21926.858   139.000     7.80   14.33
  22213.907   142.396    11.83   14.98
  22500.967   147.807    18.85   17.21
  22788.037   156.493    30.26   25.69
  23075.119   170.748    49.66   36.89
  23362.211   186.862    56.13   46.25
  23649.315   207.448    71.70   56.55
  23936.429   230.417    80.00   61.74
  24223.554   254.556    84.07   62.29
  24510.691   275.906    74.36   56.57
  24797.838   296.153    70.51   52.69
  25084.996   315.426    67.12   52.88
  25372.166   338.022    78.68   51.99
  25659.346   350.977    45.11   46.29
  25946.537   356.387    18.84   42.61
  26233.739   350.949   -18.94   43.16
  26520.953   341.684   -32.26   47.44
  26808.177   321.597   -69.94   57.62
  27095.412   292.948   -99.74   67.08
  27382.658   263.288  -103.26   66.51
  27669.915   227.632  -124.13   59.51
  27957.183   197.868  -103.61   47.93
  28244.462   172.250   -89.17   36.15
  28531.752   154.917   -60.33   28.30
  28819.053   142.736   -42.40   22.07
  29106.365   134.030   -30.30   17.64
  29393.689   126.226   -27.16   14.59
  29681.023   116.746   -32.99   15.72
  29968.368   108.881   -27.37   17.72
  30255.724   103.579   -18.45   17.75
  30543.091    99.634   -13.73   16.49
  30830.469   100.630     3.47   18.58
  31117.858   111.089    36.39   30.89
  31405.258   126.912    55.06   42.03
  31692.669   146.371    67.71   46.16
  31980.091   162.627    56.56   41.45
  32267.524   171.928    32.36   34.08
  32554.968   169.060    -9.98   36.07
  32842.423   158.245   -37.62   42.33
  33129.889   142.341   -55.32   42.34
  33417.367   126.874   -53.80   34.83
  33704.855   115.293   -40.28   23.10
  33992.354   108.023   -25.29   11.79
  34279.864   108.601     2.01    9.31
  34567.385   112.000    11.82    8.66
  34854.917   115.136    10.91    8.98
  35142.461   119.186    14.08    9.07
  35430.015   123.407    14.68   10.36
  35717.580   127.863    15.50   11.35
  36005.157   134.090    21.65   11.86
  36292.744   141.236    24.85   13.35
  36580.343   148.836    26.43   14.31
  36867.952   156.259    25.81   16.24
  37155.573   163.915    26.62   16.82
  37443.204   171.007    24.66   15.26
  37730.847   176.565    19.32   12.70
  38017.602   182.082    19.24    9.99
  38302.986   186.000    13.73    8.02
  38588.380   188.255     7.90    8.18
  38873.784   189.433     4.13    9.48
  39159.199   191.964     8.87   10.91
  39444.623   196.662    16.46   13.00
  39730.058   201.588    17.26   16.39
  40015.502   207.489    20.67   18.73
  40300.957   214.803    25.62   19.55
  40586.422   223.424    30.20   19.45
  40871.896   233.015    33.59   18.26
  41157.381   241.306    29.04   17.21
  41442.876   250.768    33.14   16.56
  41728.381   259.052    29.02   17.62
  42013.896   267.640    30.08   19.34
  42299.421   277.115    33.19   22.50
  42584.956   287.602    36.73   26.86
  42870.501   304.754    60.07   41.70
  43156.057   327.015    77.96   63.32
  43441.622   356.507   103.28   86.83
  43727.197   385.115   100.18   93.50
  44012.783   407.533    78.50   87.77
  44298.379   428.171    72.27   83.13
  44583.984   448.636    71.66   69.89
  44869.600   468.449    69.37   59.03
  45155.226   481.745    46.55   50.39
  45440.862   492.575    37.92   55.31
  45726.508   509.841    60.45   62.69
  46012.164   519.815    34.92   64.20
  46297.830   526.836    24.58   59.43
  46583.507   532.101    18.43   56.90
  46869.193   525.104   -24.49   61.52
  47154.890   512.774   -43.16   59.84
  47440.596   512.096    -2.37   54.00
  47726.313   519.992    27.64   62.68
  48012.040   537.619    61.69   71.95
  48297.777   553.860    56.84   72.36
  48583.524   568.728    52.03   70.16
  48869.281   586.136    60.92   66.31
  49155.048   600.716    51.02   65.47
  49440.825   600.226    -1.72   79.05
  49726.613   590.644   -33.53   88.29
  50012.410   583.850   -23.77   99.70
  50298.218   575.263   -30.05  103.05
  50584.036   565.774   -33.20  103.07
  50869.863   554.257   -40.29  108.73
  51155.701   542.797   -40.09  110.76
  51441.549   528.368   -50.48  106.59
  51727.408   504.151   -84.72  102.47
  52013.276   485.545   -65.09   95.69
  52299.154   473.734   -41.32   91.42
  52585.043   464.699   -31.60   90.61
  52870.942   452.578   -42.40   86.19
  53156.850   427.721   -86.94   85.34
  53442.769   406.724   -73.44   89.55
  53728.698   389.445   -60.43   94.67
  54014.638   366.206   -81.27   89.47
  54300.587   342.519   -82.84   74.62
  54586.546   318.079   -85.47   60.77
  54872.516   299.585   -64.67   50.52
  55158.496   287.147   -43.49   48.86
  55444.486   276.964   -35.61   51.11
  55730.486   269.657   -25.55   49.97
  56016.496   255.283   -50.26   44.96
  56302.516   239.504   -55.17   35.78
  56588.546   226.500   -45.46   33.32
  56874.587   213.050   -47.02   34.68
  57160.638   201.206   -41.41   39.39
  57446.698   189.719   -40.15   40.49
  57732.769   176.425   -46.47   37.78
  58018.850   166.560   -34.49   29.78
  58304.942   160.603   -20.82   19.90
  58591.043   159.224    -4.82   14.94
  58877.155   164.257    17.59   17.31
  59163.276   176.489    42.75   24.64
  59449.408   193.404    59.12   41.71
  59735.550   218.564    87.93   58.12
  60021.702   249.474   108.02   69.02
  60307.865   282.693   116.09   75.52
  60594.037   321.088   134.17   80.71
  60880.220   363.097   146.79   82.47
  61166.413   408.550   158.82   87.27
  61452.616   446.504   132.61  100.83
  61738.829   487.387   142.84  109.00
  62025.052   530.043   149.03  111.33
  62311.286   567.224   129.90  102.55
  62597.529   593.475    91.71   95.25
  62883.783   617.178    82.81   89.89
  63170.047   640.500    81.47   89.68
  63456.321   657.057    57.84   89.81
  63742.606   652.481   -15.98   88.67
  64028.900   648.698   -13.22   89.79
  64315.205   641.552   -24.96   80.77
  64601.520   649.403    27.42   74.12
  64887.845   644.525   -17.04   67.43
  65174.180   633.193   -39.58   58.34
  65460.525   615.957   -60.19   68.34
  65746.881   596.591   -67.63   83.91
  66033.247   560.770  -125.09  106.08
  66319.623   515.764  -157.16  116.50
  66606.009   460.746  -192.11  110.77
  66892.405   421.727  -136.25   88.08
  67178.812   399.423   -77.87   75.33
  67465.229   398.770    -2.28   75.35
  67751.656   413.214    50.43   83.81
  68038.093   441.201    97.71   82.10
  68324.540   460.109    66.01   66.46
  68610.997   455.504   -16.08   76.26
  68897.465   429.731   -89.97   93.36
  69183.943   385.414  -154.70  104.73
  69470.431   342.326  -150.41   94.59
  69756.930   314.211   -98.14   77.95
  70043.438   288.323   -90.36   56.37
