-135196.376   182.926     0.00   10.14
-134910.146   182.462    -1.62   11.07
-134623.914   182.668     0.72   12.15
-134337.679   181.799    -3.04   12.03
-134051.442   181.073    -2.54   12.01
-133765.202   182.044     3.39   11.89
-133478.960   183.355     4.58   11.63
-133192.716   185.058     5.95   11.33
-132906.469   186.260     4.20   10.76
-132620.219   186.613     1.24   10.47
-132333.968   188.114     5.24   11.46
-132047.713   189.690     5.51   11.89
-131761.457   191.080     4.85   12.19
-131475.198   191.417     1.18   11.99
-131188.936   190.579    -2.93   10.96
-130902.672   189.262    -4.60    9.58
-130616.406   188.720    -1.89    7.92
-130330.137   189.593     3.05    6.83
-130043.866   189.838     0.86    5.86
-129757.592   190.496     2.30    5.78
-129471.316   191.606     3.88    5.82
-129185.038   193.072     5.12    5.17
-128898.757   194.453     4.82    3.88
-128612.474   195.282     2.90    3.41
-128326.188   195.615     1.16    3.45
-128039.900   195.615     0.00    3.47
-127753.609   194.680    -3.27    3.07
-127467.316   193.718    -3.36    3.32
-127181.020   192.332    -4.84    4.76
-126894.723   190.898    -5.01    5.36
-126608.422   190.055    -2.95    5.34
-126322.119   189.710    -1.20    5.08
-126035.814   189.811     0.36    4.90
-125749.507   189.630    -0.63    4.89
-125463.197   189.443    -0.65    5.00
-125176.884   189.764     1.12    4.19
-124890.569   190.206     1.54    4.03
-124604.252   190.146    -0.21    3.95
-124317.932   190.427     0.98    4.06
-124031.610   189.769    -2.30    7.26
-123745.285   188.953    -2.85   10.43
-123458.958   187.776    -4.11   13.03
-123172.629   185.822    -6.82   15.06
-122886.297   184.657    -4.07   15.52
-122599.962   184.826     0.59   15.60
-122313.626   185.137     1.09   15.86
-122027.286   187.255     7.40   14.08
-121740.945   189.253     6.98   11.48
-121454.601   190.331     3.76    8.39
-121168.254   189.386    -3.30    8.93
-120881.905   187.234    -7.51   10.92
-120595.554   186.157    -3.76   11.51
-120309.200   186.524     1.28   10.99
-120022.844   187.964     5.03   10.20
-119736.485   189.248     4.49    8.32
-119450.124   190.991     6.09    4.19
-119163.761   191.388     1.39    2.97
-118877.395   190.913    -1.66    3.57
-118591.026   189.509    -4.90    6.67
-118304.656   186.447   -10.69   10.09
-118018.282   184.389    -7.19   11.53
-117731.907   184.113    -0.96   12.08
-117445.529   184.470     1.25   11.89
-117159.148   185.901     5.00   10.76
-116872.765   186.973     3.74   10.69
-116586.380   186.566    -1.42   12.32
-116299.992   184.551    -7.03   14.82
-116013.602   181.206   -11.68   16.75
-115727.209   178.164   -10.62   17.61
-115440.814   177.633    -1.85   17.69
-115154.416   177.701     0.24   17.79
-114868.016   178.779     3.76   17.46
-114581.614   180.524     6.09   17.12
-114295.209   183.177     9.26   15.90
-114008.802   186.509    11.63   12.84
-113722.392   186.623     0.40   11.90
-113435.980   184.055    -8.97   13.07
-113149.565   181.530    -8.82   14.29
-112863.148   178.381   -10.99   14.48
-112576.729   175.649    -9.54   13.52
-112290.307   175.551    -0.34   12.50
-112003.883   177.061     5.27   11.44
-111717.456   179.141     7.26   10.00
-111431.027   180.255     3.89    8.29
-111144.595   179.857    -1.39    8.35
-110858.161   178.195    -5.80    9.67
-110571.725   175.697    -8.72   10.38
-110285.286   172.440   -11.37   10.75
-109998.845   168.663   -13.19   10.58
-109712.401   166.343    -8.10   10.02
-109425.955   165.544    -2.79    9.25
-109139.506   166.482     3.27    9.41
-108853.055   167.435     3.33    9.73
-108566.601   168.190     2.64   10.37
-108280.145   169.614     4.97   10.49
-107993.687   170.840     4.28   10.32
-107707.226   171.269     1.50    9.94
-107420.763   171.268    -0.01    9.75
-107134.297   171.923     2.29    9.01
-106847.829   172.282     1.25    8.32
-106561.359   172.024    -0.90    8.17
-106274.886   170.796    -4.29    8.35
-105988.410   169.558    -4.32    8.02
-105701.933   167.932    -5.68    7.99
-105415.452   164.966   -10.35    9.13
-105128.970   161.706   -11.38   10.79
-104842.484   157.638   -14.20   12.34
-104555.997   152.970   -16.29   12.70
-104269.507   149.594   -11.78   10.97
-103983.014   148.280    -4.59    9.58
-103696.519   148.467     0.65    9.11
-103410.022   148.113    -1.24    8.62
-103123.522   147.798    -1.10    7.85
-102837.020   148.216     1.46    6.59
-102550.516   148.958     2.59    5.09
-102264.008   149.069     0.39    5.27
-101977.499   148.877    -0.67    6.05
-101690.987   149.409     1.86    6.37
-101404.473   149.870     1.61    6.51
-101117.956   150.775     3.16    6.76
-100831.437   153.122     8.19    7.26
-100544.915   155.942     9.84    6.99
-100258.391   158.155     7.73    6.22
 -99971.864   159.544     4.85    5.85
 -99685.335   160.225     2.37    5.58
 -99398.804   161.121     3.13    4.86
 -99112.270   161.218     0.34    4.85
 -98825.734   159.516    -5.94    5.28
 -98539.195   157.544    -6.88    5.86
 -98252.654   155.762    -6.22    5.92
 -97966.110   154.347    -4.94    5.69
 -97679.564   154.227    -0.42    5.80
 -97393.016   154.395     0.59    5.91
 -97106.465   154.250    -0.51    5.63
 -96819.911   154.388     0.48    5.45
 -96533.356   154.859     1.65    4.99
 -96246.797   155.565     2.46    4.32
 -95960.237   155.873     1.07    3.90
 -95673.674   155.268    -2.11    3.72
 -95387.108   154.594    -2.35    3.05
 -95100.540   154.515    -0.28    3.30
 -94813.970   154.537     0.08    3.85
 -94527.397   154.170    -1.28    4.16
 -94240.822   153.510    -2.30    4.43
 -93954.244   152.606    -3.16    4.09
 -93667.664   151.406    -4.18    3.80
 -93381.081   150.964    -1.54    3.72
 -93094.496   151.537     2.00    3.95
 -92807.909   152.558     3.56    5.06
 -92521.319   153.572     3.54    6.15
 -92234.726   154.278     2.46    6.26
 -91948.131   154.058    -0.77    6.69
 -91661.534   149.818   -14.79   13.43
 -91374.935   144.502   -18.55   17.27
 -91088.332   140.113   -15.32   17.50
 -90801.728   136.614   -12.21   16.62
 -90515.121   134.753    -6.49   15.32
 -90228.511   134.431    -1.12   15.30
 -89941.900   135.340     3.17   15.81
 -89655.285   138.501    11.03   14.56
 -89368.669   140.255     6.12   12.97
 -89082.049   140.748     1.72   11.25
 -88795.428   139.475    -4.44   11.07
 -88508.804   136.442   -10.58   10.80
 -88222.177   133.099   -11.66    9.29
 -87935.548   130.531    -8.96    6.74
 -87648.917   129.803    -2.54    5.22
 -87362.283   130.473     2.34    6.17
 -87075.647   131.694     4.26    7.25
 -86789.008   133.842     7.49    8.12
 -86502.367   136.923    10.75    9.00
 -86215.723   139.530     9.10    8.76
 -85929.077   141.121     5.55    7.63
 -85642.429   141.572     1.57    6.80
 -85355.778   141.428    -0.50    6.90
 -85069.125   139.476    -6.81    7.98
 -84782.469   137.131    -8.18    8.27
 -84495.811   135.076    -7.17    7.80
 -84209.150   134.487    -2.05    7.22
 -83922.487   134.502     0.05    7.23
 -83635.821   134.714     0.74    7.26
 -83349.153   134.957     0.85    6.85
 -83062.483   135.826     3.03    6.69
 -82775.810   137.346     5.30    6.83
 -82489.135   139.006     5.79    6.97
 -82202.457   140.154     4.00    6.52
 -81915.777   140.211     0.20    6.24
 -81629.094   139.656    -1.94    6.08
 -81342.409   138.812    -2.95    5.60
 -81055.721   136.903    -6.66    6.14
 -80769.032   135.173    -6.04    7.56
 -80482.451   133.459    -5.98    8.79
 -80196.203   132.315    -3.99    9.73
 -79909.953   132.296    -0.07   10.37
 -79623.702   133.782     5.19   11.38
 -79337.448   136.887    10.84   12.39
 -79051.194   140.728    13.42   12.76
 -78764.937   144.972    14.83   11.31
 -78478.679   148.633    12.79    9.29
 -78192.419   151.948    11.58    8.02
 -77906.157   154.773     9.87    8.22
 -77619.893   156.376     5.60    9.55
 -77333.628   158.901     8.82   10.50
 -77047.361   161.755     9.97   11.79
 -76761.093   165.308    12.41   11.61
 -76474.823   169.192    13.57    9.64
 -76188.551   172.136    10.28    6.61
 -75902.277   172.863     2.54    6.27
 -75616.001   172.975     0.39    6.16
 -75329.724   171.990    -3.44    6.39
 -75043.445   170.273    -5.99    6.48
 -74757.165   168.209    -7.21    5.43
 -74470.883   167.034    -4.10    4.49
 -74184.599   165.516    -5.30    4.49
 -73898.313   163.429    -7.29    5.50
 -73612.026   161.850    -5.52    6.02
 -73325.737   161.409    -1.54    6.25
 -73039.446   161.594     0.64    7.42
 -72753.153   161.920     1.14    8.07
 -72466.859   162.323     1.41    8.09
 -72180.563   162.941     2.16    7.92
 -71894.265   163.208     0.93    8.04
 -71607.966   161.264    -6.79    9.32
 -71321.665   157.953   -11.57   10.12
 -71035.362   155.144    -9.81    8.85
 -70749.058   153.014    -7.44    7.60
 -70462.752   151.811    -4.20    6.62
 -70176.444   150.694    -3.90    6.19
 -69890.134   150.051    -2.25    7.05
 -69603.823   149.154    -3.13    7.81
 -69317.510   148.287    -3.03    8.27
 -69031.195   146.487    -6.29    7.86
 -68744.879   145.685    -2.80    7.85
 -68458.560   144.849    -2.92    7.57
 -68172.241   145.019     0.59    6.34
 -67885.919   145.861     2.94    6.28
 -67599.596   146.544     2.39    6.04
 -67313.271   147.111     1.98    5.72
 -67026.944   146.294    -2.85    6.66
 -66740.616   145.414    -3.07    7.23
 -66454.285   144.148    -4.42    7.85
 -66167.954   142.757    -4.86    8.12
 -65881.620   141.620    -3.97    7.52
 -65595.285   141.386    -0.82    7.20
 -65308.948   142.404     3.56    7.13
 -65022.609   144.460     7.18    7.41
 -64736.269   146.906     8.54    7.38
 -64449.927   148.389     5.18    6.79
 -64163.583   150.253     6.51    6.16
 -63877.237   152.033     6.22    5.41
 -63590.890   153.328     4.52    4.54
 -63304.541   154.728     4.89    3.45
 -63018.190   155.496     2.68    3.29
 -62731.838   156.089     2.07    3.29
 -62445.484   156.211     0.43    3.55
 -62159.128   156.987     2.71    4.16
 -61872.770   157.832     2.95    4.41
 -61586.411   158.606     2.70    4.35
 -61300.050   158.736     0.46    3.82
 -61013.688   157.083    -5.77    6.14
 -60727.323   153.129   -13.81   10.50
 -60440.957   149.587   -12.37   12.40
 -60154.589   146.692   -10.11   12.56
 -59868.220   145.248    -5.04   12.15
 -59581.849   145.016    -0.81   12.10
 -59295.476   145.957     3.29   12.74
 -59009.101   149.431    12.13   12.05
 -58722.725   153.641    14.70    8.89
 -58436.347   156.154     8.77    5.33
 -58149.967   155.789    -1.27    5.20
 -57863.586   154.921    -3.03    5.94
 -57577.202   154.305    -2.15    6.71
 -57290.817   153.124    -4.12    7.50
 -57004.431   151.655    -5.13    8.28
 -56718.042   149.362    -8.01    7.94
 -56431.652   147.151    -7.72    7.90
 -56145.261   146.294    -2.99    9.09
 -55858.867   145.509    -2.74   10.09
 -55572.472   145.284    -0.79   10.14
 -55286.075   146.315     3.60    9.69
 -54999.677   147.794     5.16    9.05
 -54713.276   148.621     2.89    7.82
 -54426.874   149.102     1.68    7.25
 -54140.470   149.885     2.73    6.49
 -53854.065   149.599    -1.00    6.86
 -53567.658   148.082    -5.30    8.26
 -53281.249   144.957   -10.91    9.69
 -52994.838   141.065   -13.59   10.06
 -52708.426   137.292   -13.17    9.72
 -52422.012   134.115   -11.10    7.84
 -52135.596   131.076   -10.61    5.08
 -51849.179   129.171    -6.65    3.42
 -51562.760   127.740    -5.00    3.52
 -51276.339   126.482    -4.39    4.35
 -50989.916   124.992    -5.20    5.16
 -50703.492   123.319    -5.84    5.61
 -50417.066   121.399    -6.70    5.32
 -50130.638   119.294    -7.35    5.05
 -49844.209   117.565    -6.04    4.47
 -49557.778   116.291    -4.45    4.03
 -49271.345   115.188    -3.85    3.61
 -48984.910   114.085    -3.85    3.77
 -48698.474   113.332    -2.63    3.79
 -48412.036   112.222    -3.87    3.67
 -48125.596   110.861    -4.75    4.14
 -47839.155   109.244    -5.65    4.49
 -47552.712   107.594    -5.76    4.82
 -47266.267   105.637    -6.83    4.97
 -46979.820   103.558    -7.26    5.10
 -46693.372   101.386    -7.58    4.45
 -46406.922   100.175    -4.23    3.92
 -46120.470    99.148    -3.58    4.07
 -45834.017    97.896    -4.37    4.90
 -45547.562    97.578    -1.11    5.55
 -45261.105    98.238     2.30    5.73
 -44974.646    98.476     0.83    5.40
 -44688.186    98.030    -1.56    5.16
 -44401.724    97.079    -3.32    4.41
 -44115.260    95.531    -5.40    5.71
 -43828.795    93.383    -7.50    7.14
 -43542.328    91.432    -6.81    6.72
 -43255.859    89.981    -5.07    5.73
 -42969.388    89.012    -3.38    4.99
 -42682.916    88.924    -0.31    4.90
 -42396.442    90.044     3.91    5.77
 -42109.966    91.989     6.79    6.07
 -41823.489    93.364     4.80    6.18
 -41537.010    92.674    -2.41    7.63
 -41250.529    92.796     0.43    8.02
 -40964.046    92.914     0.41    8.30
 -40677.562    91.959    -3.33    8.87
 -40391.076    90.193    -6.17    9.69
 -40104.588    88.692    -5.24   11.22
 -39818.099    86.246    -8.54   12.09
 -39531.608    84.644    -5.59   12.41
 -39245.115    82.508    -7.46   11.60
 -38958.620    80.856    -5.77   10.40
 -38672.124    79.778    -3.76    9.28
 -38385.626    79.707    -0.25    7.97
 -38099.126    80.185     1.67    6.16
 -37812.625    81.482     4.53    3.85
 -37526.122    81.871     1.36    3.28
 -37239.617    81.586    -0.99    3.65
 -36953.110    81.640     0.19    4.37
 -36666.602    81.784     0.50    4.39
 -36380.092    81.565    -0.76    3.98
 -36093.580    80.640    -3.23    4.27
 -35807.067    79.751    -3.10    4.52
 -35520.552    78.941    -2.83    4.41
 -35234.035    77.086    -6.47    5.24
 -34947.516    74.431    -9.27    6.34
 -34660.996    71.923    -8.76    7.06
 -34374.474    69.331    -9.04    6.92
 -34087.950    67.144    -7.63    6.16
 -33801.425    65.206    -6.76    5.30
 -33514.898    63.359    -6.45    4.83
 -33228.369    61.688    -5.83    5.34
 -32941.838    60.490    -4.18    6.92
 -32655.306    59.113    -4.81    8.81
 -32368.772    57.483    -5.69   10.19
 -32082.236    55.823    -5.79   10.72
 -31795.699    54.729    -3.82   10.45
 -31509.160    54.579    -0.52    9.87
 -31222.619    55.026     1.56    8.57
 -30936.076    55.389     1.27    7.50
 -30649.532    55.847     1.60    6.17
 -30362.986    55.842    -0.02    4.71
 -30076.438    55.298    -1.90    4.31
 -29789.889    53.586    -5.97    5.04
 -29503.337    50.761    -9.86    6.07
 -29216.785    48.836    -6.72    6.15
 -28930.230    48.154    -2.38    5.87
 -28643.674    48.668     1.80    5.83
 -28357.116    49.688     3.56    6.15
 -28070.556    50.907     4.25    5.59
 -27783.994    51.885     3.41    4.90
 -27497.431    52.635     2.62    4.07
 -27210.866    53.530     3.12    3.71
 -26924.300    53.873     1.19    3.67
 -26637.731    54.048     0.61    3.75
 -26351.161    54.460     1.44    4.07
 -26064.589    54.508     0.17    4.10
 -25778.016    54.387    -0.42    3.94
 -25491.441    53.721    -2.32    4.21
 -25204.864    52.551    -4.08    4.08
 -24918.285    51.996    -1.94    4.03
 -24631.705    52.166     0.59    5.07
 -24345.123    53.668     5.24    7.78
 -24058.539    56.859    11.14   10.97
 -23771.953    61.068    14.69   11.94
 -23485.366    65.530    15.57   11.39
 -23198.777    69.190    12.77    9.28
 -22912.187    71.579     8.34    7.13
 -22625.594    73.188     5.61    5.07
 -22339.000    73.989     2.80    3.80
 -22052.404    74.690     2.45    3.53
 -21765.807    74.854     0.57    3.86
 -21479.208    74.845    -0.03    3.70
 -21192.607    74.167    -2.37    4.16
 -20906.004    73.076    -3.81    4.39
 -20619.400    71.917    -4.04    4.32
 -20332.794    70.896    -3.56    4.38
 -20046.186    70.373    -1.82    4.54
 -19759.576    69.633    -2.58    4.13
 -19472.965    69.264    -1.29    3.69
 -19186.352    69.925     2.31    3.50
 -18899.737    70.282     1.25    3.69
 -18613.223    70.665     1.34    4.41
 -18326.898    70.644    -0.07    4.78
 -18040.571    69.738    -3.16    6.02
 -17754.244    67.778    -6.85    7.68
 -17467.915    64.977    -9.78    9.31
 -17181.586    60.451   -15.81   11.24
 -16895.256    54.629   -20.34   11.55
 -16608.924    49.509   -17.88   10.74
 -16322.592    45.396   -14.36    9.70
 -16036.258    41.748   -12.74    7.87
 -15749.924    39.055    -9.41    5.88
 -15463.589    36.982    -7.24    4.15
 -15177.252    35.635    -4.71    3.54
 -14890.915    34.878    -2.64    3.18
 -14604.577    34.586    -1.02    3.61
 -14318.237    34.765     0.63    3.92
 -14031.897    34.905     0.49    4.00
 -13745.556    35.184     0.97    4.25
 -13459.213    35.839     2.29    4.92
 -13172.870    36.061     0.78    7.13
 -12886.526    34.803    -4.40   10.68
 -12600.180    33.572    -4.30   12.69
 -12313.834    32.959    -2.14   13.65
 -12027.487    32.490    -1.64   14.77
 -11741.139    33.523     3.61   16.38
 -11454.789    36.565    10.62   18.93
 -11168.439    40.637    14.22   21.89
 -10882.088    45.977    18.65   23.30
 -10595.736    45.023    -3.33   27.30
 -10309.383    43.062    -6.85   30.57
 -10023.029    39.708   -11.71   32.19
  -9736.673    34.154   -19.40   32.03
  -9450.317    28.988   -18.04   29.29
  -9163.960    24.510   -15.64   24.42
  -8877.602    20.027   -15.65   18.99
  -8591.243    22.275     7.85   18.31
  -8304.883    23.922     5.75   17.97
  -8018.522    25.206     4.49   17.51
  -7732.160    22.447    -9.64   18.00
  -7445.797    18.689   -13.12   17.92
  -7159.433    15.830    -9.98   17.72
  -6873.067    16.301     1.65   18.00
  -6586.701    15.257    -3.65   18.29
  -6300.334    14.099    -4.04   18.57
  -6013.966    15.218     3.91   19.82
  -5727.597    16.864     5.75   19.98
  -5441.227    15.882    -3.43   19.31
  -5154.856    12.798   -10.77   18.21
  -4868.484    10.889    -6.67   17.19
  -4582.111     9.696    -4.17   16.50
  -4295.738     6.586   -10.86   13.79
  -4009.363     4.437    -7.51   11.40
  -3722.987     7.268     9.88   15.76
  -3436.610    12.777    19.24   19.07
  -3150.232    17.368    16.03   20.61
  -2863.853    24.012    23.20   20.27
  -2577.473    27.847    13.39   19.16
  -2291.092    28.579     2.56   18.88
  -2004.710    26.371    -7.71   19.75
  -1718.327    19.649   -23.47   20.40
  -1431.944    12.910   -23.53   18.99
  -1145.559     6.840   -21.20   15.29
   -859.173     2.162   -16.33    9.70
   -572.786    -0.442    -9.09    0.08
   -286.398    -0.449    -0.02    0.00
     -0.010    -0.449     0.00    0.00
    286.380    -0.415     0.12    0.41
    572.771     2.701    10.88   10.16
    859.163     6.641    13.76   14.60
   1145.556     9.456     9.83   16.60
   1431.949    10.572     3.90   17.00
   1718.344    10.245    -1.14   16.77
   2004.740     8.996    -4.36   16.05
   2291.136     6.882    -7.38   14.50
   2577.534     4.740    -7.48   12.53
   2863.933     3.347    -4.86   11.20
   3150.332     5.453     7.35   13.18
   3436.733    10.523    17.70   16.75
   3723.135    17.065    22.84   18.72
   4009.537    22.431    18.74   18.23
   4295.941    25.732    11.52   17.28
   4582.346    27.676     6.79   15.84
   4868.751    28.003     1.14   15.05
   5155.158    25.579    -8.46   15.72
   5441.566    24.058    -5.31   15.01
   5727.974    22.960    -3.84   13.88
   6014.384    23.887     3.24   12.20
   6300.794    26.882    10.46   10.67
   6587.206    29.197     8.08    9.96
   6873.618    32.422    11.26    7.05
   7160.032    34.816     8.36    5.78
   7446.446    37.225     8.41    5.87
   7732.862    39.048     6.37    5.54
   8019.278    40.003     3.34    5.38
   8305.696    40.750     2.61    5.19
   8592.114    41.619     3.04    4.29
   8878.534    41.497    -0.43    4.34
   9164.954    40.762    -2.57    4.63
   9451.376    39.780    -3.43    4.57
   9737.798    39.083    -2.44    4.27
  10024.222    38.453    -2.20    3.65
  10310.646    38.324    -0.45    3.47
  10597.072    36.831    -5.21    6.81
  10883.498    34.383    -8.55   10.43
  11169.925    31.801    -9.02   12.47
  11456.354    29.322    -8.66   13.52
  11742.783    27.129    -7.66   14.22
  12029.214    25.721    -4.91   14.31
  12315.645    25.769     0.17   14.49
  12602.077    27.544     6.20   14.37
  12888.511    30.388     9.93   13.31
  13174.945    33.323    10.25   11.93
  13461.380    35.137     6.34   10.46
  13747.817    35.777     2.23    9.49
  14034.254    37.640     6.50    7.93
  14320.692    38.282     2.24    7.49
  14607.131    37.708    -2.01    8.78
  14893.572    35.789    -6.70   10.66
  15180.013    33.339    -8.55   11.96
  15466.455    32.755    -2.04   12.41
  15752.898    33.496     2.59   12.50
  16039.343    34.267     2.69   12.40
  16325.788    35.110     2.94   12.27
  16612.234    35.523     1.44   12.29
  16898.681    37.710     7.63   12.05
  17185.130    39.675     6.86   11.51
  17471.579    40.810     3.96   11.17
  17758.029    41.243     1.51   11.50
  18044.480    41.362     0.42   12.39
  18330.932    41.269    -0.32   13.29
  18617.385    41.910     2.24   13.75
  18903.839    43.887     6.90   12.28
  19190.295    46.055     7.57    9.78
  19476.751    48.268     7.72    5.75
  19763.208    49.758     5.20    3.17
  20049.666    51.358     5.59    4.73
  20336.125    54.665    11.54    8.39
  20622.585    58.641    13.88   12.47
  20909.046    63.969    18.60   16.61
  21195.508    68.673    16.42   18.35
  21481.971    72.990    15.07   18.32
  21768.435    74.857     6.52   17.75
  22054.900    73.571    -4.49   18.24
  22341.366    70.627   -10.28   18.38
  22627.833    66.857   -13.16   17.23
  22914.301    64.157    -9.43   15.40
  23200.770    62.291    -6.51   13.65
  23487.240    59.662    -9.18   11.73
  23773.711    57.996    -5.82   10.54
  24060.183    57.503    -1.72   10.06
  24346.656    58.406     3.15   10.90
  24633.130    60.139     6.05   14.26
  24919.605    61.424     4.49   16.59
  25206.081    64.537    10.87   18.72
  25492.558    69.136    16.05   19.54
  25779.036    74.643    19.22   18.40
  26065.515    79.140    15.70   15.92
  26351.995    80.361     4.26   13.90
  26638.476    80.360    -0.00   11.51
  26924.958    80.724     1.27    9.71
  27211.440    80.458    -0.93    8.25
  27497.924    79.601    -2.99    6.47
  27784.409    78.213    -4.85    5.10
  28070.895    76.882    -4.65    4.40
  28357.382    75.753    -3.94    3.79
  28643.870    75.427    -1.14    3.20
  28930.358    76.110     2.38    3.99
  29216.848    77.806     5.92    5.49
  29503.339    79.772     6.86    6.53
  29789.831    82.222     8.55    7.40
  30076.324    84.359     7.46    7.56
  30362.817    85.975     5.64    6.80
  30649.312    86.896     3.22    5.95
  30935.808    86.334    -1.96    5.80
  31222.305    84.379    -6.82    6.33
  31508.802    81.690    -9.38    7.20
  31795.301    78.593   -10.81    9.46
  32081.801    73.643   -17.28   16.03
  32368.301    65.915   -26.97   22.99
  32654.803    58.051   -27.45   26.73
  32941.306    52.357   -19.88   26.79
  33227.810    48.730   -12.66   25.53
  33514.314    46.301    -8.48   23.80
  33800.820    42.700   -12.57   22.12
  34087.327    40.358    -8.17   20.15
  34373.834    40.566     0.72   19.20
  34660.343    40.073    -1.72   18.28
  34946.852    38.474    -5.58   16.67
  35233.363    36.586    -6.59   15.56
  35519.875    35.968    -2.16   14.58
  35806.387    36.399     1.51   13.57
  36092.901    37.286     3.09   12.91
  36379.415    39.027     6.08   12.39
  36665.931    41.607     9.00   11.89
  36952.448    45.061    12.06   10.34
  37238.965    49.327    14.89    6.36
  37525.484    51.703     8.29    6.50
  37812.003    54.181     8.65    6.14
  38098.524    56.544     8.25    5.22
  38385.045    58.255     5.97    4.15
  38671.568    59.206     3.32    3.14
  38958.091    59.620     1.44    2.51
  39244.616    60.062     1.54    2.82
  39531.141    61.001     3.28    3.80
  39817.668    61.837     2.92    4.44
  40104.195    62.473     2.22    4.92
  40390.724    63.764     4.51    5.65
  40677.253    65.140     4.80    5.66
  40963.784    66.275     3.96    5.86
  41250.315    67.516     4.33    6.78
  41536.847    69.354     6.42    7.72
  41823.381    71.319     6.86    8.36
  42109.915    72.558     4.33    8.30
  42396.451    73.369     2.83    7.48
  42682.987    73.986     2.15    6.52
  42969.524    74.037     0.18    5.93
  43256.001    73.332    -2.46    5.55
  43542.410    72.354    -3.42    5.18
  43828.821    71.834    -1.82    5.00
  44115.231    72.169     1.17    5.90
  44401.642    73.157     3.45    6.41
  44688.053    74.048     3.11    6.64
  44974.465    74.767     2.51    6.75
  45260.877    75.980     4.23    6.42
  45547.289    77.687     5.96    6.69
  45833.702    80.272     9.03    7.62
  46120.115    83.442    11.07    7.91
  46406.528    86.339    10.11    8.05
  46692.942    89.298    10.33    8.49
  46979.356    92.714    11.93    9.53
  47265.770    96.007    11.50   10.37
  47552.185    99.133    10.92   10.64
  47838.600   102.041    10.15    9.86
  48125.015   104.351     8.07    8.77
  48411.431   106.351     6.98    8.22
  48697.847   107.775     4.97    7.77
  48984.263   108.793     3.55    7.53
  49270.680   109.654     3.01    7.28
  49557.097   110.131     1.66    7.35
  49843.514   110.414     0.99    7.74
  50129.932   110.206    -0.73    7.99
  50416.350   110.003    -0.71    7.87
  50702.769   111.030     3.59    8.63
  50989.187   112.937     6.66    9.74
  51275.607   114.848     6.67   10.25
  51562.026   117.044     7.67   10.15
  51848.446   118.168     3.92    9.99
  52134.866   119.034     3.02    9.42
  52421.286   119.627     2.07    8.78
  52707.707   119.628     0.00    8.12
  52994.128   121.347     6.00    8.68
  53280.550   125.373    14.06   11.53
  53566.972   130.319    17.27   14.92
  53853.394   133.699    11.80   16.12
  54139.816   134.784     3.79   15.91
  54426.239   135.712     3.24   15.19
  54712.663   136.551     2.93   14.49
  54999.086   137.740     4.15   13.87
  55285.510   137.794     0.19   12.45
  55571.934   137.803     0.03   10.65
  55858.359   140.762    10.33   11.36
  56144.784   145.615    16.94   13.11
  56431.209   150.410    16.74   14.85
  56717.635   153.736    11.61   15.33
  57004.061   155.877     7.48   14.51
  57290.487   156.608     2.55   12.46
  57576.914   155.953    -2.29    9.64
  57863.341   155.953     0.00    6.69
  58149.768   155.998     0.16    5.53
  58436.196   155.115    -3.08    5.38
  58722.624   154.894    -0.77    5.32
  59009.052   155.934     3.63    7.28
  59295.481   157.558     5.67    9.80
  59581.910   159.615     7.18   12.43
  59868.339   161.340     6.02   14.77
  60154.769   163.277     6.76   17.16
  60441.199   164.306     3.60   19.88
  60727.629   164.537     0.80   22.91
  61014.060   163.375    -4.06   26.62
  61300.491   161.030    -8.19   30.78
  61586.922   158.700    -8.13   35.45
  61873.354   154.621   -14.24   42.06
  62159.786   152.065    -8.92   47.51
  62446.219   149.852    -7.73   53.05
  62732.651   147.446    -8.40   57.44
  63019.085   143.579   -13.50   60.83
  63305.518   138.141   -18.98   61.92
  63591.952   132.358   -20.19   60.90
  63878.386   126.354   -20.96   57.57
  64164.821   121.202   -17.99   52.29
  64451.255   118.058   -10.98   47.00
  64737.691   117.442    -2.15   42.60
  65024.126   119.136     5.92   38.82
  65310.562   123.034    13.61   36.53
  65596.998   129.497    22.56   35.85
  65883.435   137.504    27.95   35.39
  66169.872   145.923    29.39   34.24
  66456.309   154.606    30.32   31.39
  66742.746   162.531    27.66   27.62
  67029.184   169.572    24.58   21.97
  67315.623   174.421    16.93   16.91
  67602.061   177.305    10.07   13.70
  67888.500   179.058     6.12   11.23
  68174.940   180.259     4.19    9.67
  68461.379   180.857     2.09    9.12
  68747.819   181.347     1.71    9.90
  69034.259   182.154     2.82   11.69
  69320.700   182.851     2.43   13.85
  69607.141   183.728     3.06   15.54
  69893.582   184.687     3.35   16.46
  70180.024   185.714     3.59   16.88
  70466.466   187.061     4.70   17.20
  70752.909   188.220     4.05   17.23
  71039.351   189.510     4.50   16.99
  71325.794   190.873     4.76   16.52
  71612.238   191.987     3.89   16.00
  71898.681   193.048     3.70   15.50
  72185.125   194.697     5.76   14.53
  72471.570   196.271     5.50   12.98
  72758.015   198.329     7.18   11.63
  73044.460   200.793     8.60   10.71
  73330.905   203.308     8.78   10.96
  73617.351   206.713    11.89   12.35
  73903.797   210.761    14.13   14.21
  74190.244   215.271    15.75   15.58
  74476.690   220.168    17.09   15.93
  74763.138   225.424    18.35   15.17
  75049.585   230.821    18.84   13.09
  75336.033   235.665    16.91   11.21
  75622.481   239.750    14.26   10.40
  75908.930   244.040    14.98   10.92
  76195.379   248.429    15.32   12.26
  76481.828   253.873    19.00   14.24
  76768.277   261.208    25.61   17.86
  77054.727   272.201    38.38   25.18
  77341.177   288.636    57.38   37.66
  77627.628   308.289    68.61   48.69
  77914.079   330.246    76.65   55.90
  78200.530   352.751    78.56   57.73
  78486.982   376.823    84.03   58.58
  78773.434   405.260    99.28   60.89
  79059.886   438.586   116.34   68.66
  79346.339   467.027    99.28   71.94
  79632.792   484.253    60.14   67.23
  79919.245   493.726    33.07   62.28
  80205.699   497.334    12.60   58.36
  80492.153   496.396    -3.28   54.06
  80778.607   499.481    10.77   52.11
  81065.062   510.326    37.86   54.48
  81351.517   531.714    74.67   61.24
  81637.972   559.622    97.42   66.45
  81924.428   581.444    76.18   61.42
  82210.884   589.991    29.84   54.96
  82497.340   583.814   -21.56   62.12
  82783.797   560.523   -81.31   78.07
  83070.254   532.565   -97.60   84.78
  83356.711   508.496   -84.02   78.37
  83643.169   490.620   -62.40   65.25
  83929.627   477.922   -44.33   57.35
  84216.086   471.544   -22.26   58.25
  84502.544   468.579   -10.35   60.88
  84789.004   465.947    -9.19   60.08
  85075.463   460.325   -19.63   56.64
  85361.923   449.055   -39.34   53.25
  85648.383   434.942   -49.27   45.99
  85934.844   425.024   -34.62   38.29
  86221.304   418.490   -22.81   31.54
  86507.766   411.310   -25.06   24.50
  86794.227   400.551   -37.56   22.09
  87080.689   387.720   -44.79   25.51
  87367.151   378.423   -32.46   27.32
  87653.614   372.524   -20.59   26.06
  87940.077   369.619   -10.14   22.07
  88226.540   370.544     3.23   20.16
  88513.003   376.041    19.19   21.57
  88799.467   384.910    30.96   21.37
  89085.932   394.236    32.56   18.34
  89372.396   401.757    26.25   15.97
  89658.861   406.681    17.19   16.35
  89945.326   410.030    11.69   18.18
  90231.792   412.102     7.23   20.35
  90518.258   413.970     6.52   21.82
