-102829.596   170.932     0.00   10.43
-102543.028   170.381    -1.92   10.01
-102256.455   169.741    -2.23    9.16
-101969.877   168.497    -4.34    8.07
-101683.293   166.557    -6.77    5.71
-101396.704   165.880    -2.36    4.76
-101110.110   165.854    -0.09    4.60
-100823.510   166.606     2.62    4.92
-100536.906   167.308     2.45    5.19
-100250.295   167.992     2.39    5.73
 -99963.680   167.988    -0.01    6.72
 -99677.059   167.491    -1.74    7.60
 -99390.433   167.805     1.10    8.35
 -99103.801   167.906     0.35    8.66
 -98817.165   167.070    -2.92    8.96
 -98530.523   165.775    -4.52    8.95
 -98243.875   163.562    -7.72    9.11
 -97957.222   161.043    -8.79    9.70
 -97670.564   158.938    -7.34    9.66
 -97383.901   157.713    -4.27    9.75
 -97097.232   156.463    -4.36    9.71
 -96810.559   156.637     0.61   10.14
 -96523.879   158.183     5.39    9.97
 -96237.195   158.892     2.47    9.53
 -95950.505   158.089    -2.80    8.98
 -95663.810   156.740    -4.70    8.26
 -95377.109   156.695    -0.16    7.42
 -95090.403   157.805     3.87    6.97
 -94803.692   159.020     4.24    6.91
 -94516.975   159.305     0.99    6.96
 -94230.254   159.200    -0.36    7.03
 -93943.526   158.850    -1.22    7.51
 -93656.794   159.596     2.60    8.62
 -93370.056   160.613     3.55    9.53
 -93083.313   161.808     4.17    9.86
 -92796.565   163.680     6.53    9.31
 -92509.811   165.627     6.79    7.84
 -92223.052   166.627     3.49    6.11
 -91936.288   165.796    -2.90    5.28
 -91649.518   163.871    -6.71    5.16
 -91362.743   161.777    -7.30    4.46
 -91075.962   160.157    -5.65    3.78
 -90789.177   158.949    -4.21    2.90
 -90502.386   158.153    -2.77    2.39
 -90215.589   157.871    -0.98    2.17
 -89928.788   158.302     1.50    3.85
 -89641.981   160.568     7.90    7.00
 -89355.169   163.681    10.85    8.78
 -89068.351   167.242    12.42    9.77
 -88781.528   170.831    12.51    8.98
 -88494.700   173.295     8.59    7.06
 -88207.866   173.882     2.05    6.03
 -87921.027   172.924    -3.34    6.32
 -87634.183   171.498    -4.97    5.91
 -87347.333   170.183    -4.59    5.74
 -87060.478   169.831    -1.23    5.72
 -86773.618   169.782    -0.17    5.62
 -86486.753   169.820     0.13    5.40
 -86199.882   168.874    -3.30    6.74
 -85913.005   166.599    -7.93    8.58
 -85626.124   163.976    -9.14    9.46
 -85339.237   161.808    -7.56    8.48
 -85052.345   159.319    -8.68    7.32
 -84765.447   157.906    -4.92    6.11
 -84478.544   156.680    -4.27    5.13
 -84191.636   155.938    -2.58    4.28
 -83904.723   154.970    -3.37    4.24
 -83617.804   153.608    -4.75    4.76
 -83330.880   151.761    -6.44    4.86
 -83043.950   149.613    -7.49    4.08
 -82757.015   148.071    -5.37    3.42
 -82470.075   146.927    -3.99    3.03
 -82183.129   145.859    -3.72    2.74
 -81896.178   145.261    -2.08    2.72
 -81609.222   144.219    -3.63    2.71
 -81322.261   143.104    -3.89    2.83
 -81035.294   141.920    -4.12    2.75
 -80748.322   141.092    -2.89    2.62
 -80461.466   140.232    -3.00    2.79
 -80175.549   138.723    -5.28    3.45
 -79889.628   137.280    -5.05    3.60
 -79603.702   136.080    -4.20    3.99
 -79317.772   134.642    -5.03    4.26
 -79031.837   132.952    -5.91    4.25
 -78745.898   130.942    -7.03    3.91
 -78459.954   129.206    -6.07    3.66
 -78174.005   127.899    -4.57    3.65
 -77888.052   126.569    -4.65    3.37
 -77602.095   125.132    -5.03    2.99
 -77316.133   123.714    -4.96    2.82
 -77030.166   122.379    -4.67    2.93
 -76744.195   121.533    -2.96    3.06
 -76458.219   120.810    -2.53    3.02
 -76172.239   120.073    -2.58    3.10
 -75886.254   119.351    -2.52    3.43
 -75600.264   118.883    -1.64    3.50
 -75314.270   117.893    -3.46    3.93
 -75028.272   116.442    -5.08    4.44
 -74742.269   114.585    -6.49    5.24
 -74456.261   112.880    -5.96    5.25
 -74170.249   111.269    -5.63    4.77
 -73884.232   109.680    -5.56    4.05
 -73598.211   108.566    -3.89    3.61
 -73312.185   107.949    -2.16    3.38
 -73026.154   107.695    -0.89    3.75
 -72740.119   107.608    -0.30    4.35
 -72454.080   107.136    -1.65    4.84
 -72168.035   106.442    -2.43    4.46
 -71881.987   106.377    -0.23    4.03
 -71595.934   105.844    -1.86    3.96
 -71309.876   105.449    -1.38    3.76
 -71023.813   104.840    -2.13    3.72
 -70737.746   104.106    -2.57    3.54
 -70451.675   104.274     0.59    3.79
 -70165.599   105.607     4.66    4.94
 -69879.518   106.378     2.69    5.79
 -69593.433   107.273     3.13    6.37
 -69307.343   108.463     4.16    6.87
 -69021.249   108.791     1.15    6.96
 -68735.150   108.949     0.55    6.56
 -68449.047   108.799    -0.52    5.31
 -68162.939   108.663    -0.47    4.05
 -67876.826   108.449    -0.75    3.37
 -67590.709   107.719    -2.55    3.05
 -67304.588   106.463    -4.39    2.90
 -67018.461   105.356    -3.87    3.45
 -66732.331   104.412    -3.30    4.12
 -66446.195   103.002    -4.93    4.73
 -66160.055   101.505    -5.23    4.83
 -65873.911   100.057    -5.06    4.42
 -65587.762    98.520    -5.37    4.49
 -65301.608    96.782    -6.07    5.36
 -65015.450    95.713    -3.74    5.60
 -64729.287    94.518    -4.18    5.44
 -64443.120    93.380    -3.98    5.40
 -64156.948    92.303    -3.76    4.92
 -63870.772    91.327    -3.41    4.49
 -63584.591    90.676    -2.28    4.52
 -63298.405    90.167    -1.78    4.36
 -63012.215    90.111    -0.20    4.50
 -62726.021    90.306     0.68    4.49
 -62439.821    90.526     0.77    4.58
 -62153.617    91.013     1.70    4.45
 -61867.409    91.283     0.94    4.09
 -61581.196    90.164    -3.91    4.73
 -61294.979    89.298    -3.03    5.28
 -61008.756    87.814    -5.18    5.93
 -60722.530    85.808    -7.01    6.06
 -60436.299    84.056    -6.12    5.56
 -60150.063    82.803    -4.38    4.99
 -59863.822    82.340    -1.62    4.56
 -59577.577    83.102     2.66    4.17
 -59291.328    82.840    -0.91    3.38
 -59005.074    81.830    -3.53    3.17
 -58718.815    80.391    -5.03    4.93
 -58432.552    79.039    -4.72    5.76
 -58146.284    78.298    -2.59    6.33
 -57860.012    77.819    -1.67    7.38
 -57573.735    76.849    -3.39    8.27
 -57287.453    76.263    -2.05    8.38
 -57001.167    76.442     0.62    8.24
 -56714.876    77.983     5.39    7.69
 -56428.581    79.386     4.90    8.00
 -56142.281    80.637     4.37    7.88
 -55855.977    83.061     8.47    7.56
 -55569.668    86.209    10.99    7.06
 -55283.354    88.693     8.68    6.45
 -54997.036    90.817     7.42    5.70
 -54710.714    92.254     5.02    5.56
 -54424.386    93.056     2.80    5.62
 -54138.055    93.627     2.00    5.31
 -53851.718    94.463     2.92    4.53
 -53565.377    94.817     1.24    3.30
 -53279.032    94.973     0.55    2.48
 -52992.681    94.963    -0.04    2.30
 -52706.327    94.528    -1.52    2.77
 -52419.967    93.571    -3.34    3.91
 -52133.603    92.449    -3.92    4.99
 -51847.235    90.924    -5.32    5.79
 -51560.862    89.594    -4.64    5.62
 -51274.484    87.949    -5.75    5.05
 -50988.102    87.006    -3.29    4.42
 -50701.715    86.612    -1.38    4.14
 -50415.324    85.532    -3.77    4.23
 -50128.928    84.610    -3.22    3.49
 -49842.528    84.092    -1.81    3.25
 -49556.123    83.625    -1.63    3.67
 -49269.713    83.328    -1.04    3.77
 -48983.299    83.001    -1.14    3.74
 -48696.880    83.094     0.33    3.68
 -48410.456    83.662     1.98    3.65
 -48124.028    84.190     1.84    3.91
 -47837.596    84.456     0.93    4.33
 -47551.159    84.306    -0.52    4.93
 -47264.717    84.064    -0.84    5.62
 -46978.270    84.024    -0.14    5.81
 -46691.820    84.213     0.66    5.88
 -46405.364    85.218     3.51    5.50
 -46118.904    85.895     2.36    4.56
 -45832.439    85.973     0.27    3.69
 -45545.970    85.986     0.05    3.00
 -45259.496    85.626    -1.26    2.83
 -44973.018    85.222    -1.41    2.92
 -44686.535    84.834    -1.35    2.72
 -44400.047    84.693    -0.49    2.38
 -44113.555    84.787     0.33    2.78
 -43827.058    85.010     0.78    3.06
 -43540.557    85.421     1.43    3.01
 -43254.051    85.888     1.63    2.88
 -42967.540    86.173     1.00    3.56
 -42681.025    85.616    -1.94    4.51
 -42394.506    84.558    -3.70    4.73
 -42107.981    83.224    -4.65    4.93
 -41821.453    81.385    -6.42    4.86
 -41534.919    79.806    -5.51    4.29
 -41248.381    77.945    -6.49    3.65
 -40961.838    75.875    -7.22    3.93
 -40675.291    73.935    -6.77    4.42
 -40388.739    72.588    -4.70    4.47
 -40102.183    71.046    -5.38    4.67
 -39815.622    69.576    -5.13    4.21
 -39529.056    68.357    -4.25    3.23
 -39242.486    67.490    -3.03    3.03
 -38955.911    66.476    -3.54    3.02
 -38669.332    65.751    -2.53    2.92
 -38382.748    65.270    -1.68    2.91
 -38096.159    64.534    -2.57    3.24
 -37809.566    63.518    -3.54    3.33
 -37522.969    62.679    -2.93    3.08
 -37236.366    62.714     0.12    3.15
 -36949.759    63.806     3.81    4.62
 -36663.148    65.243     5.01    5.51
 -36376.532    66.690     5.05    5.73
 -36089.911    68.749     7.19    5.32
 -35803.286    70.928     7.60    4.46
 -35516.656    72.356     4.99    3.30
 -35230.021    72.534     0.62    2.66
 -34943.382    72.420    -0.40    2.81
 -34656.739    72.323    -0.34    3.23
 -34370.090    72.291    -0.11    3.68
 -34083.438    72.887     2.08    4.58
 -33796.780    74.470     5.52    5.87
 -33510.118    76.017     5.40    6.39
 -33223.451    78.328     8.06    6.74
 -32936.780    81.604    11.43    7.81
 -32650.104    84.825    11.24    7.76
 -32363.424    86.945     7.40    6.96
 -32076.739    88.257     4.58    6.12
 -31790.049    88.981     2.52    5.50
 -31503.355    89.561     2.03    5.34
 -31216.656    89.547    -0.05    5.56
 -30929.953    88.693    -2.98    5.20
 -30643.245    88.049    -2.25    4.29
 -30356.532    87.684    -1.27    4.66
 -30069.815    87.054    -2.20    6.05
 -29783.093    86.176    -3.06    7.14
 -29496.366    84.490    -5.88    8.35
 -29209.635    81.315   -11.07   10.12
 -28922.900    77.846   -12.10   10.08
 -28636.159    74.442   -11.87    8.50
 -28349.415    71.400   -10.61    6.57
 -28062.665    69.187    -7.72    4.52
 -27775.911    67.101    -7.27    4.51
 -27489.153    64.892    -7.71    6.32
 -27202.389    62.256    -9.19    8.08
 -26915.621    59.434    -9.84    8.75
 -26628.849    56.021   -11.90    9.40
 -26342.072    49.956   -21.15   14.70
 -26055.290    40.829   -31.82   19.80
 -25768.504    32.413   -29.34   22.76
 -25481.713    26.521   -20.55   22.26
 -25194.918    20.317   -21.63   20.16
 -24908.117    16.134   -14.59   17.18
 -24621.313    13.561    -8.97   13.05
 -24334.504    15.792     7.78   11.78
 -24047.690    17.420     5.68   11.22
 -23760.871    17.640     0.77   11.69
 -23474.048    17.414    -0.79   12.18
 -23187.220    17.115    -1.04   12.27
 -22900.388    17.246     0.46   12.57
 -22613.551    17.377     0.46   12.88
 -22326.709    17.945     1.98   12.19
 -22039.863    18.587     2.24   11.62
 -21753.013    19.223     2.22   11.20
 -21466.157    20.642     4.95   10.40
 -21179.297    21.859     4.24    9.30
 -20892.433    21.770    -0.31    9.14
 -20605.563    21.640    -0.45    9.15
 -20318.690    22.339     2.44    9.33
 -20031.811    23.673     4.65    8.38
 -19744.928    24.178     1.76    8.60
 -19458.040    22.152    -7.06   11.74
 -19171.148    20.514    -5.71   13.42
 -18884.251    21.825     4.57   13.30
 -18597.507    23.972     7.49   12.31
 -18311.515    24.285     1.09   11.79
 -18025.518    24.749     1.62   11.56
 -17739.518    26.260     5.28    9.90
 -17453.514    28.086     6.38    5.25
 -17167.506    28.225     0.48    3.72
 -16881.495    27.873    -1.23    3.95
 -16595.479    27.510    -1.27    4.16
 -16309.460    27.449    -0.21    4.49
 -16023.437    26.852    -2.09    3.99
 -15737.410    25.799    -3.68    4.93
 -15451.379    23.053    -9.60    9.29
 -15165.344    18.911   -14.48   12.93
 -14879.306    14.442   -15.62   14.50
 -14593.263    10.564   -13.56   13.74
 -14307.217     8.004    -8.95   12.33
 -14021.167     8.808     2.81   12.97
 -13735.113    12.492    12.88   15.09
 -13449.056    18.725    21.79   14.62
 -13162.994    20.592     6.52   14.82
 -12876.928    20.182    -1.43   16.78
 -12590.859    17.787    -8.37   18.85
 -12304.786    12.870   -17.19   19.63
 -12018.709     7.803   -17.71   18.93
 -11732.628     2.434   -18.77   16.17
 -11446.544     0.064    -8.29   14.48
 -11160.455    -2.062    -7.43   12.25
 -10874.363    -1.721     1.19   12.40
 -10588.267    -0.740     3.43   12.63
 -10302.167    -0.544     0.69   12.28
 -10016.063    -0.374     0.59   11.70
  -9729.955    -1.951    -5.51    8.04
  -9443.843    -3.041    -3.81    5.18
  -9157.728    -3.075    -0.12    5.12
  -8871.609    -3.314    -0.83    4.85
  -8585.486    -3.637    -1.13    4.45
  -8299.359    -4.204    -1.98    2.34
  -8013.228    -4.380    -0.62    1.05
  -7727.093    -3.111     4.44    5.21
  -7440.955    -1.175     6.77    7.53
  -7154.812     0.414     5.55    8.90
  -6868.666     3.700    11.48   12.69
  -6582.516     8.307    16.10   15.72
  -6296.362    12.063    13.13   17.01
  -6010.204    14.863     9.78   17.76
  -5724.043    15.094     0.81   18.18
  -5437.877    13.599    -5.22   18.46
  -5151.708    10.969    -9.19   17.22
  -4865.535     6.604   -15.26   13.96
  -4579.358     1.903   -16.43    9.88
  -4293.177    -0.826    -9.53    6.14
  -4006.992    -1.129    -1.06    5.68
  -3720.804     0.345     5.15    8.70
  -3434.612     3.642    11.52   12.54
  -3148.415     8.043    15.38   14.50
  -2862.215    11.470    11.97   14.77
  -2576.011    12.584     3.89   14.44
  -2289.803    11.427    -4.04   15.00
  -2003.592     9.074    -8.22   15.43
  -1717.376     4.115   -17.32   13.72
  -1431.157    -0.537   -16.26    9.52
  -1144.934    -4.005   -12.12    2.90
   -858.707    -4.551    -1.91    0.00
   -572.476    -2.108     8.54    8.27
   -286.241     3.867    20.87   16.32
     -0.002    12.039    28.55   21.53
    286.240    21.358    32.56   22.93
    572.486    29.414    28.14   21.04
    858.737    36.006    23.03   16.24
   1144.991    41.349    18.66    7.69
   1431.248    41.725     1.32    6.53
   1717.510    38.092   -12.69   11.10
   2003.776    33.976   -14.38   14.85
   2290.045    30.226   -13.10   16.22
   2576.318    27.322   -10.15   16.08
   2862.596    24.399   -10.21   14.43
   3148.877    22.280    -7.40   12.44
   3435.161    21.167    -3.89   10.73
   3721.450    22.601     5.01    9.32
   4007.743    24.268     5.82    7.56
   4294.039    24.900     2.21    6.84
   4580.339    24.938     0.13    6.71
   4866.644    25.056     0.41    7.23
   5152.952    24.669    -1.35    7.57
   5439.263    24.309    -1.26    8.18
   5725.579    23.601    -2.47    8.89
   6011.899    23.824     0.78   10.45
   6298.222    24.917     3.82   11.85
   6584.549    27.329     8.42   12.88
   6870.881    29.810     8.67   13.52
   7157.216    32.780    10.37   13.52
   7443.554    35.745    10.36   12.60
   7729.897    38.511     9.66   10.93
   8016.244    40.780     7.92    9.57
   8302.594    42.711     6.74    8.36
   8588.948    43.127     1.45    8.26
   8875.307    42.843    -0.99    8.81
   9161.669    42.127    -2.50    9.81
   9448.034    41.338    -2.76   10.51
   9734.404    40.594    -2.59   10.78
  10020.778    40.484    -0.39   10.67
  10307.155    41.097     2.14   10.53
  10593.537    41.956     3.00   10.10
  10879.922    42.583     2.19    9.31
  11166.311    43.393     2.83    7.94
  11452.704    44.166     2.70    6.61
  11739.100    44.876     2.48    5.71
  12025.501    44.759    -0.41    5.24
  12311.906    44.378    -1.33    5.16
  12598.314    44.308    -0.24    5.12
  12884.726    44.372     0.22    5.53
  13171.142    45.879     5.26    8.47
  13457.562    49.810    13.72   13.47
  13743.986    55.924    21.35   17.97
  14030.413    63.278    25.68   21.72
  14316.845    69.306    21.04   22.92
  14603.280    74.562    18.35   23.00
  14889.720    79.497    17.23   22.17
  15176.163    83.187    12.88   20.59
  15462.610    85.629     8.53   19.05
  15749.060    87.385     6.13   17.64
  16035.515    89.012     5.68   16.61
  16321.974    91.111     7.33   17.01
  16608.436    94.160    10.64   18.42
  16894.902    96.869     9.46   19.79
  17181.373    99.546     9.34   20.12
  17467.847   101.260     5.98   19.54
  17754.325   102.683     4.97   18.39
  18040.806   102.913     0.80   17.06
  18327.292   102.633    -0.98   15.16
  18613.781   102.275    -1.25   12.70
  18900.275   101.745    -1.85   10.56
  19186.772   100.997    -2.61    9.41
  19473.273    99.350    -5.75    9.23
  19759.778    96.215   -10.94   11.15
  20046.287    91.801   -15.41   13.18
  20332.799    86.491   -18.53   13.96
  20619.316    80.766   -19.98   13.41
  20905.836    75.062   -19.91   11.51
  21192.361    70.518   -15.86    8.39
  21478.889    67.165   -11.70    5.80
  21765.421    65.213    -6.81    4.07
  22051.957    63.942    -4.44    3.24
  22338.497    63.331    -2.13    3.20
  22625.040    62.743    -2.05    3.69
  22911.588    62.056    -2.40    4.37
  23198.139    60.959    -3.83    4.89
  23484.694    60.115    -2.94    5.09
  23771.253    60.512     1.39    5.93
  24057.816    62.435     6.71    7.83
  24344.383    65.249     9.82    8.62
  24630.954    68.106     9.97    7.83
  24917.529    69.893     6.24    6.76
  25204.107    70.449     1.94    5.71
  25490.689    69.949    -1.74    6.24
  25777.276    67.856    -7.30    6.79
  26063.866    63.692   -14.53    9.07
  26350.460    59.932   -13.12    8.65
  26637.057    56.571   -11.73    9.94
  26923.659    53.106   -12.09   11.90
  27210.265    50.017   -10.78   11.83
  27496.874    47.832    -7.62   11.30
  27783.487    46.498    -4.65   10.48
  28070.105    46.571     0.26    9.95
  28356.726    49.442    10.02   10.73
  28643.351    53.615    14.56   12.84
  28929.979    59.184    19.43   14.00
  29216.612    64.321    17.92   14.30
  29503.249    70.046    19.97   13.12
  29789.889    75.373    18.58    9.78
  30076.533    79.877    15.71    6.00
  30363.181    82.367     8.69    5.17
  30649.834    84.359     6.95    4.86
  30936.489    86.722     8.24    4.61
  31223.149    88.820     7.32    5.01
  31509.813    90.739     6.70    5.45
  31796.480    92.966     7.77    5.78
  32083.152    95.271     8.04    5.80
  32369.827    97.456     7.62    5.19
  32656.506    98.899     5.03    4.21
  32943.189    99.319     1.47    4.01
  33229.876    99.355     0.13    4.27
  33516.567    99.775     1.47    4.78
  33803.262   100.796     3.56    5.51
  34089.960   102.571     6.19    6.63
  34376.663   104.987     8.43    7.80
  34663.369   107.441     8.56    8.14
  34950.079   109.847     8.39    8.43
  35236.793   111.806     6.83    8.18
  35523.511   112.152     1.21    8.38
  35810.233   112.828     2.36    8.37
  36096.959   113.793     3.37    8.07
  36383.688   114.327     1.86    7.59
  36670.422   116.348     7.05    7.31
  36957.159   118.837     8.68    7.59
  37243.900   121.869    10.57    8.20
  37530.646   124.816    10.28    8.73
  37817.395   127.639     9.85    9.62
  38104.147   130.182     8.87   11.10
  38390.904   132.629     8.53   11.90
  38677.665   134.934     8.04   14.08
  38964.429   135.806     3.04   15.67
  39251.198   134.469    -4.66   17.70
  39537.970   132.812    -5.78   18.04
  39824.746   130.593    -7.74   17.26
  40111.526   127.669   -10.20   16.35
  40398.310   125.988    -5.86   16.05
  40685.098   125.175    -2.83   15.59
  40971.889   124.695    -1.67   15.30
  41258.685   123.374    -4.61   14.83
  41545.484   121.952    -4.96   13.44
  41832.288   119.582    -8.27   11.28
  42119.095   117.634    -6.79   10.25
  42405.906   116.527    -3.86    9.96
  42692.721   116.406    -0.42   10.16
  42979.540   117.351     3.30   11.30
  43266.189   117.870     1.81   12.43
  43552.259   117.807    -0.22   12.60
  43838.333   116.777    -3.60   11.49
  44124.409   114.931    -6.45   10.03
  44410.489   113.049    -6.58    9.58
  44696.572   110.942    -7.37    8.89
  44982.658   109.775    -4.08    8.34
  45268.747   110.283     1.78    8.63
  45554.840   112.304     7.06    9.81
  45840.935   114.831     8.83   10.96
  46127.034   117.442     9.13   11.55
  46413.135   120.956    12.28   11.32
  46699.240   124.264    11.56   10.35
  46985.348   126.822     8.94    9.09
  47271.459   128.371     5.42    7.66
  47557.574   128.713     1.19    6.90
  47843.691   129.379     2.33    6.03
  48129.811   130.211     2.91    5.96
  48415.935   131.938     6.04    7.11
  48702.062   134.540     9.09    9.48
  48988.192   137.554    10.53   10.84
  49274.325   140.264     9.47   10.81
  49560.461   142.428     7.56   10.15
  49846.600   142.305    -0.43   11.59
  50132.743   140.262    -7.14   14.82
  50418.888   136.118   -14.48   16.15
  50705.037   132.310   -13.31   15.15
  50991.189   130.406    -6.65   13.63
  51277.344   130.125    -0.98   14.78
  51563.502   132.293     7.58   16.72
  51849.663   136.548    14.87   16.63
  52135.827   140.014    12.11   15.58
  52421.995   142.456     8.53   14.89
  52708.165   143.526     3.74   14.30
  52994.339   143.650     0.43   13.69
  53280.516   143.172    -1.67   13.02
  53566.696   142.690    -1.69   12.33
  53852.879   143.026     1.18   11.46
  54139.065   143.568     1.89    9.90
  54425.255   144.007     1.53    8.15
  54711.447   145.078     3.74    6.90
  54997.643   146.235     4.04    6.13
  55283.842   147.924     5.90    5.48
  55570.044   150.846    10.21    6.53
  55856.249   153.278     8.50    7.84
  56142.457   156.061     9.72    8.93
  56428.668   159.885    13.36    9.87
  56714.883   164.067    14.61   10.78
  57001.101   168.921    16.96   10.72
  57287.321   171.850    10.23   10.64
  57573.545   173.956     7.36   10.99
  57859.772   176.749     9.76   11.41
  58146.002   180.321    12.48   12.05
  58432.236   184.555    14.79   13.48
  58718.472   189.754    18.16   14.44
  59004.712   196.352    23.05   15.67
  59290.955   203.503    24.98   16.20
  59577.200   210.666    25.02   15.72
  59863.449   216.987    22.08   14.36
  60149.701   223.190    21.67   12.64
  60435.957   227.827    16.20   11.83
  60722.215   232.664    16.90   10.98
  61008.477   237.030    15.25   10.61
  61294.741   241.216    14.62   10.04
  61581.009   245.102    13.57   10.80
  61867.280   249.455    15.21   11.90
  62153.554   254.462    17.49   13.30
  62439.831   260.242    20.19   14.09
  62726.112   265.859    19.62   13.86
  63012.395   271.564    19.93   13.02
  63298.682   277.216    19.74   11.45
  63584.972   282.510    18.49    9.60
  63871.265   286.394    13.57    7.97
  64157.561   289.694    11.52    6.84
  64443.860   292.525     9.89    7.11
  64730.162   295.070     8.89    7.40
  65016.468   297.612     8.88    7.59
  65302.776   300.477    10.01    8.31
  65589.088   303.627    11.00    9.61
  65875.403   305.893     7.91   10.72
  66161.721   306.374     1.68   11.27
  66448.042   305.408    -3.37   12.31
  66734.367   302.081   -11.62   15.30
  67020.694   297.706   -15.28   18.64
  67307.025   291.321   -22.30   21.52
  67593.358   282.406   -31.13   22.61
  67879.695   273.477   -31.19   21.53
  68166.035   268.525   -17.29   19.96
  68452.379   267.083    -5.04   18.98
  68738.725   268.740     5.79   19.52
  69025.074   273.421    16.35   19.51
  69311.427   278.867    19.02   18.90
  69597.783   284.725    20.46   16.05
  69884.141   287.839    10.87   12.32
  70170.504   284.754   -10.77   16.45
  70456.869   275.180   -33.43   25.67
  70743.237   267.316   -27.46   28.39
  71029.608   264.819    -8.72   28.91
  71315.983   267.344     8.82   29.26
  71602.361   270.834    12.19   30.86
  71888.742   276.385    19.38   33.26
  72175.126   285.759    32.73   33.60
  72461.513   298.563    44.71   31.47
  72747.903   310.761    42.59   30.80
  73034.296   320.959    35.61   35.87
  73320.693   331.150    35.58   43.59
  73607.093   344.532    46.72   51.93
  73893.496   361.718    60.01   56.90
  74179.902   380.864    66.85   58.93
  74466.311   400.780    69.54   60.26
  74752.723   420.066    67.34   58.94
  75039.139   439.240    66.95   52.64
  75325.557   460.449    74.05   48.34
  75611.979   481.380    73.08   46.84
  75898.404   497.442    56.08   44.44
  76184.832   512.555    52.77   45.02
  76471.263   526.867    49.97   46.58
  76757.697   542.271    53.78   48.92
  77044.135   555.492    46.15   47.57
  77330.575   565.636    35.42   50.54
  77617.019   563.245    -8.35   54.92
  77903.466   548.272   -52.27   65.70
  78189.916   523.973   -84.83   77.51
  78476.369   488.670  -123.24   84.96
  78762.826   459.642  -101.34   82.19
  79049.285   432.127   -96.05   71.17
  79335.748   411.220   -72.98   59.29
  79622.213   393.421   -62.13   53.83
  79908.682   384.090   -32.57   53.29
  80195.154   378.378   -19.94   56.33
  80481.630   377.809    -1.99   57.14
