# NaN NaN NaN ;Mean Elev.(m), Avg Gradient(m/km), RMS Gradient(m/km) - SRTM1     
#  181.951 -13.382  35.764 ;Mean Elev.(m), Avg Gradient(m/km), RMS Gradient(m/km) - ASTER GDEM
#  153.299 -13.684  36.621 ;Mean Elev.(m), Avg Gradient(m/km), RMS Gradient(m/km) - GMTED2010 
   1 114.381864  60.466787   168.698   168.739  7 54666.11757951 28.149
   2 114.385425  60.469808   168.754   168.710  7 54676.03322481 27.538
   4 114.390243  60.474191   160.806   160.767  7 54695.86451045 45.685
  10 114.388716  60.473372   168.625   168.685  8 54755.35839391 25.005
  11 114.387277  60.472249   168.511   168.422  8 54765.27403923 27.268
  12 114.383948  60.467916   157.300   157.259  7 54775.18968105 49.799
  13 114.377940  60.463082   156.921   156.890  6 54785.10532001 46.930
  14 114.378212  60.463012   158.447   158.414  6 54795.02095849 27.828
  15 114.379484  60.465241   162.918   162.723  7 54804.93659653 25.411
  16 114.381866  60.467269   168.360   168.347  7 54814.85223410 17.760
  17 114.383098  60.468334   168.648   168.671  8 54824.76787996 15.403
  18 114.385064  60.469087   168.736   168.715  7 54834.68351989 15.664
  19 114.385962  60.470509   168.458   168.363  7 54844.59916993 16.305
  21 114.399752  60.479843   168.528   168.594 10 54864.43047027 16.722
  22 114.402351  60.481614   168.516   168.637 10 54874.34611937 16.355
  23 114.398773  60.478915   168.495   168.513 10 54884.26176475 18.382
  24 114.387499  60.471875   168.193   168.292  8 54894.17740544 17.160
  25 114.385321  60.468778   168.960   168.930  6 54904.09304473 14.076
  26 114.382297  60.467403   168.686   168.828  7 54914.00868289 13.987
  27 114.383748  60.469164   168.715   168.720  7 54923.92432119 15.675
  28 114.384366  60.470016   169.376   169.459  8 54933.83995849 15.541
  29 114.380925  60.467099   157.493   157.515  7 54943.75559300 28.081
  30 114.375659  60.461606   162.585   162.510  6 54953.67122494 44.349
  31 114.373977  60.459299   400.889   402.012  6 54963.58686914  0.780
  32 114.374774  60.460682   170.087   170.150  6 54973.50251782 25.766
  33 114.380226  60.465293   167.963   168.453  7 54983.41816667 31.880
  35 114.385417  60.470708   168.850   168.863  7 55003.24946193 26.948
  36 114.385353  60.470848   162.501   162.494  7 55013.16510647 45.218
  37 114.386019  60.470888   161.269   161.257  7 55023.08074963 51.539
  38 114.387504  60.472248   165.421   164.338  7 55032.99639223 33.076
  39 114.389468  60.473787   159.474   159.446  8 55042.91203415 44.157
  40 114.387074  60.472208   168.609   168.594  7 55052.82767366 27.755
  41 114.381989  60.467880   168.537   168.519  7 55062.74331038 28.122
  42 114.379586  60.464974   162.423   162.444  7 55072.65895400 39.585
  43 114.378760  60.464007   168.826   168.711  6 55082.57460214 26.573
  44 114.380320  60.465606   168.687   168.743  7 55092.49024933 28.675
  45 114.383678  60.468618   168.648   168.612  8 55102.40589663 28.731
  46 114.385462  60.470656   168.724   168.769  8 55112.32154336 28.818
  47 114.384729  60.469738   158.708   158.715  8 55122.23718718 46.494
  48 114.381557  60.466592   158.133   158.124  7 55132.15282758 50.653
  49 114.379759  60.464216   156.806   156.828  6 55142.06846612 44.492
  50 114.379812  60.464402   157.764   157.752  6 55151.98410444 27.137
  51 114.381073  60.466048   160.223   158.914  7 55161.89974323 23.805
  52 114.380254  60.466682   161.921   163.061  7 55171.81538130 20.102
  53 114.381068  60.466747   161.552   159.146  7 55181.73101788 20.530
  54 114.385052  60.469125   162.853   162.822  7 55191.64666832 19.725
  55 114.385501  60.471012   165.234   167.842  7 55201.56231874 19.104
  56 114.391820  60.474912   168.450   168.477  8 55211.47796939 18.998
  57 114.393482  60.476264   168.345   168.544  9 55221.39361886 18.394
  58 114.389832  60.474195   168.386   168.438  8 55231.30926628 16.996
  59 114.386252  60.471048   167.882   167.981  8 55241.22491035 16.789
  60 114.383305  60.468405   167.840   167.792  7 55251.14055098 15.006
  61 114.380697  60.466981   166.943   167.034  7 55261.05618944 13.187
  62 114.384568  60.468713   168.788   168.863  7 55270.97182793 14.789
  63 114.383218  60.468243   169.074   169.126  7 55280.88746556 14.063
  64 114.379670  60.465954   169.394   169.419  7 55290.80310154 13.613
  65 114.379105  60.463715   169.595   169.606  6 55300.71873548 16.590
  66 114.377688  60.462518   157.078   157.091  6 55310.63438144 32.239
  67 114.377475  60.462747   157.736   157.713  7 55320.55002698 35.601
  68 114.381136  60.465467   392.926   390.876  7 55330.46567221  3.646
  69 114.383243  60.468037   163.343   163.361  7 55340.38131719 53.302
  70 114.383516  60.469024   164.910   163.004  8 55350.29696159 36.295
  71 114.384790  60.469611   161.237   161.234  8 55360.21260391 45.302
  72 114.383640  60.469366   168.693   168.669  7 55370.12824371 28.995
  73 114.385636  60.470522   162.197   162.097  7 55380.04388244 48.412
  74 114.385158  60.470724   168.689   168.672  8 55389.95952005 28.062
  75 114.384743  60.469570   159.031   159.011  7 55399.87515639 45.541
  76 114.380190  60.466287   160.035   160.028  7 55409.79080279 53.365
  77 114.378606  60.464040   159.872   159.827  7 55419.70645268 47.336
  78 114.377184  60.462979   159.451   159.418  6 55429.62209950 48.290
  79 114.381760  60.466031   160.504   160.489  7 55439.53774495 47.649
  80 114.381761  60.467918   160.136   160.159  7 55449.45338847 45.730
  81 114.382918  60.468803   159.260   159.295  7 55459.36903162 42.392
  82 114.382700  60.467470   168.487   168.510  7 55469.28467352 28.435
  83 114.379025  60.463950   168.625   168.649  7 55479.20031163 25.950
  84 114.374836  60.460927   157.833   157.874  6 55489.11594689 47.351
  85 114.374180  60.460534   157.482   157.509  6 55499.03158046 49.887
  86 114.379688  60.464277   157.152   157.146  7 55508.94722113 50.635
  87 114.382668  60.467624   156.441   156.466  7 55518.86287183 45.950
  88 114.383632  60.469037   156.698   156.701  7 55528.77852116 31.624
  89 114.385007  60.469766   161.113   162.314  7 55538.69416862 26.596
  90 114.384625  60.470099   161.053   158.668  8 55548.60981366 25.006
  91 114.388288  60.472816   165.379   164.684  7 55558.52545769 23.362
  92 114.394039  60.476158   168.352   168.499  9 55568.44110118 21.098
  93 114.389009  60.473666   168.112   168.142  8 55578.35674214 20.309
  94 114.383060  60.468573   164.887   164.212  7 55588.27238037 17.468
  95 114.376145  60.462146   166.737   166.724  6 55598.18801527 14.362
  96 114.372112  60.458601   167.224   167.632  6 55608.10364812 13.386
  97 114.372940  60.459147   167.949   168.474  6 55618.01927993 12.048
  98 114.378521  60.464149   168.273   168.022  6 55627.93492718 12.323
  99 114.382613  60.467147   169.398   169.501  7 55637.85057913 15.822
 100 114.381150  60.465740   166.022   169.449  7 55647.76622793 21.072
 101 114.376805  60.462232   167.551   169.518  6 55657.68187330 17.590
 102 114.374071  60.460592   167.471   169.438  6 55667.59751496 15.688
 103 114.378060  60.463410   157.876   157.899  6 55677.51315518 38.494
 104 114.382917  60.467255   393.255   392.335  7 55687.42879377  3.448
 105 114.381559  60.467719   168.791   168.835  7 55697.34443014 28.981
 106 114.381583  60.466529   168.685   168.713  6 55707.26006507 29.320
 107 114.382842  60.466907   167.578   168.586  7 55717.17571649 21.453
 108 114.381356  60.467191   168.735   168.712  7 55727.09136497 28.646
 109 114.385163  60.470344   160.502   160.517  8 55737.00701256 41.847
 110 114.388819  60.473316   168.702   168.569  8 55746.92265880 27.917
 111 114.387004  60.472357   158.725   158.748  7 55756.83830198 54.116
 112 114.382798  60.468016   168.678   168.698  7 55766.75394193 27.668
 113 114.378168  60.462721   162.414   162.417  6 55776.66957878 53.984
 114 114.374197  60.459261   160.977   160.969  6 55786.58521324 49.835
 115 114.373797  60.459889   168.711   168.651  6 55796.50084689 23.618
 116 114.378810  60.464013   160.040   160.045  6 55806.41648926 36.022
 117 114.382783  60.467089   168.581   168.565  7 55816.33213925 27.791
 118 114.379027  60.464301   159.431   159.446  6 55826.24778473 34.772
 119 114.375233  60.460616   169.072   168.952  6 55836.16342564 24.210
 120 114.373060  60.458528   158.871   158.829  6 55846.07906352 51.590
 121 114.373993  60.460011   159.125   159.101  6 55855.99469944 48.724
 122 114.380386  60.465211   158.266   158.207  7 55865.91034260 51.039
 123 114.385414  60.470104   157.584   157.620  8 55875.82599627 49.585
 124 114.385854  60.470459   156.158   156.190  8 55885.74164300 41.009
 125 114.383024  60.468223   158.191   158.196  7 55895.65728332 28.723
 126 114.381184  60.465924   158.872   158.844  6 55905.57291852 26.719
 127 114.382403  60.467187   161.394   158.636  7 55915.48856145 22.218
 128 114.386042  60.470948   164.212   162.745  7 55925.40421607 20.453
 129 114.386946  60.472055   168.462   168.447  7 55935.31986688 18.006
 130 114.382373  60.468491   168.458   168.574  7 55945.23551181 14.058
 131 114.379807  60.464518   168.004   167.910  7 55955.15115243 12.571
 132 114.374629  60.460976   168.201   167.890  6 55965.06679009 11.876
 133 114.377701  60.463075   167.461   167.461  6 55974.98242779 12.134
 134 114.379440  60.465358   167.680   167.734  7 55984.89806436 13.649
 135 114.380919  60.465529   167.670   167.769  7 55994.81369813 14.817
 136 114.379379  60.464480   167.802   167.416  7 56004.72934994 12.766
 137 114.375211  60.461406   167.115   166.987  6 56014.64499743 12.751
 138 114.376294  60.461868   168.490   169.142  6 56024.56064281 12.998
 139 114.380377  60.465607   168.773   169.350  6 56034.47628687 14.508
 140 114.385226  60.469844   168.747   168.785  7 56044.39192903 17.119
 141 114.386449  60.471352   157.758   157.760  8 56054.30756778 41.138
 142 114.384482  60.469372   389.615   389.612  7 56064.22320217  5.516
 143 114.381325  60.467041   163.081   163.085  7 56074.13884503 52.044
 144 114.382825  60.468225   168.814   168.637  7 56084.05449506 28.920
 145 114.385112  60.469925   168.014   168.667  7 56093.97014278 31.223
 146 114.386592  60.471105   168.741   168.754  8 56103.88578817 28.963
 147 114.384834  60.469613   168.741   168.725  7 56113.80141841 27.911
 148 114.380399  60.465942   168.657   168.641  7 56123.71705595 27.543
 149 114.374309  60.460796   165.633   166.002  6 56133.63268922 35.158
 150 114.372406  60.459053   162.099   162.100  6 56143.54832770 38.519
 151 114.377938  60.462906   160.624   160.550  6 56153.46397928 44.222
 152 114.381678  60.466591   168.529   168.538  7 56163.37962935 28.658
 153 114.383973  60.468504   168.645   168.636  7 56173.29527702 28.331
 154 114.381271  60.466563   168.585   168.575  7 56183.21091872 28.537
 155 114.378057  60.463600   168.592   168.581  6 56193.12655646 26.959
 156 114.378630  60.462902   160.677   160.674  6 56203.04219204 53.342
 157 114.377739  60.463144   168.154   168.059  6 56212.95782581 27.180
 158 114.380679  60.465232   158.018   157.993  6 56222.87345841 50.950
 159 114.383139  60.468889   157.043   157.084  7 56232.78911534 49.822
 160 114.385637  60.470650   156.423   156.400  8 56242.70476801 46.528
 161 114.384684  60.470118   159.301   157.801  7 56252.62041563 31.553
 162 114.384453  60.469646   164.269   168.312  7 56262.53605883 25.324
 163 114.384789  60.469698   165.420   167.684  7 56272.45170023 22.454
 164 114.384550  60.469390   165.507   168.438  7 56282.36734243 20.481
 165 114.384192  60.469274   168.265   168.318  7 56292.28299445 17.897
 166 114.382576  60.467617   167.966   168.206  7 56302.19864168 17.655
 167 114.379394  60.465344   167.517   167.486  7 56312.11428444 14.370
 168 114.381265  60.465884   167.786   167.421  7 56322.02992575 14.577
 169 114.383389  60.467451   168.602   168.679  7 56331.94556655 14.194
 170 114.382966  60.467594   168.683   168.491  7 56341.86120646 12.899
 171 114.379485  60.465387   167.829   167.310  7 56351.77684348 12.786
 172 114.378806  60.463750   168.440   168.862  7 56361.69248307 11.415
 173 114.378343  60.464092   168.604   168.876  6 56371.60813238 10.485
 174 114.382106  60.467174   167.291   167.422  7 56381.52377986 17.928
 175 114.385415  60.470635   168.996   169.095  8 56391.43942528 16.093
 176 114.387835  60.472526   169.278   169.371  8 56401.35506881 20.095
 177 114.386714  60.471834   156.927   156.918  8 56411.27070896 39.058
 178 114.383574  60.469110   391.167   390.166  8 56421.18634371  3.138
 179 114.384181  60.468542   168.968   168.892  7 56431.10198249 27.995
 180 114.382918  60.469777   162.490   162.509  7 56441.01763539 54.677
 181 114.387065  60.472306   162.675   160.897  8 56450.93328641 36.426
 182 114.386444  60.471516   161.165   161.117  8 56460.84893425 38.599
 183 114.382445  60.468372   168.535   168.529  7 56470.76457816 27.549
 184 114.382112  60.466552   168.572   168.569  7 56480.68021893 27.111
 185 114.379052  60.464589   168.859   168.651  7 56490.59585557 27.225
 186 114.379702  60.464702   168.728   168.751  6 56500.51149040 27.802
 187 114.378627  60.463920   168.820   168.846  6 56510.42712362 26.662
 188 114.378120  60.463702   168.847   168.695  7 56520.34276710 26.056
 189 114.380058  60.464884   168.754   168.808  7 56530.25842099 27.957
 190 114.380204  60.464977   168.624   168.642  6 56540.17407065 27.384
 191 114.381883  60.466242   158.262   158.216  7 56550.08971622 51.886
 192 114.382450  60.468314   168.636   168.607  7 56560.00535940 28.544
 193 114.385928  60.471349   158.249   158.265  8 56569.92100190 53.640
 194 114.387406  60.472533   168.547   168.443  8 56579.83664262 30.175
 195 114.383855  60.469470   157.043   156.951  8 56589.75227837 51.031
 196 114.383805  60.468301   156.738   156.758  7 56599.66792379 50.880
 197 114.383991  60.468891   157.243   157.214  8 56609.58357447 34.234
 198 114.386660  60.471232   162.341   161.990  7 56619.49922084 28.715
 199 114.388430  60.472623   166.818   168.523  7 56629.41486387 26.876
 200 114.384883  60.469904   167.152   168.371  8 56639.33050272 22.848
 201 114.380361  60.465688   168.163   168.111  6 56649.24614695 19.474
 202 114.379346  60.464065   168.510   168.534  7 56659.16179799 16.088
 203 114.379041  60.464494   168.114   168.215  6 56669.07744537 15.944
 204 114.383352  60.468327   168.535   168.640  7 56678.99309113 18.018
 205 114.386625  60.471105   168.499   168.562  8 56688.90873507 19.129
 206 114.383271  60.469140   168.586   168.754  7 56698.82437518 15.437
 207 114.380235  60.465276   168.982   169.181  6 56708.74001045 13.497
 208 114.376645  60.462354   168.827   168.864  6 56718.65564849 11.007
 210 114.386867  60.471685   168.564   169.039  7 56738.48695165 18.895
 211 114.395815  60.477530   167.265   168.609  9 56748.40259809 21.269
 212 114.394619  60.476714   167.242   168.732  8 56758.31823816 26.894
 213 114.386087  60.470744   157.590   157.567  7 56768.23387084 37.316
 214 114.381724  60.467811   162.927   163.560  7 56778.14951669 34.465
 215 114.385378  60.470447   164.014   164.236  7 56788.06517330 39.861
 216 114.392362  60.475268   169.632   169.766  8 56797.98082692 27.183
 217 114.399040  60.479117   164.882   164.614 10 56807.89647475 31.141
 218 114.391008  60.474809   162.175   161.207  8 56817.81211426 36.366
 219 114.384182  60.469010   162.972   162.972  7 56827.72775013 44.479
 221 114.373584  60.460022   160.257   160.279  6 56847.55901327 43.576
 222 114.379688  60.465168   168.588   168.540  7 56857.47466669 27.281
 223 114.384919  60.470177   158.096   158.123  8 56867.39032135 41.625
 224 114.386210  60.471562   168.589   168.571  7 56877.30597357 27.991
 225 114.385704  60.470617   160.932   160.931  7 56887.22162217 54.075
 226 114.383197  60.468585   168.630   168.582  8 56897.13726770 27.166
 227 114.385782  60.470345   164.058   164.223  8 56907.05291135 35.183
 228 114.392541  60.475199   161.920   161.898  8 56916.96855356 54.829
 229 114.399796  60.479625   163.209   163.704 11 56926.88419377 33.695
 230 114.396360  60.477667   158.218   158.136 10 56936.79982856 53.993
 231 114.384279  60.469596   168.474   168.405  8 56946.71545644 25.655
 232 114.382851  60.467853   156.638   156.633  7 56956.63111012 49.086
 233 114.382998  60.467910   156.758   156.732  7 56966.54675891 43.812
 234 114.385323  60.470234   163.237   163.605  8 56976.46240406 26.694
 235 114.387216  60.471980   168.564   168.575  8 56986.37804462 21.429
 236 114.384179  60.469123   168.256   168.354  7 56996.29367846 17.356
 237 114.379163  60.464603   167.950   168.042  7 57006.20932164 15.326
 238 114.378289  60.463035   168.398   168.265  6 57016.12497593 14.122
 239 114.378145  60.463674   168.257   168.330  6 57026.04062653 13.986
 240 114.381982  60.467846   168.411   168.314  7 57035.95627584 15.625
 241 114.386844  60.471694   168.614   168.627  7 57045.87192257 18.318
 242 114.386205  60.471371   168.759   168.719  7 57055.78756493 16.069
 243 114.381525  60.467303   168.162   168.049  7 57065.70320132 12.867
 244 114.379837  60.464759   168.844   169.044  6 57075.61883368 13.154
 245 114.379277  60.463762   168.342   168.306  6 57085.53446330 12.179
 246 114.384446  60.469548   168.675   168.577  7 57095.45012063 15.147
 247 114.394074  60.476432   168.507   168.600  9 57105.36577885 20.736
 249 114.389561  60.473936   168.097   168.378  8 57125.19707584 21.226
 250 114.384671  60.469994   158.666   156.908  7 57135.11271528 28.804
 251 114.382720  60.467591   158.829   158.802  7 57145.02835079 33.600
 252 114.381328  60.466586   162.158   162.120  7 57154.94398398 53.690
 253 114.381917  60.467011   165.547   165.541  6 57164.85962285 33.251
 254 114.383252  60.468789   168.734   168.683  7 57174.77527977 27.338
 255 114.383006  60.467922   164.903   164.905  7 57184.69093266 50.987
 256 114.379703  60.465317   162.187   162.151  7 57194.60658111 52.880
 257 114.379892  60.465329   162.103   162.096  7 57204.52221654 43.815
 258 114.383382  60.468276   160.541   160.520  7 57214.43786276 49.611
 259 114.386511  60.471028   159.437   159.378  7 57224.35350738 39.964
 260 114.386885  60.471383   158.330   158.282  7 57234.26914962 53.821
 261 114.382378  60.468480   159.406   159.442  7 57244.18478779 45.812
 262 114.380289  60.466195   158.237   158.245  7 57254.10042367 50.700
 263 114.381007  60.466270   168.349   168.327  7 57264.01605865 26.917
 264 114.381409  60.467692   157.466   157.547  7 57273.93169793 43.645
 265 114.387701  60.472629   167.210   168.290  8 57283.84735636 29.917
 266 114.389041  60.473823   158.021   157.841  8 57293.76301110 53.661
 267 114.387074  60.472280   157.464   157.463  7 57303.67866166 53.948
 268 114.384626  60.470272   156.900   156.929  7 57313.59430831 43.053
 269 114.385178  60.470365   156.676   156.633  8 57323.50995235 49.149
 270 114.386996  60.471348   156.464   156.461  8 57333.42559473 45.606
 271 114.386150  60.470989   160.168   161.675  7 57343.34123476 30.875
 272 114.387409  60.471761   160.945   162.321  7 57353.25688808 27.638
 273 114.383892  60.469079   160.901   162.168  7 57363.17253162 23.947
 274 114.379880  60.465896   160.748   162.094  7 57373.08817166 22.816
 275 114.380141  60.465599   159.344   157.484  6 57383.00381056 21.762
 276 114.381459  60.466388   168.911   168.861  7 57392.91944917 13.781
 277 114.380272  60.466087   165.816   166.932  7 57402.83508646 15.590
 278 114.380532  60.466266   167.813   167.716  7 57412.75073043 13.391
 279 114.384675  60.468568   168.229   168.243  7 57422.66638269 14.395
 280 114.384558  60.469841   168.095   168.042  8 57432.58203173 15.564
 281 114.388605  60.473024   168.728   168.545  7 57442.49767962 16.225
 282 114.393640  60.476076   168.798   168.896  8 57452.41332693 18.937
 283 114.393843  60.476281   168.451   168.579  9 57462.32897182 19.299
 284 114.387213  60.472119   168.255   168.166  8 57472.24461199 18.346
 285 114.383669  60.468660   168.025   168.114  7 57482.16024861 13.875
 286 114.382250  60.466464   167.773   167.631  7 57492.07588251 15.582
 287 114.379964  60.464688   158.683   157.115  7 57501.99151424 25.238
 288 114.380632  60.465858   160.778   157.784  7 57511.90716397 27.379
 289 114.383260  60.467737   166.574   166.411  7 57521.82281958 34.996
 290 114.383868  60.467788   389.143   389.109  7 57531.73847235  5.204
 291 114.382249  60.466742   167.531   168.396  7 57541.65412150 33.606
 292 114.381833  60.466625   168.442   168.454  7 57551.56976808 32.635
 293 114.382875  60.467898   162.235   162.287  7 57561.48541361 43.325
 294 114.384172  60.469519   168.691   168.654  8 57571.40105884 28.287
 295 114.384986  60.470212   161.012   159.840  7 57581.31670383 38.984
 296 114.383722  60.469349   159.807   159.813  8 57591.23234664 52.817
 297 114.383671  60.469011   160.313   160.403  7 57601.14798690 52.753
