# NaN NaN NaN ;Mean Elev.(m), Avg Gradient(m/km), RMS Gradient(m/km) - SRTM1     
#  108.648  -7.281  20.661 ;Mean Elev.(m), Avg Gradient(m/km), RMS Gradient(m/km) - ASTER GDEM
#   94.293  -7.438  19.574 ;Mean Elev.(m), Avg Gradient(m/km), RMS Gradient(m/km) - GMTED2010 
   2 125.541041  60.833874   254.793   253.747  5 54670.26328246  2.630
   4 125.544526  60.834888   269.350   269.811  6 54690.09456954  1.944
   6 125.548803  60.834137   268.335   269.879  6 54709.92585599  3.801
   7 125.543766  60.832893    12.796    13.072  7 54719.84150711  1.846
   8 125.538465  60.831438   266.711   269.114  7 54729.75715556  5.695
   9 125.537404  60.830250   263.794   264.137  8 54739.67280269  5.111
  10 125.536023  60.830870   253.266   251.684  8 54749.58844950  4.761
  11 125.536246  60.831516   251.944   251.951  7 54759.50409622  9.484
  12 125.537752  60.831326   251.326   251.281  7 54769.41974083 11.108
  13 125.535832  60.831572   251.592   251.698  8 54779.33538172  8.973
  14 125.533443  60.831675   251.193   251.196  8 54789.25102015 11.200
  15 125.535853  60.831161   250.924   250.948  7 54799.16665815 10.608
  16 125.539651  60.831752   251.264   251.337  7 54809.08229628 10.640
  17 125.543106  60.833321   103.736   103.748  7 54818.99793387 18.374
  18 125.543427  60.833536   103.580   103.545  7 54828.91358628 16.983
  19 125.542634  60.832966   103.472   103.508  7 54838.82922523 15.659
  20 125.542207  60.832151   103.514   103.516  7 54848.74487450 13.721
  21 125.540676  60.832606   103.554   103.557  7 54858.66052293 12.076
  22 125.541771  60.832768   103.549   103.556  7 54868.57617171 12.147
  23 125.540462  60.832964   103.504   103.510  7 54878.49181938 11.950
  24 125.538945  60.832243   103.621   103.718  8 54888.40746406 11.819
  25 125.534892  60.831410   103.748   103.709  8 54898.32310526 10.952
  26 125.532827  60.830868   104.050   104.023  8 54908.23874417 11.295
  27 125.535692  60.830506   104.304   104.003  8 54918.15438232 11.189
  28 125.537350  60.831484   104.703   103.933  7 54928.07002010 11.417
  29 125.539637  60.831765   104.870   104.881  7 54937.98565734 10.028
  30 125.538215  60.832670   261.880   260.772  7 54947.90129243 11.428
  31 125.539533  60.832218   267.182   269.549  8 54957.81692812  6.308
  32 125.537762  60.832016   269.646   269.135  7 54967.73257653  5.666
  33 125.537919  60.832235   267.055   266.274  8 54977.64822394  6.534
  35 125.540571  60.832498   256.151   255.330  7 54997.47951911  7.015
  36 125.541488  60.832415   264.329   264.645  7 55007.39516500  7.182
  37 125.541658  60.832617   259.813   258.748  7 55017.31080876  3.221
  38 125.542244  60.832996   252.819   252.258  7 55027.22645116  4.906
  39 125.543096  60.833766   252.976   253.002  6 55037.14209314  3.259
  40 125.547305  60.833251   106.192   106.503  6 55047.05773463 31.913
  41 125.545982  60.833586   107.238   107.146  7 55056.97337364 25.369
  42 125.544199  60.832725   107.398   107.339  7 55066.88901036 35.945
  43 125.538379  60.831770   107.325   107.340  8 55076.80466041 53.378
  45 125.537126  60.830947   106.852   106.807  8 55096.63595421 42.693
  46 125.536415  60.831977   107.166   106.583  8 55106.55159968 25.542
  47 125.537557  60.831400   105.564   105.592  7 55116.46724505 43.256
  48 125.533139  60.831710   251.424   251.397  8 55126.38288748 13.123
  49 125.533478  60.830674   250.931   250.946  8 55136.29852813 11.698
  50 125.536456  60.830136   250.598   250.586  8 55146.21416701 12.667
  51 125.537451  60.831965   251.326   251.406  7 55156.12980479 13.821
  52 125.539781  60.833301   251.853   251.742  7 55166.04544291 12.592
  53 125.544715  60.833197   104.383   104.382  7 55175.96108120 32.667
  54 125.542983  60.833772   104.353   104.394  7 55185.87672278 19.815
  55 125.541912  60.833053   104.276   104.254  7 55195.79237392 17.478
  56 125.542625  60.832576   104.199   104.223  7 55205.70802386 17.334
  57 125.542443  60.833486   104.194   104.157  7 55215.62367286 16.356
  58 125.542986  60.833363   104.269   104.262  6 55225.53932145 15.597
  59 125.539819  60.832658   104.281   104.237  7 55235.45496762 14.770
  60 125.536212  60.831101   104.202   104.269  8 55245.37061055 13.737
  61 125.532484  60.830041   106.183   105.067  8 55255.28625065 12.996
  62 125.534456  60.829538   104.507   104.517  8 55265.20188977 18.829
  63 125.536481  60.831321   110.171   110.174  7 55275.11752783 15.701
  64 125.540900  60.832119   104.430   103.797  7 55285.03316551 21.279
  65 125.540305  60.832706   103.626   103.977  7 55294.94880100 19.517
  66 125.538628  60.831529   104.311   104.262  8 55304.86443972 25.493
  67 125.535526  60.830326   104.265   104.386  8 55314.78008693 36.668
  68 125.533805  60.831372   261.191   259.634  8 55324.69573213 13.916
  69 125.539017  60.831880   265.761   265.586  7 55334.61137668  8.037
  70 125.543513  60.832254   259.147   259.511  7 55344.52702087  9.124
  71 125.541370  60.833214   265.553   265.420  7 55354.44266363  5.294
  72 125.541712  60.832652   267.913   267.801  6 55364.35830476  2.719
  73 125.541303  60.832814   154.876   153.988  7 55374.27394410 22.161
  74 125.543615  60.833465   262.039   260.339  6 55384.18958251  2.874
  75 125.548067  60.833751   107.624   107.465  6 55394.10522038 26.071
  76 125.548264  60.834953   104.024   104.064  6 55404.02085808 43.794
  77 125.544660  60.833694   105.819   105.747  7 55413.93650971 36.126
  78 125.537493  60.832393   105.372   105.484  7 55423.85215804 47.782
  80 125.535785  60.829686   106.738   106.648  8 55443.68344881 49.815
  82 125.540073  60.832220   105.372   104.956  7 55463.51473414 31.487
  83 125.540177  60.832434   104.279   104.225  8 55473.43037408 41.836
  84 125.537769  60.831729   251.643   251.487  7 55483.34601107  7.633
  85 125.533778  60.831536   102.757   102.883  8 55493.26164578 41.875
  86 125.537526  60.831574   251.393   251.439  8 55503.17727987 11.194
  87 125.541255  60.832503   104.403   104.405  7 55513.09292726 34.187
  88 125.543888  60.833615   104.065   104.188  6 55523.00857704 26.551
  89 125.544500  60.833535   103.212   103.204  7 55532.92422527 20.569
  90 125.542171  60.832769   103.426   103.447  6 55542.83987157 18.397
  91 125.538777  60.832661   103.745   103.714  7 55552.75551564 16.972
  92 125.538473  60.833085   103.752   103.644  7 55562.67115859 17.959
  93 125.542680  60.833261   104.061   104.070  6 55572.58680128 13.766
  94 125.544318  60.833467   103.740   103.666  7 55582.50244243 13.427
  95 125.542561  60.832917   104.134   104.177  7 55592.41808005 12.502
  96 125.538962  60.832111   103.890   103.784  7 55602.33371425 10.960
  97 125.537616  60.831566   109.286   109.335  8 55612.24934658 15.436
  98 125.538834  60.832359   108.802   108.558  7 55622.16498107 15.192
  99 125.541911  60.832248   102.745   103.163  7 55632.08063440 17.812
 100 125.542949  60.832616   104.504   103.645  7 55641.99628530 15.891
 101 125.542640  60.831902   102.092   102.076  7 55651.91193340 19.504
 102 125.536574  60.831526   102.723   103.164  7 55661.82757691 20.399
 103 125.534337  60.830732   103.904   103.921  8 55671.74321760 34.901
 104 125.536342  60.830852   262.097   259.596  8 55681.65885693 11.789
 105 125.540313  60.832778   275.110   274.673  7 55691.57449447  3.005
 106 125.547639  60.833550   261.819   261.302  6 55701.49013082  8.755
 107 125.547952  60.834478   270.826   271.156  6 55711.40577206  1.883
 108 125.544946  60.833795   259.228   259.129  7 55721.32142155  4.398
 109 125.542134  60.833255   256.996   256.304  6 55731.23706900  3.284
 110 125.540742  60.833316   252.826   252.753  7 55741.15271531  4.290
 111 125.542898  60.832877   104.980   105.063  6 55751.06836080 43.253
 112 125.542305  60.833181   105.530   106.202  7 55760.98400362 30.880
 113 125.540179  60.833125   104.803   104.790  7 55770.89964348 50.582
 114 125.537450  60.832320   108.501   108.453  7 55780.81527992 22.473
 115 125.530906  60.833923   159.838   158.834  4 55790.73091302 19.358
 116 125.540751  60.831885   105.407   105.470  7 55800.64654681 43.316
 117 125.539882  60.833118   105.705   105.733  7 55810.56219527 49.793
 118 125.541966  60.833308   105.837   105.704  6 55820.47784409 50.066
 119 125.541106  60.833495   263.020   263.196  7 55830.39348799  1.542
 120 125.532416  60.835119   262.667   263.645  3 55840.30912646  1.205
 121 125.538319  60.832062   251.856   251.787  8 55850.22476387 11.674
 122 125.539231  60.833091   106.146   106.154  7 55860.14039841 20.514
 123 125.543683  60.832919   252.131   252.079  7 55870.05604979  8.131
 124 125.544235  60.834270   104.959   104.994  6 55879.97170069 35.486
 125 125.545718  60.834291   104.382   104.391  6 55889.88734515 27.136
 126 125.546239  60.833863   103.906   103.917  7 55899.80298370 23.755
 127 125.546289  60.834066   104.523   104.514  7 55909.71861725 21.564
 128 125.544049  60.833697   104.717   104.730  7 55919.63426858 20.266
 129 125.543634  60.832932   104.571   104.583  6 55929.54992115 18.691
 130 125.540133  60.832958   104.402   104.475  7 55939.46556963 16.078
 131 125.538584  60.831536   106.642   106.860  8 55949.38121370 15.836
 132 125.534994  60.831448   104.417   104.402  8 55959.29685312 12.897
 133 125.537719  60.830674   105.125   104.568  8 55969.21249091 12.532
 134 125.538466  60.832112   105.061   104.735  7 55979.12812739 11.985
 135 125.540413  60.833314   108.804   108.797  7 55989.04376331 10.989
 136 125.543028  60.832833   105.486   104.757  6 55998.95940575 11.009
 137 125.541308  60.831853   105.328   104.837  7 56008.87505683 10.612
 138 125.537878  60.831641   105.700   105.029  8 56018.79070344 10.949
 139 125.537406  60.831386   105.762   105.043  7 56028.70634731 10.249
 140 125.537985  60.832162   107.143   107.424  7 56038.62198930 18.954
 141 125.542818  60.832434   112.505   113.049  7 56048.53762975 10.946
 142 125.545232  60.833690   268.197   268.577  7 56058.45326712  9.906
 143 125.548472  60.834238   265.437   266.283  6 56068.36890027  6.649
 144 125.546535  60.833576   267.038   266.589  6 56078.28455143  3.739
 145 125.544376  60.833180   259.249   259.076  6 56088.20019989  6.363
 146 125.544254  60.832923   266.763   265.574  6 56098.11584607  2.220
 147 125.541056  60.833558   270.379   270.152  4 56108.03148964  1.038
 148 125.540946  60.832558   108.460   108.525  7 56117.94711931 52.239
 149 125.539572  60.832075   109.519   109.437  7 56127.86275668 54.088
 151 125.538307  60.832254   107.272   107.264  7 56147.69403647 42.801
 153 125.542148  60.832159   105.594   105.542  7 56167.52533398 51.705
 155 125.532048  60.834033   255.479   258.007  5 56187.35661897  2.204
 157 125.538875  60.833127   106.766   106.813  7 56207.18789118 27.938
 158 125.544888  60.834019   252.224   252.198  6 56217.10352444 11.053
 159 125.549782  60.834107   103.186   103.239  6 56227.01916748 40.826
 160 125.547864  60.833921   104.160   104.133  6 56236.93482219 27.443
 161 125.543805  60.833751   103.793   103.780  7 56246.85047282 23.458
 162 125.543569  60.832867   103.597   103.577  7 56256.76611878 21.527
 163 125.544129  60.833122   103.745   103.753  6 56266.68176102 19.673
 164 125.543554  60.834019   104.036   104.047  6 56276.59740134 19.757
 165 125.544161  60.832994   103.885   103.933  7 56286.51304852 16.191
 166 125.539457  60.832021   104.134   103.801  7 56296.42869795 14.977
 167 125.536267  60.830368   103.804   103.950  8 56306.34434360 14.350
 168 125.532729  60.830686   105.982   105.591  8 56316.25998591 18.052
 169 125.534732  60.831714   104.481   103.821  8 56326.17562701 13.448
 170 125.539346  60.832776   103.880   103.816  7 56336.09126746 11.827
 171 125.542971  60.832999   104.004   104.013  6 56346.00690664 11.797
 172 125.542979  60.832613   103.799   103.780  7 56355.92254315 12.026
 173 125.537659  60.832030   102.066   101.885  8 56365.83818955 19.317
 174 125.537659  60.830766   102.796   102.843  8 56375.75383850 18.733
 176 125.541829  60.833040   101.963   101.974  6 56395.58512794 22.400
 177 125.545340  60.833584   102.850   103.190  7 56405.50076969 22.931
 178 125.546857  60.833614   261.646   260.458  6 56415.41640804 14.628
 179 125.546746  60.833516   266.445   265.596  6 56425.33204148  5.413
 180 125.544297  60.832940   266.225   266.736  6 56435.24768942  4.421
 181 125.542105  60.832714   262.552   263.627  6 56445.16334124  6.191
 182 125.543265  60.832714   257.514   258.419  7 56455.07899094  5.851
 183 125.534972  60.835050   263.455   263.643  4 56464.99463655  1.394
 184 125.530506  60.834750   258.383   258.383  2 56474.91027918  0.706
 185 125.534285  60.831335   157.943   156.407  8 56484.82591948 24.602
 186 125.536453  60.830304   110.480   110.503  8 56494.74155621 51.149
 187 125.535919  60.833093   273.332   274.515  6 56504.65719020  1.267
 188 125.542150  60.835091   265.593   265.660  3 56514.57282329  1.168
 189 125.545414  60.834368   110.846   110.431  6 56524.48847561 17.149
 190 125.543378  60.832918   262.519   265.836  7 56534.40412675  4.994
 192 125.538069  60.830714   258.710   258.177  8 56554.23541843  7.206
 193 125.538967  60.832335   253.252   252.605  7 56564.15106111  5.681
 194 125.546030  60.833170   252.355   252.376  6 56574.06670319 12.909
 195 125.548935  60.834586   103.055   103.005  7 56583.98234226 31.053
 196 125.548179  60.835440   252.926   252.844  6 56593.89797642 14.058
 197 125.545261  60.833293   103.241   103.248  7 56603.81362994 34.832
 198 125.542502  60.832107   102.848   102.888  7 56613.72927849 23.781
 199 125.540993  60.832924   103.169   103.154  7 56623.64492280 26.159
 200 125.542562  60.833421   103.311   103.335  7 56633.56056455 19.085
 201 125.545721  60.833358   103.374   103.417  7 56643.47620179 17.569
 202 125.542459  60.831916   103.528   103.524  7 56653.39185315 16.768
 203 125.536325  60.831053   103.195   103.230  8 56663.30750173 14.242
 204 125.533618  60.830522   103.259   103.279  8 56673.22314792 14.083
 205 125.536738  60.830915   103.050   103.005  8 56683.13879323 13.552
 206 125.541236  60.831982   103.280   103.198  7 56693.05443653 12.549
 207 125.542994  60.833627   102.379   102.213  7 56702.97007533 16.540
 208 125.545030  60.833014   109.158   109.101  6 56712.88570926 11.107
 210 125.536806  60.831314   106.746   105.675  8 56732.71700742  9.979
 211 125.539592  60.831727   107.948   108.969  7 56742.63265506 10.461
 212 125.544778  60.832986   108.570   109.225  6 56752.54829841 10.733
 213 125.546518  60.834963   103.939   104.187  6 56762.46393609 20.178
 214 125.549688  60.834704   259.922   258.904  7 56772.37956727 15.983
 215 125.544323  60.832814   264.465   264.315  7 56782.29522489  9.388
 216 125.538754  60.831934   264.277   264.632  7 56792.21087875  6.126
 217 125.537709  60.831299   263.215   262.135  7 56802.12653017  5.206
 218 125.537905  60.832201   270.808   269.786  8 56812.04217403  3.524
 219 125.540841  60.831859   106.686   106.739  7 56821.95781427 40.337
 221 125.530799  60.834518   158.830   159.288  4 56841.78908108 19.999
 222 125.538105  60.832039   105.826   105.998  7 56851.70472017 29.290
 225 125.539229  60.833151   104.726   104.615  7 56881.45167850 43.666
 226 125.537299  60.832957   256.004   254.321  3 56891.36732528  1.010
 227 125.531266  60.833335   256.875   257.667  5 56901.28296869  1.310
 229 125.540612  60.831673   260.978   260.806  5 56921.11425242  1.135
 230 125.544174  60.833541   105.580   105.584  7 56931.02989095 48.039
 231 125.550239  60.833817   105.354   105.624  6 56940.94552489 26.299
 232 125.549133  60.834156   252.555   252.462  6 56950.86116482 11.883
 233 125.543804  60.833201   252.267   252.165  7 56960.77681611  6.846
 234 125.542542  60.831818   102.983   102.988  7 56970.69246277 26.863
 235 125.541084  60.832287   102.935   102.913  7 56980.60810512 21.090
 236 125.543535  60.832549   103.240   103.176  7 56990.52374341 17.789
 237 125.543455  60.833924   102.891   102.862  6 57000.43937499 17.042
 238 125.539531  60.833139   103.502   103.196  7 57010.35503002 15.258
 239 125.536956  60.831888   103.215   103.054  8 57020.27068195 13.564
 240 125.536965  60.831217   103.740   103.650  8 57030.18633118 12.243
 241 125.538654  60.831291   103.377   103.086  8 57040.10197880 12.163
 242 125.539579  60.832406   102.778   102.928  7 57050.01762407 15.645
 243 125.541522  60.832878   101.919   101.908  6 57059.93326546 17.627
 244 125.543660  60.832780   102.438   102.096  7 57069.84890126 18.328
 245 125.544022  60.833297   102.465   102.111  6 57079.76453244 18.180
 246 125.544292  60.834042   102.445   102.217  6 57089.68017086 13.935
 247 125.544830  60.833672   101.809   101.793  7 57099.59582890 19.085
 248 125.545925  60.833630   101.652   101.655  7 57109.51148391 23.150
 249 125.546332  60.833273   101.564   101.611  6 57119.42713348 23.995
 250 125.542382  60.833486   101.581   101.606  7 57129.34277666 17.393
 251 125.541924  60.832921   103.374   103.559  7 57139.25841485 40.453
 252 125.542239  60.833426   261.417   259.443  6 57149.17404939 13.637
 253 125.547081  60.833297   262.063   261.258  6 57159.08968171  6.438
 254 125.544636  60.833280   272.916   272.069  6 57169.00533170  3.170
 255 125.541276  60.832237   268.002   268.236  7 57178.92098753  7.544
 256 125.536958  60.831686   262.376   262.218  7 57188.83663911  6.785
 257 125.537969  60.830785   268.364   267.730  8 57198.75228726  1.998
 260 125.542789  60.831922   105.742   105.875  7 57228.49920920 32.946
 261 125.541915  60.832501   104.752   104.084  7 57238.41485009 34.604
 262 125.541669  60.833000   103.975   104.125  7 57248.33048787 38.366
 263 125.545089  60.833062   103.794   103.892  7 57258.24612359 44.912
 264 125.547873  60.834263   104.853   104.072  6 57268.16175796 30.578
 265 125.549196  60.834685   106.144   106.477  6 57278.07740678 24.692
 266 125.547289  60.834611   105.883   106.105  6 57287.99306291 27.360
 267 125.545274  60.833412   103.686   103.683  6 57297.90871631 36.881
 268 125.539945  60.833117   252.168   252.275  7 57307.82436566  4.887
 269 125.537835  60.832552   101.967   101.952  7 57317.74001160 42.510
 270 125.539266  60.831948   101.705   101.651  7 57327.65565456 36.986
 271 125.541712  60.832176   251.583   251.556  7 57337.57129532 11.724
 272 125.538253  60.832758   251.747   251.714  7 57347.48694277 12.023
 273 125.536844  60.831638   102.539   102.540  8 57357.40258931 23.584
 274 125.535537  60.830697   102.946   102.978  8 57367.31823244 19.258
 275 125.537622  60.830384   102.868   102.879  8 57377.23387278 17.238
 276 125.539168  60.832370   102.892   102.827  7 57387.14951109 14.503
 277 125.543707  60.833561   102.635   102.720  7 57397.06514911 13.430
 278 125.546435  60.834219   102.602   102.538  6 57406.98078578 12.494
 279 125.544249  60.833118   102.544   102.565  7 57416.89643725 14.201
 280 125.539520  60.832951   104.957   104.116  7 57426.81208794 11.727
 281 125.539556  60.832808   104.809   104.623  7 57436.72773612 11.072
 282 125.542851  60.833455   103.420   102.837  7 57446.64338287 16.259
 283 125.545625  60.834263   106.077   107.510  6 57456.55902857 18.409
 284 125.545484  60.834595   101.818   101.793  6 57466.47467172 17.423
 285 125.546106  60.833148   101.921   101.886  6 57476.39031128 21.272
 286 125.542222  60.833019   102.711   101.965  6 57486.30594698 17.550
 287 125.541559  60.833497   107.651   107.658  7 57496.22158056 15.247
 288 125.545439  60.834318   103.763   104.278  6 57506.13721626 44.261
 289 125.546117  60.833739   266.745   267.535  6 57516.05287286  7.802
 290 125.543222  60.833321   264.924   264.465  6 57525.96852651  6.792
 291 125.539212  60.831877   263.689   265.396  7 57535.88417773  8.870
 292 125.535476  60.830785   264.860   265.226  8 57545.79982610  1.804
 293 125.528461  60.833115   267.230   267.778  4 57555.71547174  1.264
 294 125.527819  60.835618   272.604   272.604  2 57565.63111646  0.540
 295 125.540635  60.833451   266.432   266.432  2 57575.54676223  0.531
 296 125.538944  60.834623   267.933   267.398  3 57585.46240548  1.043
 297 125.542793  60.832460   260.167   258.960  7 57595.37804753  2.520
