-154444.280   279.487     0.00   54.09
-154157.907   288.014    29.77   56.47
-153871.513   300.245    42.70   60.30
-153585.099   316.711    57.49   63.10
-153298.665   335.441    65.39   58.45
-153012.211   353.887    64.39   55.63
-152725.737   375.244    74.54   41.58
-152439.243   390.843    54.45   26.31
-152152.729   397.963    24.85   18.08
-151866.195   398.776     2.84   18.72
-151579.641   394.879   -13.60   23.25
-151293.067   384.414   -36.51   29.67
-151006.472   374.971   -32.95   34.47
-150719.858   367.374   -26.50   37.40
-150433.223   362.826   -15.87   35.87
-150146.569   354.273   -29.83   39.40
-149859.894   349.082   -18.11   42.09
-149573.199   346.613    -8.61   43.82
-149286.484   348.879     7.90   39.72
-148999.749   349.533     2.28   36.20
-148712.994   353.058    12.29   35.26
-148426.218   356.248    11.12   33.87
-148139.423   360.826    15.96   30.13
-147852.607   365.932    17.80   28.17
-147565.771   363.673    -7.88   34.33
-147278.915   358.066   -19.54   39.67
-146992.039   347.861   -35.57   44.91
-146705.143   338.387   -33.02   49.38
-146418.227   326.948   -39.87   54.58
-146131.290   312.357   -50.85   59.51
-145844.333   302.853   -33.12   58.52
-145557.356   292.896   -34.69   57.78
-145270.359   288.957   -13.72   56.56
-144983.342   283.784   -18.02   57.75
-144696.304   277.980   -20.22   63.68
-144409.247   265.545   -43.31   76.21
-144122.169   247.861   -61.60   86.45
-143835.071   230.870   -59.18   90.58
-143547.952   205.733   -87.54   88.53
-143260.814   180.186   -88.97   81.67
-142973.655   163.684   -57.46   71.43
-142686.476   150.660   -45.35   63.64
-142399.277   143.649   -24.41   59.34
-142112.057   140.756   -10.07   59.31
-141824.817   145.738    17.34   67.21
-141537.557   153.508    27.04   76.87
-141250.277   169.599    56.01   88.46
-140962.977   189.087    67.83   96.60
-140675.656   211.431    77.76   93.66
-140388.315   224.374    45.04   79.58
-140100.954   223.246    -3.93   71.08
-139813.572   217.442   -20.19   68.58
-139526.170   204.124   -46.34   73.02
-139238.748   186.652   -60.78   67.28
-138951.306   183.231   -11.90   61.41
-138663.843   188.818    19.44   64.13
-138376.360   205.958    59.62   72.61
-138088.856   234.703    99.97   73.29
-137801.333   258.616    83.16   61.73
-137513.789   280.285    75.35   37.95
-137226.225   287.303    24.40   23.08
-136938.640   282.265   -17.52   19.24
-136651.035   276.042   -21.63   20.16
-136363.410   267.522   -29.62   19.17
-136075.764   259.852   -26.66   19.45
-135788.098   254.133   -19.88   19.44
-135500.412   249.819   -14.99   19.51
-135212.705   246.090   -12.96   19.24
-134924.978   241.982   -14.28   20.90
-134637.231   232.957   -31.36   30.34
-134349.463   223.511   -32.82   38.06
-134061.675   212.498   -38.26   43.64
-133773.866   198.776   -47.67   46.57
-133486.037   185.124   -47.43   47.96
-133198.188   171.852   -46.10   46.67
-132910.318   161.105   -37.33   43.91
-132622.428   150.073   -38.32   42.31
-132334.517   138.335   -40.77   40.53
-132046.587   121.642   -57.97   37.69
-131758.635   108.734   -44.82   38.51
-131470.663    91.726   -59.06   39.97
-131182.671    74.238   -60.72   38.23
-130894.659    56.835   -60.42   30.47
-130606.626    48.217   -29.92   24.38
-130318.572    46.870    -4.68   23.86
-130030.498    57.179    35.79   41.21
-129742.404    85.545    98.45   66.09
-129454.289   115.955   105.54   77.91
-129166.153   142.340    91.57   75.98
-128877.998   167.451    87.14   66.64
-128589.821   198.922   109.20   58.70
-128301.625   220.226    73.92   59.57
-128013.408   242.525    77.36   68.90
-127725.170   263.947    74.31   75.16
-127436.912   287.308    81.04   73.12
-127148.633   314.215    93.33   54.80
-126860.334   324.980    37.34   34.93
-126572.014   312.416   -43.57   52.61
-126283.674   285.003   -95.07   79.75
-125995.313   246.686  -132.87   92.71
-125706.932   212.723  -117.76   87.56
-125418.530   182.693  -104.12   69.59
-125130.108   164.352   -63.59   50.67
-124841.665   163.879    -1.64   47.30
-124553.202   173.169    32.20   53.81
-124264.718   191.912    64.97   60.13
-123976.213   216.327    84.62   63.51
-123687.688   245.607   101.47   65.54
-123399.143   273.197    95.61   61.93
-123110.577   300.692    95.27   52.58
-122821.990   325.082    84.51   44.93
-122533.382   343.142    62.57   42.14
-122244.755   358.221    52.24   35.44
-121956.106   366.124    27.38   27.35
-121667.437   371.158    17.44   21.59
-121378.747   374.773    12.52   21.05
-121090.037   378.772    13.85   23.11
-120801.306   382.166    11.75   24.36
-120512.555   385.683    12.18   23.84
-120223.783   390.444    16.48   19.23
-119934.990   391.501     3.66   18.64
-119646.177   388.887    -9.05   22.04
-119358.704   385.099   -13.18   25.21
-119074.156   382.921    -7.65   25.03
-118789.590   382.510    -1.44   23.98
-118505.004   383.446     3.29   22.66
-118220.398   386.421    10.45   18.13
-117935.773   387.879     5.12   15.53
-117651.129   381.308   -23.08   23.84
-117366.466   371.683   -33.81   31.09
-117081.784   357.666   -49.23   36.81
-116797.082   341.218   -57.77   39.51
-116512.361   315.331   -90.91   53.61
-116227.620   287.673   -97.13   61.33
-115942.860   264.374   -81.82   59.44
-115658.081   251.305   -45.89   53.07
-115373.282   247.374   -13.80   46.33
-115088.465   248.164     2.77   44.69
-114803.627   259.887    41.15   50.43
-114518.771   279.607    69.22   52.81
-114233.895   303.990    85.59   50.26
-113949.000   320.699    58.64   50.17
-113664.085   339.339    65.42   42.37
-113379.151   353.817    50.81   35.44
-113094.198   363.164    32.80   31.73
-112809.225   370.870    27.04   29.54
-112524.233   376.192    18.67   27.50
-112239.222   380.168    13.95   25.43
-111954.191   385.743    19.56   23.30
-111669.141   391.175    19.06   22.03
-111384.071   391.563     1.36   25.21
-111098.982   390.642    -3.23   31.34
-110813.874   385.895   -16.65   38.76
-110528.746   379.277   -23.21   43.72
-110243.598   371.992   -25.55   42.62
-109958.432   369.278    -9.51   38.11
-109673.246   366.582    -9.46   34.07
-109388.040   368.502     6.73   29.79
-109102.815   374.465    20.90   27.71
-108817.571   383.113    30.32   25.84
-108532.307   394.954    41.50   24.90
-108247.024   407.749    44.85   21.96
-107961.721   417.256    33.32   19.91
-107676.399   426.658    32.95   16.49
-107391.057   431.280    16.20   12.70
-107105.696   432.809     5.36    9.84
-106820.316   432.633    -0.62    8.57
-106534.915   431.463    -4.10    7.71
-106249.496   430.641    -2.88    6.74
-105964.057   431.422     2.74    8.00
-105678.598   435.180    13.16   10.97
-105393.120   439.480    15.06   12.18
-105107.623   443.353    13.57   11.15
-104822.106   446.192     9.94    9.74
-104536.570   446.273     0.29   10.19
-104251.014   443.324   -10.33   13.76
-103965.438   439.004   -15.12   15.73
-103679.843   434.405   -16.10   14.06
-103394.228   430.282   -14.43   12.51
-103108.594   427.573    -9.48   11.57
-102822.941   423.290   -14.99   11.72
-102537.268   419.510   -13.23   11.76
-102251.575   416.148   -11.77   13.84
-101965.863   414.895    -4.38   15.02
-101680.131   416.482     5.55   17.41
-101394.379   419.534    10.68   20.84
-101108.609   424.139    16.12   23.03
-100822.818   430.853    23.49   23.91
-100537.008   438.477    26.67   23.31
-100251.178   443.756    18.47   21.65
 -99965.329   449.243    19.19   17.62
 -99679.460   451.929     9.40   13.08
 -99393.572   451.007    -3.23   10.70
 -99107.664   448.922    -7.29   11.59
 -98821.736   443.912   -17.52   15.85
 -98535.789   435.014   -31.12   19.54
 -98249.823   426.493   -29.80   21.26
 -97963.836   416.659   -34.38   19.88
 -97677.830   407.945   -30.47   16.61
 -97391.804   400.395   -26.40   13.18
 -97105.759   394.721   -19.84   10.79
 -96819.694   391.835   -10.09    8.80
 -96533.610   391.146    -2.41    7.42
 -96247.506   393.240     7.32    8.73
 -95961.382   396.783    12.38   11.72
 -95675.238   400.896    14.37   14.16
 -95389.075   406.013    17.88   15.08
 -95102.893   412.055    21.11   15.03
 -94816.690   419.592    26.33   14.09
 -94530.468   426.536    24.26   12.75
 -94244.226   433.022    22.66   12.96
 -93957.965   439.592    22.95   13.20
 -93671.684   445.054    19.08   11.70
 -93385.383   448.105    10.65   10.51
 -93099.062   449.310     4.21   10.72
 -92812.722   447.485    -6.37   13.36
 -92526.362   442.671   -16.81   15.95
 -92239.983   437.392   -18.44   16.37
 -91953.583   431.095   -21.98   16.68
 -91667.164   424.075   -24.51   16.95
 -91380.726   416.417   -26.73   16.99
 -91094.267   409.511   -24.11   16.10
 -90807.789   403.795   -19.95   15.36
 -90521.291   399.203   -16.03   14.20
 -90234.773   397.422    -6.21   14.36
 -89948.236   396.768    -2.28   15.72
 -89661.679   394.450    -8.09   16.58
 -89375.102   391.921    -8.82   16.96
 -89088.505   391.072    -2.96   16.10
 -88801.889   389.004    -7.21   13.88
 -88515.252   387.285    -6.00   11.70
 -88228.596   387.435     0.52   10.59
 -87941.921   388.536     3.84   12.14
 -87655.225   392.463    13.70   13.87
 -87368.510   397.097    16.16   13.83
 -87081.775   401.635    15.83   13.81
 -86795.020   405.505    13.49   13.92
 -86508.245   409.685    14.58   13.95
 -86221.451   413.545    13.46   14.16
 -85934.636   418.439    17.06   15.89
 -85647.802   423.844    18.84   17.22
 -85360.948   429.055    18.16   17.61
 -85074.074   434.320    18.35   16.79
 -84787.181   438.026    12.92   14.28
 -84500.267   440.618     9.03   11.95
 -84213.334   442.003     4.83   12.05
 -83926.381   441.113    -3.10   14.24
 -83639.408   437.748   -11.73   16.91
 -83352.415   432.457   -18.43   18.42
 -83065.403   424.928   -26.23   19.33
 -82778.370   417.695   -25.20   18.76
 -82491.318   411.343   -22.12   16.03
 -82204.245   408.418   -10.19   12.39
 -81917.153   406.938    -5.16   10.16
 -81630.041   408.270     4.64   10.72
 -81342.909   412.413    14.43   13.82
 -81055.758   419.374    24.24   16.90
 -80768.586   428.243    30.88   18.09
 -80481.394   437.700    32.93   18.04
 -80194.183   446.947    32.19   17.71
 -79906.951   454.174    25.16   16.11
 -79619.700   458.937    16.58   13.05
 -79332.429   461.579     9.20   10.48
 -79045.138   462.128     1.91   10.48
 -78757.827   463.615     5.18   11.88
 -78470.496   465.676     7.17   12.90
 -78183.145   466.690     3.53   13.07
 -77895.774   466.878     0.65   11.51
 -77608.383   463.516   -11.70   14.28
 -77320.972   456.011   -26.11   20.79
 -77033.542   445.528   -36.47   28.32
 -76746.091   433.059   -43.37   31.54
 -76458.620   419.716   -46.41   28.66
 -76171.130   412.441   -25.30   23.21
 -75883.619   407.964   -15.57   20.13
 -75596.088   406.817    -3.99   19.89
 -75308.538   408.126     4.55   22.48
 -75020.967   411.366    11.26   24.80
 -74733.377   412.109     2.59   26.48
 -74445.766   411.352    -2.63   28.89
 -74158.135   404.682   -23.19   30.65
 -73870.485   398.579   -21.21   31.50
 -73582.814   391.792   -23.59   31.40
 -73295.124   385.747   -21.01   30.33
 -73007.413   378.322   -25.81   26.04
 -72719.682   373.660   -16.20   21.19
 -72431.932   371.497    -7.52   16.67
 -72144.161   372.203     2.45   16.33
 -71856.370   374.475     7.89   18.78
 -71568.559   377.061     8.99   21.24
 -71280.729   381.690    16.08   22.87
 -70992.878   387.120    18.86   22.99
 -70705.007   392.658    19.24   23.40
 -70417.116   397.590    17.13   23.76
 -70129.204   403.032    18.90   24.75
 -69841.273   411.094    28.00   26.38
 -69553.322   423.029    41.45   26.21
 -69265.351   432.955    34.46   23.52
 -68977.359   441.658    30.22   19.93
 -68689.348   449.844    28.42   16.98
 -68401.316   455.211    18.63   16.19
 -68113.264   460.099    16.97   14.43
 -67825.192   462.066     6.83   12.29
 -67537.100   461.611    -1.58   12.26
 -67248.988   458.013   -12.49   15.60
 -66960.856   449.349   -30.07   21.69
 -66672.704   439.041   -35.77   25.69
 -66384.531   427.413   -40.35   25.97
 -66096.338   419.676   -26.84   23.38
 -65808.126   413.920   -19.97   20.48
 -65519.893   409.511   -15.30   17.88
 -65231.640   407.975    -5.33   17.44
 -64943.366   406.113    -6.46   18.58
 -64655.073   403.870    -7.78   19.17
 -64366.759   401.751    -7.35   19.29
 -64078.426   400.501    -4.33   19.21
 -63790.072   401.682     4.09   20.08
 -63501.698   406.122    15.40   22.72
 -63213.303   415.059    30.99   23.47
 -62924.889   426.993    41.37   22.16
 -62636.454   435.531    29.60   18.61
 -62347.999   441.263    19.87   12.83
 -62059.524   443.494     7.73   10.07
 -61771.029   441.238    -7.82   12.74
 -61482.513   431.716   -33.00   24.37
 -61193.977   419.092   -43.75   31.37
 -60905.421   406.056   -45.17   32.83
 -60616.845   393.493   -43.54   28.25
 -60328.249   389.724   -13.06   23.97
 -60039.632   390.195     1.63   24.76
 -59750.995   395.336    17.81   28.24
 -59462.338   403.861    29.53   27.27
 -59173.660   408.497    16.06   22.01
 -58884.963   409.845     4.67   18.27
 -58596.245   406.743   -10.74   20.16
 -58307.507   397.554   -31.82   24.08
 -58018.748   387.502   -34.81   23.69
 -57729.969   377.466   -34.75   20.08
 -57442.945   369.514   -27.71   16.97
 -57158.366   364.396   -17.98   13.95
 -56873.768   363.979    -1.47   13.08
 -56589.151   366.514     8.91   16.97
 -56304.515   373.301    23.84   24.28
 -56019.861   385.706    43.58   29.12
 -55735.187   399.243    47.55   30.49
 -55450.495   413.458    49.93   27.25
 -55165.783   425.843    43.50   19.95
 -54881.052   431.827    21.02   15.26
 -54596.303   435.962    14.52   14.19
 -54311.534   435.758    -0.72   16.71
 -54026.747   433.111    -9.29   19.18
 -53741.940   430.503    -9.16   19.93
 -53457.115   428.603    -6.67   20.48
 -53172.271   428.275    -1.15   19.14
 -52887.407   429.974     5.96   16.42
 -52602.525   429.853    -0.43   15.45
 -52317.623   432.692     9.96   14.15
 -52032.703   436.896    14.76   11.45
 -51747.763   438.438     5.41   11.17
 -51462.805   441.116     9.40   11.21
 -51177.827   444.042    10.27   11.69
 -50892.831   446.758     9.53   10.36
 -50607.815   447.666     3.19    9.89
 -50322.781   448.752     3.81   10.47
 -50037.727   449.072     1.12   10.33
 -49752.654   447.477    -5.59   10.44
 -49467.562   445.011    -8.65   11.15
 -49182.452   440.723   -15.04   12.13
 -48897.322   436.635   -14.34   13.81
 -48612.173   434.661    -6.92   16.06
 -48327.005   431.240   -12.00   17.55
 -48041.818   427.628   -12.66   19.00
 -47756.612   426.870    -2.66   21.31
 -47471.386   427.315     1.56   22.77
 -47186.142   427.630     1.11   22.67
 -46900.879   427.475    -0.54   20.52
 -46615.596   425.186    -8.02   20.27
 -46330.295   418.122   -24.76   25.69
 -46044.974   410.620   -26.29   30.25
 -45759.634   400.487   -35.51   31.78
 -45474.275   396.603   -13.61   32.99
 -45188.897   393.795    -9.84   36.21
 -44903.500   390.861   -10.28   38.45
 -44618.084   392.878     7.07   39.17
 -44332.648   393.245     1.28   38.85
 -44047.194   394.733     5.21   38.21
 -43761.720   395.650     3.21   33.31
 -43476.227   392.340   -11.59   33.92
 -43190.715   385.436   -24.18   35.82
 -42905.184   375.835   -33.63   37.19
 -42619.634   361.748   -49.33   41.00
 -42334.064   351.209   -36.91   44.17
 -42048.475   343.911   -25.55   45.98
 -41762.868   335.159   -30.64   47.91
 -41477.241   327.039   -28.43   47.99
 -41191.595   315.770   -39.45   47.17
 -40905.929   297.226   -64.91   52.28
 -40620.245   272.887   -85.19   54.43
 -40334.541   253.645   -67.35   53.43
 -40048.818   236.239   -60.92   44.37
 -39763.076   223.853   -43.35   36.91
 -39477.315   216.955   -24.14   29.26
 -39191.534   218.130     4.11   28.92
 -38905.734   222.428    15.04   32.77
 -38619.915   231.646    32.25   39.07
 -38334.077   251.463    69.33   48.95
 -38048.220   273.145    75.85   55.83
 -37762.343   298.870    89.98   58.36
 -37476.447   325.137    91.88   51.79
 -37190.532   342.936    62.25   39.69
 -36904.597   352.280    32.68   32.01
 -36618.644   350.059    -7.76   38.94
 -36332.671   340.318   -34.06   51.81
 -36046.679   325.729   -51.01   59.30
 -35760.667   310.630   -52.79   59.19
 -35474.637   299.137   -40.18   54.30
 -35188.587   292.124   -24.52   47.88
 -34902.517   288.470   -12.77   42.21
 -34616.429   291.607    10.97   41.32
 -34330.321   299.473    27.49   44.99
 -34044.194   315.987    57.72   47.61
 -33758.047   335.239    67.28   44.95
 -33471.882   352.447    60.13   39.38
 -33185.697   367.444    52.40   32.66
 -32899.492   380.828    46.77   27.90
 -32613.269   389.003    28.56   22.14
 -32327.026   393.098    14.30   18.87
 -32040.764   390.634    -8.61   24.10
 -31754.482   382.374   -28.85   33.46
 -31468.181   366.649   -54.92   44.39
 -31181.861   346.572   -70.12   51.16
 -30895.521   322.592   -83.74   56.75
 -30609.162   300.214   -78.15   57.55
 -30322.784   281.008   -67.07   55.04
 -30036.386   267.421   -47.44   47.64
 -29749.969   259.590   -27.34   45.37
 -29463.533   251.458   -28.39   45.11
 -29177.077   242.220   -32.25   48.08
 -28890.602   237.596   -16.14   58.65
 -28604.107   231.060   -22.81   68.23
 -28317.593   215.802   -53.25   76.21
 -28031.060   195.132   -72.14   88.79
 -27744.507   172.921   -77.51   87.31
 -27457.935   151.786   -73.75   83.06
 -27171.344   136.594   -53.01   72.72
 -26884.733   128.784   -27.25   60.88
 -26598.102   124.122   -16.26   56.49
 -26311.453   122.032    -7.29   57.37
 -26024.783   123.648     5.63   60.04
 -25738.095   120.732   -10.17   55.62
 -25451.387   123.597     9.99   54.39
 -25164.659   129.768    21.52   56.91
 -24877.913   140.649    37.95   64.12
 -24591.146   153.183    43.71   66.76
 -24304.360   164.357    38.96   66.61
 -24017.555   176.059    40.80   63.79
 -23730.731   170.559   -19.18   66.79
 -23443.886   164.036   -22.74   68.10
 -23157.023   156.736   -25.45   66.03
 -22870.140   145.990   -37.46   57.39
 -22583.237   148.284     7.99   58.29
 -22296.315   161.547    46.23   64.25
 -22009.374   177.470    55.49   65.21
 -21722.413   202.715    87.97   61.96
 -21435.432   225.495    79.38   59.50
 -21148.432   249.928    85.13   54.43
 -20861.413   266.979    59.41   52.42
 -20574.374   287.189    70.41   49.01
 -20287.315   308.283    73.48   41.78
 -20000.237   326.526    63.54   38.33
 -19713.140   339.921    46.66   35.35
 -19426.023   351.999    42.06   32.67
 -19138.886   355.771    13.14   28.04
 -18851.730   358.052     7.94   26.30
 -18564.554   361.585    12.30   25.40
 -18277.359   362.645     3.69   25.72
 -17990.144   355.561   -24.66   29.31
 -17702.910   342.378   -45.90   37.85
 -17415.656   327.137   -53.06   47.61
 -17128.383   307.020   -70.03   53.00
 -16841.090   290.944   -55.95   48.35
 -16553.777   281.051   -34.43   38.74
 -16266.445   279.895    -4.02   31.23
 -15979.093   284.311    15.37   37.52
 -15691.722   296.870    43.70   45.80
 -15404.331   313.784    58.85   49.21
 -15116.920   331.122    60.33   45.95
 -14829.490   344.660    47.10   36.13
 -14542.041   349.268    16.03   30.78
 -14254.571   340.861   -29.24   35.98
 -13967.082   329.709   -38.79   44.92
 -13679.574   310.977   -65.15   52.41
 -13392.046   290.497   -71.23   53.38
 -13104.498   275.374   -52.59   47.76
 -12816.930   259.492   -55.23   36.34
 -12529.343   255.803   -12.83   32.54
 -12241.737   257.784     6.89   35.07
 -11954.110   270.956    45.80   40.26
 -11666.464   290.936    69.46   42.27
 -11378.799   309.003    62.80   41.69
 -11091.113   325.965    58.96   40.38
 -10803.408   342.912    58.91   38.56
 -10515.684   355.952    45.32   34.15
 -10227.939   366.382    36.25   31.45
  -9940.175   371.240    16.88   31.21
  -9652.392   371.761     1.81   29.28
  -9364.588   372.586     2.87   26.17
  -9076.765   371.285    -4.52   20.49
  -8788.922   367.577   -12.88   16.93
  -8501.060   362.689   -16.98   19.74
  -8213.178   355.648   -24.46   26.12
  -7925.276   346.528   -31.68   31.95
  -7637.354   334.715   -41.03   39.09
  -7349.413   315.308   -67.40   45.22
  -7061.452   294.738   -71.43   51.01
  -6773.471   271.870   -79.41   60.77
  -6485.471   238.844  -114.67   70.12
  -6197.450   211.920   -93.48   69.23
  -5909.410   194.391   -60.86   64.47
  -5621.351   192.539    -6.43   66.23
  -5333.271   196.648    14.26   78.73
  -5045.172   210.994    49.80   88.57
  -4757.053   231.099    69.78   88.27
  -4468.914   250.542    67.48   79.43
  -4180.756   259.682    31.72   71.44
  -3892.577   249.349   -35.86   84.43
  -3604.379   228.801   -71.30   96.85
  -3316.161   193.682  -121.85  113.67
  -3027.923   160.861  -113.87  124.27
  -2739.666   127.685  -115.09  123.63
  -2451.389    93.180  -119.69  114.26
  -2163.092    58.775  -119.34   94.27
  -1874.775    35.578   -80.46   77.53
  -1586.438    14.653   -72.57   45.64
  -1298.081     1.215   -46.60   11.44
  -1009.705    -1.508    -9.44    2.76
   -721.309    -1.514    -0.02    1.58
   -432.893    -1.064     1.56    1.98
   -144.457    -0.794     0.94    2.15
    143.999    -0.155     2.21    2.65
    432.474     1.678     6.36    6.11
    720.970     4.536     9.91   10.18
   1009.485     9.284    16.45   15.06
   1298.020    13.303    13.93   16.81
   1586.575    13.671     1.28   15.91
   1875.150    14.870     4.15   15.15
   2163.745    18.665    13.15   17.28
   2452.359    26.611    27.53   28.71
   2740.994    38.265    40.37   41.95
   3029.648    51.579    46.13   51.98
   3318.323    71.525    69.09   61.89
   3607.017    90.542    65.87   64.91
   3895.731   110.021    67.47   62.60
   4184.465   127.004    58.82   56.26
   4471.076   143.075    56.07   45.88
   4755.686   152.457    32.96   36.79
   5040.315   159.361    24.26   24.66
   5324.962   163.177    13.41   15.92
   5609.628   162.061    -3.92   15.22
   5894.312   161.961    -0.35   13.56
   6179.015   162.603     2.25   10.67
   6463.737   163.624     3.59   10.04
   6748.477   165.732     7.40    8.79
   7033.236   168.083     8.26    7.54
   7318.013   170.861     9.75    6.64
   7602.809   173.624     9.70    6.01
   7887.624   176.428     9.85    5.72
   8172.457   179.146     9.54    5.90
   8457.309   181.253     7.40    5.96
   8742.180   182.027     2.72    5.46
   9027.069   181.836    -0.67    5.71
   9311.977   181.195    -2.25    6.38
   9596.903   178.870    -8.16    7.84
   9881.848   175.956   -10.23    9.20
  10166.812   172.041   -13.74    8.44
  10451.794   170.231    -6.35    6.96
  10736.795   170.488     0.90    8.41
  11021.815   172.273     6.26   10.04
  11306.853   176.090    13.39   12.49
  11591.910   181.520    19.05   15.59
  11876.986   188.059    22.94   16.42
  12162.080   196.732    30.42   18.29
  12447.193   202.969    21.88   19.13
  12732.325   208.688    20.06   18.87
  13017.476   211.982    11.55   17.96
  13302.645   212.280     1.04   18.67
  13587.833   211.338    -3.30   18.46
  13873.039   210.180    -4.06   17.15
  14158.264   209.607    -2.01   15.41
  14443.508   207.118    -8.73   13.17
  14728.771   207.448     1.16   10.88
  15014.053   208.965     5.32    9.71
  15299.353   212.828    13.54   10.18
  15584.672   216.647    13.38   10.38
  15870.009   220.442    13.30   10.09
  16155.365   225.163    16.54   10.83
  16440.741   228.952    13.28   11.37
  16726.134   230.972     7.08   10.73
  17011.547   233.878    10.18    9.99
  17296.978   235.421     5.40    8.81
  17582.428   236.145     2.54    8.32
  17867.897   236.471     1.14    7.99
  18153.385   237.192     2.52    8.18
  18438.891   238.124     3.26    8.57
  18724.417   239.024     3.15    8.07
  19009.960   239.280     0.90    6.47
  19295.523   239.007    -0.96    5.19
  19581.105   237.796    -4.24    4.54
  19866.705   235.921    -6.56    5.16
  20152.324   233.093    -9.90    6.23
  20437.962   228.280   -16.85   11.11
  20723.619   222.268   -21.04   15.84
  21009.295   210.827   -40.05   23.01
  21294.989   197.266   -47.47   29.18
  21580.702   181.651   -54.65   34.32
  21866.434   164.039   -61.64   38.64
  22152.185   154.887   -32.03   40.19
  22437.955   149.634   -18.38   44.06
  22723.743   146.215   -11.97   46.70
  23009.551   146.534     1.12   49.99
  23295.377   140.911   -19.67   50.82
  23581.222   137.878   -10.61   49.90
  23867.086   143.313    19.01   47.93
  24152.969   153.045    34.04   51.21
  24438.870   165.165    42.39   55.77
  24724.791   183.502    64.14   59.88
  25010.730   202.964    68.06   57.66
  25296.688   221.624    65.26   47.45
  25582.666   235.710    49.26   37.30
  25868.662   240.585    17.05   34.44
  26154.677   244.995    15.42   29.22
  26440.710   248.647    12.77   24.76
  26726.763   250.195     5.41   22.49
  27012.835   250.690     1.73   20.81
  27298.925   255.151    15.59   18.01
  27585.035   259.810    16.29   15.99
  27871.163   265.226    18.93   13.64
  28157.310   270.590    18.75   12.52
  28443.477   275.645    17.66   11.83
  28729.662   279.785    14.47    9.36
  29015.866   282.827    10.63    5.98
  29302.089   282.732    -0.33    6.06
  29588.331   281.181    -5.42    7.55
  29874.592   279.327    -6.48    8.62
  30160.872   278.128    -4.19    8.36
  30447.171   277.755    -1.30    7.89
  30733.488   277.818     0.22    7.72
  31019.825   278.605     2.75    8.13
  31306.181   279.624     3.56    8.10
  31592.555   280.477     2.98    7.70
  31878.949   280.972     1.73    6.67
  32165.362   280.979     0.02    5.85
  32451.793   280.028    -3.32    5.83
  32738.244   278.298    -6.04    6.11
  33024.714   275.811    -8.68    6.71
  33311.202   273.903    -6.66    6.84
  33597.710   272.430    -5.14    7.25
  33884.237   272.947     1.80    8.61
  34170.782   274.779     6.39   10.09
  34457.347   276.928     7.50   11.30
  34743.931   280.171    11.32   10.97
  35030.533   284.063    13.58   11.04
  35317.155   285.066     3.50   11.53
  35603.796   284.005    -3.70   12.37
  35890.456   283.648    -1.25   11.87
  36177.135   283.542    -0.37   10.84
  36463.833   285.211     5.82   10.06
  36750.550   287.819     9.09   10.22
  37037.286   291.166    11.67   11.04
  37324.041   296.002    16.86   11.33
  37610.815   300.697    16.37   10.75
  37897.608   305.605    17.11   10.37
  38184.420   309.744    14.43    9.85
  38471.252   313.769    14.03    9.73
  38758.102   316.955    11.11    9.67
  39044.972   319.820     9.99    9.93
  39331.860   322.362     8.86   10.02
  39618.768   324.785     8.45    9.30
  39905.695   327.801    10.51    8.00
  40192.641   328.112     1.08    6.65
  40479.606   326.878    -4.30    7.64
  40766.590   324.551    -8.11   10.09
  41053.594   319.448   -17.78   13.11
  41340.616   313.804   -19.66   15.26
  41627.658   307.059   -23.50   15.92
  41914.718   300.169   -24.00   14.98
  42201.798   295.197   -17.32   14.04
  42488.897   289.870   -18.56   12.79
  42776.015   285.344   -15.76   12.54
  43063.153   281.895   -12.01   13.68
  43350.309   279.219    -9.32   14.72
  43637.485   276.711    -8.73   15.94
  43924.679   273.059   -12.72   16.53
  44211.893   265.845   -25.12   20.00
  44499.126   255.106   -37.39   26.78
  44786.379   242.990   -42.18   32.46
  45073.650   224.498   -64.37   36.29
  45360.941   210.528   -48.63   32.79
  45648.251   204.451   -21.15   27.99
  45935.580   207.107     9.24   30.07
  46222.928   216.651    33.22   38.08
  46510.295   231.887    53.02   43.16
  46797.682   248.143    56.57   42.08
  47085.088   265.964    62.01   34.23
  47372.513   278.162    42.44   23.42
  47659.957   286.647    29.52   16.66
  47947.421   292.353    19.85   14.45
  48234.904   295.366    10.48   14.96
  48522.406   298.878    12.22   15.36
  48809.927   301.982    10.80   14.48
  49097.467   307.031    17.56   15.21
  49385.027   310.788    13.07   16.04
  49672.606   314.324    12.30   15.53
  49960.204   318.055    12.97   14.05
  50247.822   319.052     3.47   12.88
  50535.459   319.803     2.61   11.92
  50823.115   317.972    -6.36   13.04
  51110.790   312.468   -19.13   14.79
  51398.485   307.263   -18.09   15.71
  51686.198   300.853   -22.28   15.68
  51973.932   295.740   -17.77   14.46
  52261.684   293.471    -7.89   13.33
  52549.456   292.047    -4.95   14.09
  52837.247   291.938    -0.38   14.69
  53125.057   291.424    -1.79   15.88
  53412.887   290.534    -3.09   15.76
  53700.736   287.953    -8.97   17.48
  53988.604   282.273   -19.73   18.12
  54276.492   277.332   -17.16   17.40
  54564.399   277.528     0.68   18.10
  54852.326   280.297     9.62   21.02
  55140.271   286.930    23.03   22.71
  55428.236   294.184    25.19   21.15
  55716.221   301.270    24.61   17.06
  56004.224   306.120    16.84   14.50
  56292.247   306.391     0.94   14.60
  56580.290   306.796     1.41   13.95
  56868.352   306.978     0.63   12.36
  57156.433   307.903     3.21   10.91
  57444.533   310.341     8.46    9.72
  57732.653   313.345    10.43   10.20
  58020.793   316.353    10.44   10.95
  58308.951   320.878    15.71   12.35
  58597.130   325.903    17.44   12.45
  58885.327   331.361    18.94   10.91
  59173.544   335.861    15.61   10.79
  59461.780   339.605    12.99    9.20
  59750.036   342.499    10.04    7.16
  60038.311   345.160     9.23    5.60
  60326.606   346.666     5.22    5.45
  60614.920   347.610     3.27    5.31
  60903.253   346.722    -3.08    5.79
  61191.606   345.234    -5.16    7.63
  61479.979   342.004   -11.20   10.35
  61768.370   338.761   -11.25   11.45
  62056.782   335.930    -9.81   11.92
  62345.212   335.186    -2.58   12.22
  62633.662   336.295     3.84   12.60
  62922.132   338.928     9.13   12.84
  63210.621   342.551    12.56   11.18
  63499.130   345.236     9.31    8.47
  63787.658   346.198     3.33    7.32
  64076.205   345.853    -1.19    7.77
  64364.772   345.429    -1.47    8.36
  64653.358   344.101    -4.60    8.56
  64941.964   343.258    -2.92    8.18
  65230.590   342.066    -4.13    7.77
  65519.235   341.732    -1.16    7.70
  65807.899   340.597    -3.93    8.75
  66096.583   339.793    -2.78    9.65
  66382.829   337.336    -8.58   11.28
  66667.478   333.772   -12.52   12.58
  66952.146   330.414   -11.80   13.04
  67236.831   326.956   -12.15   13.58
  67521.535   321.691   -18.49   17.26
  67806.257   315.467   -21.86   20.23
  68090.997   310.231   -18.39   21.61
  68375.756   305.022   -18.29   20.95
  68660.533   303.118    -6.69   20.10
  68945.327   299.870   -11.40   18.15
  69230.141   301.152     4.50   18.71
  69514.972   304.476    11.67   19.48
  69799.822   308.085    12.67   17.61
  70084.689   312.160    14.31   13.38
  70369.575   314.475     8.12   11.49
  70654.480   316.047     5.52   10.11
  70939.402   317.430     4.85   10.02
  71224.343   320.026     9.11   10.77
  71509.302   322.203     7.64   10.69
  71794.279   322.844     2.25   10.86
  72079.275   320.630    -7.77   13.71
  72364.289   315.721   -17.23   16.15
  72649.321   308.767   -24.40   17.43
  72934.371   301.531   -25.39   17.72
  73219.440   294.722   -23.88   17.25
  73504.527   287.432   -25.57   16.66
  73789.632   280.421   -24.59   16.26
  74074.756   273.222   -25.25   19.17
  74359.898   263.455   -34.25   24.63
  74645.058   252.243   -39.32   29.49
  74930.236   237.547   -51.53   33.98
  75215.433   224.111   -47.11   34.61
  75500.648   209.980   -49.55   31.95
  75785.881   199.716   -35.99   24.35
  76071.133   197.975    -6.10   21.65
  76356.403   204.878    24.20   31.11
  76641.691   216.660    41.30   39.40
  76926.998   230.563    48.73   42.85
  77212.323   247.275    58.57   41.80
  77497.666   262.594    53.69   34.16
  77783.028   277.730    53.05   24.89
  78068.408   287.795    35.27   22.11
  78353.807   295.761    27.91   22.28
  78639.223   303.542    27.26   23.17
  78924.658   312.086    29.94   22.42
  79210.112   320.878    30.80   20.61
  79495.584   329.282    29.44   17.73
  79781.074   335.681    22.42   14.56
  80066.583   339.528    13.47   12.36
  80352.110   341.562     7.12   11.79
  80637.655   339.410    -7.54   13.75
  80923.219   336.837    -9.01   15.54
  81208.801   332.470   -15.29   15.34
  81494.401   327.745   -16.54   13.17
  81780.020   325.308    -8.53   12.08
  82065.658   324.735    -2.00   13.62
  82351.314   327.120     8.35   14.36
  82636.988   331.066    13.82   15.36
  82922.680   334.828    13.17   15.18
  83208.392   339.945    17.91   11.02
  83494.121   340.403     1.60   10.08
  83779.869   339.258    -4.00   10.57
  84065.635   335.466   -13.27   13.76
  84351.420   327.770   -26.93   19.01
  84637.223   317.357   -36.43   23.26
  84923.045   307.536   -34.36   24.77
  85208.885   299.589   -27.81   22.09
  85494.744   295.655   -13.76   18.71
  85780.621   295.223    -1.51   14.47
  86066.516   296.457     4.32   13.93
  86352.430   299.821    11.77   16.17
  86638.363   305.036    18.24   18.36
  86924.314   311.550    22.78   17.77
  87210.283   319.154    26.59   18.65
  87496.271   327.466    29.07   20.44
  87782.278   334.853    25.83   19.00
  88068.302   340.503    19.75   14.13
  88354.346   342.291     6.25   11.29
  88640.408   342.416     0.44    9.69
  88926.488   341.673    -2.60    9.99
  89212.587   339.822    -6.47    9.60
  89498.705   337.607    -7.74    8.36
  89784.841   337.455    -0.53    8.93
  90070.995   340.829    11.79   10.92
  90357.168   343.734    10.15   11.59
  90643.360   347.141    11.90   11.63
  90929.570   350.078    10.26   11.03
  91215.798   353.420    11.68   10.61
  91502.046   356.412    10.45    9.71
  91788.311   358.984     8.98    9.60
  92074.596   358.846    -0.48    9.99
  92360.898   357.562    -4.48   10.74
  92647.220   354.985    -9.00   11.79
  92933.560   351.919   -10.71   12.71
  93219.918   349.135    -9.72   13.33
  93506.296   345.099   -14.09   13.55
  93792.691   339.520   -19.48   13.08
  94079.106   334.020   -19.20   13.46
  94365.538   328.870   -17.98   14.15
  94651.990   324.975   -13.60   13.21
  94938.460   321.370   -12.59   12.25
  95224.949   319.128    -7.82   12.23
  95511.456   317.771    -4.74   12.99
  95797.982   316.252    -5.30   13.47
  96084.526   314.682    -5.48   13.15
  96371.090   310.573   -14.34   14.59
  96657.671   304.091   -22.62   16.58
  96944.272   297.771   -22.05   18.82
  97230.891   290.836   -24.20   20.42
  97517.528   280.862   -34.80   19.97
  97804.185   272.217   -30.16   19.79
  98090.860   263.639   -29.92   18.93
  98377.553   257.673   -20.81   16.75
  98664.265   255.083    -9.03   14.93
  98950.996   253.921    -4.05   15.13
  99237.746   255.895     6.89   19.16
  99524.514   261.618    19.96   22.61
  99811.301   269.828    28.63   23.45
 100098.106   280.014    35.52   20.56
 100384.931   290.148    35.33   21.04
 100671.774   299.227    31.66   21.97
 100958.635   306.666    25.93   21.88
 101245.516   313.928    25.31   21.52
 101532.414   319.696    20.11   18.85
 101819.332   324.192    15.67   13.34
 102106.269   325.268     3.75   11.38
 102393.224   321.480   -13.20   14.08
 102680.198   315.250   -21.71   19.10
 102967.190   310.223   -17.52   19.36
 103254.201   309.322    -3.14   18.42
 103541.231   309.382     0.21   17.59
 103828.280   310.278     3.12   15.92
 104115.347   309.461    -2.85   15.51
 104402.434   306.357   -10.81   18.68
 104689.539   300.041   -22.00   24.96
 104976.662   285.573   -50.39   29.56
 105263.805   277.455   -28.27   27.17
 105550.966   272.275   -18.04   23.54
 105838.146   271.525    -2.61   23.25
 106125.344   276.862    18.58   27.32
 106412.562   284.661    27.16   30.19
 106699.798   295.078    36.27   25.92
 106987.053   306.038    38.16   24.52
 107274.327   313.076    24.50   25.00
 107561.620   314.470     4.85   23.80
 107848.931   312.744    -6.01   23.31
 108136.261   309.780   -10.32   24.44
 108423.610   302.542   -25.19   29.37
 108710.978   287.819   -51.24   33.42
 108998.364   272.034   -54.93   32.81
 109285.770   263.011   -31.39   27.35
 109573.194   260.086   -10.18   24.84
 109860.637   261.506     4.94   24.96
 110148.099   266.439    17.16   26.75
 110435.580   276.063    33.48   27.54
 110723.079   286.286    35.56   22.70
 111010.598   295.288    31.31   16.36
 111298.135   300.597    18.47   17.05
 111585.691   305.728    17.84   18.01
 111873.266   312.812    24.63   17.25
 112160.859   319.146    22.03   16.49
 112448.472   321.332     7.60   15.13
 112736.104   320.312    -3.54   16.98
 113023.754   315.168   -17.88   21.11
 113311.423   308.378   -23.60   24.34
 113599.111   298.661   -33.78   27.33
 113886.818   288.471   -35.42   24.86
 114174.544   281.903   -22.83   17.77
 114462.289   279.097    -9.75   13.39
 114750.052   281.845     9.55   15.53
 115037.835   285.490    12.66   17.66
 115325.636   290.678    18.03   17.05
 115613.457   295.386    16.36   13.45
 115901.296   296.886     5.21   11.55
 116189.154   294.475    -8.38   12.79
 116477.031   293.014    -5.08   13.19
 116764.927   289.990   -10.50   12.27
 117052.842   286.512   -12.08   10.42
