-170305.692   160.406     0.00    7.60
-170017.641   159.231    -4.08    5.92
-169729.571   159.207    -0.08    4.92
-169441.484   158.689    -1.80    4.12
-169153.379   158.763     0.26    4.20
-168865.255   159.317     1.93    4.29
-168577.114   159.600     0.98    4.01
-168288.954   160.549     3.30    3.93
-168000.776   161.164     2.13    3.68
-167712.580   161.591     1.48    3.53
-167424.366   162.226     2.20    3.66
-167136.134   163.051     2.86    3.63
-166847.883   163.414     1.26    3.71
-166559.615   163.614     0.69    3.61
-166271.328   163.760     0.51    4.01
-165983.023   164.304     1.89    4.20
-165694.700   165.035     2.54    4.41
-165406.359   165.648     2.13    4.79
-165118.000   166.648     3.47    4.87
-164829.622   167.731     3.76    4.91
-164541.227   168.608     3.04    5.28
-164252.813   167.759    -2.94    5.87
-163964.381   167.049    -2.46    5.94
-163675.931   167.132     0.29    5.63
-163387.463   168.112     3.40    6.35
-163099.967   169.916     6.27    7.39
-162815.260   172.344     8.53    8.37
-162530.537   175.325    10.47    7.63
-162245.796   177.697     8.33    5.78
-161961.038   178.944     4.38    4.74
-161676.264   178.771    -0.61    4.81
-161391.472   178.581    -0.67    4.59
-161106.664   177.984    -2.10    4.34
-160821.839   177.003    -3.44    3.67
-160536.997   176.558    -1.56    3.39
-160252.137   177.072     1.81    3.69
-159967.261   178.301     4.31    5.10
-159682.368   180.882     9.06    7.28
-159397.458   183.784    10.19    8.52
-159112.532   187.462    12.91    9.74
-158827.588   190.624    11.09    9.49
-158542.627   194.472    13.50    9.59
-158257.649   197.896    12.01    9.83
-157972.655   201.128    11.34    9.18
-157687.643   205.557    15.54    9.60
-157402.614   210.309    16.67   11.25
-157117.569   215.592    18.53   12.28
-156832.506   219.973    15.36   11.82
-156547.427   223.156    11.17    9.62
-156262.330   225.808     9.30    6.75
-155977.217   226.970     4.08    5.42
-155692.086   227.535     1.98    5.40
-155406.939   227.736     0.70    5.62
-155121.774   228.793     3.71    6.26
-154836.593   230.092     4.56    6.31
-154551.394   232.071     6.94    5.64
-154266.179   234.823     9.65    5.81
-153980.946   238.537    13.02    7.38
-153695.697   242.039    12.28    8.63
-153410.430   245.754    13.02    9.23
-153125.147   247.900     7.52    8.43
-152839.846   248.962     3.72    7.31
-152554.529   247.984    -3.43    8.02
-152269.194   244.854   -10.97    9.96
-151983.843   241.448   -11.94   10.45
-151698.474   238.664    -9.75    9.28
-151413.088   237.546    -3.92    8.79
-151127.685   238.041     1.74    9.43
-150842.266   239.815     6.21   10.26
-150556.829   243.193    11.83    9.84
-150271.375   247.656    15.64    7.02
-149985.904   250.451     9.79    4.53
-149700.416   252.281     6.41    3.64
-149414.911   253.328     3.67    3.31
-149129.389   254.136     2.83    3.35
-148843.849   255.107     3.40    3.51
-148558.293   256.160     3.69    2.97
-148272.720   257.346     4.15    2.98
-147987.129   258.466     3.92    2.60
-147701.521   258.920     1.59    2.19
-147415.897   258.823    -0.34    2.18
-147130.255   258.425    -1.39    2.46
-146844.596   257.513    -3.19    3.16
-146558.920   256.376    -3.98    3.53
-146273.227   254.770    -5.62    2.96
-145987.517   253.560    -4.23    2.53
-145701.790   252.875    -2.40    2.11
-145416.045   252.266    -2.13    2.17
-145130.284   251.546    -2.52    2.38
-144844.505   250.599    -3.31    3.28
-144558.709   248.954    -5.75    4.45
-144272.896   247.172    -6.24    5.24
-143987.066   244.863    -8.08    5.67
-143701.219   242.520    -8.19    5.75
-143415.355   239.782    -9.58    5.52
-143129.473   237.301    -8.68    5.06
-142843.575   234.936    -8.27    5.64
-142557.659   232.519    -8.45    6.27
-142271.726   229.449   -10.73    6.41
-141985.776   226.947    -8.75    6.42
-141699.808   224.309    -9.22    6.01
-141413.824   221.491    -9.85    4.39
-141127.822   219.908    -5.53    3.95
-140841.803   217.648    -7.90    3.51
-140555.767   215.301    -8.20    4.95
-140269.714   212.808    -8.72    6.68
-139983.644   210.422    -8.34    7.57
-139697.556   208.527    -6.62    7.36
-139411.452   207.862    -2.32    7.08
-139125.330   207.433    -1.50    7.07
-138839.191   208.766     4.66    8.45
-138553.034   210.349     5.53    9.44
-138266.861   212.631     7.97    9.84
-137980.670   215.640    10.51    9.07
-137694.462   218.022     8.32    7.36
-137408.237   219.323     4.54    5.78
-137121.994   219.184    -0.48    5.22
-136835.734   218.623    -1.96    4.98
-136549.458   217.408    -4.24    4.66
-136263.163   216.199    -4.22    3.93
-135976.852   216.086    -0.40    4.02
-135690.523   217.898     6.33    6.30
-135404.178   221.081    11.12    8.75
-135117.814   226.043    17.33   11.77
-134831.434   232.392    22.17   13.87
-134545.036   238.448    21.14   14.17
-134258.622   245.189    23.54   12.93
-133972.189   250.600    18.89   11.02
-133685.740   255.799    18.15    7.69
-133399.273   258.656     9.97    5.20
-133112.789   260.156     5.24    3.79
-132826.288   260.575     1.46    3.63
-132539.769   260.111    -1.62    4.29
-132253.234   258.704    -4.91    4.65
-131966.680   256.631    -7.23    5.03
-131680.110   253.564   -10.70    5.48
-131393.522   250.239   -11.60    6.41
-131106.917   247.111   -10.91    6.76
-130820.295   244.543    -8.96    6.39
-130533.655   243.554    -3.45    6.36
-130246.998   242.430    -3.92    6.30
-129960.324   243.304     3.05    7.61
-129673.632   245.072     6.17    8.30
-129386.923   247.292     7.74    7.27
-129100.197   249.243     6.80    6.39
-128813.454   250.235     3.46    5.25
-128526.693   250.896     2.30    4.58
-128239.914   250.884    -0.04    4.39
-127953.119   250.083    -2.79    4.80
-127666.306   248.623    -5.09    5.66
-127379.476   246.424    -7.67    6.13
-127092.628   244.201    -7.75    5.86
-126805.763   242.656    -5.38    4.84
-126518.880   242.585    -0.25    5.02
-126231.981   244.081     5.21    6.81
-125945.064   246.720     9.20    8.00
-125658.129   249.204     8.65    8.33
-125371.177   252.366    11.02    7.93
-125084.208   255.132     9.64    6.79
-124797.221   256.783     5.75    6.25
-124510.217   257.959     4.10    5.66
-124223.196   259.640     5.86    5.36
-123936.157   262.354     9.46    5.59
-123649.101   264.205     6.45    5.26
-123362.027   265.648     5.03    4.74
-123074.936   266.264     2.15    4.34
-122787.827   266.392     0.44    3.90
-122500.702   265.640    -2.62    4.15
-122213.558   264.323    -4.59    3.65
-121926.398   263.853    -1.64    3.39
-121639.219   263.601    -0.88    3.25
-121352.024   262.989    -2.13    3.28
-121064.811   261.946    -3.63    3.78
-120777.580   261.231    -2.49    4.00
-120490.332   261.185    -0.16    4.08
-120203.067   260.559    -2.18    3.72
-119915.784   260.380    -0.62    3.53
-119628.484   261.241     3.00    4.39
-119341.166   263.231     6.92    5.65
-119053.831   264.632     4.88    6.88
-118766.479   264.814     0.63    7.28
-118479.108   265.908     3.81    8.37
-118191.721   267.459     5.40    8.81
-117904.316   269.812     8.19    9.04
-117616.893   271.553     6.06    9.54
-117329.453   272.954     4.88    9.53
-117041.996   274.156     4.18    8.85
-116754.521   273.466    -2.40    9.66
-116467.028   272.485    -3.41   11.18
-116179.518   267.607   -16.97   13.05
-115891.991   263.664   -13.71   13.02
-115604.446   259.119   -15.80   11.17
-115316.883   255.600   -12.24    8.66
-115029.303   253.491    -7.33    7.14
-114741.706   251.794    -5.90    5.46
-114454.091   251.096    -2.43    4.45
-114166.458   250.926    -0.59    3.92
-113878.808   250.894    -0.11    3.87
-113591.140   251.616     2.51    3.95
-113303.455   252.520     3.14    3.95
-113015.752   253.763     4.32    3.15
-112728.032   254.164     1.39    3.30
-112440.294   255.370     4.19    3.79
-112152.539   257.185     6.31    4.99
-111864.766   259.672     8.64    7.11
-111576.975   262.136     8.56    7.79
-111289.167   264.713     8.95    7.42
-111001.342   266.010     4.51    6.56
-110713.498   266.944     3.24    5.62
-110425.638   266.254    -2.40    6.53
-110137.759   263.664    -9.00    8.70
-109849.863   260.762   -10.08   10.31
-109561.950   256.323   -15.42   12.98
-109274.019   251.898   -15.37   14.46
-108986.070   248.656   -11.26   14.10
-108698.104   244.801   -13.39   13.59
-108410.120   242.648    -7.48   12.66
-108122.118   241.836    -2.82   11.99
-107834.099   241.024    -2.82   13.57
-107546.062   240.029    -3.45   15.24
-107258.008   237.918    -7.33   16.30
-106969.936   235.218    -9.37   16.83
-106681.846   231.741   -12.07   16.42
-106393.739   227.271   -15.52   14.47
-106105.614   223.480   -13.16   11.16
-105817.471   220.386   -10.74    7.09
-105529.311   218.590    -6.23    4.21
-105241.133   218.362    -0.79    3.88
-104952.938   219.064     2.43    5.55
-104664.725   221.542     8.60    9.03
-104376.494   224.711    10.99   12.04
-104088.246   229.091    15.20   14.13
-103799.979   234.140    17.51   15.70
-103511.696   240.262    21.24   15.69
-103223.394   245.540    18.31   14.38
-102935.075   248.435    10.04   11.99
-102646.738   251.232     9.70   10.21
-102358.384   253.517     7.92    8.15
-102070.012   254.479     3.34    7.09
-101781.622   254.902     1.47    6.68
-101493.214   255.268     1.27    5.73
-101206.026   254.325    -3.28    5.59
-100921.266   253.846    -1.68    4.91
-100636.490   253.033    -2.86    4.58
-100351.698   252.695    -1.19    4.02
-100066.889   252.128    -1.99    4.13
 -99782.063   251.794    -1.17    5.57
 -99497.221   251.878     0.29    6.89
 -99212.363   252.935     3.71    8.41
 -98927.488   253.640     2.48    9.62
 -98642.597   254.204     1.98   10.49
 -98357.689   254.287     0.29   10.50
 -98072.765   253.215    -3.76   10.78
 -97787.825   251.567    -5.79   11.06
 -97502.868   247.827   -13.12   11.83
 -97217.894   244.767   -10.74   11.61
 -96932.904   241.906   -10.04    9.86
 -96647.897   239.577    -8.17    7.90
 -96362.874   237.890    -5.92    6.45
 -96077.835   236.590    -4.56    5.97
 -95792.779   235.894    -2.44    6.41
 -95507.707   234.246    -5.78    8.95
 -95222.618   231.396   -10.00   12.17
 -94937.512   228.243   -11.06   13.55
 -94652.390   224.769   -12.19   13.14
 -94367.252   222.064    -9.49   11.72
 -94082.097   221.245    -2.87   11.03
 -93796.925   221.493     0.87   10.81
 -93511.737   224.050     8.96   10.50
 -93226.533   226.615     9.00    9.06
 -92941.312   229.412     9.81    7.02
 -92656.074   231.286     6.57    4.77
 -92370.820   231.802     1.81    3.92
 -92085.549   231.245    -1.95    4.00
 -91800.262   230.664    -2.04    3.74
 -91514.958   230.640    -0.08    3.74
 -91229.638   230.703     0.22    4.26
 -90944.301   231.176     1.66    4.00
 -90658.948   231.205     0.10    3.92
 -90373.578   230.695    -1.79    3.88
 -90088.191   229.945    -2.63    4.02
 -89802.788   227.729    -7.77    5.72
 -89517.369   224.929    -9.81    6.71
 -89231.932   222.027   -10.17    6.12
 -88946.480   219.373    -9.30    5.69
 -88661.010   217.615    -6.16    5.00
 -88375.524   215.924    -5.92    3.73
 -88090.022   214.774    -4.03    3.17
 -87804.503   215.071     1.04    4.41
 -87518.967   215.088     0.06    5.08
 -87233.415   214.797    -1.02    5.00
 -86947.846   214.639    -0.55    5.00
 -86662.260   214.108    -1.86    4.98
 -86376.658   213.517    -2.07    4.31
 -86091.040   212.779    -2.58    3.59
 -85805.404   212.097    -2.39    4.44
 -85519.752   211.567    -1.86    5.39
 -85234.084   210.164    -4.91    7.05
 -84948.399   208.896    -4.44    7.87
 -84662.697   207.729    -4.09    7.81
 -84376.978   206.270    -5.11    8.50
 -84091.243   206.189    -0.28    8.02
 -83805.492   205.388    -2.80    7.76
 -83519.723   206.136     2.62    6.86
 -83233.938   206.887     2.63    6.32
 -82948.137   207.176     1.01    5.62
 -82662.318   207.184     0.03    5.43
 -82376.484   206.680    -1.76    5.89
 -82090.632   205.514    -4.08    6.58
 -81804.764   203.583    -6.76    7.49
 -81518.879   200.510   -10.75    8.32
 -81232.977   196.902   -12.62    8.79
 -80947.059   192.301   -16.09    9.81
 -80661.124   187.876   -15.47    9.19
 -80375.173   184.640   -11.32    7.62
 -80089.204   183.369    -4.44    7.04
 -79803.219   184.286     3.21    8.88
 -79517.218   186.946     9.30   11.03
 -79231.199   190.607    12.80   12.11
 -78945.164   195.299    16.40   11.25
 -78659.113   199.648    15.20    8.05
 -78373.044   203.045    11.87    3.81
 -78086.959   203.918     3.05    3.07
 -77800.857   204.003     0.30    3.06
 -77514.739   203.968    -0.12    2.87
 -77228.603   204.067     0.35    2.80
 -76942.451   204.458     1.36    2.24
 -76656.283   204.284    -0.61    2.35
 -76370.097   203.656    -2.19    2.89
 -76083.895   202.480    -4.11    3.41
 -75797.676   201.491    -3.46    3.48
 -75511.441   200.487    -3.51    3.60
 -75225.188   199.077    -4.93    3.66
 -74938.919   197.576    -5.24    2.98
 -74652.633   196.164    -4.93    2.38
 -74366.330   195.529    -2.22    2.35
 -74080.011   194.778    -2.62    1.97
 -73793.675   194.072    -2.47    1.82
 -73507.322   193.491    -2.03    1.86
 -73220.952   193.201    -1.01    1.97
 -72934.566   192.926    -0.96    1.84
 -72648.163   192.926     0.00    1.90
 -72361.743   192.780    -0.51    1.87
 -72075.306   192.398    -1.33    1.87
 -71788.852   192.422     0.08    1.80
 -71502.382   192.583     0.56    1.93
 -71215.895   192.853     0.94    2.01
 -70929.391   192.967     0.40    2.08
 -70642.870   192.945    -0.08    1.98
 -70356.333   192.906    -0.14    1.83
 -70069.778   192.696    -0.73    1.94
 -69783.207   192.005    -2.41    2.34
 -69496.619   190.908    -3.83    2.53
 -69210.015   189.469    -5.02    3.01
 -68923.393   188.026    -5.03    3.36
 -68636.755   186.664    -4.75    3.27
 -68350.099   185.505    -4.04    2.64
 -68063.427   184.712    -2.77    1.99
 -67776.738   184.066    -2.26    1.82
 -67490.033   183.924    -0.50    1.87
 -67203.310   183.914    -0.03    1.95
 -66916.571   183.567    -1.21    2.37
 -66629.814   182.772    -2.77    2.84
 -66343.041   181.705    -3.72    2.96
 -66056.251   180.825    -3.07    2.95
 -65769.445   179.876    -3.31    2.68
 -65482.621   179.285    -2.06    2.28
 -65195.780   179.333     0.17    2.74
 -64908.923   180.085     2.62    3.30
 -64622.049   181.087     3.49    3.59
 -64335.157   182.036     3.31    3.33
 -64048.249   182.957     3.21    2.87
 -63761.324   183.502     1.90    2.35
 -63474.383   183.695     0.68    1.77
 -63187.424   183.541    -0.54    1.64
 -62900.448   183.503    -0.13    1.77
 -62613.456   183.904     1.40    2.08
 -62326.446   184.366     1.61    2.22
 -62039.420   184.018    -1.21    2.53
 -61752.377   184.030     0.04    2.56
 -61465.317   183.664    -1.27    2.97
 -61178.240   183.085    -2.02    3.15
 -60891.146   182.341    -2.59    2.95
 -60604.035   181.712    -2.19    2.42
 -60316.907   181.328    -1.34    2.01
 -60029.762   181.380     0.18    2.06
 -59742.601   181.128    -0.87    2.17
 -59455.422   180.987    -0.49    2.50
 -59168.227   180.704    -0.98    2.90
 -58881.014   180.160    -1.90    3.15
 -58593.785   178.900    -4.39    3.91
 -58306.538   177.481    -4.94    4.24
 -58019.275   175.918    -5.44    4.24
 -57731.995   174.410    -5.25    4.20
 -57444.697   172.586    -6.35    3.91
 -57157.383   171.029    -5.42    3.44
 -56870.052   169.575    -5.06    3.15
 -56582.704   168.179    -4.86    3.16
 -56295.338   166.930    -4.35    3.34
 -56007.956   165.979    -3.31    3.33
 -55720.557   164.947    -3.59    3.06
 -55433.141   164.108    -2.92    3.03
 -55145.708   163.354    -2.62    3.11
 -54858.258   162.388    -3.36    3.52
 -54570.791   161.124    -4.40    3.59
 -54283.307   160.117    -3.50    3.76
 -53995.806   159.473    -2.24    3.31
 -53708.288   159.266    -0.72    3.43
 -53420.752   159.765     1.73    3.29
 -53133.200   160.518     2.62    2.48
 -52845.631   160.938     1.46    2.11
 -52558.045   160.656    -0.98    2.37
 -52270.442   160.164    -1.71    2.53
 -51982.822   159.376    -2.74    2.58
 -51695.184   158.956    -1.46    2.39
 -51407.530   158.979     0.08    2.38
 -51119.859   158.876    -0.35    2.23
 -50832.170   158.269    -2.11    2.14
 -50544.465   157.902    -1.28    2.11
 -50256.742   157.831    -0.25    2.10
 -49969.003   157.559    -0.94    2.26
 -49681.246   156.475    -3.77    3.63
 -49393.472   155.453    -3.55    4.65
 -49105.682   154.900    -1.92    5.45
 -48817.874   153.906    -3.45    6.54
 -48530.049   153.227    -2.36    6.89
 -48242.207   153.341     0.40    7.94
 -47954.348   154.365     3.55    9.18
 -47666.472   155.426     3.69   10.13
 -47378.579   158.615    11.08   10.61
 -47090.668   161.601    10.37   10.52
 -46802.741   165.745    14.39    8.58
 -46514.796   168.845    10.77    6.04
 -46226.835   170.720     6.51    3.90
 -45938.856   171.575     2.97    3.21
 -45650.860   171.343    -0.81    3.41
 -45362.847   171.288    -0.19    3.46
 -45074.817   170.995    -1.02    3.45
 -44786.770   170.969    -0.09    3.28
 -44498.706   171.293     1.13    2.81
 -44210.624   171.200    -0.32    2.81
 -43922.525   170.226    -3.38    3.79
 -43634.410   168.201    -7.03    5.22
 -43346.277   165.753    -8.50    6.07
 -43058.127   163.554    -7.63    5.97
 -42769.960   161.898    -5.75    5.42
 -42481.775   160.436    -5.07    4.22
 -42193.574   159.344    -3.79    3.55
 -41905.355   159.172    -0.60    3.47
 -41617.120   159.420     0.86    3.43
 -41328.867   159.648     0.79    3.29
 -41040.597   159.404    -0.85    3.21
 -40752.309   158.976    -1.48    3.58
 -40464.005   158.333    -2.23    2.98
 -40175.683   158.199    -0.47    2.81
 -39887.344   158.000    -0.69    2.38
 -39598.988   158.024     0.08    2.29
 -39312.099   158.164     0.49    2.38
 -39027.291   158.090    -0.26    2.41
 -38742.467   158.374     0.99    2.65
 -38457.627   158.782     1.43    2.86
 -38172.771   159.374     2.08    2.85
 -37887.899   159.741     1.29    2.59
 -37603.012   159.932     0.67    2.57
 -37318.108   159.760    -0.61    2.65
 -37033.188   159.492    -0.94    2.84
 -36748.253   158.341    -4.04    3.27
 -36463.301   156.516    -6.40    4.28
 -36178.334   154.083    -8.54    6.12
 -35893.350   151.103   -10.46    7.57
 -35608.350   148.106   -10.52    8.34
 -35323.335   144.527   -12.56    8.61
 -35038.304   140.176   -15.27    7.78
 -34753.256   136.344   -13.44    7.34
 -34468.193   132.746   -12.62    7.55
 -34183.113   130.051    -9.45    7.65
 -33898.018   127.640    -8.46    7.46
 -33612.906   125.509    -7.47    7.15
 -33327.779   123.275    -7.83    6.16
 -33042.635   121.785    -5.23    5.06
 -32757.476   119.586    -7.71    5.30
 -32472.301   117.583    -7.02    6.14
 -32187.109   113.784   -13.32    7.69
 -31901.902   109.924   -13.53    8.79
 -31616.678   106.043   -13.61    9.31
 -31331.439   102.554   -12.23    9.18
 -31046.183    99.414   -11.01    8.67
 -30760.911    96.478   -10.29    7.41
 -30475.624    94.782    -5.94    7.09
 -30190.320    94.528    -0.89    8.57
 -29905.000    95.889     4.77   11.09
 -29619.665    98.688     9.81   13.41
 -29334.313   103.042    15.26   14.70
 -29048.945   108.400    18.78   14.73
 -28763.561   113.785    18.87   13.87
 -28478.161   120.010    21.81   11.64
 -28192.745   124.208    14.71   10.00
 -27907.313   128.116    13.69    7.53
 -27621.865   130.836     9.53    5.20
 -27336.400   132.793     6.86    3.91
 -27050.920   133.989     4.19    3.09
 -26765.424   134.973     3.45    2.59
 -26479.911   135.396     1.48    2.55
 -26194.383   136.179     2.74    2.90
 -25908.838   137.119     3.29    3.26
 -25623.277   138.283     4.07    3.41
 -25337.700   139.484     4.21    3.49
 -25052.108   140.989     5.27    3.56
 -24766.499   142.187     4.19    3.34
 -24480.873   143.229     3.65    3.06
 -24195.232   144.048     2.87    2.74
 -23909.575   145.053     3.52    2.68
 -23623.901   145.664     2.14    2.67
 -23338.212   145.889     0.79    2.53
 -23052.506   146.408     1.82    2.26
 -22766.784   147.002     2.08    2.34
 -22481.046   147.141     0.48    2.41
 -22195.292   146.992    -0.52    2.40
 -21909.522   147.013     0.07    2.32
 -21623.736   147.323     1.08    2.11
 -21337.933   147.704     1.33    1.94
 -21052.114   147.315    -1.36    2.35
 -20766.280   146.575    -2.59    2.70
 -20480.429   145.836    -2.59    2.95
 -20194.562   145.293    -1.90    3.09
 -19908.678   144.538    -2.64    3.14
 -19622.779   143.547    -3.47    3.10
 -19336.863   142.503    -3.65    2.97
 -19050.932   142.020    -1.69    2.62
 -18764.984   141.672    -1.22    2.49
 -18479.020   141.632    -0.14    2.20
 -18193.039   141.439    -0.67    2.21
 -17907.043   141.519     0.28    2.24
 -17621.030   142.392     3.05    3.24
 -17335.001   143.450     3.70    4.24
 -17048.956   144.819     4.79    4.77
 -16762.895   145.900     3.78    5.37
 -16476.818   147.306     4.92    5.46
 -16190.724   148.358     3.68    5.42
 -15904.614   149.354     3.48    5.05
 -15618.488   150.088     2.56    3.90
 -15332.346   150.038    -0.18    3.53
 -15046.188   150.100     0.22    2.89
 -14760.013   149.735    -1.27    2.90
 -14473.822   149.076    -2.30    3.13
 -14187.615   147.819    -4.39    4.08
 -13901.392   145.861    -6.84    6.66
 -13615.152   140.861   -17.47   13.16
 -13328.897   132.480   -29.28   22.11
 -13042.624   120.942   -40.31   31.37
 -12756.336   102.511   -64.38   38.68
 -12470.032    84.129   -64.20   39.51
 -12183.711    66.926   -60.08   33.25
 -11897.374    54.392   -43.77   23.47
 -11611.021    46.958   -25.96   12.68
 -11324.651    45.997    -3.36    9.05
 -11038.265    46.781     2.74    8.38
 -10751.863    47.242     1.61    8.15
 -10465.445    47.672     1.50    7.44
 -10179.011    47.493    -0.62    7.07
  -9892.560    46.301    -4.16    6.88
  -9606.093    43.752    -8.90    5.68
  -9319.609    41.586    -7.56    3.65
  -9033.109    40.696    -3.10    2.89
  -8746.593    40.270    -1.49    2.81
  -8460.061    39.544    -2.53    2.98
  -8173.513    38.144    -4.88    3.14
  -7886.948    36.973    -4.09    3.23
  -7600.367    36.027    -3.30    2.89
  -7313.769    35.094    -3.25    2.51
  -7027.155    34.510    -2.04    2.18
  -6740.525    34.064    -1.55    1.87
  -6453.879    33.741    -1.13    2.00
  -6167.216    33.487    -0.89    2.19
  -5880.537    33.093    -1.37    2.26
  -5593.842    32.861    -0.81    2.23
  -5307.130    32.600    -0.91    2.22
  -5020.402    32.184    -1.45    2.25
  -4733.658    31.237    -3.30    2.27
  -4446.897    29.349    -6.58    3.78
  -4160.120    27.251    -7.31    5.33
  -3873.327    25.140    -7.36    5.86
  -3586.517    23.672    -5.12    5.54
  -3299.691    21.792    -6.55    4.85
  -3012.849    20.000    -6.25    4.12
  -2725.990    19.304    -2.42    3.61
  -2439.115    18.608    -2.43    3.32
  -2152.223    17.241    -4.76    3.91
  -1865.315    15.920    -4.60    3.88
  -1578.391    15.196    -2.52    3.68
  -1291.450    15.125    -0.25    3.70
  -1004.493    13.886    -4.32    6.03
   -717.520    10.828   -10.66    8.81
   -430.530     7.098   -13.00   10.53
   -143.524     2.872   -14.72   10.36
    143.498    -0.367   -11.29    9.33
    430.537    -3.110    -9.56    7.58
    717.593    -5.453    -8.16    4.10
   1004.664    -6.328    -3.05    0.18
   1291.753    -4.965     4.75    5.09
   1578.857    -5.018    -0.19    5.00
   1865.978    -4.965     0.19    5.09
   2153.116    -5.018    -0.19    5.00
   2440.269    -5.008     0.04    5.02
   2727.440    -4.981     0.09    5.09
   3014.626    -5.747    -2.67    3.49
   3301.829    -6.344    -2.08    0.00
   3589.049    -6.078     0.93    2.25
   3876.285    -4.863     4.23    5.91
   4163.537    -3.273     5.54    8.23
   4450.806    -0.312    10.31   11.30
   4738.091     1.276     5.53   12.09
   5025.393     1.248    -0.10   11.76
   5312.711     1.199    -0.17   11.55
   5600.046     2.761     5.43   12.09
   5887.397     4.050     4.49   12.40
   6174.764     3.952    -0.34   11.74
   6462.148     2.624    -4.62   10.72
   6749.549     3.129     1.76   10.09
   7036.966     4.551     4.95    8.97
   7324.399     5.918     4.76    7.15
   7611.849     6.423     1.76    5.66
   7899.316     7.100     2.35    6.62
   8186.799    12.854    20.02   15.68
   8474.298    21.072    28.58   20.96
   8761.814    29.841    30.50   23.57
   9049.346    37.679    27.26   22.80
   9336.895    45.229    26.26   19.18
   9624.460    51.648    22.32   11.80
   9912.042    54.015     8.23    5.66
  10199.641    51.904    -7.34    6.02
  10487.256    49.226    -9.31    6.53
  10774.887    46.445    -9.67    6.67
  11062.535    43.952    -8.67    6.63
  11350.200    41.570    -8.28    6.24
  11637.881    39.600    -6.85    5.34
  11925.578    39.250    -1.22    5.40
  12213.292    39.711     1.60    5.36
  12501.023    40.957     4.33    4.32
  12788.770    41.081     0.43    4.52
  13076.534    41.776     2.41    4.96
  13364.314    43.091     4.57    5.84
  13652.111    44.577     5.16    6.90
  13939.924    47.040     8.56    7.99
  14227.754    49.610     8.93    8.66
  14515.600    53.317    12.88    7.96
  14803.464    56.900    12.45    6.62
  15091.343    59.494     9.01    5.12
  15379.239    61.243     6.07    3.71
  15667.152    61.794     1.91    3.24
  15955.081    61.410    -1.34    4.50
  16243.027    59.317    -7.27    6.94
  16530.990    57.610    -5.93    7.93
  16818.969    56.928    -2.37    7.66
  17106.965    56.776    -0.53    6.32
  17394.977    57.245     1.63    5.55
  17683.006    58.212     3.36    4.75
  17971.051    59.359     3.98    3.50
  18259.114    59.454     0.33    2.95
  18547.192    59.204    -0.87    2.80
  18835.288    57.711    -5.18    7.09
  19123.400    53.987   -12.93   12.19
  19411.528    50.602   -11.75   14.54
  19699.673    46.680   -13.61   15.98
  19987.835    44.254    -8.42   16.73
  20276.014    42.834    -4.93   17.08
  20564.209    43.108     0.95   17.54
  20852.420    46.050    10.21   17.09
  21140.649    49.624    12.40   15.75
  21428.894    53.537    13.57   12.95
  21717.156    55.282     6.05   10.29
  22005.434    55.936     2.27    7.38
  22293.729    53.113    -9.79   11.28
  22580.354    49.948   -11.04   12.14
  22865.218    47.568    -8.36   11.41
  23150.098    44.780    -9.79   10.49
  23434.993    42.632    -7.54    9.60
  23719.903    40.696    -6.79    9.34
  24004.829    40.113    -2.04    8.73
  24289.770    39.616    -1.74    7.57
  24574.727    40.570     3.35    7.01
  24859.699    41.777     4.24    5.94
  25144.687    43.532     6.16    4.54
  25429.690    45.382     6.49    3.81
  25714.709    47.704     8.15    4.01
  25999.743    49.398     5.94    4.62
  26284.793    51.240     6.46    5.49
  26569.858    53.343     7.38    6.86
  26854.938    56.312    10.41    8.24
  27140.034    60.711    15.43    9.59
  27425.145    65.048    15.21   10.25
  27710.272    69.664    16.19    9.49
  27995.415    72.902    11.36    8.83
  28280.573    75.793    10.14    7.44
  28565.746    77.854     7.23    6.18
  28850.935    79.320     5.14    5.28
  29136.139    80.275     3.35    4.42
  29421.359    79.829    -1.56    4.35
  29706.595    78.245    -5.56    5.18
  29991.845    75.834    -8.45    6.11
  30277.112    73.648    -7.66    6.20
  30562.394    71.338    -8.10    6.43
  30847.691    68.968    -8.31    5.79
  31133.004    66.680    -8.02    5.52
  31418.333    63.641   -10.65    6.71
  31703.677    61.176    -8.64    6.52
  31989.036    59.086    -7.33    6.93
  32274.411    58.160    -3.24    6.32
  32559.802    57.624    -1.88    5.46
  32845.208    58.199     2.01    4.56
  33130.629    58.825     2.20    3.52
  33416.067    59.442     2.16    3.28
  33701.519    59.172    -0.95    4.73
  33986.988    59.593     1.48    5.68
  34272.471    60.836     4.35    6.32
  34557.971    61.906     3.75    6.70
  34843.486    62.749     2.95    6.94
  35129.016    62.458    -1.02    7.24
  35414.562    61.510    -3.32    8.94
  35700.124    60.132    -4.82   10.48
  35985.701    57.963    -7.60   12.08
  36271.294    55.419    -8.91   12.00
  36556.902    52.840    -9.03   10.92
  36842.526    51.933    -3.18    9.74
  37128.166    52.253     1.12    9.78
  37413.821    53.833     5.53    9.86
  37699.492    55.640     6.33    8.92
  37985.178    57.886     7.86    7.29
  38270.880    58.820     3.27    7.04
  38556.597    59.235     1.45    6.79
  38842.330    60.481     4.36    7.51
  39128.079    62.470     6.96    9.26
  39413.843    64.325     6.49    9.97
  39699.623    64.779     1.59    9.62
  39985.419    65.418     2.24    8.84
  40271.230    65.765     1.21    7.65
  40557.057    65.032    -2.56    7.79
  40842.899    62.200    -9.91    8.48
  41128.757    59.261   -10.28    7.58
  41414.631    57.672    -5.56    5.77
  41700.520    58.194     1.83    6.45
  41986.425    60.018     6.38    7.64
  42272.345    63.085    10.72    8.52
  42558.282    65.885     9.79    8.53
  42844.233    67.616     6.05    8.39
  43130.201    69.664     7.16    8.41
  43416.184    70.283     2.17    8.48
  43702.183    69.067    -4.25   10.13
  43988.197    65.887   -11.12   12.39
  44274.227    62.704   -11.13   13.38
  44560.273    59.867    -9.92   12.94
  44846.335    56.904   -10.36   12.60
  45132.412    54.339    -8.97   10.93
  45418.505    54.008    -1.16   10.13
  45704.613    55.325     4.61    9.95
  45990.737    57.500     7.60   10.00
  46276.877    59.450     6.81    9.75
  46563.032    61.641     7.66    9.96
  46849.204    64.617    10.40    8.86
  47135.391    68.362    13.09    6.75
  47421.593    70.818     8.58    6.83
  47707.811    73.140     8.11    5.22
  47994.045    73.292     0.53    5.55
  48280.295    73.172    -0.42    6.21
  48566.560    72.346    -2.88    7.06
  48852.842    71.471    -3.06    7.18
  49139.138    71.188    -0.99    6.92
  49425.451    71.377     0.66    6.47
  49711.779    70.800    -2.01    5.95
  49998.123    70.331    -1.64    5.38
  50284.483    70.748     1.46    5.28
  50570.858    71.878     3.95    5.44
  50857.249    73.371     5.21    5.88
  51143.656    74.518     4.00    6.46
  51430.079    74.766     0.87    7.24
  51716.517    74.359    -1.42    7.96
  52002.972    73.688    -2.34    8.62
  52289.441    72.914    -2.70    9.02
  52575.927    71.954    -3.35    9.14
  52862.428    71.510    -1.55    8.94
  53148.946    71.821     1.09    9.21
  53435.479    74.777    10.32   10.25
  53722.027    77.617     9.91   10.41
  54008.592    78.402     2.74   11.10
  54295.172    78.934     1.86   11.50
  54581.768    80.418     5.18   11.14
  54868.380    81.386     3.38   11.56
  55155.007    81.213    -0.60   12.51
  55441.650    80.576    -2.22   12.98
  55728.310    82.595     7.04   14.14
  56014.985    83.331     2.57   13.49
  56301.675    83.609     0.97   13.05
  56588.382    82.408    -4.19   13.49
  56875.104    82.088    -1.12   13.97
  57161.842    84.694     9.09   14.39
  57448.596    87.442     9.58   14.33
  57735.366    90.922    12.14   13.91
  58022.151    92.015     3.81   13.47
  58308.953    91.156    -2.99   13.55
  58595.770    90.408    -2.61   13.87
  58882.603    90.100    -1.08   14.22
  59169.452    88.900    -4.18   13.46
  59456.316    89.098     0.69   13.11
  59743.197    92.737    12.68   12.86
  60030.093    94.312     5.49   12.66
  60317.005    95.840     5.32   12.17
  60603.933    95.948     0.38   12.68
  60890.877    95.420    -1.84   12.82
  61177.837    97.320     6.62   12.85
  61464.812    99.371     7.15   12.82
  61751.803   100.188     2.84   13.36
  62038.811   101.602     4.93   13.34
  62325.834   102.132     1.85   13.62
  62612.873   100.592    -5.37   15.96
  62899.927    99.850    -2.59   17.61
  63186.998    99.250    -2.09   17.72
  63474.085   100.912     5.79   17.74
  63761.187   102.312     4.88   18.00
  64048.305   104.790     8.63   15.99
  64335.440   105.725     3.26   13.42
  64622.590   102.767   -10.30   15.40
  64909.756    98.442   -15.06   16.82
  65196.938    95.672    -9.65   17.01
  65484.135    92.089   -12.47   17.12
  65771.349    90.633    -5.07   16.77
  66058.579    90.672     0.13   17.38
  66345.824    93.087     8.41   17.36
  66633.085    95.880     9.72   16.46
  66920.363    98.331     8.53   14.61
  67207.656    98.656     1.13   13.72
  67494.965    99.365     2.47   12.80
  67782.290   102.259    10.07   14.40
  68069.631   104.390     7.42   15.58
  68356.988   107.536    10.95   15.91
  68644.361   109.996     8.56   15.26
  68931.749   111.952     6.81   15.26
