# NaN NaN NaN ;Mean Elev.(m), Avg Gradient(m/km), RMS Gradient(m/km) - SRTM1     
#   17.169  -2.504  10.128 ;Mean Elev.(m), Avg Gradient(m/km), RMS Gradient(m/km) - ASTER GDEM
#   21.449  -3.061  10.785 ;Mean Elev.(m), Avg Gradient(m/km), RMS Gradient(m/km) - GMTED2010 
   3 123.983027  66.132770   -12.359   -14.194 10 54679.08189808 26.361
   4 123.979317  66.134094    39.806    39.844  9 54688.99754074 27.227
   5 123.979270  66.134807    -4.580    -3.354  9 54698.91318166 20.243
   7 123.985412  66.132032     9.810     9.760 10 54718.74447734 11.917
   8 123.988240  66.130143    40.086    40.277 10 54728.66012654 28.083
   9 123.989995  66.129679    37.846    37.834 10 54738.57577409 54.434
  11 123.983790  66.131451    83.524    83.202 10 54758.40706782 23.081
  12 123.985860  66.131582    35.008    34.993  9 54768.32271279 46.827
  13 123.989324  66.130438    35.742    35.745 10 54778.23835452 27.155
  17 123.984501  66.131623    36.439    35.598 10 54817.90090627 16.563
  18 123.984759  66.132569    35.745    35.772 10 54827.81655675 15.924
  19 123.985732  66.132578    35.757    35.767  9 54837.73219581 15.417
  20 123.984246  66.132762    35.577    35.657 10 54847.64784500 14.834
  21 123.983889  66.133342    35.355    35.307  9 54857.56349373 14.460
  22 123.981608  66.134180    35.163    35.169  9 54867.47914237 14.469
  23 123.978611  66.134047    35.076    35.077  9 54877.39479026 14.075
  24 123.983928  66.132941    35.124    35.068 10 54887.31043588 13.916
  25 123.987359  66.131146    35.428    35.461 10 54897.22607793 13.573
  26 123.986940  66.130007    35.358    35.152 10 54907.14171702 13.190
  27 123.989689  66.130146    35.473    35.389 10 54917.05735519 12.502
  28 123.986704  66.130791    35.400    35.365  9 54926.97299270 12.887
  29 123.986678  66.131049    35.627    35.639  9 54936.88862985 12.333
  30 124.003603  66.130858    36.020    36.038  5 54946.80426671 33.532
  31 123.989513  66.129604    36.227    35.066 10 54956.71989890 33.851
  32 123.989324  66.129096    37.567    37.324 11 54966.63554749 37.285
  33 123.991084  66.129597    43.855    43.851 10 54976.55119530 41.530
  34 123.987607  66.130718    92.861    92.928 10 54986.46684265 23.239
  35 123.986202  66.131696    89.937    87.667  9 54996.38249028 23.275
  36 123.984279  66.132229    40.573    40.396  9 55006.29813622 23.995
  38 123.984355  66.133026    40.260    39.905  9 55026.12942266 22.507
  39 123.981181  66.133902    39.609    39.456  9 55036.04506442 24.635
  40 123.982409  66.134242    38.475    38.565  9 55045.96070573 27.912
  41 123.984257  66.133373    38.207    37.847  9 55055.87634527 26.453
  42 123.984420  66.131386    38.720    38.831 10 55065.79198234 24.915
  43 123.985820  66.129982    37.379    37.382 10 55075.70763123 53.070
  44 123.986807  66.129762    82.084    81.780 10 55085.62327914 18.752
  45 123.988913  66.130594    38.702    38.771  9 55095.53892555 24.272
  46 123.986619  66.131142    40.085    39.614 10 55105.45457133 22.763
  47 123.984695  66.130867    39.305    39.305 10 55115.37021687 22.471
  48 123.985535  66.129873    83.582    83.349 10 55125.28586026 26.547
  49 123.987114  66.129121    96.792    97.033 10 55135.20150108 13.179
  50 123.987872  66.129100   100.523   106.397 10 55145.11713971  5.622
  51 123.987936  66.130147    35.180    35.000 11 55155.03277759 26.689
  52 123.985293  66.131159    35.430    35.230 10 55164.94841549 24.534
  53 123.984890  66.131957    35.494    35.496  9 55174.86405337 22.989
  54 123.985860  66.131967    35.606    35.498  9 55184.77969347 21.557
  55 123.985366  66.132214    35.481    35.415  9 55194.69534456 21.564
  56 123.983800  66.133017    35.278    35.154 10 55204.61099427 20.619
  57 123.979333  66.134126    34.893    34.910  9 55214.52664307 20.377
  58 123.978177  66.134334    34.996    34.848  9 55224.44229166 19.156
  59 123.984557  66.132980    34.656    34.578  9 55234.35793914 18.491
  60 123.984948  66.130553    34.707    35.031 10 55244.27358281 17.683
  61 123.991196  66.128949    35.514    35.650 10 55254.18922402 16.684
  62 123.989114  66.129236    35.341    35.607 10 55264.10486261 16.067
  63 123.987083  66.130937    35.199    35.195  9 55274.02050028 15.656
  64 123.984335  66.131814    35.425    35.499 10 55283.93613737 15.117
  65 123.989190  66.130943    35.603    35.668 10 55293.85177368 15.002
  66 123.989769  66.129066    35.684    35.561 10 55303.76741093 14.416
  67 123.989337  66.128029    35.425    35.383 10 55313.68305837 25.612
  68 123.991317  66.128967    81.845    81.576 10 55323.59870399 19.389
  69 124.011739  66.131187    35.439    34.964  3 55333.51435000 49.983
  70 123.983263  66.132209    90.347    90.441  9 55343.42999143 27.406
  71 123.985485  66.132291    40.751    40.714  9 55353.34563520 24.201
  72 123.985139  66.131875    39.377    39.124  9 55363.26127660 36.511
  74 124.005620  66.133220    37.985    37.985  2 55383.09255635 46.318
  75 123.981401  66.133929    39.259    39.112  9 55393.00819166 35.572
  77 123.984414  66.132436    84.061    81.262  9 55412.83947984 22.203
  78 123.994049  66.130081    39.098    38.387  8 55422.75512986 24.067
  79 123.996637  66.128435    37.506    37.081  8 55432.67077658 24.963
  80 124.017005  66.129419    36.347    36.347  2 55442.58642306 53.107
  81 123.989233  66.130771    38.822    38.501 10 55452.50206367 26.397
  83 123.986783  66.131222    37.204    37.407  9 55472.33334634 29.318
  84 123.991626  66.129337    83.812    81.859 10 55482.24898448 14.952
  85 123.987041  66.127782    81.076    80.851 10 55492.16461954 22.727
  86 123.986742  66.128568    34.299    34.292 10 55502.08025329 36.765
  87 123.984021  66.130821    34.271    34.252 10 55511.99589812 28.008
  88 123.983569  66.132757    34.483    34.464  9 55521.91154768 21.917
  89 123.983550  66.133173    34.287    34.683  9 55531.82719599 22.369
  90 123.983639  66.132353    34.717    34.701  9 55541.74284265 18.717
  91 123.984841  66.131828    34.436    34.443  9 55551.65848733 18.113
  92 123.984124  66.132510    34.270    34.261  9 55561.57413042 16.867
  93 123.979681  66.133696    34.461    34.465  9 55571.48977243 14.877
  94 123.978859  66.133863    34.409    34.397  9 55581.40541362 14.310
  95 123.984389  66.132131    34.670    34.627 10 55591.32105226 13.771
  96 123.988733  66.129468    34.798    34.618 10 55601.23668756 13.072
  97 123.990306  66.127852    34.929    34.893 10 55611.15232044 12.772
  98 123.986650  66.128538    34.759    34.609 10 55621.06795220 12.662
  99 123.984040  66.130745    34.578    34.305 10 55630.98360484 12.178
 100 123.983928  66.131985    34.591    34.580  9 55640.89925565 11.629
 101 123.986377  66.131171    35.024    34.807  9 55650.81490403 11.843
 102 123.988708  66.128984    35.368    35.398 10 55660.73054872 11.599
 103 123.992446  66.127929    36.198    36.262 10 55670.64619020 19.652
 104 123.991654  66.128940    35.423    35.502 10 55680.56182952 29.807
 105 123.988086  66.131280    37.195    36.349  9 55690.47746676 25.913
 106 123.983257  66.133005    40.230    40.254  9 55700.39310229 39.223
 107 123.984295  66.133279    40.579    40.563  9 55710.30874204 25.431
 108 123.985095  66.132534    41.072    41.161  9 55720.22439224 22.214
 109 123.985542  66.132170    39.928    39.922  9 55730.14004020 28.944
 110 123.987578  66.132508    40.773    40.641  9 55740.05568699 21.579
 111 123.982125  66.133027    36.708    36.722  9 55749.97133186 42.497
 112 123.982387  66.132903    38.741    38.946 10 55759.88697488 30.936
 114 124.010909  66.130077    88.887    88.827  3 55779.71825442 27.630
 115 123.988727  66.128418    39.923    39.400 10 55789.63388665 21.814
 116 123.988281  66.128777    38.444    38.063 10 55799.54951970 34.264
 118 123.985038  66.131605    38.242    38.449  9 55819.38081525 23.974
 119 123.986843  66.131279    38.207    38.475  9 55829.29645993 23.265
 121 123.989807  66.128441    82.906    82.784 11 55849.12773725 22.148
 122 124.008337  66.129516    34.857    34.825  4 55859.04337391 34.069
 123 123.986884  66.131434    83.656    81.642 10 55868.95902052 16.741
 124 123.981665  66.133262    38.305    38.484  9 55878.87467147 14.940
 125 123.979267  66.133648    36.467    36.208  9 55888.79031604 14.233
 126 123.983244  66.133003    37.404    38.043 10 55898.70595540 13.887
 127 123.982859  66.132325    37.382    38.180 10 55908.62158942 13.354
 128 123.984561  66.132535    37.359    38.075 10 55918.53723874 13.607
 129 123.983078  66.132771    37.742    38.389 10 55928.45289159 12.754
 130 123.985555  66.132325    36.881    36.536  9 55938.36854125 12.459
 131 123.988042  66.130829    37.220    36.577 10 55948.28418600 11.906
 132 123.990900  66.129454    37.631    37.875 10 55958.19982627 11.541
 133 123.990632  66.129047    36.851    36.482 10 55968.11546382 11.371
 134 123.990729  66.129835    37.103    36.406 10 55978.03110055 11.704
 135 123.989462  66.130722    36.433    36.452 10 55987.94673650 11.042
 136 123.984552  66.130905    36.394    36.378 10 55997.86237597 10.656
 137 123.987361  66.130395    36.371    36.322 10 56007.77802745 10.260
 138 123.987595  66.129549    36.469    36.330 10 56017.69367450 10.627
 139 123.990930  66.129650    36.655    36.695 10 56027.60931893 10.138
 140 123.985466  66.130612    36.673    36.516 10 56037.52496091  9.755
 141 123.983803  66.132010    36.447    36.388 10 56047.44060131  9.784
 142 123.985166  66.133076    80.684    80.305  9 56057.35623919 20.878
 143 123.987624  66.133274    96.052    88.758  8 56067.27187283  7.502
 144 123.984730  66.133016   105.278   112.336  8 56077.18752168  8.285
 145 123.982667  66.132935    40.711    40.716 10 56087.10317036 29.060
 146 123.984081  66.132975    40.611    40.594  9 56097.01881691 22.414
 147 123.984235  66.132532    40.611    40.581  9 56106.93446118 21.771
 148 123.986534  66.131390    40.224    39.693  9 56116.85009122 20.596
 151 123.988153  66.129636    40.255    39.892 11 56146.59700711 23.901
 152 123.990394  66.130540    37.075    37.075 10 56156.51265678 46.506
 153 123.988414  66.131157    37.972    37.957 10 56166.42830513 51.446
 154 123.988248  66.130913    39.984    39.737 10 56176.34395128 22.937
 155 123.989504  66.130246    39.774    39.663 10 56186.25959262 24.213
 156 123.992229  66.129732    38.885    38.174  8 56196.17523034 24.945
 157 123.989056  66.130263    38.727    38.511 10 56206.09086454 24.567
 158 123.985277  66.131650    84.837    82.681  9 56216.00649721 13.957
 159 123.982025  66.133019    35.815    35.762  9 56225.92213680 42.981
 160 123.982482  66.133359    35.899    35.921  9 56235.83779209 27.997
 161 123.985349  66.132971    35.025    35.037  9 56245.75344372 24.721
 162 123.982879  66.132580    35.381    35.397 10 56255.66908976 25.487
 163 123.982764  66.132982    35.497    35.502 10 56265.58473214 24.490
 164 123.981746  66.133401    35.588    35.614  9 56275.50037274 23.719
 165 123.983769  66.132855    35.512    35.457  9 56285.41601876 19.258
 166 123.987186  66.131122    35.274    35.244 10 56295.33166956 19.275
 167 123.988256  66.129198    35.007    34.928 10 56305.24731599 18.748
 168 123.990596  66.128830    34.821    34.688 10 56315.16295901 17.310
 169 123.987459  66.130143    34.632    34.553 10 56325.07859962 16.314
 170 123.985773  66.131675    34.382    34.192  9 56334.99423954 16.141
 171 123.984602  66.131796    34.984    34.752  9 56344.90987856 13.523
 172 123.988054  66.130672    35.259    35.151 10 56354.82551565 13.064
 173 123.990995  66.129501    35.301    35.203 10 56364.74116090 12.486
 174 123.988579  66.129598    35.884    35.634 11 56374.65680955 12.265
 176 123.983585  66.133101    36.349    36.390 10 56394.48809893 11.455
 177 123.981972  66.133890    36.482    36.392  9 56404.40374075 29.094
 178 123.981352  66.133619    99.092   100.238  8 56414.31937961 18.473
 179 123.984296  66.132589    85.686    85.669  9 56424.23501391 14.189
 180 123.985630  66.132289    90.607    90.812  9 56434.15065972 26.849
 181 123.984294  66.132705    87.761    87.746 10 56444.06631178 27.205
 182 123.981393  66.133511    40.712    40.889  9 56453.98196118 25.029
 183 123.982384  66.133024    40.059    40.029 10 56463.89760813 45.219
 184 123.986539  66.131251    84.407    84.435 10 56473.81325192 24.695
 185 123.991349  66.129169    38.052    36.992 10 56483.72889236 27.625
 186 123.989208  66.128610    40.744    40.658 11 56493.64452888 21.939
 187 123.986692  66.129984    40.083    40.033 10 56503.56016313 24.513
 188 123.983838  66.131897    39.858    39.670 10 56513.47579576 24.222
 189 123.984342  66.132467    40.043    39.943  9 56523.39144553 22.032
 190 123.986048  66.131273    40.283    40.251 10 56533.30709761 20.351
 193 123.986094  66.131505    40.051    40.006  9 56563.05403330 22.746
 195 123.979671  66.134908    82.602    82.590  9 56582.88531356 19.632
 196 123.984623  66.134035    34.707    34.719  9 56592.80094886 44.052
 197 123.983610  66.132443    34.523    34.547  9 56602.71660017 24.280
 198 123.986438  66.131699    34.998    35.000 10 56612.63224963 20.089
 199 123.984672  66.132433    34.977    34.972 10 56622.54789439 17.282
 200 123.981778  66.133254    34.964    34.956  9 56632.46353615 19.063
 201 123.984401  66.133040    35.073    35.086  9 56642.37917402 17.188
 202 123.985621  66.131124    35.227    35.267  9 56652.29482385 14.813
 203 123.990423  66.129136    35.355    35.290 10 56662.21047392 14.832
 204 123.990962  66.128561    35.278    35.062 10 56672.12612069 14.348
 205 123.989541  66.130322    35.247    35.246 10 56682.04176562 14.107
 206 123.985565  66.132166    34.843    34.681  9 56691.95740829 13.217
 207 123.982859  66.132787    34.657    34.397  9 56701.87304715 12.773
 208 123.985105  66.131438    35.228    35.354  9 56711.78868150 12.186
 210 123.988138  66.130102    35.608    35.653 11 56731.61997856 11.055
 211 123.984934  66.132070    35.581    35.530  9 56741.53562611 11.563
 212 123.980800  66.134296    35.381    35.541  9 56751.45126929 10.883
 213 123.979447  66.135185    35.893    35.928  8 56761.36690761 17.539
 214 123.983844  66.134267    36.817    36.839  9 56771.28253972 28.577
 215 123.981947  66.132622    37.656    36.882  9 56781.19819444 25.458
 216 124.008927  66.132106    39.191    39.108  3 56791.11385164 38.314
 217 123.985094  66.132108    89.451    89.444  9 56801.02950117 28.231
 219 123.986895  66.133010    90.110    86.370  9 56820.86078607 14.146
 221 123.989962  66.129557    41.383    41.591 10 56840.69205501 20.762
 222 123.991825  66.128952    39.372    38.986 10 56850.60769090 24.287
 223 123.990056  66.130263    40.023    39.369 10 56860.52334520 21.140
 224 124.009404  66.132521    36.803    36.803  2 56870.43900068 53.471
 225 123.983083  66.132922    85.872    84.294  9 56880.35464929 25.569
 226 123.995805  66.132351    38.477    38.263  6 56890.27029781 22.814
 228 123.987385  66.131132    38.315    38.138 10 56910.10158399 26.732
 232 123.982549  66.134121    87.679    80.951  9 56949.76413406 22.505
 233 123.983067  66.132615    33.707    33.673 10 56959.67978634 38.782
 234 123.992365  66.131914    33.751    33.769  8 56969.59543433 25.493
 235 123.985033  66.131903    34.727    34.741  9 56979.51107692 24.085
 236 123.985178  66.132317    34.933    34.910 10 56989.42671576 20.542
 237 123.986192  66.132035    34.883    34.853 10 56999.34234840 20.009
 238 123.985898  66.131101    34.834    34.805  9 57009.25800064 18.751
 239 123.990617  66.129971    35.030    34.821 10 57019.17365362 16.915
 240 123.989110  66.129713    34.995    34.771 10 57029.08930296 15.675
 241 123.987928  66.130621    35.012    35.001 10 57039.00495065 14.704
 242 123.983787  66.131831    34.611    34.415  9 57048.92059573 14.403
 243 123.983095  66.132396    34.421    34.359 10 57058.83623720 14.812
 244 123.984448  66.132016    34.790    34.694 10 57068.75187316 13.821
 245 123.984875  66.131584    34.750    34.527  9 57078.66750474 12.393
 246 123.983881  66.131929    34.389    34.018  9 57088.58314005 13.497
 247 123.983102  66.133289    34.950    34.650  9 57098.49879837 11.957
 248 123.979278  66.134484    35.185    35.143  9 57108.41445345 12.842
 249 123.980733  66.134541    34.877    34.727  8 57118.33010384 12.546
 250 123.980426  66.133525    35.916    35.956  9 57128.24574797 12.343
 251 123.982432  66.132486    36.786    36.588  9 57138.16138681 13.282
 252 123.983624  66.132136    35.479    35.829  9 57148.07702173 30.085
 253 124.010480  66.132587    36.043    36.043  2 57157.99265644 39.614
 254 123.984521  66.132050    95.045    90.460  9 57167.90830129 22.094
 255 123.987393  66.131496    87.693    87.643 10 57177.82395778 28.633
 256 123.985353  66.130545    40.998    41.155 10 57187.73960974 24.575
 257 123.987771  66.130229    40.320    40.138 10 57197.65525802 27.422
 259 123.985378  66.131519    39.475    39.360 10 57217.48653692 24.624
 262 123.985246  66.131872    39.101    38.550  9 57247.23346024 24.502
 267 123.980569  66.133678    38.972    39.040  9 57296.81168628 26.005
 269 123.984053  66.132086   100.198    95.135  9 57316.64298294 17.518
 270 123.958886  66.131901   107.952   107.952  2 57326.55862368  0.677
 271 123.983708  66.132605    34.146    34.080 10 57336.47426691 23.320
 272 123.983686  66.132108    34.753    34.732 10 57346.38991409 21.440
 273 123.987924  66.130932    35.117    34.513 10 57356.30556164 20.249
 274 123.988340  66.129878    35.381    35.110 10 57366.22120520 18.135
 275 123.991168  66.129916    36.707    37.547 10 57376.13684568 16.739
 276 123.988234  66.131020    35.950    34.798 10 57386.05248378 16.215
 277 123.984037  66.131997    35.995    35.563  9 57395.96812120 14.961
 278 123.983676  66.132293    35.078    34.798  9 57405.88375792 15.131
 279 123.986943  66.131777    34.889    35.070 10 57415.79940776 14.787
 280 123.985076  66.131468    35.252    34.561  9 57425.71505883 14.504
 281 123.985288  66.132235    35.048    34.995 10 57435.63070713 13.699
 282 123.980153  66.133866    35.181    34.914  9 57445.54635326 13.480
 283 123.980538  66.135116    35.244    35.515  9 57455.46199909 13.496
 284 123.978606  66.134853    35.740    34.964  9 57465.37764267 13.587
 285 123.981199  66.133073    35.795    35.939  9 57475.29328285 12.615
 286 123.985358  66.131375    35.788    35.796 10 57485.20891971 12.089
 287 123.986877  66.131048    35.896    36.083 10 57495.12455368 11.792
 288 123.983878  66.132177    35.840    35.916  9 57505.04018588  8.332
 289 123.990495  66.133170    34.093    34.089  6 57514.95584295 32.465
 291 123.985052  66.130460    40.861    40.613 10 57534.78714837 25.826
 292 123.988549  66.129110    41.091    41.173 10 57544.70279753 24.102
 293 123.990695  66.129627    40.869    40.928 10 57554.61844431 25.687
 294 123.987685  66.131466    40.660    41.027 10 57564.53408913 22.498
 295 123.983689  66.132879    40.458    40.640  9 57574.44973324 22.002
 297 123.984111  66.131971    40.343    40.412 10 57594.28101926 22.958
