# NaN NaN NaN ;Mean Elev.(m), Avg Gradient(m/km), RMS Gradient(m/km) - SRTM1     
#   20.253   1.152   7.011 ;Mean Elev.(m), Avg Gradient(m/km), RMS Gradient(m/km) - ASTER GDEM
#   28.551  -1.371  10.084 ;Mean Elev.(m), Avg Gradient(m/km), RMS Gradient(m/km) - GMTED2010 
   1 124.235481  65.948208    44.888    44.888  2 54665.18388415 21.448
   2 124.235421  65.949391    42.719    41.980  3 54675.09952887 22.873
   3 124.233463  65.950938    -4.615    -4.618  3 54685.01517201 10.904
   4 124.232878  65.951757    41.107    41.118  3 54694.93081375 51.713
   5 124.235375  65.950861    -6.724    -6.751  3 54704.84645321 11.520
   6 124.234857  65.948487    40.725    40.725  2 54714.76210453 25.311
   7 124.235053  65.946351    -0.556    -1.000  3 54724.67775480 17.807
   8 124.236533  65.946087    42.135    42.135  2 54734.59340315 29.300
   9 124.235905  65.947719    43.000    44.748  3 54744.50905019 24.470
  10 124.236709  65.949281    37.927    37.927  2 54754.42469696 47.786
  11 124.235676  65.948881    37.005    37.005  2 54764.34034259 40.748
  12 124.234628  65.946633    40.020    40.020  2 54774.25598544 27.750
  13 124.235989  65.944844    43.867    43.867  2 54784.17162590 19.441
  14 124.237202  65.945084    44.330    44.281  3 54794.08726447 17.697
  15 124.234701  65.946984    44.377    44.377  2 54804.00290183 16.854
  16 124.235171  65.948717    44.463    44.463  2 54813.91853907 16.504
  17 124.236653  65.949148    44.597    44.484  3 54823.83418361 15.084
  18 124.235627  65.948307    44.500    44.500  2 54833.74982350 14.071
  19 124.235258  65.948289    44.545    44.417  3 54843.66547343 13.751
  20 124.237125  65.949634    44.593    44.727  3 54853.58112262 12.950
  21 124.233557  65.951338    44.438    44.588  4 54863.49677108 12.814
  22 124.231930  65.952001    44.502    44.554  3 54873.41241953 12.425
  23 124.232850  65.950864    44.548    44.526  3 54883.32806584 12.168
  24 124.234276  65.948241    44.625    44.625  2 54893.24370879 12.122
  25 124.236213  65.946131    44.691    44.691  2 54903.15934906 12.045
  26 124.236246  65.946070    44.610    44.648  3 54913.07498792 12.675
  27 124.235062  65.947543    44.594    44.594  2 54922.99062588 11.195
  28 124.234823  65.948820    44.672    44.733  3 54932.90626314 10.974
  29 124.234863  65.948262    39.419    39.491  3 54942.82189855 19.417
  30 124.234787  65.946173    35.657    35.657  2 54952.73753202 35.541
  31 124.235738  65.944451    36.984    36.984  2 54962.65317540 38.585
  32 124.235469  65.944864    90.991    90.991  2 54972.56882397 11.480
  33 124.236092  65.946871    44.295    44.744  3 54982.48447171 32.356
  34 124.234417  65.948828    43.853    43.853  2 54992.40011895 29.301
  35 124.237173  65.949625    42.435    42.435  2 55002.31576580 30.055
  36 124.235510  65.949255    41.174    41.174  2 55012.23141037 53.949
  37 124.237540  65.948830    44.849    44.849  2 55022.14705383 28.977
  38 124.237059  65.949479    39.946    39.901  3 55032.06269620 52.747
  39 124.236376  65.950662    44.210    44.262  3 55041.97833786 20.136
  40 124.232317  65.950971    43.289    44.181  3 55051.89397765 23.270
  41 124.236184  65.949900    44.665    44.665  2 55061.80961595 25.018
  42 124.237561  65.947616    39.067    39.067  2 55071.72525900 45.257
  43 124.236016  65.945640    41.353    41.353  2 55081.64090748 27.791
  44 124.237013  65.945668    38.102    38.102  2 55091.55655459 42.568
  45 124.236951  65.947159    39.202    39.202  2 55101.47220113 52.634
  46 124.236390  65.948681    38.880    38.880  2 55111.38784723 44.583
  47 124.236969  65.948507    40.295    38.299  3 55121.30349131 44.328
  48 124.234291  65.946597    37.867    37.867  2 55131.21913223 46.838
  49 124.235485  65.944913    35.981    35.925  3 55141.13477151 41.158
  50 124.235139  65.945075    38.355    35.660  3 55151.05040995 35.871
  51 124.236599  65.946951    43.883    43.815  3 55160.96604864 28.740
  52 124.237395  65.948815    44.136    44.136  2 55170.88168688 26.471
  53 124.234406  65.949306    44.351    44.351  2 55180.79732327 23.193
  54 124.235099  65.949028    44.438    44.456  3 55190.71297178 21.800
  55 124.235704  65.949192    44.549    44.549  2 55200.62862213 20.521
  56 124.236008  65.949856    44.752    44.752  2 55210.54427180 20.069
  57 124.234665  65.950572    44.445    44.445  2 55220.45992086 18.913
  58 124.237098  65.950362    44.522    44.598  3 55230.37556923 18.346
  59 124.236437  65.949068    44.475    44.475  2 55240.29121407 18.109
  60 124.234459  65.947173    44.404    44.404  2 55250.20685518 17.710
  61 124.236962  65.946198    44.547    44.547  2 55260.12249441 17.272
  62 124.237037  65.946322    44.580    44.535  3 55270.03813264 16.025
  63 124.236200  65.947117    44.565    44.521  3 55279.95377071 15.246
  64 124.237825  65.947678    44.732    44.732  2 55289.86940774 14.789
  65 124.236517  65.947207    44.591    44.591  2 55299.78504211 14.268
  66 124.236401  65.946084    35.566    35.566  2 55309.70068698 41.659
  67 124.235888  65.945311    38.493    38.482  3 55319.61633269 21.805
  69 124.236661  65.947323    44.185    44.185  2 55339.44762206 34.065
  70 124.235488  65.948684    43.917    43.917  2 55349.36326616 27.785
  71 124.237284  65.949458    40.932    40.958  3 55359.27890852 54.032
  72 124.236468  65.949468    44.706    44.706  2 55369.19454847 21.656
  73 124.234545  65.949412    43.240    43.240  2 55379.11018683 26.485
  74 124.236764  65.949872    41.601    41.601  2 55389.02582485 26.427
  75 124.235608  65.949866    42.243    42.243  2 55398.94146155 26.431
  76 124.237076  65.949130    44.749    44.749  2 55408.85710752 20.710
  77 124.235360  65.947493    40.722    38.809  3 55418.77275803 34.462
  78 124.235346  65.946119    38.488    38.488  2 55428.68840528 51.527
  79 124.235000  65.945976    40.733    40.227  3 55438.60404992 27.115
  80 124.236327  65.946904    44.368    44.368  2 55448.51969337 24.687
  81 124.237819  65.947649    38.690    38.690  2 55458.43533653 51.425
  82 124.236588  65.947503    43.532    44.546  3 55468.35097869 21.902
  83 124.235620  65.946495    44.311    44.311  2 55478.26661760 32.583
  84 124.235001  65.945592    36.322    36.322  2 55488.18225349 41.128
  85 124.235576  65.945429    35.538    35.538  2 55498.09788724 32.965
  86 124.236388  65.946553    43.924    43.924  2 55508.01352555 20.531
  87 124.234837  65.947785    44.662    44.767  3 55517.92917572 16.695
  88 124.237587  65.948898    44.019    44.019  2 55527.84482536 16.622
  89 124.236674  65.949174    44.226    44.226  2 55537.76047271 15.275
  90 124.236509  65.949365    44.096    44.096  2 55547.67611787 15.200
  91 124.235830  65.949891    44.740    44.740  2 55557.59176122 13.610
  92 124.234938  65.950535    44.740    44.740  2 55567.50740369 13.560
  93 124.234520  65.950207    44.556    44.764  3 55577.42304543 12.797
  94 124.234330  65.948507    44.667    44.667  2 55587.33868508 12.471
  95 124.235052  65.946298    44.499    44.435  3 55597.25432169 12.096
  96 124.236629  65.945216    44.535    44.614  3 55607.16995557 11.691
  97 124.236846  65.945540    44.575    44.673  3 55617.08558731 11.411
  98 124.237752  65.947144    44.760    44.760  2 55627.00123159 11.471
  99 124.235027  65.947649    44.658    44.816  3 55636.91688298 10.840
 100 124.236048  65.947102    44.661    44.661  2 55646.83253263 10.455
 101 124.234948  65.945651    44.508    44.506  3 55656.74817925 10.694
 102 124.235117  65.945054    44.362    44.232  3 55666.66382167 10.081
 103 124.236040  65.945868    43.812    44.171  3 55676.57946133 25.742
 104 124.235083  65.947474    43.489    42.844  3 55686.49509902 22.744
 105 124.234704  65.948703    42.018    42.403  3 55696.41073558 36.901
 106 124.236828  65.948943    90.592    90.592  2 55706.32637108 25.984
 107 124.234878  65.948494    44.957    44.957  2 55716.24202057 24.014
 108 124.236048  65.948672    44.956    44.977  3 55726.15766942 28.776
 109 124.237051  65.949638    44.993    44.993  2 55736.07331647 20.786
 110 124.233008  65.950406    42.989    44.249  3 55745.98896178 25.143
 111 124.236918  65.950343    39.336    39.274  3 55755.90460592 53.308
 112 124.235076  65.948261    44.155    44.155  2 55765.82024704 23.962
 113 124.236683  65.945837    42.035    42.035  2 55775.73588558 29.391
 114 124.235920  65.944528    41.798    42.065  3 55785.65152100 29.503
 115 124.236457  65.945625    44.380    44.349  3 55795.56715461 27.795
 116 124.236496  65.947498    38.403    38.332  3 55805.48279418 50.590
 117 124.234844  65.948317    41.005    41.005  2 55815.39844332 29.500
 118 124.236123  65.947173    44.439    44.439  2 55825.31409005 24.637
 119 124.237974  65.945486    44.217    44.217  2 55835.22973229 33.219
 120 124.236813  65.944580    44.466    44.466  2 55845.14537069 23.487
 121 124.235843  65.945796    36.775    36.775  2 55855.06100634 42.591
 122 124.237129  65.948095    44.597    44.597  2 55864.97664649 18.637
 123 124.237647  65.949850    44.830    44.830  2 55874.89229969 16.411
 124 124.234398  65.949641    44.612    44.612  2 55884.80794686 13.176
 125 124.235694  65.948972    44.535    44.535  2 55894.72358844 13.111
 126 124.235047  65.948310    44.490    44.490  2 55904.63922451 12.854
 127 124.237127  65.949063    44.753    44.753  2 55914.55486528 13.200
 128 124.236304  65.950144    44.821    44.994  3 55924.47051913 14.398
 129 124.235776  65.950226    44.817    44.833  3 55934.38616985 12.050
 130 124.234697  65.948270    44.731    44.851  3 55944.30181584 12.443
 131 124.237263  65.945780    44.600    44.689  3 55954.21745781 11.443
 132 124.235715  65.944435    44.594    44.594  2 55964.13309654 11.048
 133 124.235715  65.945584    44.497    44.518  3 55974.04873387 10.841
 134 124.234799  65.947722    44.552    44.477  3 55983.96437001 10.972
 135 124.236199  65.948624    44.787    44.787  2 55993.88000411 10.033
 136 124.235126  65.947481    44.616    44.620  3 56003.79565451  9.281
 137 124.236283  65.945432    44.560    44.560  2 56013.71130345 10.515
 138 124.235295  65.944679    44.501    44.403  3 56023.62694899 10.537
 139 124.234455  65.946284    44.364    44.364  2 56033.54259223  9.215
 140 124.234817  65.948890    44.765    44.870  3 56043.45823351  9.350
 141 124.233103  65.950391    44.090    44.081  3 56053.37387193 38.390
 142 124.235175  65.950188    39.822    39.853  3 56063.28950736 39.053
 143 124.235715  65.948897   119.502   119.675  3 56073.20514913  3.098
 144 124.237179  65.948525    43.889    43.889  2 56083.12079929 28.755
 145 124.235337  65.948954    41.667    41.675  3 56093.03644673 53.278
 146 124.234436  65.949830    41.383    41.075  3 56102.95209203 31.758
 147 124.236568  65.949621    42.348    42.348  2 56112.86772314 28.079
 148 124.236753  65.948035    44.718    44.729  3 56122.78336192 20.499
 149 124.235921  65.945678    39.130    39.130  2 56132.69899672 54.634
 150 124.237342  65.944720    40.987    40.461  3 56142.61463414 34.742
 151 124.236652  65.945759    42.918    42.891  3 56152.53028485 28.152
 152 124.235231  65.947654    86.209    86.209  2 56162.44593396 25.481
 153 124.235954  65.948757    40.459    40.498  3 56172.36158129 51.480
 154 124.234494  65.947901    44.630    44.630  2 56182.27722360 22.476
 155 124.237605  65.946389    39.558    39.558  2 56192.19286254 32.119
 156 124.237966  65.945536    38.373    38.373  2 56202.10849853 55.024
 157 124.237555  65.946638    44.037    44.037  2 56212.02413257 40.767
 158 124.235640  65.948678    37.837    37.837  2 56221.93976455 43.231
 159 124.232828  65.950409    38.756    36.085  3 56231.85541853 29.544
 160 124.235007  65.950619    39.289    36.751  3 56241.77107130 30.739
 161 124.236291  65.949761    39.275    36.734  3 56251.68671972 31.442
 162 124.234675  65.948767    36.854    36.885  3 56261.60236321 33.166
 163 124.236328  65.948846    39.193    36.898  3 56271.51800488 31.174
 164 124.235369  65.949090    36.909    36.909  2 56281.43364571 27.212
 165 124.237220  65.949204    44.065    44.065  2 56291.34929812 22.848
 166 124.236683  65.947935    43.173    43.173  2 56301.26494580 21.254
 167 124.236011  65.946236    43.956    43.956  2 56311.18058927 19.108
 168 124.237182  65.945613    43.430    44.082  3 56321.09623070 18.614
 169 124.237301  65.946519    44.292    44.292  2 56331.01187143 17.140
 170 124.236620  65.947822    44.353    44.501  3 56340.92751155 16.276
 171 124.236886  65.948396    44.512    44.462  3 56350.84314949 15.116
 172 124.234457  65.947423    44.187    44.187  2 56360.75878764 14.216
 173 124.236520  65.946574    44.434    44.408  3 56370.67443752 13.449
 175 124.234475  65.948082    44.342    44.342  2 56390.50572933 13.144
 176 124.234370  65.949764    44.256    44.256  2 56400.42137257 13.194
 177 124.235392  65.950672    42.446    43.445  3 56410.33701323 33.011
 180 124.235023  65.949319    42.709    42.706  3 56440.08393876 55.882
 181 124.235925  65.949408    44.408    45.005  3 56449.99958956 25.863
 182 124.235857  65.949197    44.200    44.823  3 56459.91523802 25.423
 183 124.236440  65.948259    41.053    41.053  2 56469.83088320 33.152
 184 124.235486  65.947199    41.973    41.973  2 56479.74652442 25.286
 185 124.237803  65.946546    42.738    42.738  2 56489.66216199 26.446
 186 124.235520  65.946477    41.199    41.425  3 56499.57779667 27.963
 187 124.235079  65.946870    43.836    44.631  3 56509.49343025 22.162
 188 124.234796  65.947404    42.644    42.019  3 56519.40907171 23.251
 189 124.234860  65.947641    39.856    39.856  2 56529.32472551 52.747
 190 124.234927  65.947439    44.489    44.489  2 56539.24037520 26.357
 191 124.236272  65.947263    38.451    38.451  2 56549.15602078 50.363
 192 124.236740  65.947911    43.589    44.493  3 56559.07166387 21.818
 193 124.235690  65.949037    44.467    44.373  3 56568.98730589 34.602
 194 124.236518  65.950353    37.837    37.830  3 56578.90294679 48.613
 195 124.233390  65.950340    36.015    36.003  3 56588.81858350 27.335
 196 124.235479  65.949875    44.330    44.330  2 56598.73422745 18.279
 197 124.236587  65.949359    44.305    44.305  2 56608.64987855 14.462
 198 124.237328  65.949527    36.301    36.301  2 56618.56552474 19.477
 199 124.236336  65.949662    44.298    44.313  3 56628.48116750 14.223
 200 124.236705  65.949159    44.638    44.638  2 56638.39680743 13.390
 201 124.236082  65.947650    44.119    44.119  2 56648.31245097 13.249
 202 124.237004  65.946373    44.431    44.300  3 56658.22810266 12.260
 203 124.235382  65.945966    44.359    44.475  3 56668.14374997 12.472
 204 124.237373  65.947233    44.672    44.672  2 56678.05939513 12.031
 205 124.236168  65.948455    44.566    44.629  3 56687.97503866 11.906
 206 124.235630  65.948596    44.417    44.532  3 56697.89067995 10.871
 207 124.234525  65.947541    44.569    44.569  2 56707.80631654 11.068
 208 124.236050  65.946662    44.726    44.677  3 56717.72195345 10.392
 209 124.234398  65.947128    44.526    44.526  2 56727.63760607 10.611
 210 124.237232  65.949023    44.625    44.625  2 56737.55325518 10.139
 211 124.232447  65.950640    44.689    44.631  3 56747.46890003 10.373
 212 124.234372  65.951168    44.895    44.971  3 56757.38454101  9.663
 213 124.234912  65.950257    44.000    43.915  3 56767.30017593 25.325
 214 124.234157  65.949078    41.868    41.868  2 56777.21581984 25.812
 215 124.237166  65.949241    37.393    37.393  2 56787.13147635 45.834
 217 124.235535  65.950454    43.957    44.525  3 56806.96277642 33.115
 218 124.235664  65.949597    41.365    41.365  2 56816.87841773 56.089
 219 124.235752  65.947722    40.849    40.849  2 56826.79405552 52.631
 220 124.236714  65.945956    40.208    40.204  3 56836.70969002 53.043
 221 124.237208  65.945860    39.188    39.073  3 56846.62532148 54.332
 222 124.234459  65.947190    40.126    40.126  2 56856.54097102 35.441
 223 124.234265  65.948870    38.436    38.436  2 56866.45662449 48.966
 224 124.235605  65.949143    44.567    44.714  3 56876.37227680 28.634
 225 124.235332  65.948343    44.424    44.497  3 56886.28792582 26.124
 226 124.234805  65.947300    43.143    44.545  3 56896.20357201 23.464
 227 124.235156  65.947782    44.338    44.329  3 56906.11921536 24.399
 228 124.236581  65.949697    44.650    44.650  2 56916.03485664 26.628
 229 124.235609  65.951522    44.578    44.601  3 56925.95049582 29.940
 230 124.233438  65.951818    38.613    38.568  4 56935.86613158 45.379
 231 124.236163  65.950504    37.348    37.337  3 56945.78176245 46.435
 232 124.236636  65.948808    35.668    35.668  2 56955.69741435 37.359
 233 124.236918  65.948157    44.384    44.552  3 56965.61306360 20.838
 234 124.237014  65.949086    44.057    44.036  3 56975.52870848 18.266
 235 124.233547  65.950013    43.750    43.561  3 56985.44434856 18.026
 236 124.236749  65.949615    44.290    44.290  2 56995.35998380 15.550
 237 124.235333  65.947340    44.103    44.103  2 57005.27562533 15.400
 238 124.237618  65.945523    44.069    44.069  2 57015.19128068 15.601
 239 124.236364  65.945446    44.113    44.004  3 57025.10693134 14.394
 240 124.236795  65.947627    44.302    44.302  2 57035.02257997 12.806
 241 124.236995  65.949612    44.590    44.590  2 57044.93822604 12.661
 242 124.236340  65.949809    44.471    44.604  3 57054.85386898 11.731
 243 124.235735  65.948162    44.288    44.116  3 57064.76950700 11.790
 244 124.237322  65.947046    44.309    44.409  3 57074.68514048 11.557
 245 124.237948  65.947429    44.342    44.342  2 57084.60077061 10.895
 246 124.237471  65.949802    44.585    44.585  2 57094.51642378 10.361
 247 124.232270  65.951672    44.243    44.299  3 57104.43207999 10.001
 248 124.233629  65.952120    44.586    44.871  3 57114.34773255 10.855
 249 124.233839  65.950525    44.554    44.657  3 57124.26337877 10.558
 250 124.235918  65.948769    44.279    44.082  3 57134.17901984 10.201
 251 124.236856  65.947959    44.245    44.245  2 57144.09465634 21.727
 252 124.235721  65.948526    40.983    40.983  2 57154.01029005 21.969
 253 124.235580  65.949302   100.750   100.750  2 57163.92592632  5.815
 254 124.237647  65.949545    45.010    45.010  2 57173.84158335 27.080
 255 124.235005  65.947905    42.222    42.222  2 57183.75723659 55.526
 256 124.236391  65.946171    43.419    43.419  2 57193.67288628 26.007
 257 124.235152  65.945792    41.472    41.472  2 57203.58853346 45.671
 258 124.235929  65.947403    43.126    43.126  2 57213.50416757 27.390
 259 124.234992  65.949308    43.040    43.040  2 57223.41981138 22.633
 260 124.236612  65.950038    44.681    44.902  3 57233.33545369 27.604
 261 124.235790  65.949115    43.267    44.839  3 57243.25109279 27.936
 262 124.236849  65.947882    43.166    44.575  3 57253.16672952 24.240
 263 124.236782  65.948012    42.341    42.341  2 57263.08236462 23.293
 264 124.236120  65.949644    37.309    37.214  3 57272.99800145 38.234
 265 124.231969  65.951408    37.562    36.391  3 57282.91365850 37.243
 266 124.233225  65.951813    37.928    37.007  3 57292.82931338 39.779
 267 124.235891  65.950531    44.209    44.401  3 57302.74496494 38.199
 268 124.235812  65.948615    36.683    36.683  2 57312.66061242 42.347
 269 124.237825  65.947922    44.093    44.093  2 57322.57625688 28.996
 270 124.235455  65.948378    44.231    44.231  2 57332.49189889 26.680
 271 124.236273  65.949424    44.406    44.458  3 57342.40753921 23.218
 272 124.236228  65.949380    44.411    44.416  3 57352.32319132 21.118
 273 124.235441  65.947974    44.707    44.707  2 57362.23883557 18.500
 274 124.235063  65.946214    44.278    44.051  3 57372.15447657 16.689
 275 124.235037  65.946013    44.437    44.543  3 57382.07011574 16.878
 276 124.236139  65.947291    44.254    44.296  3 57391.98575447 16.131
 277 124.236058  65.948773    44.302    44.302  2 57401.90139215 15.571
 278 124.234730  65.949231    44.544    44.586  3 57411.81703434 15.194
 279 124.234370  65.948858    44.601    44.601  2 57421.73268617 14.802
 280 124.235581  65.948705    44.621    44.621  2 57431.64833548 14.100
 281 124.235763  65.949343    44.712    44.712  2 57441.56398283 13.566
 282 124.234628  65.950542    44.615    44.670  3 57451.47962930 13.281
 283 124.232955  65.951273    44.600    44.603  3 57461.39527413 13.771
 284 124.234534  65.950955    44.598    44.562  3 57471.31091581 13.606
 285 124.234417  65.949597    44.587    44.587  2 57481.22655332 12.907
 286 124.236092  65.948254    44.559    44.559  2 57491.14218795 12.397
 287 124.234961  65.947584    44.515    44.465  3 57501.05782028 10.357
 288 124.235963  65.947951    35.297    35.147  3 57510.97346786 38.653
 289 124.235379  65.948386    35.943    35.943  2 57520.88912333 39.806
 290 124.236138  65.948335    43.125    43.125  2 57530.80477636 38.920
 291 124.234824  65.947496    88.728    88.728  2 57540.72042589 29.311
 292 124.236112  65.946806    42.667    42.667  2 57550.63607284 53.180
 293 124.235834  65.946867    42.331    42.331  2 57560.55171829 55.052
 294 124.236434  65.947904    44.325    44.325  2 57570.46736336 21.056
 295 124.235136  65.948877    44.217    44.217  2 57580.38300806 21.416
 296 124.236672  65.949412    44.710    44.815  3 57590.29865130 23.155
 297 124.234900  65.949196    39.940    39.909  3 57600.21429146 55.727
