# NaN NaN NaN ;Mean Elev.(m), Avg Gradient(m/km), RMS Gradient(m/km) - SRTM1     
#   18.000  -3.242   6.954 ;Mean Elev.(m), Avg Gradient(m/km), RMS Gradient(m/km) - ASTER GDEM
#   24.187  -3.794   6.200 ;Mean Elev.(m), Avg Gradient(m/km), RMS Gradient(m/km) - GMTED2010 
   1 124.158671  65.523436    42.876    42.926  6 54661.20147021 27.037
   2 124.149341  65.522846    41.844    41.849  8 54671.11711478 51.011
   3 124.153494  65.524303   -26.360   -26.389  8 54681.03275906  7.430
   4 124.153398  65.524996    43.637    43.629  6 54690.94840176 55.853
   5 124.148678  65.524206   -24.812   -24.797  8 54700.86404164  9.008
   6 124.149127  65.522840    42.837    42.884  8 54710.77968795 27.689
   7 124.151417  65.521782   -10.020   -10.016  8 54720.69533930 17.415
   8 124.146400  65.520451    44.290    44.287  8 54730.61098738 38.917
   9 124.148006  65.520895    42.628    42.616  7 54740.52663457 55.284
  10 124.148597  65.521508   114.352   114.051  3 54750.44228167  1.208
  11 124.150006  65.521955    87.491    87.838  8 54760.35792868 18.624
  12 124.149099  65.521345   101.455   102.221  8 54770.27357306 13.588
  13 124.146803  65.520223   102.708   102.708  2 54780.18921399  6.574
  15 124.151253  65.520040    98.717    98.717  2 54800.02049048  1.533
  17 124.150790  65.521692    41.484    41.217  8 54819.85176676 19.893
  18 124.149010  65.522112    42.739    42.933  8 54829.76741885 18.839
  19 124.147933  65.522566    42.921    42.931  8 54839.68305753 18.522
  20 124.152533  65.524024    42.648    42.776  8 54849.59870707 17.491
  21 124.148599  65.524912    42.785    42.789  8 54859.51435535 16.518
  22 124.152848  65.526078    42.951    42.938  8 54869.43000453 16.022
  23 124.148059  65.524761    43.609    43.627  8 54879.34565175 15.126
  24 124.149353  65.522777    43.495    43.566  8 54889.26129633 14.640
  25 124.146543  65.520611    44.482    44.534  8 54899.17693733 14.188
  26 124.146965  65.520515    44.405    44.383  8 54909.09257634 14.148
  27 124.148408  65.521670    43.751    43.815  8 54919.00821422 14.018
  28 124.147291  65.522115    44.415    44.340  8 54928.92385157 13.770
  29 124.148022  65.521196    44.000    44.032  8 54938.83948820 13.185
  30 124.149777  65.519637    39.640    39.170  8 54948.75512321 42.020
  31 124.149171  65.518409    41.987    42.565  7 54958.67075995 29.732
  32 124.148217  65.519001    43.823    43.848  7 54968.58640839 32.115
  33 124.148575  65.520523    45.873    45.855  8 54978.50205594 55.589
  34 124.146358  65.521520    45.955    45.673  8 54988.41770319 22.864
  35 124.150200  65.522187    45.989    45.832  8 54998.33335114 25.308
  36 124.147647  65.522037    44.942    44.908  8 55008.24899667 55.884
  37 124.146089  65.522241    43.787    43.799  7 55018.16464036 54.995
  38 124.148755  65.523615    43.854    44.069  8 55028.08028309 24.257
  39 124.151094  65.525119    43.391    43.371  8 55037.99592528 26.209
  41 124.149745  65.523527    42.995    42.882  8 55057.82720462 25.039
  42 124.148283  65.520705    42.253    42.292  8 55067.74284213 28.523
  43 124.149690  65.519324    42.775    42.653  7 55077.65849235 24.738
  44 124.148511  65.519692    42.914    43.122  8 55087.57414002 26.701
  45 124.149696  65.521506    43.349    43.705  8 55097.48978640 25.965
  46 124.152287  65.522940    43.095    43.216  8 55107.40543247 25.566
  47 124.155816  65.522620    43.954    43.629  5 55117.32107789 26.233
  48 124.150114  65.520133    87.353    87.769  8 55127.23672004 24.458
  50 124.142720  65.518372   116.054   113.454  5 55147.06799839  1.578
  51 124.140868  65.520048   114.765   114.976  5 55156.98363620  4.794
  52 124.130770  65.520539   113.683   113.683  2 55166.89927315  0.638
  54 124.150805  65.521948    43.467    43.537  8 55186.73055541 21.142
  56 124.149993  65.523365    43.721    43.694  8 55206.56185615 20.394
  57 124.167840  65.526851    41.798    41.819  3 55216.47750714 19.413
  58 124.151518  65.525784    43.326    43.412  9 55226.39315422 18.729
  59 124.153357  65.524261    43.638    43.719  8 55236.30880048 18.003
  60 124.148525  65.520862    44.218    44.372  8 55246.22444263 17.065
  61 124.146513  65.518702    45.190    45.364  7 55256.14008243 16.434
  62 124.148053  65.519429    44.607    44.691  8 55266.05572143 15.987
  63 124.150341  65.521759    44.069    43.796  8 55275.97135982 15.738
  64 124.150544  65.522793    43.942    43.687  8 55285.88699701 15.709
  65 124.149509  65.521397    43.625    43.633  8 55295.80263193 15.411
  66 124.146501  65.518657    42.766    42.564  7 55305.71827110 19.302
  67 124.148437  65.517666    40.655    40.332  7 55315.63391822 33.228
  68 124.148667  65.518755    39.690    39.776  7 55325.54956379 38.877
  69 124.146596  65.520913    40.704    40.710  8 55335.46520804 44.085
  70 124.148847  65.522953    47.039    47.047  8 55345.38085229 31.225
  71 124.149618  65.523210    44.408    44.413  8 55355.29649533 51.333
  72 124.149433  65.522624    44.104    44.065  8 55365.21213620 25.464
  73 124.148541  65.522147    44.077    44.054  8 55375.12777544 23.585
  74 124.148448  65.522715    42.779    42.801  8 55385.04341370 46.941
  76 124.151741  65.523976    42.657    42.663  8 55404.87469059 27.828
  77 124.147291  65.522405    41.934    42.177  8 55414.79034159 30.183
  78 124.147653  65.520184    42.964    43.091  8 55424.70598991 29.129
  79 124.148424  65.518544    41.260    40.964  7 55434.62163568 31.625
  80 124.148578  65.519018    42.348    42.350  8 55444.53728007 31.938
  81 124.148601  65.520859    42.271    42.015  8 55454.45292342 45.243
  82 124.149588  65.522548    41.309    41.324  7 55464.36856609 55.127
  83 124.157745  65.522700    43.980    43.743  5 55474.28420675 23.869
  84 124.147359  65.519480   101.367   101.955  7 55484.19984261 23.042
  85 124.145208  65.517356    40.015    40.005  7 55494.11547715 45.758
  86 124.149958  65.518264    40.097    40.111  7 55504.03111132 31.109
  87 124.147434  65.520577    39.993    40.018  8 55513.94675984 22.017
  88 124.149327  65.523079    40.322    40.342  8 55523.86240970 21.042
  89 124.150377  65.523903    40.662    40.642  8 55533.77805767 19.802
  90 124.150907  65.523312    40.316    40.247  8 55543.69370371 19.570
  91 124.152323  65.522989    40.440    40.221  8 55553.60934791 18.096
  92 124.151161  65.523430    41.617    42.179  8 55563.52499083 16.854
  93 124.149786  65.524001    42.781    42.839  8 55573.44063312 15.620
  94 124.149013  65.523541    42.512    42.719  8 55583.35627406 15.313
  95 124.150235  65.521885    43.186    43.307  8 55593.27191171 14.397
  96 124.147215  65.519343    43.502    43.500  8 55603.18754559 13.889
  97 124.146262  65.517972    44.210    44.191  7 55613.10317760 13.340
  98 124.149239  65.518641    44.060    44.021  7 55623.01881401 13.025
  99 124.147757  65.520255    43.700    43.835  8 55632.93446673 12.914
 100 124.151066  65.521471    43.691    43.668  8 55642.85011762 12.022
 101 124.146481  65.520673    44.329    44.302  8 55652.76576482 11.450
 102 124.149279  65.519481    44.222    44.221  7 55662.68140846 10.638
 103 124.151909  65.519080    39.683    39.117  6 55672.59704910 31.560
 104 124.147535  65.519318    43.559    43.542  7 55682.51268768 24.253
 105 124.150939  65.521288    40.291    40.261  8 55692.42832556 37.731
 106 124.150210  65.522537    46.672    46.654  8 55702.34396143 39.359
 107 124.147572  65.522806    44.072    44.039  8 55712.25960413 26.237
 108 124.147063  65.522753    45.098    45.039  8 55722.17525361 24.277
 109 124.149038  65.522997    44.915    45.048  8 55732.09090130 23.758
 110 124.149287  65.523205    43.273    43.345  8 55742.00654755 26.992
 111 124.147643  65.523085    42.179    42.214  8 55751.92219232 32.311
 112 124.150587  65.522596    42.875    42.899  8 55761.83783516 26.709
 113 124.150825  65.521295    41.464    41.593  8 55771.75347489 35.455
 114 124.148875  65.519498    41.991    41.987  8 55781.66911090 55.109
 115 124.149455  65.518922    42.787    42.812  7 55791.58474463 54.372
 116 124.149255  65.519163    41.608    41.586  7 55801.50037725 50.402
 117 124.147067  65.520166    42.435    42.412  8 55811.41602732 29.581
 118 124.146629  65.520628    42.857    42.590  8 55821.33167600 26.185
 119 124.148235  65.520227    45.322    45.271  7 55831.24732004 22.306
 121 124.148816  65.518799    40.382    40.450  8 55851.07859563 51.153
 122 124.148566  65.519781    86.022    85.987  8 55860.99422984 22.235
 123 124.148706  65.521740    40.643    40.661  8 55870.90988251 27.873
 124 124.147312  65.522790    44.467    44.093  8 55880.82553283 17.276
 125 124.151457  65.523321    43.765    43.577  8 55890.74117698 16.749
 126 124.150736  65.522939    43.705    43.725  8 55900.65681479 16.365
 127 124.146725  65.522436    43.968    43.963  8 55910.57244762 16.365
 128 124.151696  65.523697    43.593    43.686  8 55920.48810156 16.122
 129 124.151796  65.523539    44.150    43.911  8 55930.40375388 15.277
 130 124.149928  65.521954    43.811    43.732  8 55940.31940210 15.073
 131 124.149313  65.520054    44.472    44.309  8 55950.23504576 14.081
 132 124.147332  65.519124    44.471    44.525  7 55960.15068524 13.482
 133 124.148195  65.519789    44.603    44.672  7 55970.06632268 13.621
 134 124.146392  65.520633    44.528    44.578  8 55979.98195881 13.648
 135 124.148502  65.520796    44.502    44.398  8 55989.89759437 13.246
 136 124.146700  65.519939    44.463    44.456  8 55999.81323764 12.916
 137 124.148833  65.519374    44.395    44.280  8 56009.72888850 12.856
 138 124.148345  65.519275    44.427    44.269  8 56019.64453505 12.652
 139 124.150417  65.520478    44.059    44.022  8 56029.56017898 12.209
 140 124.149188  65.521932    43.644    43.907  8 56039.47582078  7.340
 141 124.151206  65.523053    42.952    42.875  8 56049.39146084  7.259
 142 124.151447  65.523300    40.339    40.320  8 56059.30709803 44.559
 143 124.151012  65.522527    48.748    48.770  8 56069.22273261 50.308
 144 124.150623  65.522707    45.859    45.605  8 56079.13838372 28.129
 145 124.151805  65.523486    45.041    45.015  8 56089.05403225 55.623
 146 124.152155  65.524229    44.621    44.314  8 56098.96967819 26.798
 147 124.152066  65.523636    44.329    44.395  8 56108.88532165 23.158
 148 124.148860  65.521351    44.227    43.990  8 56118.80095029 28.141
 149 124.147416  65.518979    42.473    42.462  8 56128.71658700 47.084
 150 124.149432  65.518191    42.985    42.976  7 56138.63222069 43.252
 151 124.148938  65.519628    43.886    43.889  8 56148.54786861 52.638
 152 124.146225  65.521292    41.495    41.573  8 56158.46351759 47.454
 153 124.147783  65.522062    43.124    42.843  8 56168.37916579 29.638
 154 124.146973  65.520776    43.426    43.457  8 56178.29481073 50.715
 155 124.148741  65.519369    42.225    42.232  8 56188.21045141 54.561
 156 124.146784  65.518746    43.386    42.907  7 56198.12608836 25.375
 157 124.148418  65.520282    86.322    87.054  7 56208.04172283 17.486
 158 124.148156  65.522227    87.471    87.797  8 56217.95735549 22.241
 159 124.148298  65.523551    87.450    87.436  8 56227.87300009 24.843
 160 124.146572  65.523183   107.171   111.315  6 56237.78865421  4.396
 165 124.168902  65.525456    41.885    41.885  2 56287.36688310 19.790
 166 124.147783  65.521390    43.988    43.933  8 56297.28253038 19.189
 167 124.148417  65.519222    43.910    43.882  7 56307.19817578 17.971
 168 124.146988  65.518458    44.271    44.285  7 56317.11381817 17.111
 169 124.148337  65.520287    43.863    43.889  7 56327.02945940 16.900
 170 124.152142  65.522539    43.454    43.508  8 56336.94509985 16.383
 171 124.150449  65.522667    43.862    43.882  8 56346.86073810 15.450
 172 124.147046  65.520629    44.318    44.220  8 56356.77637357 14.824
 173 124.148959  65.519253    44.115    44.060  8 56366.69202158 14.708
 176 124.148793  65.523930    43.724    43.781  8 56396.43895957 13.944
 177 124.149660  65.525084    42.348    42.348  8 56406.35460109 18.439
 178 124.150817  65.524463    39.495    39.539  8 56416.27023905 46.645
 179 124.150568  65.522532    40.478    40.463  8 56426.18587205 44.965
 180 124.150756  65.522032    46.553    46.617  8 56436.10152202 32.913
 181 124.147908  65.522569    45.352    45.354  8 56446.01717354 55.922
 182 124.148543  65.523916    44.670    44.508  8 56455.93282305 24.311
 183 124.148237  65.523757    44.107    44.094  8 56465.84846931 29.966
 184 124.151475  65.522175    43.801    43.618  8 56475.76411199 24.815
 185 124.149153  65.519432    43.003    42.593  7 56485.67975060 29.086
 186 124.149285  65.518495    44.774    44.670  7 56495.59538667 22.286
 187 124.149523  65.519694    45.080    45.061  7 56505.51102122 22.866
 188 124.147466  65.521320    45.138    45.154  8 56515.42665411 51.292
 189 124.150829  65.522673    43.521    43.607  8 56525.34230852 28.298
 190 124.146327  65.521307    43.795    43.953  8 56535.25795894 26.712
 192 124.150240  65.520104    41.942    41.946  8 56555.08925063 56.002
 193 124.157480  65.522590    44.078    43.738  6 56565.00489418 27.473
 194 124.152247  65.524430    89.041    89.067  8 56574.92053521 25.784
 195 124.148886  65.525108    40.321    40.366  8 56584.83617344 52.308
 196 124.148232  65.524021    40.290    40.298  8 56594.75180917 45.172
 197 124.147487  65.522768    39.883    39.891  8 56604.66746198 35.197
 198 124.149634  65.522186    40.330    40.340  8 56614.58311031 32.248
 199 124.147518  65.522298    40.194    40.212  8 56624.49875448 25.030
 200 124.151253  65.523130    40.102    40.084  8 56634.41439642 24.914
 201 124.149701  65.522688    40.259    40.240  7 56644.33003313 23.163
 202 124.151631  65.521775    40.430    40.447  8 56654.24568627 18.948
 203 124.149096  65.519964    40.715    40.696  7 56664.16133469 18.686
 204 124.147315  65.519171    40.277    40.233  7 56674.07698050 19.245
 205 124.150929  65.520710    41.096    40.446  8 56683.99262569 16.321
 206 124.149535  65.522125    39.837    39.859  8 56693.90826832 18.867
 207 124.150580  65.522810    41.324    41.366  8 56703.82390679 15.516
 208 124.153069  65.521912    41.165    41.334  6 56713.73954000 14.639
 209 124.149208  65.520750    40.312    40.130  8 56723.65518892 16.044
 210 124.148494  65.520968    41.107    40.406  8 56733.57083941 14.814
 211 124.147138  65.522668    42.995    42.992  8 56743.48648651 13.350
 212 124.152350  65.524997    42.581    42.620  8 56753.40212993 13.024
 213 124.150400  65.525273    40.159    39.813  8 56763.31776723 37.158
 214 124.147723  65.523879    43.155    43.231  8 56773.23340015 28.180
 215 124.148414  65.523223    40.098    40.034  8 56783.14905772 39.523
 216 124.149604  65.523016    46.565    46.506  8 56793.06471167 49.720
 217 124.151054  65.523488    45.298    45.281  8 56802.98036288 54.558
 218 124.153128  65.523763    44.794    44.798  8 56812.89600615 55.127
 219 124.149779  65.522774    44.263    44.090  8 56822.81164534 24.755
 220 124.147363  65.521155    43.862    43.688  8 56832.72728040 25.871
 221 124.147789  65.519812    43.710    43.389  7 56842.64291234 24.342
 222 124.147929  65.519709    42.374    42.373  8 56852.55855243 52.399
 223 124.149674  65.521006    44.305    44.141  8 56862.47420684 23.764
 224 124.150086  65.522286    44.000    44.015  8 56872.38986057 23.815
 225 124.147594  65.522472    41.894    41.890  8 56882.30551091 44.802
 226 124.157096  65.523197    43.873    44.004  6 56892.22115875 22.614
 227 124.150109  65.522250    44.295    44.075  8 56902.13680193 23.611
 228 124.151909  65.523244    41.946    41.914  8 56912.05244404 54.013
 229 124.148483  65.523973    42.336    42.341  8 56921.96808404 26.031
 231 124.141271  65.523683    91.838    88.768  4 56941.79935422 22.176
 232 124.151448  65.523794    88.811    87.839  8 56951.71499730 24.216
 233 124.151088  65.523168    39.543    39.510  8 56961.63064838 46.784
 234 124.151228  65.523076    39.512    39.538  8 56971.54629463 32.197
 235 124.147563  65.522705    39.880    39.863  8 56981.46193644 27.000
 236 124.147079  65.522138    40.163    40.193  8 56991.37757411 23.622
 237 124.148880  65.520878    40.091    40.068  8 57001.29320583 22.604
 238 124.147516  65.520227    39.828    39.874  8 57011.20886332 23.267
 239 124.149260  65.520154    40.334    40.329  8 57021.12451525 19.742
 240 124.150160  65.521064    39.826    39.806  8 57031.04016423 20.396
 241 124.150669  65.522060    39.629    39.699  8 57040.95581127 20.438
 242 124.150681  65.522627    39.798    39.837  8 57050.87145614 18.691
 243 124.150306  65.522112    39.563    39.543  8 57060.78709678 19.488
 244 124.147193  65.521185    40.123    40.169  8 57070.70273158 16.325
 245 124.147815  65.521252    39.958    39.796  8 57080.61836248 17.086
 246 124.149786  65.522756    39.619    39.625  8 57090.53400371 18.006
 247 124.150644  65.524769    42.201    42.641  8 57100.44966165 13.763
 250 124.161633  65.524179    42.025    41.946  5 57130.19660956 25.129
 251 124.149623  65.522519    40.687    39.997  7 57140.11224627 27.205
 252 124.147988  65.522758    39.809    39.813  8 57150.02788048 37.236
 253 124.152148  65.523184    44.095    44.031  8 57159.94351224 42.157
 254 124.150729  65.522438    45.728    45.704  8 57169.85916435 29.738
 255 124.145713  65.520612    44.997    44.985  8 57179.77481929 27.726
 256 124.148306  65.519823    45.554    45.600  7 57189.69047095 53.849
 257 124.148086  65.520274    44.097    44.161  8 57199.60611880 30.142
 258 124.150779  65.521975    43.074    43.077  8 57209.52175332 55.673
 259 124.147068  65.522728    42.699    42.739  8 57219.43739719 44.246
 260 124.149720  65.522794    42.751    42.710  8 57229.35304057 28.311
 261 124.149860  65.522021    41.289    41.295  8 57239.26868145 45.188
 262 124.148638  65.521279    41.251    41.229  8 57249.18431919 43.485
 263 124.151102  65.522128    42.694    42.971  8 57259.09995494 27.885
 264 124.151099  65.523598    42.605    42.636  8 57269.01558921 26.497
 265 124.152947  65.525405    42.419    42.413  8 57278.93124008 27.324
 266 124.148789  65.525145    41.165    41.343  8 57288.84689555 34.160
 267 124.152418  65.524273    87.439    87.820  8 57298.76254883 27.047
 268 124.145893  65.521996   106.063   108.275  7 57308.67819751 23.322
 269 124.150312  65.522123   104.552   102.780  8 57318.59384373 19.510
 270 124.149744  65.522919   103.363   104.032  7 57328.50948645 10.233
 271 124.163821  65.525267    39.156    39.133  4 57338.42512841 29.678
 272 124.147206  65.523224    40.744    40.325  8 57348.34077547 27.036
 273 124.152347  65.521782    39.647    39.641  6 57358.25642213 26.428
 274 124.159102  65.520509    41.655    41.863  4 57368.17206565 21.021
 275 124.149172  65.519559    44.133    44.013  8 57378.08770476 18.635
 276 124.148974  65.521316    43.746    43.715  8 57388.00334319 18.481
 277 124.150433  65.522981    43.519    43.376  8 57397.91898093 17.654
 278 124.146875  65.522546    44.048    44.044  8 57407.83461660 17.608
 279 124.151887  65.522022    43.846    44.009  8 57417.75026974 16.972
 280 124.148095  65.521094    43.999    44.108  8 57427.66592005 16.944
 281 124.150167  65.522444    43.671    43.748  8 57437.58156832 16.190
 282 124.153592  65.525065    43.290    43.107  8 57447.49721536 15.806
 283 124.150583  65.526365    42.948    42.789  8 57457.41286071 16.152
 284 124.153178  65.526066    43.041    42.922  8 57467.32850391 16.040
 285 124.151338  65.523452    43.822    43.809  8 57477.24414264 15.409
 286 124.147065  65.520759    44.258    44.325  8 57487.15977790 14.978
 287 124.148435  65.520309    44.079    43.888  8 57497.07541155 14.160
 288 124.147874  65.521550    40.355    39.243  8 57506.99104917 24.994
 289 124.147877  65.523014    42.474    42.410  8 57516.90670546 29.460
 290 124.148538  65.522848    42.369    42.297  8 57526.82235892 39.033
 291 124.148695  65.520908    44.463    44.468  8 57536.73800967 55.508
 292 124.147712  65.519267    45.104    45.014  8 57546.65365764 33.896
 293 124.148033  65.519537    45.840    45.833  7 57556.56930419 56.298
 294 124.147705  65.521518    43.931    43.916  8 57566.48494952 34.147
 295 124.152163  65.523700    44.188    44.153  8 57576.40059457 24.119
 296 124.151904  65.524016    42.979    42.898  8 57586.31623809 27.281
 297 124.152102  65.523104    44.245    44.190  8 57596.23187933 24.229
