-202145.768   423.989     0.00   15.79
-201858.079   426.119     7.41   17.53
-201570.370   424.032    -7.25   20.00
-201282.641   424.194     0.56   21.75
-200994.892   425.854     5.77   22.20
-200707.123   428.469     9.08   21.81
-200419.334   428.729     0.91   21.85
-200131.525   431.479     9.55   21.11
-199843.696   434.199     9.45   18.90
-199555.847   437.002     9.74   16.73
-199267.977   441.133    14.35   15.23
-198980.088   445.203    14.13   13.43
-198692.179   448.257    10.61   10.91
-198404.249   449.861     5.57    8.54
-198116.300   449.103    -2.63    8.82
-197828.330   446.211   -10.04   11.81
-197540.340   441.526   -16.27   14.71
-197252.330   435.703   -20.22   16.25
-196964.300   428.445   -25.20   18.00
-196676.250   420.871   -26.29   19.24
-196388.180   411.551   -32.35   19.98
-196100.090   402.364   -31.89   18.92
-195811.980   393.842   -29.57   16.90
-195523.849   387.854   -20.78   15.55
-195235.698   382.854   -17.35   13.29
-194947.528   380.574    -7.91   13.16
-194659.337   381.912     4.64   15.97
-194371.126   386.610    16.30   18.87
-194082.895   392.144    19.20   18.62
-193794.643   398.393    21.68   15.17
-193506.372   401.382    10.37   11.80
-193218.080   400.838    -1.88   12.97
-192929.768   397.301   -12.27   15.70
-192641.436   391.565   -19.89   17.68
-192353.084   385.964   -19.42   16.77
-192064.712   380.703   -18.24   16.32
-191776.319   375.305   -18.72   16.47
-191487.906   373.005    -7.97   17.52
-191199.473   370.208    -9.70   18.88
-190911.020   366.921   -11.39   20.93
-190622.547   361.864   -17.53   24.01
-190334.053   353.062   -30.51   24.96
-190045.540   344.216   -30.66   26.07
-189757.006   335.467   -30.32   27.92
-189468.452   323.338   -42.03   27.79
-189179.877   314.832   -29.47   25.17
-188891.282   310.938   -13.49   24.22
-188602.667   314.820    13.45   28.87
-188314.032   322.609    26.98   33.83
-188025.377   331.263    29.98   34.24
-187736.701   344.251    44.99   33.39
-187448.005   354.753    36.37   32.52
-187159.289   361.464    23.24   32.64
-186870.553   361.703     0.83   32.96
-186581.796   359.919    -6.18   31.82
-186294.341   353.106   -23.70   32.47
-186009.782   346.472   -23.31   32.07
-185725.203   339.144   -25.75   31.28
-185440.605   330.660   -29.80   29.96
-185155.989   322.727   -27.87   31.35
-184871.353   312.929   -34.42   33.78
-184586.699   305.746   -25.23   35.20
-184302.025   300.652   -17.89   33.40
-184017.333   299.378    -4.47   31.80
-183732.622   304.936    19.52   35.64
-183447.891   312.186    25.46   41.95
-183163.142   323.694    40.41   47.08
-182878.374   340.489    58.97   47.73
-182593.587   355.728    53.50   43.49
-182308.780   370.515    51.91   33.69
-182023.955   381.493    38.54   27.42
-181739.111   389.307    27.43   22.48
-181454.248   397.324    28.14   18.10
-181169.366   405.165    27.52   19.32
-180884.464   410.113    17.37   21.31
-180599.544   412.160     7.18   24.25
-180314.605   412.652     1.72   26.18
-180029.647   411.248    -4.93   28.00
-179744.670   411.103    -0.51   27.93
-179459.673   413.531     8.52   26.47
-179174.658   416.276     9.63   26.78
-178889.624   418.891     9.17   25.80
-178604.570   419.815     3.24   24.44
-178319.498   418.721    -3.84   21.91
-178034.406   415.478   -11.37   21.06
-177749.296   411.301   -14.65   20.96
-177464.166   407.178   -14.46   20.68
-177179.018   406.147    -3.61   20.44
-176893.850   407.627     5.19   21.46
-176608.663   410.190     8.99   20.43
-176323.457   412.677     8.72   17.74
-176038.232   410.584    -7.34   17.51
-175752.988   408.025    -8.97   17.49
-175467.725   408.276     0.88   19.84
-175182.443   410.994     9.53   22.05
-174897.142   412.926     6.77   22.51
-174611.821   413.977     3.68   21.88
-174326.482   414.335     1.26   20.71
-174041.123   414.847     1.79   17.58
-173755.745   414.237    -2.14   16.27
-173470.349   411.729    -8.78   13.26
-173184.933   409.651    -7.28   12.75
-172899.497   404.194   -19.12   19.05
-172614.043   395.364   -30.93   27.93
-172328.570   383.771   -40.61   33.27
-172043.077   372.686   -38.82   31.23
-171757.566   366.103   -23.06   25.59
-171472.035   365.729    -1.31   25.80
-171186.485   373.720    27.98   29.02
-170900.916   383.111    32.88   29.80
-170615.327   392.762    33.79   24.18
-170329.720   396.996    14.82   19.12
-170044.093   394.347    -9.28   21.60
-169758.447   389.215   -17.96   21.94
-169472.782   383.968   -18.37   18.61
-169187.098   384.598     2.21   18.62
-168901.395   390.284    19.90   24.57
-168615.672   400.644    36.25   30.72
-168329.931   414.419    48.20   33.71
-168044.170   428.651    49.80   29.60
-167758.389   437.611    31.35   22.32
-167472.590   442.053    15.54   17.27
-167186.771   439.242    -9.83   21.22
-166900.934   430.901   -29.18   27.39
-166615.076   418.132   -44.67   31.89
-166329.200   403.966   -49.55   33.69
-166043.305   386.739   -60.25   33.95
-165757.390   373.353   -46.81   35.03
-165471.456   361.793   -40.42   36.87
-165185.503   348.355   -46.99   39.38
-164899.530   340.164   -28.64   40.48
-164613.538   334.785   -18.81   38.95
-164327.527   330.228   -15.93   35.99
-164041.497   327.746    -8.67   31.41
-163755.447   327.384    -1.27   27.17
-163469.378   330.403    10.55   24.40
-163183.290   336.419    21.03   26.18
-162897.183   346.901    36.63   30.00
-162611.056   359.942    45.57   31.03
-162324.910   374.028    49.22   29.88
-162038.745   389.915    55.51   30.13
-161752.560   408.134    63.66   29.81
-161466.356   422.833    51.35   27.89
-161180.133   434.342    40.20   22.88
-160893.890   439.643    18.52   18.10
-160607.628   438.609    -3.61   18.74
-160321.347   431.753   -23.95   25.80
-160035.047   419.577   -42.52   32.14
-159748.727   406.065   -47.19   32.89
-159462.388   394.211   -41.40   26.60
-159176.029   388.743   -19.09   22.57
-158889.651   388.434    -1.08   24.00
-158603.254   396.427    27.91   27.50
-158316.837   403.785    25.69   27.53
-158030.401   410.091    22.01   22.59
-157743.946   414.025    13.73   18.22
-157457.471   414.703     2.37   19.80
-157170.977   412.928    -6.20   20.99
-156884.464   410.245    -9.36   21.97
-156597.931   408.317    -6.73   22.07
-156311.378   405.550    -9.66   22.03
-156024.807   403.266    -7.97   22.28
-155738.216   400.538    -9.52   22.42
-155451.605   397.186   -11.69   24.22
-155164.975   390.652   -22.79   27.28
-154878.326   381.220   -32.90   31.06
-154591.657   370.122   -38.71   34.41
-154304.969   358.034   -42.16   36.04
-154018.262   345.173   -44.85   35.93
-153731.535   333.165   -41.88   35.02
-153444.788   321.144   -41.92   33.71
-153158.023   308.865   -42.81   30.77
-152871.237   299.818   -31.54   30.28
-152584.433   290.850   -31.27   31.11
-152297.608   286.276   -15.95   34.14
-152010.765   281.494   -16.67   35.58
-151723.902   277.271   -14.72   36.21
-151437.019   271.798   -19.07   37.38
-151150.117   264.686   -24.79   34.97
-150863.195   257.249   -25.92   32.55
-150576.254   250.762   -22.61   28.43
-150289.294   246.005   -16.57   24.26
-150002.314   246.499     1.72   25.99
-149715.314   247.496     3.47   29.38
-149428.295   247.103    -1.37   30.21
-149141.257   248.695     5.55   30.67
-148854.199   251.561     9.98   29.50
-148567.121   253.137     5.49   26.74
-148280.024   255.462     8.10   26.28
-147992.908   257.557     7.30   27.34
-147705.772   259.555     6.96   30.19
-147418.616   261.777     7.74   33.35
-147131.441   262.893     3.89   36.30
-146844.246   259.957   -10.22   37.17
-146557.032   259.471    -1.69   38.13
-146269.798   255.074   -15.31   35.63
-145982.545   248.488   -22.93   30.21
-145695.272   245.503   -10.39   25.93
-145407.979   244.469    -3.60   22.72
-145120.667   244.415    -0.19   23.98
-144833.336   247.582    11.02   29.53
-144545.984   255.169    26.40   37.97
-144258.614   263.236    28.07   44.09
-143971.223   270.643    25.77   47.16
-143683.813   275.246    16.02   51.98
-143396.384   281.451    21.58   55.22
-143108.935   286.786    18.56   56.87
-142821.466   292.711    20.61   55.60
-142533.977   295.479     9.63   54.15
-142246.469   297.269     6.23   51.66
-141958.942   294.940    -8.10   48.23
-141671.394   287.944   -24.33   43.65
-141383.828   280.113   -27.23   41.19
-141096.241   272.136   -27.74   38.87
-140808.635   264.721   -25.78   35.13
-140521.009   256.062   -30.10   33.09
-140233.364   249.203   -23.84   33.25
-139945.699   241.467   -26.89   30.82
-139658.014   234.151   -25.43   26.84
-139370.309   227.462   -23.25   21.40
-139082.585   224.955    -8.71   20.02
-138794.842   224.778    -0.62   21.02
-138507.078   227.460     9.32   25.04
-138219.295   230.400    10.22   28.89
-137931.492   237.419    24.39   34.17
-137643.670   244.028    22.96   38.19
-137355.828   248.945    17.08   39.74
-137067.966   251.521     8.95   40.76
-136780.084   251.454    -0.23   41.20
-136492.183   251.387    -0.24   40.58
-136204.262   243.703   -26.68   36.68
-135916.321   239.120   -15.91   35.20
-135628.361   233.710   -18.79   31.28
-135340.380   227.686   -20.92   25.96
-135052.380   221.669   -20.89   20.90
-134764.361   220.811    -2.98   19.48
-134476.321   220.061    -2.60   17.66
-134188.262   217.755    -8.00   15.59
-133900.183   217.199    -1.93   15.66
-133612.085   218.128     3.22   15.93
-133323.966   217.821    -1.06   14.44
-133035.828   218.501     2.36   16.18
-132747.670   218.974     1.64   16.00
-132459.492   219.264     1.01   16.44
-132171.295   219.592     1.14   18.13
-131883.078   220.830     4.30   20.58
-131594.841   223.207     8.25   22.87
-131306.584   225.966     9.57   26.02
-131018.307   230.445    15.54   30.61
-130730.011   232.884     8.46   32.56
-130441.694   235.811    10.15   34.23
-130153.358   236.074     0.91   35.08
-129865.002   234.315    -6.10   33.32
-129576.627   230.754   -12.35   27.07
-129288.231   233.620     9.94   26.44
-128999.816   233.317    -1.05   23.53
-128711.380   232.074    -4.31   22.29
-128422.925   232.999     3.21   24.44
-128134.450   232.997    -0.01   26.42
-127845.956   231.619    -4.78   26.57
-127557.441   229.953    -5.77   27.85
-127268.907   226.050   -13.53   28.29
-126980.352   222.055   -13.84   25.82
-126691.778   225.267    11.13   29.70
-126403.184   232.677    25.68   37.48
-126114.570   245.461    44.29   47.21
-125825.936   259.787    49.63   52.24
-125537.282   274.177    49.85   49.41
-125248.609   289.746    53.93   41.87
-124959.915   297.686    27.50   36.22
-124671.202   303.635    20.60   31.04
-124384.179   305.186     5.40   26.37
-124099.588   304.271    -3.22   26.25
-123814.978   302.678    -5.60   27.27
-123530.350   298.729   -13.87   28.38
-123245.704   296.143    -9.09   28.13
-122961.039   294.308    -6.45   28.63
-122676.355   296.294     6.98   31.36
-122391.652   300.169    13.61   32.84
-122106.932   305.620    19.14   34.68
-121822.192   309.556    13.82   35.29
-121537.434   308.592    -3.38   38.32
-121252.657   306.415    -7.64   39.35
-120967.862   302.292   -14.47   36.97
-120683.048   302.014    -0.98   32.80
-120398.215   305.013    10.53   28.96
-120113.364   309.603    16.11   28.40
-119828.494   318.240    30.32   26.67
-119543.606   327.968    34.15   22.95
-119258.699   336.228    28.99   17.87
-118973.773   340.570    15.24   17.58
-118688.829   342.401     6.43   17.47
-118403.866   343.233     2.92   17.53
-118118.884   338.938   -15.07   19.78
-117833.884   330.745   -28.75   24.04
-117548.865   318.862   -41.69   31.14
-117263.827   303.745   -53.03   34.04
-116978.771   289.594   -49.64   31.43
-116693.696   279.927   -33.91   23.66
-116408.603   279.108    -2.87   22.70
-116123.490   284.859    20.17   30.58
-115838.359   298.595    48.17   38.19
-115553.210   316.479    62.71   40.83
-115268.041   332.137    54.90   36.28
-114982.854   346.621    50.79   26.96
-114697.648   357.660    38.70   17.57
-114412.424   364.372    23.53   13.05
-114127.181   367.136     9.69   11.35
-113841.919   366.336    -2.80   11.40
-113556.638   363.919    -8.47   13.28
-113271.339   357.107   -23.87   16.82
-112986.021   349.950   -25.08   19.89
-112700.684   341.872   -28.31   21.16
-112415.328   335.695   -21.65   20.96
-112129.954   329.959   -20.10   22.39
-111844.561   322.729   -25.33   24.82
-111559.149   316.389   -22.21   27.42
-111273.719   309.457   -24.29   27.62
-110988.269   304.836   -16.19   25.36
-110702.801   305.466     2.21   21.96
-110417.315   307.050     5.55   19.87
-110131.809   312.112    17.73   21.33
-109846.285   317.016    17.18   21.61
-109560.741   318.327     4.59   21.16
-109275.180   313.799   -15.86   27.58
-108989.599   301.842   -41.87   37.40
-108703.999   285.048   -58.80   41.52
-108418.381   267.030   -63.08   39.07
-108132.744   255.243   -41.26   29.60
-107847.088   253.677    -5.48   28.29
-107561.413   258.447    16.69   33.75
-107275.720   271.223    44.72   40.07
-106990.007   287.855    58.21   39.95
-106704.276   304.762    59.16   32.26
-106418.526   318.064    46.55   21.03
-106132.757   323.358    18.52   17.49
-105846.970   321.053    -8.06   22.25
-105561.163   317.117   -13.77   25.76
-105275.338   308.803   -29.09   27.91
-104989.494   299.932   -31.03   27.75
-104703.630   291.729   -28.69   24.77
-104417.749   289.269    -8.60   22.40
-104131.848   290.653     4.84   23.58
-103845.928   292.307     5.78   25.03
-103559.990   296.908    16.09   28.60
-103274.032   294.088    -9.86   31.89
-102988.056   289.400   -16.39   35.75
-102702.061   283.022   -22.30   39.16
-102416.047   274.479   -29.87   36.18
-102130.014   272.198    -7.97   32.72
-101843.962   276.865    16.31   34.57
-101557.891   284.524    26.77   39.71
-101271.802   296.248    40.98   42.19
-100985.693   308.147    41.59   39.08
-100699.566   317.491    32.65   31.02
-100413.419   323.787    22.00   22.82
-100127.254   319.919   -13.51   25.94
 -99841.070   312.601   -25.57   29.10
 -99554.866   306.098   -22.72   26.40
 -99268.644   302.547   -12.41   24.55
 -98982.403   304.813     7.92   26.30
 -98696.143   314.781    34.82   29.51
 -98409.864   323.134    29.18   29.17
 -98123.566   330.662    26.29   24.16
 -97837.250   333.677    10.53   23.81
 -97550.914   328.760   -17.17   30.81
 -97264.559   317.850   -38.10   36.55
 -96978.185   302.199   -54.65   39.72
 -96691.793   285.421   -58.58   41.34
 -96405.381   270.561   -51.88   39.91
 -96118.950   258.978   -40.44   35.92
 -95832.500   252.661   -22.05   31.07
 -95546.032   247.974   -16.36   26.63
 -95259.544   250.053     7.25   28.63
 -94973.037   259.074    31.49   35.72
 -94686.512   271.855    44.61   41.67
 -94399.967   286.962    52.72   41.98
 -94113.403   301.202    49.69   37.61
 -93826.821   311.557    36.13   28.85
 -93540.219   315.325    13.15   23.78
 -93253.598   313.424    -6.63   26.25
 -92966.958   302.872   -36.81   35.99
 -92680.299   284.568   -63.85   47.23
 -92393.622   264.537   -69.87   48.64
 -92106.925   249.261   -53.28   41.53
 -91820.209   243.131   -21.38   34.81
 -91533.474   241.677    -5.07   35.19
 -91246.719   249.106    25.90   39.96
 -90959.946   263.470    50.09   44.86
 -90673.154   283.276    69.05   42.69
 -90386.343   303.494    70.49   33.39
 -90099.512   318.703    53.02   27.66
 -89812.663   331.505    44.63   23.17
 -89525.794   340.529    31.46   19.52
 -89238.907   347.301    23.60   14.41
 -88952.000   349.999     9.41   11.86
 -88665.074   349.464    -1.87   12.28
 -88378.129   346.629    -9.88   15.37
 -88091.165   343.028   -12.55   16.91
 -87804.182   339.831   -11.14   16.39
 -87517.180   338.364    -5.11   15.14
 -87230.158   338.561     0.69   13.87
 -86943.118   338.513    -0.17   11.78
 -86656.058   336.062    -8.54   14.37
 -86368.979   330.686   -18.73   20.89
 -86081.881   320.904   -34.07   28.45
 -85794.764   306.746   -49.31   34.68
 -85507.628   289.314   -60.71   36.85
 -85220.473   271.473   -62.13   34.72
 -84933.298   254.476   -59.18   29.16
 -84646.104   244.031   -36.37   21.82
 -84358.892   240.847   -11.08   18.75
 -84071.660   243.809    10.31   23.58
 -83784.408   251.361    26.29   30.84
 -83497.138   262.446    38.59   35.43
 -83209.848   277.182    51.29   35.77
 -82922.540   292.850    54.53   33.16
 -82635.212   306.220    46.53   29.73
 -82347.865   316.963    37.39   25.64
 -82060.498   325.269    28.90   23.64
 -81773.113   330.669    18.79   21.72
 -81485.708   335.669    17.40   17.81
 -81198.284   339.850    14.54   13.91
 -80910.841   341.003     4.01   12.16
 -80623.378   340.781    -0.77   11.80
 -80335.897   339.279    -5.22   13.45
 -80048.396   338.613    -2.32   14.52
 -79760.875   338.754     0.49   15.10
 -79473.336   339.619     3.01   15.78
 -79185.777   341.097     5.14   16.64
 -78898.200   343.677     8.97   16.14
 -78610.602   348.389    16.38   14.98
 -78322.986   351.930    12.31   14.09
 -78035.350   353.467     5.35   12.71
 -77747.695   351.610    -6.46   13.92
 -77460.021   344.549   -24.54   18.22
 -77172.328   335.670   -30.86   22.02
 -76884.615   323.861   -41.04   25.18
 -76596.883   309.789   -48.90   24.89
 -76309.132   298.540   -39.09   22.05
 -76021.361   291.750   -23.59   16.71
 -75733.571   289.316    -8.46   13.37
 -75445.762   291.660     8.14   15.41
 -75157.933   296.309    16.15   19.66
 -74870.085   303.813    26.07   22.10
 -74582.218   311.228    25.76   22.06
 -74294.332   316.669    18.90   19.10
 -74006.426   318.194     5.30   17.32
 -73718.501   314.977   -11.18   19.66
 -73430.556   308.593   -22.17   22.96
 -73142.592   301.227   -25.58   23.50
 -72854.609   295.125   -21.19   20.65
 -72566.607   291.824   -11.46   17.17
 -72278.585   294.186     8.20   19.26
 -71990.543   302.432    28.63   23.01
 -71702.483   313.045    36.84   23.55
 -71414.403   325.344    42.69   20.09
 -71126.303   331.528    21.46   15.62
 -70838.185   332.430     3.13   14.51
 -70550.046   327.274   -17.89   21.44
 -70261.889   315.432   -41.10   28.92
 -69973.712   303.564   -41.18   29.84
 -69685.516   296.165   -25.67   27.32
 -69397.300   296.199     0.12   27.90
 -69109.065   300.125    13.62   29.64
 -68820.810   304.847    16.38   29.65
 -68532.536   310.712    20.34   25.63
 -68244.243   309.190    -5.28   27.31
 -67955.930   300.873   -28.85   32.44
 -67667.598   287.585   -46.08   33.99
 -67379.246   274.812   -44.30   33.18
 -67090.875   263.430   -39.47   30.06
 -66802.485   251.728   -40.58   29.04
 -66514.075   240.857   -37.69   29.15
 -66225.645   232.455   -29.13   26.65
 -65937.196   227.473   -17.27   23.54
 -65648.728   227.096    -1.31   21.46
 -65360.240   229.850     9.55   23.05
 -65071.733   236.922    24.51   27.47
 -64783.206   246.832    34.35   29.81
 -64494.660   258.254    39.58   29.50
 -64206.094   268.871    36.79   26.50
 -63917.509   277.511    29.94   24.86
 -63628.904   283.479    20.68   25.63
 -63340.280   290.056    22.78   26.24
 -63051.637   295.994    20.57   25.69
 -62762.973   301.500    19.08   25.64
 -62476.330   308.050    22.85   24.70
 -62191.699   312.686    16.29   24.09
 -61907.051   315.822    11.02   23.87
 -61622.384   319.458    12.77   22.87
 -61337.699   322.108     9.31   21.87
 -61052.995   323.769     5.83   20.83
 -60768.274   324.016     0.87   19.63
 -60483.534   324.787     2.71   18.17
 -60198.776   325.501     2.51   17.08
 -59914.000   327.946     8.59   15.96
 -59629.206   330.447     8.78   14.59
 -59344.393   332.694     7.89   11.89
 -59059.563   334.068     4.82   10.32
 -58774.714   332.761    -4.59   10.84
 -58489.846   327.745   -17.61   13.91
 -58204.961   319.950   -27.36   18.06
 -57920.057   310.809   -32.08   20.56
 -57635.135   301.211   -33.69   20.59
 -57350.195   294.314   -24.20   16.55
 -57065.237   291.686    -9.22   13.44
 -56780.260   293.361     5.88   14.61
 -56495.265   298.550    18.21   17.79
 -56210.252   305.836    25.56   19.14
 -55925.220   313.425    26.63   15.85
 -55640.170   317.752    15.18   11.47
 -55355.102   319.038     4.51    9.37
 -55070.016   317.898    -4.00   10.40
 -54784.911   316.114    -6.25   11.24
 -54499.789   313.678    -8.55   11.54
 -54214.647   311.479    -7.71   12.44
 -53929.488   309.257    -7.79   15.68
 -53644.310   304.186   -17.78   21.08
 -53359.114   297.061   -24.98   27.11
 -53073.900   288.669   -29.42   29.76
 -52788.667   276.669   -42.07   34.62
 -52503.416   264.170   -43.82   37.81
 -52218.147   252.575   -40.64   36.78
 -51932.859   237.961   -51.22   34.04
 -51647.553   226.344   -40.71   29.45
 -51362.229   216.415   -34.80   22.94
 -51076.886   206.745   -33.89   18.18
 -50791.525   201.562   -18.16   16.96
 -50506.145   197.173   -15.38   14.10
 -50220.748   194.098   -10.78   12.25
 -49935.332   193.000    -3.85   10.60
 -49649.897   193.033     0.12   10.55
 -49364.444   193.378     1.21    9.99
 -49078.973   196.540    11.07   10.26
 -48793.484   199.162     9.19    9.56
 -48507.976   201.484     8.13    8.53
 -48222.450   203.983     8.75    8.22
 -47936.905   206.404     8.48    8.48
 -47651.342   208.754     8.23    8.19
 -47365.760   210.983     7.80    7.03
 -47080.161   212.419     5.03    5.80
 -46794.542   213.161     2.60    5.06
 -46508.906   212.635    -1.84    5.48
 -46223.251   210.800    -6.43    5.88
 -45937.577   208.267    -8.87    5.80
 -45651.885   205.651    -9.15    6.36
 -45366.175   201.260   -15.37    9.43
 -45080.446   195.727   -19.36   13.46
 -44794.699   192.483   -11.35   14.05
 -44508.933   188.900   -12.54   14.57
 -44223.149   189.421     1.83   14.36
 -43937.347   192.428    10.52   15.71
 -43651.526   197.486    17.70   16.04
 -43365.687   202.320    16.91   12.80
 -43079.829   205.312    10.47    8.67
 -42793.952   205.238    -0.26    8.19
 -42508.058   202.580    -9.29   11.01
 -42222.144   199.309   -11.44   13.14
 -41936.213   193.249   -21.19   18.25
 -41650.263   184.152   -31.81   24.70
 -41364.294   172.992   -39.03   28.02
 -41078.307   166.558   -22.50   28.20
 -40792.301   163.525   -10.60   30.54
 -40506.277   162.506    -3.56   33.97
 -40220.234   166.983    15.65   37.00
 -39934.173   171.634    16.26   37.61
 -39648.094   172.930     4.53   37.07
 -39361.996   168.930   -13.98   39.22
 -39075.879   159.819   -31.84   41.53
 -38789.744   147.585   -42.76   40.93
 -38503.590   138.871   -30.45   35.74
 -38217.418   132.763   -21.34   32.04
 -37931.227   135.182     8.45   33.94
 -37645.018   141.222    21.11   35.94
 -37358.790   147.934    23.45   34.32
 -37072.544   154.807    24.01   30.99
 -36786.279   157.863    10.68   28.71
 -36499.995   155.858    -7.00   26.98
 -36213.693   153.311    -8.90   24.45
 -35927.373   153.353     0.15   23.00
 -35641.034   153.577     0.78   23.26
 -35354.676   155.737     7.54   23.22
 -35068.300   158.576     9.91   23.37
 -34781.905   161.377     9.78   23.18
 -34495.491   163.011     5.70   22.32
 -34209.059   165.370     8.23   21.10
 -33922.609   169.033    12.79   20.25
 -33636.139   171.826     9.75   19.78
 -33349.652   175.620    13.24   19.20
 -33063.145   179.264    12.72   17.74
 -32776.620   183.536    14.91   16.75
 -32490.077   189.257    19.97   16.77
 -32203.514   196.273    24.48   15.81
 -31916.934   201.336    17.67   14.53
 -31630.334   206.703    18.72   12.01
 -31343.716   212.094    18.81    9.18
 -31057.079   215.613    12.27    7.16
 -30770.424   218.190     8.99    6.42
 -30483.750   219.661     5.13    6.54
 -30197.057   220.950     4.50    7.92
 -29910.346   222.686     6.05    9.15
 -29623.616   224.578     6.60    9.31
 -29336.867   225.719     3.98    8.23
 -29050.100   226.186     1.63    7.33
 -28763.314   226.669     1.68    6.26
 -28476.509   225.919    -2.61    6.87
 -28189.686   224.019    -6.62    8.12
 -27902.844   221.103   -10.17   10.03
 -27615.983   217.829   -11.41   10.43
 -27329.104   216.403    -4.97   10.83
 -27042.206   215.033    -4.77   10.79
 -26755.289   214.361    -2.34   10.72
 -26468.354   215.292     3.25    8.46
 -26181.400   216.305     3.53    6.50
 -25894.427   216.854     1.91    4.85
 -25607.435   215.771    -3.77    5.92
 -25320.425   213.174    -9.05    8.27
 -25033.396   210.313    -9.97    9.68
 -24746.348   207.406   -10.13   10.78
 -24459.282   204.859    -8.87   12.84
 -24172.196   202.228    -9.17   14.68
 -23885.093   201.045    -4.12   15.31
 -23597.970   201.920     3.05   15.11
 -23310.828   203.582     5.79   14.38
 -23023.668   205.644     7.18   12.28
 -22736.489   207.467     6.35   10.13
 -22449.292   209.231     6.14    7.64
 -22162.075   209.489     0.90    6.73
 -21874.840   208.544    -3.29    7.21
 -21587.586   206.465    -7.24    8.24
 -21300.313   203.052   -11.88   10.11
 -21013.021   198.970   -14.21   11.88
 -20725.711   194.434   -15.79   14.88
 -20438.382   192.743    -5.89   18.01
 -20151.034   192.703    -0.14   20.42
 -19863.667   192.942     0.83   22.04
 -19576.282   188.645   -14.95   29.23
 -19288.877   185.428   -11.19   36.11
 -19001.454   178.569   -23.86   45.11
 -18714.012   167.621   -38.09   53.49
 -18426.551   158.146   -32.96   60.39
 -18139.072   148.462   -33.68   65.07
 -17851.573   130.637   -62.00   69.70
 -17564.056   122.047   -29.88   69.74
 -17276.520   117.838   -14.63   71.15
 -16988.965   105.284   -43.66   76.53
 -16701.391    92.247   -45.34   77.63
 -16413.798    81.702   -36.66   77.08
 -16126.187    66.566   -52.63   73.64
 -15838.556    55.246   -39.36   71.20
 -15550.907    44.938   -35.83   68.67
 -15263.239    31.269   -47.52   60.16
 -14975.552    22.504   -30.47   53.19
 -14687.846    16.476   -20.95   48.69
 -14400.121     7.635   -30.73   37.66
 -14112.378    -2.096   -33.82   20.24
 -13824.615    -3.000    -3.14   19.45
 -13536.834    -6.494   -12.14    6.96
 -13249.033    -6.383     0.39    8.85
 -12961.214    -3.145    11.25   15.36
 -12673.376    -0.174    10.32   19.10
 -12385.519     2.156     8.09   21.28
 -12097.643     6.417    14.80   24.49
 -11809.748     9.572    10.96   25.88
 -11521.834    12.220     9.20   26.74
 -11233.901    16.358    14.37   27.43
 -10945.950    19.464    10.78   27.52
 -10657.979    22.530    10.65   27.25
 -10369.989    25.628    10.76   26.37
 -10081.981    28.545    10.13   25.43
  -9793.953    32.785    14.72   23.21
  -9505.907    36.336    12.33   20.45
  -9217.842    40.124    13.15   17.32
  -8929.757    43.581    12.00   14.57
  -8641.654    46.407     9.81   10.29
  -8353.532    49.039     9.13    3.67
  -8065.390    49.888     2.95    3.47
  -7777.230    50.322     1.51    3.20
  -7489.051    50.611     1.00    2.78
  -7200.853    50.578    -0.11    2.71
  -6912.635    49.060    -5.27    7.77
  -6624.399    46.241    -9.78   12.77
  -6336.144    40.053   -21.47   20.33
  -6047.870    30.881   -31.82   25.85
  -5759.576    21.578   -32.27   27.78
  -5471.264    12.479   -31.56   26.60
  -5182.933     4.182   -28.78   22.72
  -4894.582    -1.347   -19.17   17.76
  -4606.213    -5.422   -14.13   11.53
  -4317.825    -7.503    -7.22    5.56
  -4029.417    -7.714    -0.73    3.39
  -3740.991    -5.181     8.78   11.58
  -3452.545    -2.701     8.60   15.52
  -3164.081    -0.387     8.02   17.51
  -2875.597     2.299     9.31   20.30
  -2587.094     2.953     2.26   20.67
  -2298.572     3.986     3.58   20.50
  -2010.032     4.084     0.34   20.10
  -1721.472     3.177    -3.14   19.10
  -1432.893     1.091    -7.23   16.03
  -1144.295     1.783     2.40   17.25
   -855.677     1.963     0.62   18.46
   -569.388     7.593    19.66   28.77
   -284.716    15.063    26.24   39.30
     -0.027    21.661    23.18   44.91
    284.681    30.921    32.52   50.16
    569.406    42.257    39.81   55.25
    854.149    51.956    34.06   57.69
   1138.910    62.736    37.85   58.51
   1423.689    72.140    33.02   58.19
   1708.485    80.551    29.53   55.99
   1993.299    91.144    37.19   50.44
   2278.131    97.824    23.45   45.92
   2562.981   104.475    23.35   39.62
   2847.849   111.988    26.37   31.16
   3132.735   116.247    14.95   27.72
   3417.638   120.198    13.87   22.37
   3702.559   124.137    13.82   15.36
   3987.498   125.727     5.58   14.14
   4272.455   128.769    10.68   10.21
   4557.429   131.544     9.74    7.20
   4842.422   133.347     6.33    7.48
   5127.432   135.003     5.81    6.37
   5412.460   136.019     3.56    4.98
   5697.507   135.907    -0.39    4.83
   5982.570   134.322    -5.56    5.66
   6267.652   132.392    -6.77    6.76
   6552.752   130.312    -7.30    8.71
   6837.869   128.912    -4.91   10.62
   7123.005   128.425    -1.71   12.47
   7408.158   129.711     4.51   14.61
   7693.329   131.186     5.17   15.55
   7978.518   133.417     7.82   14.64
   8263.725   136.305    10.12   12.26
   8548.950   135.162    -4.01   12.87
   8834.193   131.745   -11.98   16.48
   9119.453   125.119   -23.23   22.45
   9404.732   116.792   -29.19   24.68
   9690.028   111.603   -18.19   24.39
   9975.343   108.344   -11.42   24.01
  10260.675   108.965     2.17   24.31
  10546.025   112.986    14.09   25.01
  10831.393   121.686    30.49   21.63
  11116.779   130.166    29.71   14.32
  11402.183   136.629    22.65    7.68
  11687.605   139.250     9.18    7.22
  11973.045   139.962     2.50    8.06
  12258.503   139.645    -1.11    8.96
  12543.978   138.044    -5.61   11.35
  12829.472   133.488   -15.96   16.02
  13114.984   125.174   -29.12   23.15
  13400.513   116.186   -31.48   26.93
  13686.061   108.783   -25.93   26.26
  13971.627   103.831   -17.34   23.83
  14257.210   103.397    -1.52   22.15
  14542.812   104.064     2.34   22.52
  14828.431   109.124    17.72   24.25
  15114.069   117.219    28.34   25.32
  15399.724   126.231    31.55   23.53
  15685.398   135.241    31.54   18.94
  15971.089   142.476    25.32   13.40
  16256.799   145.981    12.27   11.62
  16542.526   148.101     7.42   11.52
  16828.272   149.930     6.40   12.06
  17114.035   150.568     2.23   11.84
  17399.817   152.138     5.49   11.42
  17685.616   152.645     1.78   10.60
  17971.434   154.190     5.41    9.30
  18257.269   157.320    10.95    8.82
  18543.123   159.854     8.86    8.43
  18828.995   162.855    10.50    7.59
  19114.884   164.645     6.26    6.15
  19400.792   166.202     5.45    4.67
  19686.718   167.203     3.50    3.09
  19972.662   166.829    -1.31    3.33
  20258.624   166.076    -2.63    3.96
  20544.604   164.858    -4.26    4.36
  20830.602   163.718    -3.98    5.09
  21116.618   162.619    -3.84    5.53
  21402.652   161.686    -3.26    5.62
  21688.704   160.775    -3.19    6.05
  21974.775   159.150    -5.68    6.94
  22260.863   156.595    -8.93    8.24
  22546.970   153.810    -9.73    9.14
  22833.094   149.710   -14.33    9.91
  23119.237   145.735   -13.89   10.51
  23405.398   140.350   -18.82   10.58
  23691.577   136.575   -13.19    9.51
  23977.774   134.888    -5.90    9.50
  24263.989   135.273     1.35   10.66
  24550.222   135.984     2.49   11.00
  24836.474   137.131     4.01   10.54
  25122.743   138.022     3.11    9.33
  25409.031   138.814     2.77    7.99
  25695.337   139.514     2.44    7.29
  25981.661   139.585     0.25    7.09
  26268.003   140.361     2.71    7.36
  26554.363   141.207     2.95    7.35
  26840.741   141.786     2.02    6.89
  27127.138   141.507    -0.97    6.41
  27413.553   140.418    -3.80    5.61
  27699.986   139.669    -2.61    4.46
  27986.437   139.478    -0.67    3.97
  28272.906   139.578     0.35    3.94
  28559.393   141.086     5.26    5.82
  28845.899   143.548     8.59    7.50
  29132.423   145.759     7.72    7.78
  29418.965   147.406     5.75    7.26
  29705.525   149.468     7.20    6.82
  29992.103   152.366    10.11    6.40
  30278.700   154.033     5.82    6.54
  30565.314   155.131     3.83    7.34
  30851.947   155.540     1.42    7.72
  31138.598   156.178     2.23    8.26
  31425.268   155.132    -3.65    9.57
  31711.955   152.928    -7.69   10.88
  31998.661   150.291    -9.20   10.88
  32285.385   147.753    -8.85    9.03
  32572.128   147.190    -1.96    8.32
  32858.888   146.038    -4.02    7.17
  33145.667   145.069    -3.38    7.12
  33432.464   144.741    -1.14    8.71
  33719.279   143.891    -2.97    9.26
  34006.113   142.603    -4.49   11.13
  34292.964   139.038   -12.43   13.62
  34579.834   132.522   -22.72   17.51
  34866.723   126.041   -22.59   20.07
  35153.629   116.089   -34.69   24.06
  35440.554   107.428   -30.19   23.07
  35727.497    98.769   -30.18   18.83
  36014.459    95.044   -12.98   15.12
  36301.438    94.965    -0.28   14.50
  36588.436    95.612     2.25   14.03
  36875.453    98.463     9.93   14.44
  37162.487   102.114    12.72   13.74
  37449.540   106.861    16.54   10.43
  37736.611   111.123    14.85    8.13
  38023.701   114.629    12.21   10.55
  38310.809   118.177    12.36   12.51
  38597.935   125.728    26.30   16.68
  38885.079   130.791    17.63   16.84
  39172.242   133.133     8.16   15.11
  39459.423   133.044    -0.31   15.06
  39746.623   130.489    -8.90   15.52
  40033.840   129.678    -2.83   15.24
  40321.077   129.306    -1.29   15.30
  40608.331   129.686     1.32   14.74
  40895.604   130.888     4.18   15.10
  41182.895   135.144    14.81   14.25
  41470.205   139.637    15.64   11.59
  41757.533   140.292     2.28   10.04
  42044.879   137.554    -9.53   11.82
  42332.244   133.710   -13.37   13.16
  42619.627   130.966    -9.55   13.89
  42907.028   128.653    -8.05   13.89
  43194.448   125.078   -12.44   13.04
  43481.886   119.791   -18.39   12.55
  43769.343   113.568   -21.65   11.43
  44056.818   107.253   -21.97   12.92
  44344.311   103.422   -13.32   13.26
  44631.823    99.312   -14.30   12.86
  44919.353    93.986   -18.52   11.75
  45206.902    88.801   -18.03    9.73
  45494.469    83.793   -17.41    8.17
  45782.055    79.479   -15.00    8.46
  46069.659    77.406    -7.21    8.37
  46357.281    78.468     3.69   11.63
  46644.922    82.350    13.49   16.72
  46932.581    87.588    18.21   20.38
  47220.259    95.137    26.24   22.17
  47507.955   103.372    28.63   19.59
  47795.669   111.917    29.70   13.85
  48083.402   114.845    10.17   10.86
  48371.154   115.569     2.52   10.17
  48658.924   114.148    -4.94   10.50
  48946.712   111.710    -8.47   10.20
  49234.519   109.186    -8.77   10.21
  49522.345   107.836    -4.69   10.55
  49810.188   107.051    -2.73   11.48
  50098.051   106.979    -0.25   12.15
  50385.932   106.819    -0.55   13.08
  50673.831   104.227    -9.00   14.40
  50961.749    99.399   -16.77   16.05
  51249.685    95.083   -14.99   16.92
  51537.640    91.621   -12.02   14.99
  51825.613    92.206     2.03   15.43
  52113.605    94.453     7.80   18.97
  52401.616   100.030    19.37   22.15
  52689.645   107.727    26.72   21.85
  52977.692   115.811    28.07   16.94
  53265.758   121.555    19.94   11.30
  53553.843   124.231     9.29    7.32
  53841.946   124.344     0.39    6.66
  54130.067   124.997     2.27    7.21
  54418.207   126.206     4.20    8.98
  54706.366   128.702     8.66    9.77
  54994.543   131.911    11.13    9.37
  55282.739   133.924     6.99    8.40
  55570.954   134.396     1.64    8.47
  55859.187   131.571    -9.80   14.32
  56147.438   125.734   -20.25   19.14
  56435.708   119.198   -22.67   21.46
  56723.997   113.703   -19.06   20.61
  57012.304   110.355   -11.61   18.27
  57300.630   107.982    -8.23   16.30
  57588.975   105.347    -9.14   13.79
  57877.338   106.997     5.72   13.33
  58165.719   111.492    15.59   13.41
  58454.120   116.661    17.92   11.49
  58742.539   119.899    11.23   10.07
  59030.976   120.630     2.53    9.50
  59319.432   119.926    -2.44   10.13
  59607.907   116.612   -11.49   13.67
  59896.401   111.057   -19.25   16.18
  60184.913   103.976   -24.54   15.18
  60473.443    97.881   -21.13   12.81
  60761.993    95.146    -9.48    9.84
  61050.561    96.515     4.75   11.92
  61336.520   102.202    19.89   17.48
  61621.237   109.946    27.20   19.80
  61905.971   116.121    21.69   17.61
  62190.723   118.237     7.43   16.73
  62475.493   115.404    -9.95   21.27
  62760.279   106.702   -30.56   28.29
  63045.083    93.235   -47.29   32.53
  63329.904    78.086   -53.19   31.33
  63614.743    66.113   -42.03   24.19
  63899.599    58.669   -26.13   16.72
  64184.473    61.379     9.51   20.96
  64469.363    71.702    36.24   29.75
  64754.272    86.463    51.81   33.05
  65039.197   100.964    50.90   30.79
  65324.140   114.065    45.98   23.50
  65609.101   124.478    36.54   13.56
  65894.078   128.930    15.62    7.11
  66179.074   129.744     2.86    6.42
  66464.086   131.119     4.83    7.45
  66749.116   133.542     8.50   10.66
  67034.164   137.022    12.21   13.52
  67319.228   141.344    15.16   12.87
  67604.311   142.791     5.07   12.60
  67889.410   143.744     3.34   12.48
  68174.528   138.969   -16.75   19.31
  68459.662   130.054   -31.27   27.23
  68744.814   118.486   -40.57   30.12
  69029.984   104.521   -48.97   30.01
  69315.171    88.558   -55.97   33.60
  69600.375    69.719   -66.06   35.38
  69885.597    56.248   -47.23   29.37
  70170.836    54.099    -7.54   28.47
  70456.093    59.386    18.54   32.76
  70741.367    68.832    33.11   37.86
  71026.659    82.962    49.53   39.76
  71311.968    99.645    58.47   32.80
  71597.294   111.694    42.23   20.73
  71882.639   118.178    22.72   12.29
  72168.000   121.859    12.90    6.31
  72453.379   123.810     6.83    2.85
  72738.776   123.491    -1.12    3.48
  73024.190   122.083    -4.93    4.55
  73309.621   120.420    -5.83    5.57
  73595.071   118.726    -5.93    7.27
  73880.537   114.915   -13.35   10.15
  74166.021   108.270   -23.28   15.54
  74451.523    99.572   -30.47   20.13
  74737.042    91.969   -26.63   23.00
  75022.579    87.452   -15.82   24.38
  75308.133    86.879    -2.01   26.75
  75593.704    87.522     2.25   30.72
  75879.294    88.206     2.40   32.75
  76164.901    85.767    -8.54   37.95
  76450.525    83.610    -7.55   41.07
  76736.167    72.281   -39.66   47.64
  77021.826    57.670   -51.15   50.19
  77307.503    42.956   -51.50   47.89
  77593.198    24.222   -65.58   36.54
  77878.910    12.105   -42.41   22.68
  78164.639     5.361   -23.60   10.20
  78450.387     3.670    -5.92    5.36
  78736.152     3.979     1.08    7.13
  79021.934     4.587     2.13    9.57
  79307.734     7.542    10.34   16.88
  79593.551    12.393    16.97   25.60
  79879.387    20.353    27.85   36.82
  80165.239    29.371    31.55   45.20
  80451.110    34.413    17.64   48.83
  80736.998    44.388    34.89   53.18
  81022.903    47.718    11.65   53.83
  81308.826    49.832     7.40   53.06
  81594.767    52.211     8.32   52.91
  81880.725    50.896    -4.60   51.98
  82166.701    46.509   -15.34   50.06
  82452.695    46.728     0.76   49.91
  82738.706    42.379   -15.20   49.77
  83024.735    35.231   -24.99   47.45
  83310.782    34.148    -3.79   47.17
  83596.846    29.526   -16.16   45.12
  83882.928    23.392   -21.44   40.62
  84169.027    18.702   -16.39   36.31
  84455.144    14.038   -16.30   30.41
  84741.279     8.919   -17.89   23.13
  85027.431     5.978   -10.28   15.91
  85313.601     2.549   -11.98    6.45
  85599.789     1.727    -2.87    3.83
  85885.995     1.350    -1.32    2.78
  86172.218     1.414     0.22    2.33
  86458.458     1.419     0.02    2.08
  86744.717     1.553     0.47    1.75
  87030.993     1.606     0.19    1.47
  87317.287     1.342    -0.92    1.50
  87603.598     1.022    -1.12    1.49
  87889.928     0.355    -2.33    1.91
  88176.275    -0.264    -2.16    2.23
  88462.639    -0.896    -2.21    2.33
  88749.021    -1.520    -2.18    2.17
  89035.421    -1.906    -1.35    1.86
  89321.839    -1.753     0.53    1.87
  89608.275    -1.452     1.05    1.85
  89894.728    -0.984     1.64    1.73
  90181.199    -0.911     0.25    1.59
  90467.688    -0.568     1.20    1.61
  90754.194     0.281     2.96    2.05
  91040.718     0.995     2.49    2.34
  91327.260     1.483     1.70    2.57
  91613.820     1.778     1.03    2.66
  91900.397     1.976     0.69    2.63
  92186.992     2.297     1.12    2.65
  92473.605     1.891    -1.42    2.71
  92760.236     1.540    -1.23    2.69
  93046.884     0.678    -3.01    3.29
  93333.550     0.542    -0.47    3.22
  93620.234     0.454    -0.31    3.15
  93906.936     0.270    -0.64    3.45
  94193.656     0.260    -0.04    3.72
  94480.393     0.202    -0.20    4.01
  94767.148     0.019    -0.64    4.60
  95053.921     0.111     0.32    5.28
  95340.712     0.113     0.01    5.55
  95627.520     0.170     0.20    6.05
  95914.347     0.934     2.66    5.62
  96201.191     1.049     0.40    6.02
  96488.053     1.190     0.49    6.18
  96774.932     0.678    -1.79    6.70
  97061.830    -0.532    -4.22    7.80
  97348.745    -2.426    -6.60    9.34
  97635.679    -3.759    -4.65   10.16
  97922.630    -4.903    -3.98   10.92
  98209.599    -5.386    -1.68   11.16
  98496.585    -6.653    -4.41   11.35
  98783.590    -8.066    -4.92   11.72
  99070.613    -9.034    -3.37   12.87
  99357.653   -10.793    -6.13   12.98
  99644.711   -11.202    -1.42   14.16
  99931.787   -12.258    -3.68   14.93
 100218.881   -13.765    -5.25   14.79
 100505.993   -15.725    -6.83   13.28
 100793.122   -17.066    -4.67   11.94
 101080.270   -18.462    -4.86    9.81
 101367.435   -20.042    -5.50    7.25
 101654.619   -21.203    -4.04    4.99
 101941.820   -22.163    -3.34    1.31
 102229.039   -22.314    -0.53    0.00
 102516.276   -22.314     0.00    0.00
 102803.531   -22.314     0.00    0.00
 103090.804   -22.314     0.00    0.00
 103378.094   -22.314     0.00    0.00
 103665.403   -22.314     0.00    0.00
 103952.729   -22.314     0.00    0.00
 104240.074   -22.314     0.00    0.00
 104527.436   -22.290     0.09    0.27
 104814.817   -21.830     1.60    3.45
 105102.215   -21.354     1.66    5.12
 105389.631   -19.339     7.01    9.26
 105677.065   -17.602     6.04   10.62
 105964.517   -16.104     5.21   11.22
 106251.987   -15.255     2.95   11.24
 106539.475   -12.395     9.95   12.97
 106826.981    -8.658    13.00   14.75
 107114.505    -6.298     8.21   15.31
 107402.047    -2.938    11.69   16.18
 107689.607    -0.258     9.32   15.77
 107977.184     1.231     5.18   14.92
 108264.780     1.629     1.38   14.60
 108552.394     1.549    -0.28   14.80
 108840.026     0.785    -2.66   14.77
 109127.675     1.186     1.39   14.15
 109415.343     1.334     0.51   13.23
 109703.029     0.997    -1.17   12.75
 109990.733     0.502    -1.72   12.35
 110278.454     0.446    -0.19   11.64
 110566.194     0.602     0.54   11.46
 110853.952     0.420    -0.63   11.23
 111141.728     0.122    -1.03   10.84
 111429.521    -0.093    -0.75   10.64
 111717.333     0.534     2.18   10.73
 112005.163     0.948     1.44   10.93
 112293.011     2.471     5.29   11.62
 112580.877     5.049     8.96   11.45
 112868.761     8.334    11.41    8.62
 113156.663    10.494     7.50    5.46
 113444.583    10.718     0.78    5.34
 113732.521    11.094     1.31    5.22
 114020.477    11.694     2.08    5.27
 114308.451    12.548     2.96    5.32
 114596.444    13.146     2.08    4.89
 114884.454    13.836     2.39    4.50
 115172.483    14.101     0.92    4.74
 115460.529    15.214     3.87    5.57
 115748.594    17.612     8.32    7.58
 116036.676    21.452    13.33   10.99
 116324.777    25.985    15.74   13.95
 116612.896    31.719    19.90   15.32
 116901.033    37.154    18.86   14.08
 117189.188    41.361    14.60   11.52
 117477.361    44.965    12.51    8.35
 117765.553    47.783     9.78    5.91
 118053.762    49.822     7.08    5.40
 118341.989    51.818     6.93    5.80
 118630.235    53.871     7.12    5.94
 118918.499    55.519     5.72    5.51
 119206.781    56.612     3.79    4.92
 119495.081    57.768     4.01    4.08
 119783.399    58.750     3.41    3.24
 120071.735    58.962     0.74    2.91
 120360.090    59.084     0.42    3.10
 120648.462    59.170     0.30    3.27
 120936.853    59.512     1.19    3.13
 121225.262    60.078     1.96    2.93
 121513.689    60.257     0.62    2.80
 121802.134    60.380     0.43    2.91
 122090.598    60.986     2.10    3.17
 122379.080    61.502     1.79    3.09
 122667.579    62.207     2.44    2.43
 122956.097    62.186    -0.07    2.68
 123241.737    61.662    -1.83    3.88
 123526.491    61.430    -0.82    5.08
 123811.262    60.035    -4.90    6.23
 124096.050    59.092    -3.31    6.20
 124380.855    58.248    -2.97    6.33
 124665.677    57.907    -1.20    6.34
 124950.515    57.331    -2.02    6.09
