-105564.019   130.952     0.00    5.29
-105277.628   129.396    -5.43    7.37
-104991.231   127.671    -6.02    9.99
-104704.826   126.323    -4.71   11.70
-104418.415   125.433    -3.10   12.84
-104131.998   126.022     2.06   13.24
-103845.574   127.636     5.63   13.20
-103559.142   130.509    10.03   12.91
-103272.705   132.462     6.82   11.08
-102986.260   132.764     1.05    7.93
-102699.809   134.273     5.27    5.87
-102413.351   135.487     4.24    6.95
-102126.886   135.798     1.09    7.73
-101840.415   134.696    -3.84    8.28
-101553.937   134.317    -1.32    8.97
-101267.452   134.937     2.16    9.20
-100980.961   136.419     5.17   10.03
-100694.463   138.491     7.23   11.15
-100407.958   140.627     7.46   10.76
-100121.446   142.877     7.85   10.20
 -99834.928   145.566     9.38    9.54
 -99548.403   149.013    12.03    7.67
 -99261.871   152.182    11.06    5.24
 -98975.332   153.541     4.74    5.37
 -98688.787   154.653     3.88    5.17
 -98402.235   155.555     3.15    5.82
 -98115.676   155.104    -1.57    7.61
 -97829.111   153.790    -4.59    9.04
 -97542.539   153.116    -2.35   10.26
 -97255.960   155.028     6.67   11.76
 -96969.374   158.319    11.48   12.63
 -96682.782   161.160     9.91   12.88
 -96396.183   163.203     7.13   12.61
 -96109.577   164.273     3.73   12.32
 -95822.964   164.308     0.12   13.05
 -95536.345   163.087    -4.26   14.49
 -95249.719   159.993   -10.80   15.70
 -94963.086   155.393   -16.05   16.00
 -94676.447   150.372   -17.52   14.97
 -94389.801   147.653    -9.49   13.72
 -94103.148   145.139    -8.77   12.40
 -93816.488   143.727    -4.93   10.77
 -93529.822   142.288    -5.02    8.95
 -93243.149   142.311     0.08    9.12
 -92956.469   143.689     4.81   10.27
 -92669.782   145.455     6.16   10.73
 -92383.089   146.914     5.09   11.19
 -92096.389   148.327     4.93   11.69
 -91809.682   150.921     9.05   12.43
 -91522.969   153.217     8.01   12.68
 -91236.248   155.653     8.49   12.61
 -90949.521   158.218     8.95   12.10
 -90662.788   161.016     9.76   11.28
 -90376.047   163.703     9.37    9.51
 -90089.300   165.551     6.45    8.23
 -89802.546   167.053     5.24    6.14
 -89515.785   167.342     1.01    5.83
 -89229.018   167.337    -0.02    5.58
 -88942.243   167.282    -0.19    4.88
 -88655.462   166.231    -3.66    4.90
 -88368.675   163.830    -8.37    6.23
 -88081.880   159.836   -13.92    9.36
 -87795.079   155.664   -14.55   11.36
 -87508.271   152.203   -12.07   13.05
 -87221.457   148.828   -11.77   13.51
 -86934.635   145.282   -12.36   12.65
 -86647.807   143.442    -6.41   11.72
 -86360.972   143.594     0.53   11.05
 -86074.130   146.960    11.73   10.97
 -85787.282   149.649     9.38    9.90
 -85500.427   150.642     3.46    7.98
 -85213.565   152.026     4.82    6.41
 -84926.696   153.090     3.71    5.16
 -84639.821   153.624     1.86    5.18
 -84352.938   153.937     1.09    4.92
 -84066.049   154.576     2.23    4.92
 -83779.154   155.427     2.96    5.03
 -83492.251   156.218     2.76    4.61
 -83205.342   156.749     1.85    4.09
 -82918.426   156.658    -0.32    3.73
 -82631.503   157.168     1.78    3.35
 -82344.574   157.635     1.63    3.39
 -82057.638   157.640     0.02    3.21
 -81770.695   158.344     2.45    3.85
 -81483.745   159.500     4.03    4.62
 -81196.788   160.305     2.80    4.44
 -80909.825   161.365     3.69    3.67
 -80622.855   162.105     2.58    3.58
 -80335.878   162.167     0.22    3.99
 -80048.895   161.885    -0.98    4.63
 -79761.904   161.279    -2.11    5.01
 -79474.907   160.196    -3.77    5.35
 -79187.903   159.790    -1.41    5.31
 -78900.893   159.646    -0.50    5.09
 -78613.875   159.768     0.43    4.87
 -78326.851   160.692     3.22    4.35
 -78039.820   162.075     4.82    4.15
 -77752.782   163.682     5.60    3.81
 -77465.738   165.480     6.26    3.27
 -77178.687   166.553     3.74    3.35
 -76891.629   167.437     3.08    2.99
 -76604.564   168.196     2.64    2.56
 -76317.492   168.307     0.39    2.41
 -76030.414   167.592    -2.49    3.88
 -75743.329   165.667    -6.70    6.08
 -75456.237   162.520   -10.96    8.46
 -75169.138   159.010   -12.23    9.91
 -74882.033   155.247   -13.11    9.64
 -74594.921   153.566    -5.86    8.50
 -74307.802   153.448    -0.41    9.68
 -74020.676   155.462     7.01   10.81
 -73733.544   157.598     7.44   10.87
 -73446.642   159.482     6.57    9.65
 -73160.869   161.146     5.82    7.62
 -72875.090   160.196    -3.33    7.85
 -72589.305   157.460    -9.57    8.76
 -72303.514   153.189   -14.95    7.98
 -72017.717   149.765   -11.98    7.07
 -71731.914   147.018    -9.61    6.42
 -71446.106   143.841   -11.11    5.57
 -71160.291   141.696    -7.50    5.25
 -70874.470   139.804    -6.62    5.01
 -70588.644   138.133    -5.85    4.49
 -70302.811   136.932    -4.20    4.66
 -70016.973   136.174    -2.65    4.42
 -69731.128   135.182    -3.47    4.18
 -69445.278   134.553    -2.20    4.20
 -69159.421   133.395    -4.05    4.34
 -68873.559   131.889    -5.27    5.14
 -68587.691   130.317    -5.50    5.62
 -68301.817   127.811    -8.77    5.73
 -68015.936   124.993    -9.86    6.06
 -67730.050   122.073   -10.21    6.62
 -67444.158   118.718   -11.74    7.01
 -67158.260   115.168   -12.42    7.14
 -66872.356   112.362    -9.81    6.78
 -66586.446   110.182    -7.63    5.46
 -66300.530   108.753    -5.00    4.85
 -66014.608   108.119    -2.22    5.23
 -65728.680   108.196     0.27    5.61
 -65442.747   108.503     1.07    5.13
 -65156.807   108.341    -0.57    4.54
 -64870.861   107.647    -2.43    3.87
 -64584.909   106.532    -3.90    4.30
 -64298.952   104.664    -6.53    5.42
 -64012.988   102.290    -8.30    5.83
 -63727.018    99.441    -9.96    6.14
 -63441.043    96.339   -10.85    6.28
 -63155.061    93.811    -8.84    6.39
 -62869.074    90.805   -10.51    6.38
 -62583.080    88.714    -7.31    5.71
 -62297.081    87.077    -5.72    4.45
 -62011.075    85.427    -5.77    3.53
 -61725.064    84.203    -4.28    3.04
 -61439.047    83.363    -2.94    3.60
 -61153.023    81.997    -4.77    4.69
 -60866.994    80.203    -6.27    5.18
 -60580.959    78.789    -4.94    5.21
 -60294.917    77.610    -4.12    4.87
 -60008.870    76.851    -2.65    4.89
 -59722.817    76.675    -0.61    5.11
 -59436.758    76.480    -0.68    5.09
 -59150.693    76.783     1.06    5.22
 -58864.622    77.671     3.10    5.70
 -58578.545    78.892     4.27    6.85
 -58292.462    80.895     7.00    8.06
 -58006.373    83.621     9.53    9.50
 -57720.278    85.908     8.00   10.17
 -57434.177    87.699     6.26   11.02
 -57148.070    89.517     6.35   10.66
 -56861.957    90.829     4.58    9.40
 -56575.838    92.022     4.17    8.07
 -56289.713    92.028     0.02    6.86
 -56003.582    91.511    -1.81    5.90
 -55717.445    90.373    -3.97    4.99
 -55431.303    88.707    -5.82    4.88
 -55145.154    85.834   -10.04    5.98
 -54858.999    82.092   -13.08    7.87
 -54572.838    78.566   -12.32    8.88
 -54286.671    74.376   -14.64    8.77
 -54000.499    70.808   -12.47    7.75
 -53714.320    67.147   -12.79    5.86
 -53428.135    64.508    -9.22    4.90
 -53141.945    62.829    -5.87    4.34
 -52855.748    61.973    -2.99    4.10
 -52569.545    61.083    -3.11    4.05
 -52283.337    59.844    -4.33    4.18
 -51997.122    58.696    -4.01    3.96
 -51710.902    57.875    -2.87    4.18
 -51424.675    57.057    -2.86    4.60
 -51138.443    56.292    -2.67    5.90
 -50852.204    55.125    -4.07    7.20
 -50565.959    54.232    -3.12    7.79
 -50279.709    52.700    -5.35    7.87
 -49993.452    50.292    -8.41    7.73
 -49707.190    48.196    -7.32    6.24
 -49420.922    47.703    -1.72    5.51
 -49134.647    49.942     7.82    8.13
 -48848.367    54.054    14.36   10.90
 -48562.080    58.787    16.53   11.95
 -48275.788    63.479    16.39   11.33
 -47989.489    67.498    14.04    8.71
 -47703.185    69.965     8.62    6.04
 -47416.874    71.280     4.59    4.54
 -47130.558    71.592     1.09    3.79
 -46844.236    71.585    -0.03    3.49
 -46557.907    71.497    -0.31    3.33
 -46271.573    71.937     1.54    3.47
 -45985.232    72.671     2.56    3.47
 -45698.886    72.995     1.13    2.89
 -45412.534    73.309     1.10    2.84
 -45126.175    73.668     1.25    2.81
 -44839.811    73.566    -0.35    2.93
 -44553.441    73.160    -1.42    3.26
 -44267.064    73.167     0.02    3.47
 -43980.682    73.182     0.05    3.31
 -43694.293    73.210     0.10    3.43
 -43407.899    73.566     1.24    3.41
 -43121.499    73.599     0.12    3.42
 -42835.092    73.364    -0.82    3.62
 -42548.680    73.456     0.32    2.99
 -42262.262    72.757    -2.44    3.25
 -41975.837    71.124    -5.70    4.63
 -41689.407    68.907    -7.74    5.99
 -41402.970    65.924   -10.42    7.88
 -41116.528    63.125    -9.77    9.11
 -40830.080    60.563    -8.94   10.35
 -40543.625    58.935    -5.68   10.84
 -40257.165    57.858    -3.76   11.13
 -39970.698    57.759    -0.34   10.39
 -39684.226    56.882    -3.06    9.47
 -39397.748    55.441    -5.03    9.31
 -39111.263    54.617    -2.87    8.70
 -38824.773    55.084     1.63    8.47
 -38538.276    56.088     3.50    7.98
 -38251.774    56.685     2.08    7.99
 -37965.265    58.385     5.93    8.01
 -37678.751    60.944     8.93    6.48
 -37392.231    63.290     8.19    4.28
 -37105.704    64.515     4.28    2.75
 -36819.172    65.035     1.82    2.39
 -36532.633    65.236     0.70    2.84
 -36246.089    65.182    -0.19    3.13
 -35959.538    65.398     0.75    3.34
 -35672.981    65.104    -1.02    3.42
 -35386.419    64.244    -3.00    3.46
 -35099.850    63.541    -2.45    3.58
 -34813.276    62.660    -3.07    3.43
 -34526.695    62.231    -1.50    3.12
 -34240.109    62.139    -0.32    3.36
 -33953.516    62.478     1.18    3.60
 -33666.917    63.563     3.79    4.21
 -33380.313    64.131     1.98    4.31
 -33093.702    64.301     0.59    4.20
 -32807.085    63.960    -1.19    4.35
 -32520.463    63.685    -0.96    4.53
 -32233.834    64.153     1.63    5.85
 -31947.199    65.203     3.66    7.20
 -31660.558    65.284     0.28    7.22
 -31373.912    65.960     2.36    7.48
 -31087.259    66.836     3.06    7.43
 -30800.600    68.175     4.67    7.12
 -30513.935    69.582     4.91    7.44
 -30227.264    70.252     2.34    7.41
 -29940.587    69.439    -2.84    8.32
 -29653.904    67.646    -6.25    9.85
 -29367.215    64.787    -9.97   10.87
 -29080.520    61.553   -11.28   10.88
 -28793.819    58.370   -11.10   10.05
 -28507.112    54.865   -12.22    8.72
 -28220.399    50.944   -13.68    7.07
 -27933.680    48.357    -9.02    6.49
 -27646.955    46.808    -5.40    5.45
 -27360.224    45.887    -3.21    5.04
 -27073.487    45.161    -2.53    4.85
 -26786.744    45.822     2.30    4.99
 -26499.995    47.566     6.08    4.73
 -26213.239    48.885     4.60    3.96
 -25926.478    49.315     1.50    3.63
 -25639.711    49.531     0.76    3.35
 -25352.937    50.217     2.39    3.63
 -25066.158    50.525     1.07    4.12
 -24779.373    50.460    -0.22    4.70
 -24492.581    50.706     0.86    4.97
 -24205.784    50.309    -1.39    4.75
 -23918.980    49.471    -2.92    4.52
 -23632.171    47.928    -5.38    4.00
 -23345.355    45.898    -7.08    3.96
 -23058.534    44.182    -5.98    4.06
 -22771.706    42.714    -5.12    4.05
 -22484.872    40.750    -6.85    4.86
 -22198.033    37.557   -11.13    5.92
 -21911.187    34.915    -9.21    6.03
 -21624.335    31.599   -11.56    7.31
 -21337.477    27.769   -13.35   10.05
 -21050.613    23.832   -13.72   10.34
 -20763.744    22.631    -4.19    9.29
 -20476.868    22.175    -1.59    9.05
 -20189.986    22.044    -0.46    9.12
 -19903.098    22.125     0.28    9.05
 -19616.204    23.474     4.70    8.12
 -19329.304    25.168     5.91    5.83
 -19042.397    26.282     3.88    3.39
 -18755.485    26.088    -0.67    3.43
 -18468.567    25.996    -0.32    3.22
 -18181.643    26.112     0.40    3.05
 -17894.713    25.635    -1.66    3.15
 -17607.776    25.419    -0.75    3.19
 -17320.834    25.140    -0.97    3.01
 -17033.885    24.874    -0.93    3.03
 -16746.931    24.901     0.09    3.04
 -16459.970    25.110     0.73    3.10
 -16173.004    25.189     0.28    3.02
 -15886.031    25.645     1.59    2.91
 -15599.053    25.989     1.20    2.69
 -15312.068    25.829    -0.56    2.72
 -15025.077    25.395    -1.51    2.77
 -14738.080    25.278    -0.41    2.78
 -14451.077    25.393     0.40    2.95
 -14164.068    25.782     1.35    3.10
 -13877.054    26.435     2.28    3.60
 -13590.033    27.091     2.28    4.72
 -13303.005    27.518     1.49    5.91
 -13015.972    27.471    -0.16    7.52
 -12728.933    27.317    -0.54    8.12
 -12441.888    26.572    -2.60    8.76
 -12154.837    26.147    -1.48    8.90
 -11867.779    25.808    -1.18    8.19
 -11581.000    25.492    -1.10    7.14
 -11295.154    24.508    -3.44    6.61
 -11009.302    23.396    -3.89    6.22
 -10723.445    21.720    -5.86    6.02
 -10437.583    20.095    -5.68    5.81
 -10151.716    18.225    -6.54    5.44
  -9865.844    16.161    -7.22    4.41
  -9579.966    14.502    -5.80    3.54
  -9294.083    13.435    -3.73    3.13
  -9008.195    12.987    -1.57    3.02
  -8722.301    12.836    -0.53    3.41
  -8436.402    12.543    -1.03    4.07
  -8150.498    12.418    -0.44    4.42
  -7864.589    12.231    -0.65    4.35
  -7578.674    11.725    -1.77    4.32
  -7292.755    11.196    -1.85    3.94
  -7006.830    10.430    -2.68    3.11
  -6720.899     9.351    -3.77    4.00
  -6434.964     8.599    -2.63    4.91
  -6149.023     7.996    -2.11    5.27
  -5863.077     7.650    -1.21    5.66
  -5577.126     7.154    -1.73    5.82
  -5291.169     5.925    -4.30    5.96
  -5005.207     4.318    -5.62    5.87
  -4719.240     3.046    -4.45    5.60
  -4433.268     1.601    -5.05    4.83
  -4147.291     0.757    -2.95    3.91
  -3861.308    -0.273    -3.60    2.00
  -3575.320    -0.811    -1.88    0.00
  -3289.326    -0.811     0.00    0.00
  -3003.328    -0.420     1.37    3.30
  -2717.324     3.340    13.14   12.13
  -2431.315     8.748    18.91   18.72
  -2145.301    14.090    18.67   20.93
  -1859.281    15.793     5.96   21.15
  -1573.256    16.490     2.43   20.96
  -1287.226    16.573     0.29   21.00
  -1001.191    14.934    -5.73   21.28
   -715.150     8.354   -23.00   18.55
   -429.104     1.334   -24.54    8.51
   -143.053    -0.811    -7.50    0.00
    143.003    -0.811     0.00    0.00
    429.065    -0.811     0.00    0.00
    715.132    -0.811     0.00    0.00
   1001.204    -0.293     1.81    2.66
   1287.282    -0.238     0.19    2.67
   1573.364    -0.165     0.25    2.75
   1859.452    -0.142     0.08    2.80
   2145.546    -0.137     0.02    2.81
   2431.644    -0.156    -0.07    2.77
   2717.748    -0.263    -0.37    2.64
   3003.857    -0.680    -1.46    1.08
   3289.971    -0.442     0.83    2.04
   3576.091     3.009    12.06   10.57
   3862.216     8.237    18.27   15.62
   4148.346    14.679    22.51   18.03
   4434.481    20.224    19.38   17.75
   4720.622    26.756    22.83   15.47
   5006.768    32.496    20.06   11.56
   5292.919    36.481    13.92    4.99
   5579.075    36.759     0.97    5.07
   5865.237    35.316    -5.04    8.50
   6151.404    34.058    -4.39   11.11
   6437.576    31.856    -7.70   13.01
   6723.754    27.566   -14.99   14.60
   7009.936    22.937   -16.18   14.95
   7296.124    20.678    -7.89   14.34
   7582.318    21.932     4.38   14.10
   7868.516    24.499     8.97   13.72
   8154.720    26.079     5.52   13.29
   8440.929    28.265     7.64   12.99
   8727.144    32.326    14.19   11.28
   9013.363    37.347    17.54    9.75
   9299.588    41.978    16.18   12.47
   9585.818    46.917    17.26   14.93
   9872.054    52.630    19.96   15.91
  10158.295    58.915    21.96   14.30
  10444.541    65.174    21.87   10.77
  10730.792    69.800    16.16    8.62
  11017.048    72.751    10.31    8.30
  11303.310    74.455     5.95    8.69
  11589.577    76.161     5.96    8.54
  11875.850    77.703     5.39    8.23
  12162.128    79.678     6.90    8.08
  12448.410    83.063    11.82    9.07
  12734.699    88.126    17.68   12.11
  13020.992    94.508    22.29   16.85
  13307.291   102.167    26.75   22.62
  13593.595   111.592    32.92   26.72
  13879.904   121.366    34.14   27.83
  14166.219   128.917    26.37   25.94
  14452.539   133.653    16.54   22.30
  14738.864   134.033     1.33   19.72
  15025.195   129.072   -17.33   21.60
  15311.530   122.699   -22.26   23.49
  15597.871   115.246   -26.03   23.14
  15884.218   107.685   -26.41   20.98
  16170.569   101.351   -22.12   17.34
  16456.926    98.032   -11.59   14.25
  16743.288    96.258    -6.20   12.30
  17029.656    95.819    -1.53    9.30
  17316.028    98.529     9.46   11.44
  17602.406   101.932    11.88   12.36
  17888.790   105.038    10.85   10.16
  18175.178   107.460     8.46    8.63
  18461.572   109.175     5.99    8.39
  18747.971   110.002     2.89    9.33
  19034.376   110.425     1.48   10.29
  19320.785   111.741     4.60   11.55
  19607.200   113.999     7.88   12.36
  19893.620   116.650     9.26   12.33
  20180.046   116.717     0.24   13.10
  20466.477   114.028    -9.39   15.31
  20752.913   108.451   -19.47   18.81
  21039.354    99.380   -31.67   22.72
  21325.801    90.596   -30.67   23.18
  21612.253    80.810   -34.16   19.62
  21898.710    73.448   -25.70   14.41
  22185.173    68.944   -15.72   10.54
  22471.641    66.750    -7.66    7.80
  22758.114    65.725    -3.58    6.06
  23044.592    65.872     0.51    6.04
  23331.076    66.012     0.49    6.27
  23617.565    65.140    -3.04    6.20
  23904.060    64.441    -2.44    5.98
  24190.559    64.312    -0.45    5.45
  24477.064    63.897    -1.45    4.65
  24763.574    64.016     0.42    4.69
  25050.090    65.224     4.21    5.23
  25336.611    67.239     7.03    5.88
  25623.137    69.045     6.30    5.97
  25909.668    70.993     6.80    5.59
  26196.205    72.968     6.89    4.94
  26482.747    75.083     7.38    4.36
  26769.294    77.175     7.30    5.15
  27055.846    78.951     6.20    5.85
  27342.404    80.776     6.37    5.73
  27628.967    83.034     7.88    5.54
  27915.536    85.621     9.03    5.86
  28202.110    88.707    10.77    6.03
  28488.689    91.261     8.91    5.68
  28775.273    92.962     5.93    5.35
  29061.863    94.731     6.17    5.03
  29348.458    95.782     3.67    4.43
  29635.058    94.903    -3.07    6.23
  29921.663    92.969    -6.75    7.75
  30208.274    91.035    -6.75    7.86
  30494.890    88.862    -7.58    7.44
  30781.512    86.560    -8.03    6.79
  31068.138    84.310    -7.85    5.62
  31354.771    83.273    -3.62    5.51
  31641.408    82.477    -2.78    5.54
  31928.050    80.592    -6.58    4.95
  32214.698    78.822    -6.17    3.82
  32501.352    78.015    -2.82    3.33
  32788.010    77.313    -2.45    2.94
  33074.674    76.849    -1.62    2.45
  33361.343    76.578    -0.95    1.86
  33648.018    76.887     1.08    2.26
  33934.697    78.239     4.72    3.99
  34221.383    80.842     9.08    6.08
  34508.073    84.456    12.61    8.36
  34794.769    87.558    10.82    9.29
  35081.470    89.725     7.56    9.13
  35368.176    92.515     9.73    8.62
  35654.887    94.571     7.17    9.14
  35941.604    95.021     1.57   10.46
  36228.327    93.905    -3.89   11.82
  36515.054    93.962     0.20   12.43
  36801.787    94.783     2.86   13.07
  37088.525    97.266     8.66   13.73
  37375.269   101.668    15.35   14.02
  37662.017   106.419    16.57   12.83
  37948.771   110.649    14.75   10.86
  38235.531   114.302    12.74    9.52
  38522.296   117.629    11.60    9.71
  38809.066   120.992    11.72    9.41
  39095.841   123.189     7.66    8.71
  39382.622   124.430     4.33    8.13
  39669.407   126.279     6.45    7.47
  39956.199   128.141     6.49    7.18
  40242.995   130.358     7.73    6.82
  40529.797   133.003     9.22    6.86
  40816.604   136.254    11.33    8.32
  41103.417   139.901    12.72    9.72
  41390.235   143.665    13.12   10.44
  41677.058   146.589    10.19   10.24
  41963.886   150.482    13.57    9.47
  42250.720   154.905    15.42    8.94
  42537.559   158.760    13.44    8.35
  42824.404   162.867    14.32    8.15
  43111.253   167.333    15.57    9.73
  43398.108   172.239    17.10    9.99
  43684.969   176.351    14.33    8.26
  43971.834   178.970     9.13    7.34
  44258.706   180.397     4.98    7.40
  44545.582   181.908     5.27    7.53
  44832.463   183.508     5.58    8.69
  45119.350   184.357     2.96    9.55
  45406.243   185.755     4.88    9.72
  45693.140   187.597     6.42    9.13
  45980.043   189.905     8.04    8.74
  46266.951   192.946    10.60    8.87
  46553.865   195.626     9.34    8.43
  46840.784   197.787     7.53    7.76
  47127.708   199.012     4.27    6.66
  47414.638   200.333     4.60    5.63
  47701.573   201.009     2.36    5.05
  47988.513   200.231    -2.71    6.35
  48275.458   199.105    -3.92    7.31
  48562.409   197.553    -5.41    7.27
  48849.365   196.667    -3.09    7.39
  49136.327   194.799    -6.51    7.62
  49423.294   192.301    -8.71    7.14
  49710.266   190.487    -6.32    5.67
  49997.243   188.567    -6.69    5.67
  50283.919   186.593    -6.89    6.70
  50569.841   184.154    -8.53    6.98
  50855.769   181.937    -7.75    7.05
  51141.701   180.332    -5.61    7.71
  51427.637   177.902    -8.50    8.82
  51713.578   175.995    -6.67   10.42
  51999.524   174.304    -5.91   11.20
  52285.474   171.189   -10.89   12.70
  52571.428   167.279   -13.67   12.53
  52857.387   163.575   -12.95   11.61
  53143.351   158.700   -17.05   12.41
  53429.319   152.800   -20.63   15.47
  53715.292   145.746   -24.67   16.43
  54001.269   138.771   -24.39   14.57
  54287.251   133.379   -18.85   10.75
  54573.238   130.809    -8.99    7.59
  54859.229   130.960     0.53    7.29
  55145.224   133.081     7.42    8.13
  55431.224   135.615     8.86    7.50
  55717.229   136.675     3.70    6.60
  56003.238   135.717    -3.35    7.57
  56289.252   133.682    -7.11    8.93
  56575.270   131.853    -6.39    9.27
  56861.293   130.636    -4.26    8.69
  57147.320   129.154    -5.18    8.54
  57433.352   128.846    -1.08    8.69
  57719.388   127.553    -4.52    8.64
  58005.429   125.275    -7.96    8.25
  58291.475   123.703    -5.50    9.08
  58577.525   119.168   -15.86   11.41
  58863.579   111.007   -28.53   15.45
  59149.638   102.536   -29.61   17.86
  59435.702    95.067   -26.11   17.22
  59721.770    91.675   -11.86   15.28
  60007.843    90.175    -5.24   13.46
  60293.920    91.508     4.66   14.42
  60580.002    96.182    16.34   16.44
  60866.089   102.958    23.69   15.86
  61152.180   108.309    18.70   12.69
  61438.275   111.629    11.60    8.86
  61724.375   111.041    -2.05   11.41
  62010.480   108.155   -10.09   13.10
  62296.589   104.085   -14.23   14.25
  62582.703   102.068    -7.05   13.93
  62868.821   100.203    -6.52   13.73
  63154.944    96.577   -12.67   14.17
  63441.071    96.961     1.34   12.96
  63727.203    97.929     3.38   12.18
  64013.340    97.224    -2.46   12.12
  64299.481    97.326     0.36   12.54
  64585.626    97.406     0.28   11.94
  64871.777    96.671    -2.57   11.86
  65157.931    94.998    -5.85   13.09
  65444.091    92.651    -8.20   14.06
  65730.254    92.035    -2.15   13.77
  66016.423    89.467    -8.97   13.73
  66302.596    86.743    -9.52   13.16
  66588.773    87.272     1.85   14.32
  66874.955    91.148    13.54   15.62
  67161.142    94.511    11.75   14.48
  67447.333    96.603     7.31   12.86
  67733.529    97.125     1.82   11.97
  68019.729    97.640     1.80   11.17
  68305.934    95.575    -7.21   11.86
  68592.143    92.575   -10.48   11.01
  68878.357    91.618    -3.34    9.45
  69164.576    92.921     4.55    9.85
  69450.799    94.302     4.82   10.21
  69737.026    96.724     8.46   10.91
  70023.258   100.490    13.16   11.63
  70309.495   105.578    17.78    9.04
  70595.736   109.453    13.54    8.92
  70881.982   112.617    11.05   10.51
  71168.233   115.304     9.39   11.07
  71454.488   118.876    12.48   11.60
  71740.747   119.902     3.58   10.90
  72027.011   118.580    -4.62   10.50
  72313.280   117.383    -4.18   10.07
  72599.553   116.553    -2.90    8.87
  72885.831   114.323    -7.79   10.92
  73172.113   110.967   -11.72   12.66
  73458.400   106.849   -14.38   13.68
  73744.692   102.458   -15.33   14.00
  74030.988    97.910   -15.89   14.60
  74317.288    93.090   -16.84   14.39
  74603.593    88.369   -16.49   12.64
  74889.903    83.776   -16.04    8.95
  75176.217    81.231    -8.89    6.93
  75462.536    78.990    -7.83    5.93
  75748.860    76.203    -9.73    6.68
  76035.188    74.846    -4.74    7.40
  76321.520    74.699    -0.51    7.75
  76607.857    73.279    -4.96    8.44
  76894.199    70.453    -9.87    8.87
  77180.545    69.867    -2.05    8.72
  77466.896    71.059     4.16    9.58
  77753.251    72.761     5.94   10.10
  78039.611    74.251     5.20    9.81
  78325.976    75.941     5.90    9.31
  78612.345    77.671     6.04    7.91
  78898.718    78.906     4.31    6.38
  79185.097    79.825     3.21    6.96
  79471.479    81.121     4.52    8.95
  79757.867    83.009     6.59    9.96
  80044.259    85.406     8.37   12.16
  80330.655    86.567     4.05   12.55
