# NaN NaN NaN ;Mean Elev.(m), Avg Gradient(m/km), RMS Gradient(m/km) - SRTM1     
#   30.310  -0.535   1.716 ;Mean Elev.(m), Avg Gradient(m/km), RMS Gradient(m/km) - ASTER GDEM
#   25.179  -1.549   7.477 ;Mean Elev.(m), Avg Gradient(m/km), RMS Gradient(m/km) - GMTED2010 
   1 124.870788  64.912359    49.896    49.842  7 54668.23128568 25.595
   2 124.872301  64.912843    49.800    49.997  7 54678.14693010 26.390
   3 124.881718  64.913346    -5.338    -5.345  4 54688.06257402 11.367
   4 124.879688  64.915073    50.232    50.300  3 54697.97821491 47.868
   5 124.882179  64.914099    -3.477    -3.524  4 54707.89385746 10.473
   6 124.870008  64.913093    50.609    50.537  7 54717.80950824 28.390
   7 124.862858  64.911224    12.789    12.785  5 54727.72515696 15.578
   8 124.863778  64.909986    49.587    49.346  5 54737.64080473 25.930
   9 124.863436  64.910899    48.628    48.555  4 54747.55645191 28.160
  10 124.867387  64.911662    47.772    47.767  6 54757.47209910 44.019
  11 124.871279  64.911394    47.240    47.271  7 54767.38774432 50.903
  12 124.862272  64.911292    46.740    46.758  4 54777.30338510 39.667
  13 124.862641  64.909678    47.518    47.523  5 54787.21902445 31.063
  14 124.863899  64.909378    47.458    47.431  5 54797.13466276 32.353
  15 124.864532  64.911336    47.544    47.544  5 54807.05030067 22.519
  16 124.870787  64.912830    47.803    47.801  7 54816.96593852 22.280
  17 124.874602  64.913146    47.908    47.964  6 54826.88158783 20.690
  18 124.869852  64.912963    47.846    47.855  7 54836.79722661 18.143
  19 124.871525  64.912157    47.760    47.780  7 54846.71287632 17.535
  20 124.873352  64.912111    47.676    47.692  7 54856.62852534 16.273
  21 124.872306  64.913302    47.534    47.495  6 54866.54417399 16.193
  22 124.874780  64.913212    47.531    47.523  6 54876.45982249 15.512
  23 124.876220  64.912170    47.507    47.530  6 54886.37546803 15.737
  24 124.866384  64.911427    47.828    47.796  6 54896.29110910 14.154
  25 124.862926  64.910124    48.092    48.168  4 54906.20674816 13.658
  26 124.862484  64.910006    48.182    48.272  4 54916.12238631 13.634
  27 124.862106  64.911171    48.635    48.725  4 54926.03802418 12.191
  28 124.869763  64.911367    48.155    48.067  6 54935.95366220 12.063
  29 124.871941  64.911571    48.076    48.106  7 54945.86929782 30.485
  30 124.867636  64.911554    48.062    47.462  6 54955.78493026 34.484
  31 124.864315  64.910575    49.448    49.436  4 54965.70057799 40.923
  32 124.863462  64.910444    51.693    51.716  5 54975.61622578 28.900
  33 124.867369  64.911106    51.340    51.346  5 54985.53187376 53.689
  34 124.871237  64.912070    51.635    51.646  7 54995.44752172 25.979
  35 124.872465  64.912697    51.451    51.555  7 55005.36316796 22.444
  36 124.874012  64.912477    50.233    50.239  7 55015.27881210 52.316
  37 124.870928  64.912781    49.219    49.198  7 55025.19445441 54.692
  38 124.874554  64.912943    49.930    49.937  6 55035.11009686 24.216
  39 124.878453  64.913171    48.473    48.507  5 55045.02573860 54.766
  40 124.875119  64.913712    48.981    48.867  5 55054.94137794 55.066
  41 124.872633  64.912750    48.707    48.700  7 55064.85701519 49.585
  42 124.865161  64.911830    49.516    49.518  6 55074.77266197 24.016
  43 124.864686  64.910560    48.473    48.426  5 55084.68830992 54.553
  44 124.864148  64.910666    48.902    48.914  5 55094.60395614 54.916
  45 124.863714  64.911197    49.900    49.972  5 55104.51960217 23.926
  46 124.865510  64.911171    48.991    49.059  5 55114.43524821 27.238
  47 124.864188  64.910879    48.131    48.129  4 55124.35089154 47.748
  48 124.864099  64.910277    47.433    47.432  4 55134.26653224 43.036
  49 124.863072  64.910087    46.318    46.316  4 55144.18217073 33.137
  50 124.862120  64.910961    47.606    47.518  5 55154.09780857 26.098
  51 124.868383  64.911375    47.394    47.336  6 55164.01344746 24.159
  52 124.870182  64.912650    47.450    47.424  7 55173.92908567 22.360
  53 124.871464  64.913296    47.338    47.331  7 55183.84472430 21.534
  54 124.870661  64.913225    47.481    47.461  7 55193.76037546 20.826
  55 124.876060  64.912476    47.382    47.365  6 55203.67602594 19.967
  56 124.874849  64.913127    47.391    47.419  6 55213.59167502 19.367
  57 124.874491  64.913211    47.346    47.349  6 55223.50732373 17.983
  58 124.873333  64.912157    47.401    47.423  7 55233.42297089 17.804
  59 124.865184  64.911313    47.751    47.722  5 55243.33861420 17.353
  60 124.863206  64.909917    47.866    47.911  4 55253.25425494 16.924
  61 124.863226  64.909700    48.204    48.192  4 55263.16989373 16.135
  62 124.862744  64.911158    48.211    48.206  4 55273.08553146 16.047
  63 124.870280  64.911276    47.946    47.957  6 55283.00116970 15.946
  64 124.866389  64.911749    47.936    47.926  6 55292.91680561 16.047
  65 124.862906  64.911243    48.196    48.211  4 55302.83244137 15.501
  66 124.864458  64.909790    47.006    46.981  4 55312.74808932 27.359
  67 124.864171  64.910169    47.069    47.124  5 55322.66373468 41.235
  68 124.864151  64.911555    47.752    47.743  5 55332.57937871 43.571
  69 124.870897  64.911921    52.979    52.934  8 55342.49502336 52.196
  70 124.872765  64.912004    50.887    50.860  7 55352.41066730 42.715
  71 124.872872  64.911975    50.912    50.860  7 55362.32630893 22.636
  72 124.872176  64.912359    50.150    50.341  7 55372.24194849 30.041
  73 124.872238  64.913422    49.477    49.439  6 55382.15758671 54.475
  74 124.877228  64.913954    50.359    50.352  5 55392.07322470 55.543
  75 124.879388  64.914086    49.050    49.092  4 55401.98886106 26.795
  76 124.872803  64.913114    48.647    48.265  6 55411.90451114 32.950
  77 124.861818  64.911810    49.832    49.579  5 55421.82015983 24.830
  78 124.863307  64.909669    48.802    48.389  5 55431.73580689 32.003
  79 124.862849  64.910045    48.645    48.639  4 55441.65145143 25.112
  80 124.863272  64.911488    48.944    48.943  5 55451.56709442 45.222
  81 124.873477  64.911292    48.227    48.284  7 55461.48273768 32.188
  82 124.867192  64.911546    48.167    48.085  6 55471.39837798 31.357
  83 124.862639  64.910701    48.171    48.232  4 55481.31401561 21.560
  84 124.861685  64.909869    47.251    47.193  5 55491.22965122 45.099
  85 124.864402  64.910610    47.294    47.265  4 55501.14528515 38.519
  86 124.871660  64.911593    46.842    46.821  7 55511.06092914 31.360
  87 124.876433  64.912320    47.075    47.027  6 55520.97657925 25.739
  88 124.876161  64.912532    47.351    47.328  6 55530.89222785 23.228
  89 124.872098  64.912281    47.348    47.313  7 55540.80787446 21.947
  90 124.872183  64.911767    47.122    47.115  7 55550.72351930 19.592
  91 124.872727  64.912277    47.056    47.009  7 55560.63916251 18.083
  93 124.876541  64.913451    47.133    47.149  5 55580.47044644 15.293
  94 124.869960  64.912765    47.171    47.172  7 55590.38608431 14.277
  95 124.864841  64.910976    46.962    46.962  5 55600.30171924 13.470
  96 124.863968  64.909696    46.982    46.980  5 55610.21735231 13.407
  97 124.864074  64.910810    47.630    47.698  4 55620.13298404 12.755
  98 124.871347  64.911736    47.376    47.529  8 55630.04863576 12.488
  99 124.872500  64.912632    47.619    47.592  7 55639.96428682 11.402
 100 124.871828  64.911585    47.700    47.708  8 55649.87993538 11.846
 101 124.862206  64.910361    47.679    47.718  5 55659.79557975 10.828
 102 124.864778  64.908636    49.250    49.400  5 55669.71122164  9.270
 103 124.862783  64.910136    47.599    47.211  5 55679.62686080 33.266
 104 124.872871  64.911636    47.289    47.228  7 55689.54249911 35.244
 105 124.876639  64.913419    52.029    52.018  6 55699.45813532 49.224
 106 124.877879  64.913641    50.639    50.170  5 55709.37377352 30.380
 107 124.870353  64.913319    50.734    50.697  7 55719.28942331 27.303
 108 124.872101  64.912282    50.577    50.581  7 55729.20507165 56.564
 109 124.871929  64.912635    49.520    49.541  8 55739.12071835 40.411
 110 124.876327  64.912829    48.517    48.520  6 55749.03636426 35.420
 111 124.874971  64.913051    48.820    48.804  6 55758.95200733 45.441
 112 124.871463  64.912253    47.565    47.566  8 55768.86764747 52.388
 113 124.862656  64.911294    48.094    48.102  4 55778.78328392 53.517
 114 124.863995  64.909803    49.530    49.181  5 55788.69891875 24.338
 115 124.862976  64.910869    48.559    48.541  5 55798.61455186 53.232
 116 124.869539  64.911669    47.826    47.847  7 55808.53019753 54.063
 117 124.871927  64.912729    48.831    48.490  7 55818.44584656 31.081
 118 124.870254  64.912479    48.563    48.580  7 55828.36149122 29.429
 119 124.864887  64.911421    48.371    48.332  6 55838.27713124 32.078
 120 124.863881  64.910062    47.678    47.687  5 55848.19276864 24.087
 121 124.862337  64.911349    47.163    47.200  5 55858.10840369 44.436
 122 124.871761  64.912333    47.206    47.213  8 55868.02405107 41.936
 123 124.871281  64.914323    47.237    47.234  6 55877.93970275 22.732
 124 124.876172  64.914006    47.636    47.704  5 55887.85534860 18.866
 125 124.876558  64.913128    47.734    47.756  6 55897.77098831 17.376
 126 124.875620  64.912632    47.778    47.936  6 55907.68662282 15.769
 127 124.872062  64.912983    47.580    47.566  7 55917.60226961 15.505
 128 124.870806  64.913332    47.791    47.775  7 55927.51792267 14.179
 129 124.872420  64.912861    47.758    47.723  7 55937.43357259 13.543
 130 124.868267  64.911774    47.802    47.758  7 55947.34921710 13.134
 131 124.863531  64.910466    48.124    48.098  4 55957.26485704 12.796
 132 124.863605  64.909599    48.176    48.149  4 55967.18049493 12.528
 133 124.863537  64.910640    48.197    48.249  4 55977.09613182 12.700
 134 124.869527  64.911723    47.990    47.994  7 55987.01176860 12.377
 135 124.872412  64.912519    48.085    48.166  7 55996.92740699 11.633
 136 124.870567  64.911818    48.116    48.148  7 56006.84305842 11.869
 137 124.864085  64.910949    48.131    48.157  5 56016.75870530 11.874
 138 124.865021  64.910027    48.394    48.428  5 56026.67434990 11.580
 139 124.863486  64.911152    48.438    48.437  5 56036.58999242 11.133
 140 124.871837  64.912129    48.533    48.550  8 56046.50563386  9.078
 141 124.877816  64.913136    46.782    46.768  5 56056.42127226 47.496
 142 124.876415  64.914195    53.383    53.362  5 56066.33690578 47.144
 143 124.875565  64.913461    52.622    52.629  6 56076.25255301 49.935
 144 124.874432  64.912776    51.531    51.639  7 56086.16820208 24.256
 145 124.870004  64.913048    51.017    51.003  7 56096.08384841 55.596
 146 124.867565  64.913280    50.025    50.076  6 56105.99949283 55.507
 147 124.868107  64.912530    50.360    50.308  4 56115.91512313 57.244
 148 124.869602  64.911546    49.421    49.419  7 56125.83076136 53.711
 149 124.866345  64.911161    49.840    49.381  5 56135.74639515 30.043
 150 124.862256  64.911384    50.903    50.869  5 56145.66203723 23.231
 151 124.865217  64.911204    49.353    48.920  5 56155.57768721 28.484
 152 124.868577  64.911484    49.640    49.420  6 56165.49333619 30.315
 153 124.870725  64.911522    49.486    49.412  7 56175.40898285 54.012
 154 124.870453  64.911340    49.434    49.180  7 56185.32462423 30.360
 155 124.865483  64.911312    49.422    49.184  5 56195.24026140 26.011
 156 124.866876  64.911239    48.490    48.441  5 56205.15589626 25.003
 157 124.870736  64.912161    47.979    47.895  7 56215.07152983 26.809
 158 124.875195  64.913622    47.484    47.443  5 56224.98716776 46.370
 159 124.875669  64.914100    46.946    46.947  5 56234.90282345 38.848
 160 124.871685  64.914207    47.227    46.987  6 56244.81847483 34.390
 161 124.871348  64.913404    47.356    47.327  7 56254.73412157 34.747
 162 124.871836  64.913157    47.460    47.477  7 56264.64976421 30.608
 163 124.872335  64.913286    47.555    47.507  6 56274.56540503 29.962
 164 124.874155  64.912609    47.559    47.556  7 56284.48104993 21.002
 165 124.868818  64.911793    47.560    47.548  7 56294.39670046 20.043
 166 124.862562  64.910740    47.535    47.564  5 56304.31234665 18.741
 167 124.863840  64.909825    47.341    47.342  4 56314.22798969 17.470
 168 124.864532  64.910620    47.501    47.313  4 56324.14363058 16.987
 169 124.868940  64.911559    47.319    47.283  6 56334.05927115 16.402
 170 124.871592  64.911830    47.466    47.499  8 56343.97491093 15.149
 171 124.869012  64.911880    47.573    47.636  7 56353.89054794 14.300
 172 124.866380  64.911225    47.526    47.591  5 56363.80619130 14.081
 173 124.862900  64.911259    47.906    47.888  4 56373.72184001 13.510
 175 124.871958  64.912434    47.768    47.805  8 56393.55313092 13.042
 176 124.872879  64.913374    48.600    48.658  6 56403.46877318 25.289
 177 124.876229  64.913319    46.813    46.774  6 56413.38441282 47.370
 178 124.872767  64.913663    47.225    47.221  6 56423.30004688 45.100
 179 124.875390  64.913008    53.009    52.978  6 56433.21569072 49.252
 180 124.872002  64.913058    51.548    51.538  7 56443.13134281 50.430
 181 124.873054  64.913025    50.456    50.524  6 56453.04699278 52.270
 182 124.871164  64.912527    50.923    50.865  7 56462.96263991 21.345
 183 124.866370  64.911575    49.210    49.175  6 56472.87828347 55.307
 184 124.864169  64.910227    49.773    49.188  5 56482.79392386 32.005
 185 124.864179  64.910057    50.928    51.116  5 56492.70956081 22.888
 186 124.865210  64.911484    51.304    51.312  6 56502.62519526 54.351
 187 124.872480  64.912778    50.504    50.466  7 56512.54082868 21.263
 188 124.871615  64.913292    50.140    50.059  7 56522.45647623 21.047
 189 124.872602  64.911787    50.087    49.943  7 56532.37212880 29.193
 191 124.862931  64.911129    49.900    49.953  5 56552.20342145 24.275
 192 124.872565  64.911395    48.936    48.667  7 56562.11906503 32.654
 193 124.875533  64.913234    47.939    47.929  6 56572.03470675 30.504
 194 124.879788  64.914110    47.141    47.070  4 56581.95034684 41.779
 195 124.872969  64.914901    47.022    47.095  4 56591.86598163 41.272
 196 124.871365  64.913396    46.748    46.827  7 56601.78163130 29.705
 197 124.871736  64.912169    47.439    47.460  8 56611.69728109 23.409
 198 124.869880  64.913024    47.342    47.382  7 56621.61292600 18.440
 199 124.873059  64.913461    47.257    47.234  6 56631.52856840 17.729
 200 124.872949  64.913412    47.352    47.287  6 56641.44420647 17.858
 201 124.870639  64.911530    47.593    47.622  6 56651.35985457 16.520
 202 124.865277  64.909776    47.612    47.661  5 56661.27550429 15.253
 203 124.865477  64.909057    47.539    47.584  5 56671.19115132 14.759
 204 124.862579  64.911338    47.676    47.671  5 56681.10679599 13.908
 205 124.873213  64.912013    47.542    47.596  7 56691.02244011 14.758
 206 124.871854  64.913075    47.785    47.797  7 56700.93807956 12.509
 207 124.871030  64.912118    47.836    47.822  7 56710.85371438 11.653
 208 124.862899  64.911675    48.363    48.494  5 56720.76935707 12.221
 209 124.862932  64.911154    48.217    48.336  5 56730.68500901 12.251
 210 124.870374  64.911969    48.414    48.445  7 56740.60065769 11.985
 211 124.878109  64.913303    48.352    48.424  5 56750.51630216 11.032
 212 124.881657  64.914105    47.008    47.077  4 56760.43194132 27.714
 213 124.879982  64.913986    47.176    47.260  4 56770.34757356 40.231
 214 124.870073  64.913177    48.817    48.930  7 56780.26322502 29.514
 215 124.868055  64.911936    51.056    51.059  7 56790.17888009 31.574
 216 124.869590  64.911643    51.647    51.745  7 56800.09453224 26.567
 217 124.870476  64.912504    51.023    51.057  7 56810.01017766 25.402
 218 124.876794  64.911838    50.534    50.476  6 56819.92581861 22.772
 219 124.871288  64.911362    50.526    50.705  7 56829.84145457 23.181
 220 124.863071  64.910808    49.757    49.770  5 56839.75708704 51.948
 221 124.863994  64.910469    48.984    48.971  5 56849.67272080 52.814
 222 124.864207  64.911446    49.923    49.237  5 56859.58837523 25.120
 223 124.869725  64.912641    48.578    48.607  7 56869.50402921 51.146
 224 124.870405  64.913224    49.239    48.929  7 56879.41968037 25.463
 225 124.872024  64.911794    49.253    49.012  7 56889.33532825 26.537
 226 124.862462  64.911241    50.240    50.110  4 56899.25097234 22.924
 227 124.863969  64.910861    49.004    49.001  4 56909.16661516 26.487
 228 124.871775  64.911746    48.238    48.250  7 56919.08225670 53.420
 229 124.877161  64.913731    49.259    49.262  5 56928.99789590 32.074
 230 124.882027  64.914496    47.945    47.968  4 56938.91353071 25.546
 231 124.880709  64.914124    46.943    46.857  3 56948.82916557 45.481
 232 124.874751  64.912502    46.645    46.578  7 56958.74481801 39.191
 233 124.872607  64.911351    46.430    46.399  7 56968.66046553 28.317
 234 124.870207  64.911981    46.988    47.024  7 56978.57610896 23.507
 235 124.876325  64.912256    47.156    47.177  6 56988.49174870 18.671
 236 124.871653  64.913459    47.077    47.031  6 56998.40738120 17.707
 237 124.873664  64.911706    47.408    47.274  7 57008.32303110 16.727
 238 124.862562  64.911109    47.384    47.132  4 57018.23868316 15.800
 239 124.864968  64.909947    47.589    47.609  5 57028.15433329 15.767
 240 124.863606  64.911228    47.941    48.112  4 57038.06998125 14.624
 241 124.872228  64.911776    48.033    47.824  7 57047.98562772 13.692
 242 124.874374  64.912617    47.668    47.469  7 57057.90126976 13.483
 243 124.874240  64.912334    48.185    48.228  7 57067.81690608 12.847
 244 124.869508  64.912566    48.124    48.063  7 57077.73253762 12.389
 245 124.876801  64.911987    48.091    48.063  6 57087.64817110 11.885
 246 124.872063  64.913463    48.169    48.298  6 57097.56382919 11.851
 247 124.882038  64.913295    48.571    48.530  4 57107.47948580 11.630
 248 124.875166  64.914618    48.495    48.608  5 57117.39513581 11.209
 249 124.876138  64.913451    49.829    49.937  5 57127.31078052 14.189
 250 124.869292  64.912980    49.808    49.815  7 57137.22641905 24.241
 251 124.870311  64.912321    47.176    47.193  7 57147.14205435 42.795
 252 124.870084  64.912957    49.441    49.477  7 57157.05768703 46.678
 253 124.871988  64.913052    52.496    52.522  7 57166.97333197 48.907
 254 124.870164  64.912663    51.306    51.325  7 57176.88898833 49.977
 255 124.869506  64.911399    51.370    51.312  7 57186.80464085 43.869
 256 124.864388  64.910941    50.937    50.881  4 57196.72028874 54.800
 257 124.862194  64.911044    50.924    50.876  4 57206.63592317 25.618
 258 124.866593  64.911439    49.520    49.461  5 57216.55156845 56.822
 259 124.871247  64.912062    48.593    48.569  7 57226.46721257 32.669
 260 124.870497  64.912907    48.511    48.588  7 57236.38285413 32.961
 261 124.871323  64.912819    48.497    48.532  7 57246.29849243 53.111
 262 124.872917  64.912590    49.074    48.863  7 57256.21412826 28.221
 263 124.875727  64.913175    48.325    48.317  6 57266.12976295 27.356
 264 124.876238  64.914283    47.403    47.451  5 57276.04540704 34.974
 265 124.879547  64.914202    47.262    47.281  3 57285.96106430 39.019
 266 124.876207  64.913865    48.191    48.027  5 57295.87671806 27.068
 267 124.873016  64.912958    48.030    47.805  6 57305.79236822 29.117
 268 124.870364  64.912127    46.543    46.545  7 57315.70801455 46.462
 269 124.872516  64.911408    46.610    46.707  7 57325.62365802 35.541
 270 124.873307  64.911535    46.636    46.620  7 57335.53929929 30.487
 271 124.872388  64.911498    47.054    46.968  8 57345.45494562 25.937
 272 124.866017  64.911480    47.397    47.417  5 57355.37059254 22.315
 273 124.862566  64.911208    47.932    48.039  5 57365.28623588 19.398
 274 124.862635  64.911051    48.181    48.195  5 57375.20187619 17.217
 275 124.867281  64.911377    47.810    47.867  6 57385.11751509 16.764
 276 124.873637  64.911745    47.642    47.600  7 57395.03315370 15.382
 277 124.870678  64.913261    47.585    47.531  7 57404.94879047 15.035
 278 124.871254  64.913000    47.588    47.599  7 57414.86443852 14.359
 279 124.871722  64.912425    47.750    47.688  7 57424.78009006 14.154
 280 124.871548  64.912471    47.980    47.984  7 57434.69573850 13.460
 281 124.875149  64.912986    47.808    47.850  6 57444.61138545 13.402
 282 124.874449  64.914148    47.786    47.623  5 57454.52703122 13.340
 283 124.876507  64.914134    47.706    47.659  5 57464.44267547 13.101
 284 124.877240  64.913088    48.089    48.171  5 57474.35831594 12.773
 286 124.869827  64.912609    48.449    48.483  7 57494.18958601 11.512
 287 124.871774  64.913531    49.359    49.479  6 57504.10521820  4.702
 288 124.874509  64.913220    47.030    47.027  6 57514.02087312 32.747
 289 124.874407  64.912279    48.566    48.282  7 57523.93652776 39.528
 290 124.866515  64.911531    51.206    51.098  6 57533.85217937 27.391
 291 124.864426  64.910365    51.466    51.536  4 57543.76782844 24.484
 292 124.862364  64.910844    51.213    51.293  5 57553.68347480 27.800
 293 124.869079  64.911440    50.461    50.431  6 57563.59912038 25.728
 294 124.870237  64.912655    49.988    50.023  7 57573.51476486 25.934
 295 124.870896  64.912721    48.926    48.930  7 57583.43040911 42.860
 296 124.870448  64.912259    50.076    50.076  7 57593.34605138 54.924
 297 124.870906  64.912024    50.684    50.706  7 57603.26169142 24.091
