-103379.913   168.404     0.00   14.29
-103093.318   167.675    -2.54   15.07
-102806.729   166.322    -4.72   15.47
-102520.145   165.789    -1.86   15.28
-102233.567   166.475     2.39   14.80
-101946.994   166.582     0.37   14.83
-101660.427   168.518     6.76   13.75
-101373.865   170.885     8.26   12.91
-101087.308   174.638    13.10   11.51
-100800.757   176.759     7.40   12.24
-100514.211   178.090     4.64   12.37
-100227.671   177.551    -1.88   13.60
 -99941.136   176.416    -3.96   15.19
 -99654.607   172.668   -13.08   17.37
 -99368.083   167.068   -19.55   18.23
 -99081.564   161.019   -21.11   16.98
 -98795.051   157.236   -13.20   13.81
 -98508.544   155.225    -7.02   10.82
 -98222.041   154.561    -2.32    8.21
 -97935.545   155.860     4.53    7.64
 -97649.053   158.838    10.39    7.74
 -97362.567   162.394    12.42    7.30
 -97076.087   165.042     9.24    6.14
 -96789.612   166.725     5.88    5.39
 -96503.142   168.130     4.91    4.54
 -96216.678   169.242     3.88    3.26
 -95930.219   170.576     4.66    3.14
 -95643.765   171.099     1.83    3.60
 -95357.317   171.662     1.96    3.86
 -95070.875   172.241     2.02    3.94
 -94784.438   171.915    -1.14    4.51
 -94498.006   170.646    -4.43    5.02
 -94211.580   168.437    -7.71    5.25
 -93925.159   166.534    -6.65    4.67
 -93638.743   165.368    -4.07    4.34
 -93352.333   164.286    -3.78    3.59
 -93065.929   163.325    -3.36    3.41
 -92779.530   162.605    -2.51    3.49
 -92493.136   161.676    -3.24    4.58
 -92206.748   161.336    -1.19    5.04
 -91920.365   162.098     2.66    4.42
 -91633.987   162.207     0.38    4.73
 -91347.615   162.746     1.88    4.44
 -91061.248   162.914     0.59    3.95
 -90774.887   162.457    -1.59    3.75
 -90488.531   161.551    -3.16    4.26
 -90202.181   159.918    -5.70    4.97
 -89915.836   157.445    -8.64    5.77
 -89629.496   155.410    -7.11    6.22
 -89343.162   153.941    -5.13    6.39
 -89056.833   152.225    -5.99    6.22
 -88770.510   150.880    -4.70    5.29
 -88484.192   150.930     0.18    5.59
 -88197.880   152.200     4.44    7.56
 -87911.573   154.553     8.22    9.26
 -87625.271   156.783     7.79    9.15
 -87338.975   159.069     7.99    8.09
 -87052.684   160.903     6.40    6.35
 -86766.398   162.260     4.74    5.15
 -86480.118   163.597     4.67    4.99
 -86193.844   164.711     3.89    5.69
 -85907.575   166.044     4.66    5.58
 -85621.311   167.900     6.48    5.42
 -85335.052   170.193     8.01    5.64
 -85048.799   171.661     5.13    5.23
 -84762.552   171.796     0.47    5.55
 -84476.310   170.831    -3.37    6.92
 -84190.073   168.732    -7.33    7.83
 -83903.842   166.358    -8.29    8.00
 -83617.616   163.243   -10.88    6.98
 -83331.395   160.394    -9.95    4.56
 -83045.180   158.746    -5.76    3.43
 -82758.970   157.753    -3.47    3.01
 -82472.766   157.075    -2.37    2.79
 -82186.567   156.387    -2.40    2.84
 -81900.374   156.375    -0.04    3.27
 -81614.186   156.650     0.96    3.78
 -81328.003   158.193     5.39    5.13
 -81041.826   159.718     5.33    5.87
 -80755.654   160.747     3.59    5.51
 -80469.487   161.371     2.18    4.98
 -80183.326   161.107    -0.92    4.98
 -79897.171   159.819    -4.50    5.98
 -79611.020   157.250    -8.98    7.45
 -79324.875   153.641   -12.61    7.68
 -79038.736   149.669   -13.88    7.93
 -78752.602   146.007   -12.80    7.96
 -78466.473   142.515   -12.20    7.02
 -78180.350   138.912   -12.59    6.33
 -77894.232   135.535   -11.80    5.83
 -77608.120   132.605   -10.24    5.23
 -77322.013   130.030    -9.00    4.85
 -77035.911   127.547    -8.68    5.03
 -76749.815   125.207    -8.18    5.02
 -76463.724   123.211    -6.98    4.96
 -76177.638   121.537    -5.85    4.95
 -75891.558   120.509    -3.59    5.03
 -75605.484   119.632    -3.07    4.95
 -75319.414   118.746    -3.10    5.23
 -75033.351   118.350    -1.38    5.63
 -74747.292   117.522    -2.90    5.57
 -74461.239   116.330    -4.17    5.46
 -74175.191   115.423    -3.17    5.25
 -73889.149   114.301    -3.92    5.11
 -73603.112   113.270    -3.60    4.89
 -73317.081   112.578    -2.42    4.70
 -73031.054   111.161    -4.95    4.66
 -72745.034   109.218    -6.79    5.78
 -72459.018   106.640    -9.01    6.44
 -72173.008   105.489    -4.02    6.75
 -71887.004   105.704     0.75    8.14
 -71601.005   106.696     3.47    9.35
 -71315.011   108.434     6.08   10.19
 -71029.023   110.186     6.13   10.56
 -70743.040   111.487     4.55    9.75
 -70457.062   112.085     2.09    8.89
 -70171.090   110.200    -6.59    8.56
 -69885.123   108.648    -5.43    7.87
 -69599.162   107.201    -5.06    7.00
 -69313.206   105.190    -7.03    8.27
 -69027.255   102.436    -9.63   10.07
 -68741.310   100.020    -8.45   11.41
 -68455.370    99.134    -3.10   11.87
 -68169.435    98.835    -1.05   11.62
 -67883.506    97.971    -3.02   11.18
 -67597.582    97.318    -2.29   10.83
 -67311.664    97.625     1.07    9.78
 -67025.751    98.016     1.37    7.66
 -66739.844    98.366     1.22    5.50
 -66453.941    98.025    -1.19    4.94
 -66168.045    97.356    -2.34    4.65
 -65882.153    97.281    -0.26    4.70
 -65596.267    97.144    -0.48    4.90
 -65310.386    96.536    -2.13    4.84
 -65024.511    95.332    -4.21    4.69
 -64738.641    94.732    -2.10    5.25
 -64452.777    94.295    -1.53    5.39
 -64166.918    93.622    -2.35    5.16
 -63880.826    93.267    -1.24    5.08
 -63593.727    93.439     0.60    5.06
 -63306.635    93.309    -0.45    4.66
 -63019.549    92.779    -1.85    4.19
 -62732.468    92.081    -2.43    4.21
 -62445.395    90.961    -3.90    4.35
 -62158.327    89.257    -5.94    4.46
 -61871.265    87.436    -6.34    4.43
 -61584.210    86.331    -3.85    4.52
 -61297.161    85.617    -2.49    4.54
 -61010.118    84.718    -3.13    4.57
 -60723.081    84.441    -0.96    4.38
 -60436.051    84.144    -1.03    4.67
 -60149.026    83.682    -1.61    5.05
 -59862.008    83.531    -0.53    5.36
 -59574.996    83.433    -0.34    5.42
 -59287.990    82.697    -2.56    6.05
 -59000.990    81.394    -4.54    7.10
 -58713.997    80.863    -1.85    7.33
 -58427.010    79.635    -4.28    7.73
 -58140.029    79.248    -1.35    6.59
 -57853.054    79.178    -0.24    5.15
 -57566.085    78.754    -1.48    4.08
 -57279.122    77.878    -3.05    4.39
 -56992.166    77.123    -2.63    4.91
 -56705.216    77.150     0.09    5.15
 -56418.272    77.366     0.75    5.32
 -56131.334    77.768     1.40    5.37
 -55844.402    78.683     3.19    5.63
 -55557.477    79.945     4.40    5.54
 -55270.557    80.832     3.09    5.16
 -54983.644    80.690    -0.50    5.25
 -54696.737    80.001    -2.40    5.63
 -54409.836    79.014    -3.44    6.76
 -54122.942    77.508    -5.25    7.61
 -53836.053    74.605   -10.12    8.16
 -53549.171    71.888    -9.47    8.23
 -53262.295    70.162    -6.02    7.33
 -52975.425    69.037    -3.92    6.37
 -52688.561    68.912    -0.43    5.72
 -52401.704    68.394    -1.81    5.30
 -52114.852    67.898    -1.73    5.07
 -51828.007    67.548    -1.22    5.50
 -51541.168    66.330    -4.25    6.22
 -51254.335    64.505    -6.36    6.28
 -50967.509    62.619    -6.58    5.81
 -50680.688    61.229    -4.85    4.88
 -50393.874    59.768    -5.09    4.47
 -50107.065    58.200    -5.47    4.39
 -49820.263    56.452    -6.10    5.02
 -49533.467    54.869    -5.52    6.35
 -49246.678    52.898    -6.87    7.82
 -48959.894    50.795    -7.33    8.12
 -48673.117    49.105    -5.89    7.55
 -48386.346    48.218    -3.09    6.88
 -48099.581    47.204    -3.54    6.19
 -47812.822    47.072    -0.46    5.69
 -47526.069    47.753     2.37    5.29
 -47239.322    48.668     3.19    5.48
 -46952.582    50.397     6.03    6.39
 -46665.848    53.091     9.40    7.23
 -46379.120    56.200    10.84    7.37
 -46092.398    58.831     9.17    6.96
 -45805.682    61.291     8.58    5.94
 -45518.972    63.418     7.42    4.59
 -45232.269    65.070     5.76    3.83
 -44945.572    66.151     3.77    3.40
 -44658.881    67.011     3.00    3.35
 -44372.196    68.308     4.52    3.69
 -44085.517    69.275     3.37    3.50
 -43798.844    69.814     1.88    3.22
 -43512.178    69.682    -0.46    3.03
 -43225.517    69.704     0.08    2.91
 -42938.863    69.322    -1.33    2.97
 -42652.215    68.822    -1.74    3.30
 -42365.573    68.617    -0.71    3.39
 -42078.938    68.197    -1.47    3.40
 -41792.308    67.766    -1.50    3.91
 -41505.685    67.632    -0.47    3.97
 -41219.067    67.855     0.78    4.07
 -40932.456    67.624    -0.81    4.22
 -40645.851    65.886    -6.06    5.96
 -40359.252    62.935   -10.30    8.97
 -40072.660    58.193   -16.55   13.14
 -39786.073    53.020   -18.05   15.17
 -39499.493    46.599   -22.41   15.43
 -39212.919    41.594   -17.46   13.35
 -38926.351    37.091   -15.71    9.74
 -38639.789    34.095   -10.46    6.80
 -38353.233    33.035    -3.70    5.56
 -38066.683    33.014    -0.07    6.08
 -37780.140    33.028     0.05    6.82
 -37493.603    32.582    -1.55    6.89
 -37207.071    32.746     0.57    6.89
 -36920.546    32.901     0.54    6.99
 -36634.027    31.860    -3.63    6.61
 -36347.515    30.776    -3.78    5.81
 -36061.008    31.291     1.80    5.59
 -35774.508    31.864     2.00    5.59
 -35488.013    32.333     1.64    5.81
 -35201.525    32.934     2.10    6.14
 -34915.043    34.595     5.80    6.58
 -34628.567    36.263     5.82    6.75
 -34342.097    37.259     3.48    6.20
 -34055.634    38.157     3.14    5.80
 -33769.176    39.653     5.22    5.71
 -33482.725    40.873     4.26    5.72
 -33196.280    42.839     6.86    4.76
 -32909.841    44.375     5.36    3.94
 -32623.408    45.849     5.14    3.18
 -32336.981    47.314     5.12    3.79
 -32050.560    49.331     7.04    5.47
 -31764.146    52.061     9.53    6.77
 -31477.737    54.632     8.98    6.84
 -31191.335    57.249     9.14    6.08
 -30904.939    59.464     7.73    4.92
 -30618.549    61.073     5.62    3.90
 -30332.165    61.325     0.88    3.52
 -30045.787    61.345     0.07    3.76
 -29759.416    61.074    -0.95    3.92
 -29473.050    60.697    -1.32    4.19
 -29186.691    60.337    -1.26    4.84
 -28900.338    60.160    -0.62    5.36
 -28613.991    59.556    -2.11    5.82
 -28327.650    58.007    -5.41    6.39
 -28041.315    56.124    -6.58    6.90
 -27754.986    54.501    -5.67    6.70
 -27468.664    51.739    -9.65    6.90
 -27182.347    48.207   -12.33    8.51
 -26896.037    44.078   -14.42   10.99
 -26609.733    39.876   -14.67   11.66
 -26323.435    34.942   -17.24   10.95
 -26037.143    30.963   -13.90    9.05
 -25750.857    27.320   -12.73    5.31
 -25464.577    26.066    -4.38    4.08
 -25178.304    26.516     1.57    5.72
 -24892.036    28.361     6.44    8.44
 -24605.775    30.164     6.30    9.63
 -24319.520    32.066     6.64   10.34
 -24033.271    33.427     4.76   12.85
 -23747.028    33.051    -1.31   15.65
 -23460.791    31.839    -4.24   17.25
 -23174.560    30.889    -3.32   17.29
 -22888.335    30.281    -2.12   17.08
 -22602.117    29.530    -2.62   16.86
 -22315.905    29.158    -1.30   15.94
 -22029.698    31.080     6.72   14.38
 -21743.498    32.610     5.34   13.13
 -21457.304    35.684    10.74   11.53
 -21171.116    37.858     7.60   10.40
 -20884.935    38.004     0.51   10.24
 -20598.759    36.001    -7.00   12.93
 -20312.589    34.541    -5.10   15.10
 -20026.426    33.352    -4.15   16.27
 -19740.269    32.464    -3.10   16.17
 -19454.117    28.826   -12.72   17.22
 -19167.972    26.263    -8.96   16.79
 -18881.833    23.662    -9.09   15.37
 -18595.700    21.538    -7.42   12.48
 -18309.574    18.646   -10.11    9.43
 -18023.453    17.480    -4.07    6.47
 -17737.338    16.881    -2.09    3.74
 -17451.230    15.768    -3.89    2.65
 -17165.128    14.912    -2.99    2.57
 -16879.032    14.774    -0.48    2.61
 -16592.941    15.147     1.31    3.29
 -16306.857    15.911     2.67    3.60
 -16020.780    16.798     3.10    3.83
 -15734.708    17.725     3.24    3.47
 -15448.642    18.648     3.23    2.99
 -15162.582    19.063     1.45    2.76
 -14876.529    18.833    -0.80    2.91
 -14590.482    18.368    -1.63    3.03
 -14304.440    18.493     0.44    3.10
 -14018.405    18.436    -0.20    3.13
 -13732.376    18.537     0.35    3.25
 -13446.353    19.056     1.82    3.47
 -13160.336    19.780     2.53    3.41
 -12874.326    20.361     2.03    3.12
 -12588.321    21.089     2.55    2.62
 -12302.322    21.531     1.54    2.32
 -12016.330    21.436    -0.33    2.52
 -11730.344    20.746    -2.41    2.69
 -11444.363    19.414    -4.66    4.12
 -11158.389    17.047    -8.28    7.48
 -10872.421    14.298    -9.61    9.59
 -10586.459    11.759    -8.88   10.15
 -10300.503     9.927    -6.41   10.94
 -10014.554    10.095     0.59   12.28
  -9728.610    11.884     6.26   13.85
  -9442.672    15.007    10.92   14.58
  -9156.741    18.500    12.21   14.11
  -8870.816    23.054    15.93   11.84
  -8584.896    26.746    12.91    7.99
  -8298.983    28.768     7.07    3.48
  -8013.076    28.378    -1.36    3.47
  -7727.175    27.515    -3.02    3.75
  -7441.280    27.025    -1.71    4.26
  -7155.391    26.333    -2.42    4.72
  -6869.509    25.921    -1.44    4.93
  -6583.632    26.312     1.37    5.15
  -6297.761    27.363     3.68    6.08
  -6011.897    28.772     4.93    6.38
  -5726.038    30.105     4.66    5.84
  -5440.186    31.581     5.16    4.99
  -5154.340    32.276     2.43    4.57
  -4868.500    31.914    -1.27    4.94
  -4582.666    30.125    -6.26    6.79
  -4296.838    26.610   -12.30    8.76
  -4011.016    22.820   -13.26    8.81
  -3725.200    19.872   -10.31    7.74
  -3439.391    17.473    -8.39    6.79
  -3153.587    15.080    -8.37    6.35
  -2867.789    11.479   -12.60    8.74
  -2581.998     8.075   -11.91   10.43
  -2296.213     6.423    -5.78   10.60
  -2010.072     6.993     1.99   11.36
  -1722.892     8.848     6.46   12.59
  -1435.719     7.648    -4.18   12.46
  -1148.553     6.952    -2.42   12.74
   -861.393     6.114    -2.92   13.08
   -574.241     4.820    -4.51   13.41
   -287.096     1.626   -11.12   12.60
      0.043    -2.373   -13.93    9.21
    287.174    -5.018    -9.21    2.07
    574.299    -5.289    -0.95    0.00
    861.417    -5.289     0.00    0.00
   1148.527    -5.289     0.00    0.00
   1435.631    -5.289     0.00    0.00
   1722.728    -5.289     0.00    0.00
   2009.818    -5.289     0.00    0.00
   2296.901    -5.289     0.00    0.00
   2583.978    -5.289     0.00    0.00
   2871.047    -5.289     0.00    0.00
   3158.109    -5.183     0.37    0.64
   3445.165    -4.949     0.82    1.29
   3732.214    -4.934     0.05    1.30
   4019.255    -4.841     0.32    1.43
   4306.290    -4.916    -0.26    1.31
   4593.318    -5.072    -0.54    0.95
   4880.339    -5.247    -0.61    0.37
   5167.353    -4.497     2.61    3.26
   5454.360    -2.324     7.57    6.85
   5741.361    -1.039     4.48    7.83
   6028.354    -1.127    -0.31    7.96
   6315.341    -1.139    -0.04    8.05
   6602.320    -1.347    -0.72    8.15
   6889.293    -1.918    -1.99    8.03
   7176.259    -4.345    -8.46    5.90
   7463.218    -6.310    -6.85    3.04
   7750.170    -6.731    -1.47    4.04
   8037.115    -6.601     0.45    4.83
   8324.053    -7.269    -2.33    6.40
   8610.984    -8.611    -4.68    7.63
   8897.909   -10.572    -6.83    8.67
   9184.826   -12.310    -6.06    9.59
   9471.737   -13.345    -3.61   10.92
   9758.641   -12.803     1.89   12.06
  10045.538   -10.608     7.65   12.92
  10332.428    -6.247    15.20   15.13
  10619.311    -2.937    11.54   15.62
  10906.187     0.797    13.02   16.25
  11193.056     5.878    17.71   16.97
  11479.919    10.956    17.70   16.37
  11766.774    14.647    12.87   14.77
  12053.623    18.182    12.32   12.65
  12340.465    20.439     7.87   10.88
  12627.300    21.880     5.02    9.75
  12914.128    22.401     1.82    8.20
  13200.949    22.134    -0.93    6.54
  13487.763    21.633    -1.75    5.43
  13774.570    21.839     0.72    5.64
  14061.371    23.214     4.80    7.10
  14348.164    25.488     7.93    8.85
  14634.951    28.179     9.39   10.40
  14921.731    31.005     9.85   11.57
  15208.504    34.537    12.31   12.35
  15495.270    38.977    15.48   12.24
  15782.029    42.489    12.25   10.99
  16068.781    44.626     7.45    9.29
  16355.527    44.353    -0.95   10.67
  16642.265    41.154   -11.16   16.00
  16928.997    37.214   -13.74   19.64
  17215.722    31.867   -18.65   21.30
  17502.440    29.056    -9.80   19.84
  17789.151    27.343    -5.98   18.08
  18075.855    26.160    -4.13   16.61
  18362.552    27.102     3.29   14.81
  18649.243    29.878     9.68   12.38
  18935.926    32.225     8.19    9.59
  19222.603    34.081     6.48    7.33
  19509.273    35.404     4.61    4.66
  19795.936    35.617     0.74    4.58
  20082.592    36.044     1.49    4.49
  20369.241    35.316    -2.54    4.08
  20655.883    34.075    -4.33    4.43
  20942.519    32.542    -5.35    5.58
  21229.147    30.670    -6.53    6.40
  21515.769    28.358    -8.06    6.55
  21802.384    26.341    -7.04    6.06
  22088.992    25.242    -3.83    5.44
  22375.593    25.570     1.14    6.22
  22662.187    26.957     4.84    7.38
  22948.775    28.495     5.37    7.42
  23235.355    29.754     4.39    7.17
  23521.929    31.942     7.63    7.02
  23808.496    34.531     9.04    6.33
  24095.056    36.732     7.68    5.25
  24381.609    37.994     4.40    4.73
  24668.155    38.970     3.41    4.45
  24954.695    39.885     3.19    3.99
  25241.227    40.452     1.98    3.87
  25527.753    40.725     0.95    4.02
  25814.272    41.003     0.97    4.11
  26100.784    40.943    -0.21    4.27
  26387.289    40.563    -1.33    4.16
  26673.787    40.000    -1.97    4.13
  26960.279    40.105     0.37    4.10
  27246.763    40.153     0.17    4.41
  27533.241    40.807     2.28    4.99
  27819.712    40.860     0.18    4.95
  28106.176    40.740    -0.42    4.70
  28392.633    40.775     0.12    4.28
  28679.083    41.486     2.48    3.74
  28965.527    42.278     2.77    3.65
  29251.963    42.594     1.10    4.67
  29538.393    42.682     0.31    5.42
  29824.816    43.250     1.98    6.22
  30111.232    45.051     6.29    7.24
  30397.641    47.222     7.58    7.46
  30684.044    49.005     6.23    6.87
  30970.439    49.794     2.76    6.61
  31256.828    49.856     0.22    6.43
  31543.210    50.240     1.34    6.31
  31829.585    49.592    -2.26    6.56
  32115.953    49.302    -1.01    6.17
  32402.314    49.017    -1.00    5.31
  32688.669    49.250     0.81    5.11
  32975.016    49.354     0.36    4.77
  33261.357    50.009     2.29    4.34
  33547.691    50.754     2.60    4.32
  33834.018    51.690     3.27    4.93
  34120.339    52.486     2.78    5.35
  34406.652    53.646     4.05    5.39
  34692.959    54.538     3.12    5.24
  34979.258    55.389     2.97    5.18
  35265.551    56.073     2.39    5.27
  35551.837    56.153     0.28    5.44
  35838.117    56.236     0.29    5.59
  36124.389    56.133    -0.36    5.59
  36410.655    55.998    -0.47    6.01
  36696.914    57.373     4.80    7.18
  36983.165    60.025     9.27    8.11
  37269.411    61.966     6.78    7.79
  37555.649    62.168     0.71    8.93
  37841.880    59.790    -8.31   12.13
  38128.105    57.655    -7.46   13.59
  38414.323    55.747    -6.67   13.86
  38700.534    55.464    -0.99   13.93
  38986.738    56.083     2.16   14.50
  39272.935    56.478     1.38   15.46
  39559.126    58.260     6.23   15.47
  39845.309    58.146    -0.40   15.57
  40131.486    57.262    -3.09   16.36
  40417.656    53.051   -14.71   17.66
  40703.819    49.866   -11.13   17.06
  40989.976    48.436    -5.00   15.27
  41276.125    49.179     2.60   13.69
  41562.268    51.193     7.04   13.14
  41848.404    54.610    11.94   13.73
  42134.533    57.977    11.77   13.43
  42420.655    62.830    16.96   12.79
  42706.771    67.690    16.99   12.60
  42992.879    73.211    19.30   12.55
  43278.981    78.269    17.68   11.92
  43565.076    82.464    14.66   10.92
  43851.164    86.500    14.10    9.67
  44137.246    89.455    10.33    7.69
  44423.320    90.515     3.70    7.14
  44709.388    90.711     0.68    7.61
  44995.449    88.873    -6.43    8.61
  45281.503    86.349    -8.82    8.58
  45567.550    84.461    -6.60    8.19
  45853.591    82.897    -5.47    7.98
  46139.625    81.121    -6.21    8.20
  46425.651    79.481    -5.73    8.49
  46711.672    77.963    -5.31    8.89
  46997.685    76.911    -3.68    8.10
  47283.691    76.885    -0.09    6.74
  47569.691    76.964     0.28    6.29
  47855.684    77.119     0.54    6.65
  48141.670    77.314     0.68    6.54
  48427.649    76.624    -2.41    6.76
  48713.621    75.914    -2.48    8.39
  48999.587    74.180    -6.06    8.86
  49285.546    71.473    -9.47    8.87
  49571.498    69.472    -7.00    8.16
  49857.443    68.775    -2.44    7.64
  50143.381    69.434     2.31    7.72
  50429.313    71.501     7.23    8.40
  50715.238    73.991     8.71    9.26
  51001.156    77.788    13.28   10.87
  51287.067    82.201    15.43   11.58
  51572.971    85.675    12.15   10.96
  51858.869    88.776    10.85   10.16
  52144.760    91.345     8.98    8.97
  52430.644    93.788     8.55    8.37
  52716.521    96.501     9.49    7.26
  53002.391    98.704     7.71    6.19
  53288.255   100.105     4.90    5.55
  53574.112   101.387     4.48    6.59
  53859.962   101.834     1.56    7.57
  54145.805   101.450    -1.34    9.33
  54431.641    99.786    -5.82   10.93
  54717.471    96.596   -11.16   10.61
  55003.294    94.322    -7.95    9.96
  55289.110    91.753    -8.99    9.87
  55574.919    90.554    -4.20    9.93
  55860.722    92.131     5.52   10.72
  56146.517    93.368     4.33   11.86
  56432.306    92.887    -1.68   14.32
  56718.088    92.838    -0.17   14.97
  57003.864    91.856    -3.44   15.69
  57289.632    92.240     1.34   15.67
  57575.394    93.886     5.76   15.72
  57861.149    95.126     4.34   15.79
  58146.897    96.812     5.90   15.92
  58432.638    99.775    10.37   16.38
  58718.373   104.647    17.05   17.78
  59004.101   114.653    35.02   14.82
  59289.822   121.341    23.41   17.43
  59575.536   131.056    34.00   19.91
  59861.756   139.834    30.67   20.85
  60149.013   151.124    39.30   19.97
  60436.262   160.006    30.92   17.95
  60723.503   168.179    28.46   13.60
  61010.737   173.445    18.33    9.69
  61297.964   176.530    10.74    7.48
  61585.182   178.942     8.40    6.25
  61872.393   181.514     8.96    5.92
  62159.597   183.553     7.10    5.56
  62446.793   185.262     5.95    5.34
  62733.981   186.552     4.49    4.89
  63021.161   187.972     4.94    4.65
  63308.334   189.762     6.23    5.09
  63595.499   191.739     6.89    5.64
  63882.657   193.484     6.07    6.16
  64169.807   195.117     5.69    6.60
  64456.950   196.260     3.98    7.14
  64744.084   196.529     0.94    7.25
  65031.211   197.204     2.35    7.18
  65318.331   195.997    -4.20    8.84
  65605.443   194.438    -5.43   10.16
  65892.547   193.131    -4.55   10.46
  66179.644   191.812    -4.59   10.41
  66466.733   192.211     1.39   10.99
  66753.814   193.824     5.62   12.23
  67040.888   195.247     4.96   12.87
  67327.954   196.440     4.16   12.47
  67615.013   197.197     2.64   11.95
  67902.064   198.464     4.41   11.03
  68189.107   200.667     7.67    8.89
  68476.143   201.478     2.83    8.73
  68763.171   200.675    -2.80   10.67
  69050.191   200.508    -0.58   10.88
  69337.204   201.541     3.60   10.77
  69624.209   203.619     7.24    9.49
  69911.207   206.416     9.74    9.26
  70198.197   210.054    12.68    9.69
  70485.179   213.862    13.27   11.10
  70772.154   218.341    15.61   12.37
  71059.121   224.820    22.58   13.47
  71346.081   232.193    25.69   12.85
  71633.033   239.804    26.52   12.31
  71919.977   245.791    20.86   12.21
  72206.914   249.970    14.56   11.62
  72493.843   252.123     7.51   11.36
  72780.765   254.385     7.88   11.41
  73067.679   256.171     6.23   11.69
  73354.585   259.242    10.70   12.40
  73641.484   261.963     9.48   12.99
  73928.375   264.893    10.22   13.54
  74215.258   269.482    16.00   14.02
  74502.134   274.711    18.23   13.38
  74789.003   279.443    16.49   12.60
  75075.864   284.697    18.31   10.53
  75362.717   288.561    13.47    8.55
  75649.562   291.262     9.41    8.18
  75936.400   292.051     2.75    9.14
  76223.231   293.278     4.28   10.07
  76510.053   293.966     2.40   10.52
  76796.869   295.039     3.74    9.92
  77083.676   295.998     3.34   10.15
  77370.476   298.577     8.99   10.31
  77657.269   302.472    13.58   10.63
  77944.053   307.006    15.81   10.57
  78230.831   312.200    18.11   10.42
  78517.600   317.273    17.69    9.88
  78804.362   322.295    17.51   10.92
  79091.117   327.332    17.57   10.87
  79377.864   332.104    16.64   11.06
  79664.603   336.088    13.89   10.53
  79951.335   339.049    10.33    8.89
  80238.059   340.256     4.21    7.84
  80524.775   339.899    -1.24    7.53
  80811.484   338.003    -6.61    7.53
  81098.186   336.852    -4.02    6.99
  81384.880   336.275    -2.01    6.44
  81671.566   335.754    -1.82    6.66
  81958.244   335.408    -1.21    9.17
  82244.915   332.887    -8.79   10.84
  82531.579   329.754   -10.93   11.55
  82818.235   325.575   -14.58   11.81
  83104.883   322.128   -12.03   11.44
  83391.524   319.001   -10.91    9.70
  83678.157   317.279    -6.01    8.82
  83964.783   316.871    -1.43    9.29
  84251.401   316.628    -0.85   10.20
