-101416.797   131.763     0.00    5.29
-101130.406   130.207    -5.43    7.37
-100844.008   128.482    -6.02    9.99
-100557.604   127.134    -4.71   11.70
-100271.193   126.245    -3.10   12.84
 -99984.775   126.833     2.06   13.24
 -99698.350   128.447     5.63   13.20
 -99411.919   131.320    10.03   12.91
 -99125.481   133.273     6.82   11.08
 -98839.036   133.576     1.05    7.93
 -98552.585   135.084     5.27    5.87
 -98266.127   136.298     4.24    6.95
 -97979.662   136.609     1.09    7.73
 -97693.191   135.507    -3.84    8.28
 -97406.712   135.129    -1.32    8.97
 -97120.227   135.748     2.16    9.20
 -96833.736   137.230     5.17   10.03
 -96547.237   139.302     7.23   11.15
 -96260.732   141.438     7.46   10.76
 -95974.220   143.688     7.85   10.20
 -95687.702   146.377     9.38    9.54
 -95401.176   149.824    12.03    7.67
 -95114.644   152.993    11.06    5.24
 -94828.106   154.353     4.74    5.37
 -94541.560   155.464     3.88    5.17
 -94255.008   156.366     3.15    5.82
 -93968.449   155.915    -1.57    7.61
 -93681.883   154.601    -4.59    9.04
 -93395.311   153.928    -2.35   10.26
 -93108.732   155.839     6.67   11.76
 -92822.146   159.130    11.48   12.63
 -92535.554   161.971     9.91   12.88
 -92248.954   164.014     7.13   12.61
 -91962.348   165.085     3.73   12.32
 -91675.736   165.119     0.12   13.05
 -91389.116   163.899    -4.26   14.49
 -91102.490   160.804   -10.80   15.70
 -90815.857   156.204   -16.05   16.00
 -90529.217   151.183   -17.52   14.97
 -90242.571   148.464    -9.49   13.72
 -89955.918   145.950    -8.77   12.40
 -89669.258   144.538    -4.93   10.77
 -89382.592   143.099    -5.02    8.95
 -89095.918   143.122     0.08    9.12
 -88809.238   144.500     4.81   10.27
 -88522.551   146.266     6.16   10.73
 -88235.858   147.725     5.09   11.19
 -87949.158   149.138     4.93   11.69
 -87662.451   151.732     9.05   12.43
 -87375.737   154.028     8.01   12.68
 -87089.016   156.464     8.49   12.61
 -86802.289   159.029     8.95   12.10
 -86515.555   161.828     9.76   11.28
 -86228.814   164.514     9.37    9.51
 -85942.067   166.362     6.45    8.23
 -85655.313   167.864     5.24    6.14
 -85368.552   168.153     1.01    5.83
 -85081.784   168.148    -0.02    5.58
 -84795.010   168.093    -0.19    4.88
 -84508.229   167.043    -3.66    4.90
 -84221.441   164.641    -8.37    6.23
 -83934.646   160.647   -13.92    9.36
 -83647.845   156.475   -14.55   11.36
 -83361.037   153.014   -12.07   13.05
 -83074.222   149.639   -11.77   13.51
 -82787.400   146.094   -12.36   12.65
 -82500.572   144.254    -6.41   11.72
 -82213.737   144.406     0.53   11.05
 -81926.895   147.771    11.73   10.97
 -81640.046   150.460     9.38    9.90
 -81353.191   151.453     3.46    7.98
 -81066.329   152.837     4.82    6.41
 -80779.460   153.901     3.71    5.16
 -80492.584   154.435     1.86    5.18
 -80205.702   154.748     1.09    4.92
 -79918.812   155.387     2.23    4.92
 -79631.917   156.238     2.96    5.03
 -79345.014   157.029     2.76    4.61
 -79058.104   157.560     1.85    4.09
 -78771.188   157.469    -0.32    3.73
 -78484.265   157.979     1.78    3.35
 -78197.336   158.446     1.63    3.39
 -77910.399   158.451     0.02    3.21
 -77623.456   159.155     2.45    3.85
 -77336.506   160.312     4.03    4.62
 -77049.549   161.116     2.80    4.44
 -76762.586   162.176     3.69    3.67
 -76475.616   162.916     2.58    3.58
 -76188.639   162.978     0.22    3.99
 -75901.655   162.696    -0.98    4.63
 -75614.664   162.090    -2.11    5.01
 -75327.667   161.007    -3.77    5.35
 -75040.663   160.601    -1.41    5.31
 -74753.652   160.457    -0.50    5.09
 -74466.634   160.579     0.43    4.87
 -74179.610   161.503     3.22    4.35
 -73892.579   162.886     4.82    4.15
 -73605.541   164.493     5.60    3.81
 -73318.496   166.291     6.26    3.27
 -73031.445   167.364     3.74    3.35
 -72744.387   168.248     3.08    2.99
 -72457.322   169.007     2.64    2.56
 -72170.250   169.118     0.39    2.41
 -71883.171   168.403    -2.49    3.88
 -71596.086   166.478    -6.70    6.08
 -71308.994   163.331   -10.96    8.46
 -71021.895   159.821   -12.23    9.91
 -70734.790   156.058   -13.11    9.64
 -70447.677   154.377    -5.86    8.50
 -70160.558   154.259    -0.41    9.68
 -69873.432   156.273     7.01   10.81
 -69586.299   158.409     7.44   10.87
 -69299.397   160.293     6.57    9.65
 -69013.624   161.957     5.82    7.62
 -68727.845   161.007    -3.33    7.85
 -68442.060   158.271    -9.57    8.76
 -68156.269   154.000   -14.95    7.98
 -67870.472   150.576   -11.98    7.07
 -67584.669   147.829    -9.61    6.42
 -67298.860   144.652   -11.11    5.57
 -67013.045   142.507    -7.50    5.25
 -66727.224   140.615    -6.62    5.01
 -66441.398   138.944    -5.85    4.49
 -66155.565   137.743    -4.20    4.66
 -65869.726   136.986    -2.65    4.42
 -65583.882   135.993    -3.47    4.18
 -65298.031   135.364    -2.20    4.20
 -65012.174   134.206    -4.05    4.34
 -64726.312   132.700    -5.27    5.14
 -64440.443   131.129    -5.50    5.62
 -64154.569   128.622    -8.77    5.73
 -63868.689   125.804    -9.86    6.06
 -63582.802   122.884   -10.21    6.62
 -63296.910   119.529   -11.74    7.01
 -63011.012   115.979   -12.42    7.14
 -62725.108   113.174    -9.81    6.78
 -62439.197   110.993    -7.63    5.46
 -62153.281   109.564    -5.00    4.85
 -61867.359   108.930    -2.22    5.23
 -61581.431   109.007     0.27    5.61
 -61295.497   109.314     1.07    5.13
 -61009.557   109.152    -0.57    4.54
 -60723.611   108.458    -2.43    3.87
 -60437.659   107.343    -3.90    4.30
 -60151.701   105.476    -6.53    5.42
 -59865.738   103.101    -8.30    5.83
 -59579.768   100.252    -9.96    6.14
 -59293.792    97.150   -10.85    6.28
 -59007.810    94.622    -8.84    6.39
 -58721.823    91.616   -10.51    6.38
 -58435.829    89.525    -7.31    5.71
 -58149.829    87.888    -5.72    4.45
 -57863.824    86.238    -5.77    3.53
 -57577.812    85.014    -4.28    3.04
 -57291.795    84.174    -2.94    3.60
 -57005.771    82.809    -4.77    4.69
 -56719.742    81.014    -6.27    5.18
 -56433.706    79.600    -4.94    5.21
 -56147.665    78.421    -4.12    4.87
 -55861.617    77.662    -2.65    4.89
 -55575.564    77.486    -0.61    5.11
 -55289.505    77.291    -0.68    5.09
 -55003.439    77.594     1.06    5.22
 -54717.368    78.482     3.10    5.70
 -54431.291    79.703     4.27    6.85
 -54145.208    81.706     7.00    8.06
 -53859.119    84.432     9.53    9.50
 -53573.023    86.719     8.00   10.17
 -53286.922    88.510     6.26   11.02
 -53000.815    90.329     6.35   10.66
 -52714.702    91.640     4.58    9.40
 -52428.583    92.833     4.17    8.07
 -52142.458    92.839     0.02    6.86
 -51856.327    92.322    -1.81    5.90
 -51570.190    91.184    -3.97    4.99
 -51284.047    89.518    -5.82    4.88
 -50997.898    86.645   -10.04    5.98
 -50711.743    82.903   -13.08    7.87
 -50425.582    79.378   -12.32    8.88
 -50139.415    75.187   -14.64    8.77
 -49853.242    71.619   -12.47    7.75
 -49567.063    67.958   -12.79    5.86
 -49280.878    65.319    -9.22    4.90
 -48994.688    63.640    -5.87    4.34
 -48708.491    62.784    -2.99    4.10
 -48422.288    61.894    -3.11    4.05
 -48136.079    60.655    -4.33    4.18
 -47849.864    59.507    -4.01    3.96
 -47563.644    58.686    -2.87    4.18
 -47277.417    57.868    -2.86    4.60
 -46991.184    57.103    -2.67    5.90
 -46704.945    55.937    -4.07    7.20
 -46418.701    55.043    -3.12    7.79
 -46132.450    53.511    -5.35    7.87
 -45846.193    51.103    -8.41    7.73
 -45559.931    49.007    -7.32    6.24
 -45273.662    48.514    -1.72    5.51
 -44987.387    50.754     7.82    8.13
 -44701.107    54.865    14.36   10.90
 -44414.820    59.599    16.53   11.95
 -44128.528    64.290    16.39   11.33
 -43842.229    68.309    14.04    8.71
 -43555.924    70.776     8.62    6.04
 -43269.614    72.091     4.59    4.54
 -42983.297    72.403     1.09    3.79
 -42696.975    72.396    -0.03    3.49
 -42410.646    72.308    -0.31    3.33
 -42124.311    72.748     1.54    3.47
 -41837.971    73.482     2.56    3.47
 -41551.624    73.806     1.13    2.89
 -41265.272    74.121     1.10    2.84
 -40978.913    74.479     1.25    2.81
 -40692.549    74.378    -0.35    2.93
 -40406.178    73.971    -1.42    3.26
 -40119.801    73.978     0.02    3.47
 -39833.419    73.993     0.05    3.31
 -39547.030    74.021     0.10    3.43
 -39260.636    74.377     1.24    3.41
 -38974.235    74.410     0.12    3.42
 -38687.829    74.175    -0.82    3.62
 -38401.416    74.268     0.32    2.99
 -38114.998    73.568    -2.44    3.25
 -37828.573    71.935    -5.70    4.63
 -37542.143    69.718    -7.74    5.99
 -37255.706    66.735   -10.42    7.88
 -36969.263    63.936    -9.77    9.11
 -36682.815    61.374    -8.94   10.35
 -36396.360    59.746    -5.68   10.84
 -36109.900    58.669    -3.76   11.13
 -35823.433    58.570    -0.34   10.39
 -35536.961    57.693    -3.06    9.47
 -35250.482    56.252    -5.03    9.31
 -34963.997    55.429    -2.87    8.70
 -34677.507    55.895     1.63    8.47
 -34391.010    56.899     3.50    7.98
 -34104.507    57.496     2.08    7.99
 -33817.999    59.196     5.93    8.01
 -33531.484    61.755     8.93    6.48
 -33244.964    64.101     8.19    4.28
 -32958.437    65.326     4.28    2.75
 -32671.904    65.846     1.82    2.39
 -32385.366    66.048     0.70    2.84
 -32098.821    65.993    -0.19    3.13
 -31812.270    66.209     0.75    3.34
 -31525.713    65.915    -1.02    3.42
 -31239.151    65.055    -3.00    3.46
 -30952.582    64.352    -2.45    3.58
 -30666.007    63.471    -3.07    3.43
 -30379.426    63.043    -1.50    3.12
 -30092.840    62.950    -0.32    3.36
 -29806.247    63.289     1.18    3.60
 -29519.648    64.374     3.79    4.21
 -29233.043    64.942     1.98    4.31
 -28946.432    65.112     0.59    4.20
 -28659.815    64.771    -1.19    4.35
 -28373.193    64.496    -0.96    4.53
 -28086.564    64.964     1.63    5.85
 -27799.929    66.014     3.66    7.20
 -27513.288    66.095     0.28    7.22
 -27226.641    66.771     2.36    7.48
 -26939.988    67.647     3.06    7.43
 -26653.329    68.986     4.67    7.12
 -26366.664    70.393     4.91    7.44
 -26079.993    71.063     2.34    7.41
 -25793.316    70.250    -2.84    8.32
 -25506.632    68.457    -6.25    9.85
 -25219.943    65.599    -9.97   10.87
 -24933.248    62.364   -11.28   10.88
 -24646.547    59.181   -11.10   10.05
 -24359.840    55.676   -12.22    8.72
 -24073.127    51.755   -13.68    7.07
 -23786.407    49.168    -9.02    6.49
 -23499.682    47.619    -5.40    5.45
 -23212.951    46.698    -3.21    5.04
 -22926.213    45.972    -2.53    4.85
 -22639.470    46.633     2.30    4.99
 -22352.721    48.377     6.08    4.73
 -22065.965    49.696     4.60    3.96
 -21779.204    50.126     1.50    3.63
 -21492.436    50.342     0.76    3.35
 -21205.663    51.028     2.39    3.63
 -20918.883    51.336     1.07    4.12
 -20632.098    51.271    -0.22    4.70
 -20345.306    51.517     0.86    4.97
 -20058.509    51.120    -1.39    4.75
 -19771.705    50.283    -2.92    4.52
 -19484.895    48.739    -5.38    4.00
 -19198.079    46.709    -7.08    3.96
 -18911.258    44.993    -5.98    4.06
 -18624.430    43.525    -5.12    4.05
 -18337.596    41.561    -6.85    4.86
 -18050.756    38.368   -11.13    5.92
 -17763.910    35.726    -9.21    6.03
 -17477.058    32.410   -11.56    7.31
 -17190.200    28.580   -13.35   10.05
 -16903.336    24.643   -13.72   10.34
 -16616.466    23.442    -4.19    9.29
 -16329.590    22.986    -1.59    9.05
 -16042.708    22.855    -0.46    9.12
 -15755.820    22.937     0.28    9.05
 -15468.926    24.285     4.70    8.12
 -15182.025    25.979     5.91    5.83
 -14895.119    27.093     3.88    3.39
 -14608.207    26.899    -0.67    3.43
 -14321.288    26.807    -0.32    3.22
 -14034.364    26.923     0.40    3.05
 -13747.433    26.446    -1.66    3.15
 -13460.497    26.230    -0.75    3.19
 -13173.554    25.951    -0.97    3.01
 -12886.606    25.685    -0.93    3.03
 -12599.651    25.712     0.09    3.04
 -12312.690    25.921     0.73    3.10
 -12025.723    26.000     0.28    3.02
 -11738.751    26.456     1.59    2.91
 -11451.772    26.800     1.20    2.69
 -11164.787    26.640    -0.56    2.72
 -10877.796    26.206    -1.51    2.77
 -10590.799    26.089    -0.41    2.78
 -10303.796    26.204     0.40    2.95
 -10016.787    26.593     1.35    3.10
  -9729.772    27.246     2.28    3.60
  -9442.751    27.902     2.28    4.72
  -9155.723    28.329     1.49    5.91
  -8868.690    28.283    -0.16    7.52
  -8581.651    28.129    -0.54    8.12
  -8294.605    27.383    -2.60    8.76
  -8007.554    26.958    -1.48    8.90
  -7720.496    26.619    -1.18    8.19
  -7433.717    26.303    -1.10    7.14
  -7147.870    25.319    -3.44    6.61
  -6862.019    24.207    -3.89    6.22
  -6576.162    22.531    -5.86    6.02
  -6290.300    20.906    -5.68    5.81
  -6004.432    19.036    -6.54    5.44
  -5718.560    16.972    -7.22    4.41
  -5432.682    15.313    -5.80    3.54
  -5146.798    14.246    -3.73    3.13
  -4860.910    13.799    -1.57    3.02
  -4575.016    13.647    -0.53    3.41
  -4289.117    13.354    -1.03    4.07
  -4003.213    13.229    -0.44    4.42
  -3717.304    13.043    -0.65    4.35
  -3431.389    12.536    -1.77    4.32
  -3145.469    12.007    -1.85    3.94
  -2859.544    11.241    -2.68    3.11
  -2573.614    10.162    -3.77    4.00
  -2287.678     9.410    -2.63    4.91
  -2001.737     8.807    -2.11    5.27
  -1715.791     8.461    -1.21    5.66
  -1429.839     7.965    -1.73    5.82
  -1143.883     6.736    -4.30    5.96
   -857.921     5.129    -5.62    5.87
   -571.953     3.857    -4.45    5.60
   -285.981     2.413    -5.05    4.83
     -0.003     1.568    -2.95    3.91
    285.980     0.538    -3.60    2.00
    571.968     0.000    -1.88    0.00
    857.961     0.000     0.00    0.00
   1143.960     0.392     1.37    3.30
   1429.964     4.151    13.14   12.13
   1715.973     9.559    18.91   18.72
   2001.988    14.901    18.67   20.93
   2288.008    16.604     5.96   21.15
   2574.033    17.301     2.43   20.96
   2860.063    17.385     0.29   21.00
   3146.098    15.745    -5.73   21.28
   3432.139     9.165   -23.00   18.55
   3718.185     2.145   -24.54    8.51
   4004.237     0.000    -7.50    0.00
   4290.293     0.000     0.00    0.00
   4576.355     0.000     0.00    0.00
   4862.422     0.000     0.00    0.00
   5148.494     0.518     1.81    2.66
   5434.572     0.573     0.19    2.67
   5720.655     0.646     0.25    2.75
   6006.743     0.669     0.08    2.80
   6292.836     0.674     0.02    2.81
   6578.935     0.655    -0.07    2.77
   6865.039     0.548    -0.37    2.64
   7151.148     0.131    -1.46    1.08
   7437.263     0.370     0.83    2.04
   7723.382     3.820    12.06   10.57
   8009.507     9.049    18.27   15.62
   8295.638    15.490    22.51   18.03
   8581.773    21.035    19.38   17.75
   8867.914    27.567    22.83   15.47
   9154.060    33.307    20.06   11.56
   9440.211    37.292    13.92    4.99
   9726.368    37.570     0.97    5.07
  10012.530    36.127    -5.04    8.50
  10298.697    34.870    -4.39   11.11
  10584.869    32.667    -7.70   13.01
  10871.047    28.378   -14.99   14.60
  11157.230    23.748   -16.18   14.95
  11443.418    21.489    -7.89   14.34
  11729.611    22.743     4.38   14.10
  12015.810    25.310     8.97   13.72
  12302.014    26.890     5.52   13.29
  12588.223    29.076     7.64   12.99
  12874.438    33.137    14.19   11.28
  13160.658    38.158    17.54    9.75
  13446.883    42.789    16.18   12.47
  13733.113    47.728    17.26   14.93
  14019.349    53.441    19.96   15.91
  14305.590    59.727    21.96   14.30
  14591.836    65.986    21.87   10.77
  14878.087    70.611    16.16    8.62
  15164.344    73.562    10.31    8.30
  15450.606    75.266     5.95    8.69
  15736.873    76.972     5.96    8.54
  16023.146    78.514     5.39    8.23
  16309.424    80.490     6.90    8.08
  16595.707    83.874    11.82    9.07
  16881.995    88.937    17.68   12.11
  17168.289    95.319    22.29   16.85
  17454.588   102.978    26.75   22.62
  17740.892   112.403    32.92   26.72
  18027.202   122.177    34.14   27.83
  18313.516   129.729    26.37   25.94
  18599.836   134.464    16.54   22.30
  18886.162   134.844     1.33   19.72
  19172.492   129.883   -17.33   21.60
  19458.828   123.510   -22.26   23.49
  19745.169   116.058   -26.03   23.14
  20031.516   108.496   -26.41   20.98
  20317.868   102.162   -22.12   17.34
  20604.225    98.844   -11.59   14.25
  20890.587    97.069    -6.20   12.30
  21176.955    96.630    -1.53    9.30
  21463.327    99.341     9.46   11.44
  21749.706   102.743    11.88   12.36
  22036.089   105.849    10.85   10.16
  22322.478   108.271     8.46    8.63
  22608.872   109.986     5.99    8.39
  22895.271   110.813     2.89    9.33
  23181.676   111.236     1.48   10.29
  23468.085   112.552     4.60   11.55
  23754.501   114.810     7.88   12.36
  24040.921   117.461     9.26   12.33
  24327.347   117.529     0.24   13.10
  24613.778   114.839    -9.39   15.31
  24900.214   109.262   -19.47   18.81
  25186.656   100.191   -31.67   22.72
  25473.102    91.407   -30.67   23.18
  25759.555    81.621   -34.16   19.62
  26046.012    74.259   -25.70   14.41
  26332.475    69.755   -15.72   10.54
  26618.943    67.561    -7.66    7.80
  26905.416    66.536    -3.58    6.06
  27191.895    66.683     0.51    6.04
  27478.379    66.823     0.49    6.27
  27764.868    65.951    -3.04    6.20
  28051.362    65.252    -2.44    5.98
  28337.862    65.123    -0.45    5.45
  28624.367    64.708    -1.45    4.65
  28910.877    64.828     0.42    4.69
  29197.393    66.035     4.21    5.23
  29483.914    68.050     7.03    5.88
  29770.440    69.856     6.30    5.97
  30056.972    71.804     6.80    5.59
  30343.509    73.779     6.89    4.94
  30630.051    75.894     7.38    4.36
  30916.598    77.986     7.30    5.15
  31203.151    79.763     6.20    5.85
  31489.709    81.587     6.37    5.73
  31776.272    83.845     7.88    5.54
  32062.841    86.433     9.03    5.86
  32349.415    89.518    10.77    6.03
  32635.994    92.072     8.91    5.68
  32922.578    93.773     5.93    5.35
  33209.168    95.542     6.17    5.03
  33495.763    96.593     3.67    4.43
  33782.364    95.714    -3.07    6.23
  34068.969    93.780    -6.75    7.75
  34355.580    91.846    -6.75    7.86
  34642.197    89.674    -7.58    7.44
  34928.818    87.371    -8.03    6.79
  35215.445    85.121    -7.85    5.62
  35502.077    84.084    -3.62    5.51
  35788.715    83.288    -2.78    5.54
  36075.358    81.403    -6.58    4.95
  36362.006    79.633    -6.17    3.82
  36648.659    78.826    -2.82    3.33
  36935.318    78.124    -2.45    2.94
  37221.982    77.660    -1.62    2.45
  37508.651    77.389    -0.95    1.86
  37795.326    77.698     1.08    2.26
  38082.006    79.050     4.72    3.99
  38368.691    81.653     9.08    6.08
  38655.382    85.267    12.61    8.36
  38942.077    88.369    10.82    9.29
  39228.778    90.536     7.56    9.13
  39515.485    93.326     9.73    8.62
  39802.197    95.382     7.17    9.14
  40088.914    95.832     1.57   10.46
  40375.636    94.716    -3.89   11.82
  40662.364    94.773     0.20   12.43
  40949.097    95.594     2.86   13.07
  41235.835    98.077     8.66   13.73
  41522.579   102.479    15.35   14.02
  41809.328   107.230    16.57   12.83
  42096.082   111.460    14.75   10.86
  42382.841   115.113    12.74    9.52
  42669.606   118.441    11.60    9.71
  42956.377   121.803    11.72    9.41
  43243.152   124.000     7.66    8.71
  43529.933   125.241     4.33    8.13
  43816.719   127.090     6.45    7.47
  44103.510   128.952     6.49    7.18
  44390.307   131.169     7.73    6.82
  44677.109   133.814     9.22    6.86
  44963.916   137.065    11.33    8.32
  45250.729   140.712    12.72    9.72
  45537.547   144.476    13.12   10.44
  45824.370   147.400    10.19   10.24
  46111.199   151.293    13.57    9.47
  46398.033   155.716    15.42    8.94
  46684.872   159.571    13.44    8.35
  46971.717   163.678    14.32    8.15
  47258.567   168.144    15.57    9.73
  47545.422   173.050    17.10    9.99
  47832.282   177.162    14.33    8.26
  48119.148   179.781     9.13    7.34
  48406.019   181.208     4.98    7.40
  48692.896   182.719     5.27    7.53
  48979.778   184.319     5.58    8.69
  49266.665   185.168     2.96    9.55
  49553.557   186.566     4.88    9.72
  49840.455   188.408     6.42    9.13
  50127.358   190.716     8.04    8.74
  50414.267   193.757    10.60    8.87
  50701.180   196.438     9.34    8.43
  50988.099   198.599     7.53    7.76
  51275.024   199.823     4.27    6.66
  51561.953   201.144     4.60    5.63
  51848.888   201.820     2.36    5.05
  52135.829   201.042    -2.71    6.35
  52422.774   199.916    -3.92    7.31
  52709.725   198.364    -5.41    7.27
  52996.682   197.479    -3.09    7.39
  53283.643   195.610    -6.51    7.62
  53570.610   193.112    -8.71    7.14
  53857.583   191.299    -6.32    5.67
  54144.560   189.379    -6.69    5.67
  54431.236   187.404    -6.89    6.70
  54717.159   184.965    -8.53    6.98
  55003.086   182.748    -7.75    7.05
  55289.018   181.143    -5.61    7.71
  55574.955   178.713    -8.50    8.82
  55860.896   176.806    -6.67   10.42
  56146.842   175.115    -5.91   11.20
  56432.792   172.000   -10.89   12.70
  56718.747   168.090   -13.67   12.53
  57004.706   164.386   -12.95   11.61
  57290.670   159.511   -17.05   12.41
  57576.638   153.612   -20.63   15.47
  57862.611   146.557   -24.67   16.43
  58148.589   139.582   -24.39   14.57
  58434.571   134.190   -18.85   10.75
  58720.557   131.620    -8.99    7.59
  59006.548   131.771     0.53    7.29
  59292.544   133.892     7.42    8.13
  59578.544   136.427     8.86    7.50
  59864.549   137.486     3.70    6.60
  60150.558   136.528    -3.35    7.57
  60436.572   134.493    -7.11    8.93
  60722.590   132.664    -6.39    9.27
  61008.613   131.447    -4.26    8.69
  61294.640   129.965    -5.18    8.54
  61580.672   129.657    -1.08    8.69
  61866.709   128.364    -4.52    8.64
  62152.750   126.086    -7.96    8.25
  62438.796   124.514    -5.50    9.08
  62724.846   119.979   -15.86   11.41
  63010.901   111.818   -28.53   15.45
  63296.960   103.347   -29.61   17.86
  63583.024    95.878   -26.11   17.22
  63869.092    92.486   -11.86   15.28
  64155.165    90.986    -5.24   13.46
  64441.242    92.319     4.66   14.42
  64727.324    96.993    16.34   16.44
  65013.411   103.769    23.69   15.86
  65299.502   109.120    18.70   12.69
  65585.598   112.440    11.60    8.86
  65871.698   111.852    -2.05   11.41
  66157.803   108.966   -10.09   13.10
  66443.912   104.896   -14.23   14.25
  66730.026   102.879    -7.05   13.93
  67016.144   101.014    -6.52   13.73
  67302.267    97.388   -12.67   14.17
  67588.395    97.772     1.34   12.96
  67874.527    98.740     3.38   12.18
  68160.664    98.035    -2.46   12.12
  68446.805    98.137     0.36   12.54
  68732.951    98.217     0.28   11.94
  69019.101    97.483    -2.57   11.86
  69305.256    95.810    -5.85   13.09
  69591.415    93.463    -8.20   14.06
  69877.579    92.846    -2.15   13.77
  70163.748    90.279    -8.97   13.73
  70449.921    87.554    -9.52   13.16
  70736.098    88.083     1.85   14.32
  71022.280    91.959    13.54   15.62
  71308.467    95.322    11.75   14.48
  71594.658    97.414     7.31   12.86
  71880.854    97.936     1.82   11.97
  72167.055    98.451     1.80   11.17
  72453.260    96.386    -7.21   11.86
  72739.469    93.386   -10.48   11.01
  73025.683    92.430    -3.34    9.45
  73311.902    93.732     4.55    9.85
  73598.125    95.113     4.82   10.21
  73884.353    97.535     8.46   10.91
  74170.585   101.301    13.16   11.63
  74456.822   106.389    17.78    9.04
  74743.063   110.264    13.54    8.92
  75029.309   113.429    11.05   10.51
  75315.560   116.115     9.39   11.07
  75601.815   119.688    12.48   11.60
  75888.075   120.713     3.58   10.90
  76174.339   119.392    -4.62   10.50
  76460.608   118.194    -4.18   10.07
  76746.881   117.364    -2.90    8.87
  77033.159   115.134    -7.79   10.92
  77319.441   111.778   -11.72   12.66
  77605.729   107.660   -14.38   13.68
  77892.020   103.270   -15.33   14.00
  78178.316    98.721   -15.89   14.60
  78464.617    93.901   -16.84   14.39
  78750.922    89.181   -16.49   12.64
  79037.232    84.587   -16.04    8.95
  79323.547    82.042    -8.89    6.93
  79609.866    79.801    -7.83    5.93
  79896.189    77.014    -9.73    6.68
  80182.517    75.657    -4.74    7.40
  80468.850    75.510    -0.51    7.75
  80755.187    74.090    -4.96    8.44
  81041.529    71.264    -9.87    8.87
  81327.875    70.679    -2.05    8.72
  81614.226    71.871     4.16    9.58
  81900.582    73.572     5.94   10.10
  82186.942    75.062     5.20    9.81
  82473.306    76.752     5.90    9.31
  82759.676    78.482     6.04    7.91
  83046.049    79.717     4.31    6.38
  83332.428    80.636     3.21    6.96
  83618.811    81.932     4.52    8.95
  83905.198    83.820     6.59    9.96
  84191.590    86.217     8.37   12.16
  84477.987    87.378     4.05   12.55
