# NaN NaN NaN ;Mean Elev.(m), Avg Gradient(m/km), RMS Gradient(m/km) - SRTM1     
#   17.258  -3.085  12.045 ;Mean Elev.(m), Avg Gradient(m/km), RMS Gradient(m/km) - ASTER GDEM
#   23.103  -3.789  15.252 ;Mean Elev.(m), Avg Gradient(m/km), RMS Gradient(m/km) - GMTED2010 
   2 123.936120  66.108065   102.209   103.256  3 54673.14863901 24.101
   3 123.972857  66.108382     5.267     3.234  8 54683.06428587 17.528
   5 123.972482  66.108528     1.901     0.049  8 54702.89556786 18.694
   7 123.972114  66.104852     6.091     7.475  9 54722.72686781 13.534
   9 123.970031  66.104839    39.035    38.938 10 54742.55816288 30.503
  10 123.969725  66.105614    84.096    84.053 10 54752.47380947 23.521
  11 123.971828  66.105399    82.626    82.414  9 54762.38945597 17.077
  12 123.970415  66.104055    81.875    81.449 10 54772.30509969 16.399
  13 123.970193  66.102951    35.592    35.502 10 54782.22074058 23.595
  16 123.984773  66.105445    35.438    35.415  6 54811.96765489 18.217
  17 123.975704  66.106234    36.020    35.903  8 54821.88329581 16.884
  18 123.981638  66.105602    36.141    35.991  7 54831.79894844 15.545
  19 123.982160  66.105577    35.876    35.935  5 54841.71458714 15.539
  20 123.974679  66.106795    35.884    35.638  8 54851.63023539 14.220
  21 123.972955  66.108401    36.020    35.791  8 54861.54588378 14.190
  22 123.972662  66.109135    36.135    35.893  8 54871.46153235 13.722
  23 123.970237  66.107974    35.941    35.769 10 54881.37717910 13.962
  24 123.971821  66.105375    35.820    35.535  9 54891.29282297 13.572
  25 123.969601  66.103294    36.123    36.085  9 54901.20846357 12.562
  26 123.970233  66.103407    36.685    36.775 10 54911.12410264 13.115
  27 123.972481  66.104978    36.003    35.574  9 54921.03974069 12.457
  28 123.973725  66.106138    36.258    36.010  8 54930.95537809 12.053
  29 123.970511  66.105524    37.888    37.266 10 54940.87101376 13.804
  30 123.975418  66.103621    81.295    82.128  9 54950.78664853 14.853
  31 123.991096  66.101897    39.778    39.744  4 54960.70229031 24.577
  33 123.937672  66.105597    92.619    88.054  4 54980.53358150 10.304
  34 123.972460  66.106289    93.673    93.500  8 54990.44923184  6.417
  35 123.982620  66.106165    41.285    41.229  5 55000.36487976 25.814
  36 123.982524  66.105871    40.541    40.405  5 55010.28052498 23.650
  37 123.990603  66.105446    39.844    39.871  3 55020.19616936 23.406
  38 123.984078  66.106595    39.408    39.478  6 55030.11181120 25.414
  39 123.983877  66.107958    38.030    37.252  5 55040.02745298 26.035
  40 123.971250  66.109028    37.023    36.191  8 55049.94309226 29.862
  41 123.996601  66.107236    37.785    37.785  2 55059.85873292 31.487
  42 123.996288  66.104676    37.327    37.327  2 55069.77437337 32.523
  43 123.981222  66.102755    39.688    39.864  6 55079.69002149 24.249
  44 123.971773  66.102805    97.777    97.675  9 55089.60566812 13.913
  45 123.971731  66.104450    85.883    85.678  9 55099.52131440 25.730
  46 123.981870  66.105890    38.977    39.063  6 55109.43696110 28.556
  47 123.994353  66.105291    37.032    37.101  3 55119.35260666 38.554
  48 123.970035  66.103779    83.849    84.085  9 55129.26824638 20.944
  49 123.969238  66.101899    34.828    34.705  9 55139.18388622 42.533
  50 123.970979  66.102227    34.475    34.436  9 55149.09952500 29.260
  51 123.972827  66.104532    35.190    35.174  9 55159.01516340 25.407
  52 123.972747  66.106714    35.187    35.216  9 55168.93080131 24.328
  53 123.974589  66.107291    35.402    35.352  8 55178.84643848 22.724
  54 123.974076  66.106355    35.494    35.447  8 55188.76208421 21.571
  55 123.973741  66.105899    35.496    35.497  8 55198.67773483 20.944
  56 123.974728  66.106619    35.440    35.231  9 55208.59338466 20.009
  57 123.974290  66.107991    35.110    35.002  8 55218.50903382 18.792
  58 123.973777  66.108185    35.126    34.956  8 55228.42468222 18.687
  59 123.973701  66.106796    35.082    34.743  8 55238.34032764 17.662
  60 123.970328  66.104382    35.003    34.862 10 55248.25596922 17.172
  61 123.969144  66.102654    35.598    35.065  9 55258.17160859 16.433
  62 123.969957  66.102807    35.497    35.065 10 55268.08724735 16.062
  63 123.971362  66.104475    35.284    35.163  9 55278.00288577 15.380
  64 123.974706  66.105637    35.443    34.915  9 55287.91852313 15.033
  65 123.970506  66.105547    35.512    34.820 10 55297.83415745 14.739
  66 123.971067  66.103736    36.589    36.672  9 55307.74979971 16.380
  67 123.970589  66.102294    37.688    36.812  9 55317.66544608 20.340
  68 123.969160  66.102646    84.252    82.651  9 55327.58109121 13.026
  69 123.967077  66.104657    83.942    84.371  9 55337.49673547 18.301
  70 123.971954  66.106505    89.135    88.885  9 55347.41237991 26.812
  71 123.941489  66.107963    98.862   103.828  3 55357.32801952  6.165
  72 123.994376  66.106392    38.729    38.729  2 55367.24366473 26.845
  75 123.983211  66.107244    39.534    39.111  5 55396.99057786 21.216
  78 123.975328  66.104183    38.614    37.664  9 55426.73751880 28.733
  79 123.975309  66.102773    84.070    84.034  9 55436.65316388 23.119
  80 123.984024  66.102720    39.320    39.513  6 55446.56880841 25.248
  82 123.994461  66.104856    37.424    37.442  3 55466.40009509 29.567
  83 123.971893  66.105152    38.064    37.599  9 55476.31573244 26.660
  84 123.971420  66.103831    35.241    35.243  9 55486.23136864 43.413
  85 123.971785  66.102659    34.302    34.383  9 55496.14700277 41.873
  86 123.971608  66.103304    34.686    34.698  9 55506.06263788 28.416
  87 123.971009  66.104975    34.146    34.173  9 55515.97828835 24.700
  88 123.986499  66.106294    34.696    34.737  5 55525.89393936 21.298
  89 123.970210  66.107293    34.907    34.931 10 55535.80958549 18.674
  90 123.977367  66.106852    34.757    34.735  7 55545.72523164 17.620
  91 123.983299  66.106551    34.515    34.527  5 55555.64087584 16.627
  92 123.972675  66.107152    34.637    34.633  9 55565.55651760 15.028
  93 123.972907  66.107279    34.804    34.710  8 55575.47215974 13.936
  94 123.982446  66.106177    34.426    34.372  6 55585.38780105 13.898
  95 123.970399  66.104981    34.927    34.743  9 55595.30343710 12.927
  96 123.969877  66.103781    34.879    34.547 10 55605.21907098 12.604
  97 123.972305  66.103465    35.156    34.656  9 55615.13470303 12.527
  98 123.971182  66.104157    35.086    34.785 10 55625.05034308 11.820
  99 123.971246  66.104716    34.972    34.853  9 55634.96599543 11.899
 100 123.970358  66.104771    35.180    35.012  9 55644.88164553 10.916
 101 123.969766  66.104212    35.566    35.209 10 55654.79729287 11.707
 102 123.974145  66.103381    35.327    35.013  9 55664.71293612 10.819
 103 123.975154  66.103264    96.112    97.670  8 55674.62857609  4.645
 105 123.977871  66.105399    85.222    83.508  8 55694.45985159 10.394
 106 123.970816  66.106718    89.622    89.498 10 55704.37548661 25.206
 107 123.984264  66.106709    40.246    40.321  6 55714.29113421 27.234
 108 123.994338  66.106429    39.899    39.887  3 55724.20678420 26.798
 109 123.984134  66.106881    40.259    40.378  5 55734.12243039 22.336
 110 123.948701  66.108060    85.351    85.867  3 55744.03807302  6.214
 111 123.973968  66.107175    38.055    38.071  9 55753.95371971 49.774
 112 123.939598  66.106658   100.991   109.479  3 55763.86935868  4.335
 113 123.952332  66.104630   106.214   105.144  4 55773.78499915 11.302
 114 123.936608  66.103861    98.027    98.027  2 55783.70063364  1.433
 115 123.970671  66.103645    37.854    37.856  9 55793.61627021 52.982
 116 123.969898  66.104983    83.332    82.916 10 55803.53190605 24.647
 117 123.979492  66.105358    39.422    40.022  7 55813.44755663 29.059
 120 123.994217  66.102547    37.143    37.143  2 55843.19448773 23.935
 121 123.974973  66.103789    83.513    83.280  9 55853.11012178 19.064
 122 123.970915  66.105646    82.283    82.255 10 55863.02575728 17.255
 123 123.990472  66.106331    35.877    35.823  3 55872.94141316 20.064
 124 123.971782  66.107010    38.387    37.802  8 55882.85706051 14.253
 125 123.972166  66.106727    37.274    36.547  9 55892.77270320 13.848
 126 123.973220  66.106650    37.014    36.728  8 55902.68834032 13.342
 127 123.971972  66.107324    37.677    37.046  8 55912.60397643 13.073
 128 123.972714  66.107848    38.074    37.402  8 55922.51963076 12.916
 129 123.973653  66.107386    37.131    36.727  8 55932.43528229 12.394
 130 123.975155  66.105414    37.565    36.898  9 55942.35092965 12.180
 131 123.970252  66.103242    37.645    37.526 10 55952.26657206 11.696
 132 123.969472  66.102437    37.527    37.448  9 55962.18221142 11.354
 133 123.972678  66.103488    37.235    36.819  9 55972.09784904 11.298
 134 123.971098  66.105485    37.753    37.877 10 55982.01348497 11.474
 135 123.971505  66.106108    36.547    36.539  9 55991.92911959 10.672
 136 123.975170  66.104946    37.126    36.810  9 56001.84476707 10.373
 137 123.970275  66.103207    37.858    37.675 10 56011.76041662 10.854
 138 123.969232  66.102727    37.099    37.101  9 56021.67606282 10.476
 139 123.972097  66.103966    36.904    36.579  9 56031.59170648 10.047
 140 123.983983  66.105941    37.284    37.444  5 56041.50734888 10.063
 141 123.974317  66.107564    36.692    36.347  8 56051.42298699  7.316
 142 123.972030  66.107697    80.740    81.112  8 56061.33862302 22.033
 143 123.972249  66.106698    90.706    90.584  9 56071.25426138 27.053
 144 123.993890  66.105665    41.370    41.401  3 56081.16991398 29.046
 145 123.971803  66.106747    89.514    87.573  8 56091.08555994 19.138
 146 123.983708  66.107480    40.367    40.336  5 56101.00120662 24.788
 147 123.982630  66.107222    39.618    39.819  6 56110.91683793 23.941
 149 123.980803  66.103017    40.413    40.672  6 56130.74811345 26.098
 150 123.979143  66.102123    40.233    40.239  6 56140.66374733 24.314
 151 123.970795  66.103598   106.593   105.248  9 56150.57939752 12.951
 152 123.935762  66.106573    92.083    86.251  3 56160.49504338  5.556
 153 123.996911  66.105967    38.331    38.331  2 56170.41069645 26.571
 154 123.984701  66.105020    39.648    39.738  6 56180.32633894 30.294
 155 123.994128  66.102926    37.253    37.253  2 56190.24197940 27.132
 156 123.983788  66.102535    38.328    38.501  6 56200.15761513 28.033
 157 123.970151  66.104549    83.885    83.644 10 56210.07324809 26.599
 158 123.969910  66.107119    36.429    36.422 10 56219.98888042 41.468
 159 123.973809  66.108601    34.958    34.961  8 56229.90453014 45.090
 160 123.969833  66.108228    35.553    35.537 10 56239.82018313 24.130
 161 123.969834  66.107037    35.087    35.062 10 56249.73583256 22.660
 162 123.974870  66.105995    35.617    35.571  9 56259.65147762 21.919
 163 123.972390  66.106509    35.552    35.549  9 56269.56711929 20.939
 164 123.972836  66.107164    35.621    35.459  8 56279.48275948 18.664
 165 123.974898  66.107145    35.448    35.299  8 56289.39841039 18.486
 166 123.972776  66.105477    35.304    35.155  8 56299.31405859 17.680
 167 123.971418  66.103284    35.072    34.962  9 56309.22970290 17.187
 168 123.970984  66.102235    35.217    35.007 10 56319.14534488 15.799
 169 123.969974  66.103525    35.122    34.900  9 56329.06098579 15.455
 170 123.970235  66.105611    35.116    35.118 10 56338.97662595 15.315
 171 123.974489  66.106647    35.518    35.088  8 56348.89226443 13.104
 172 123.969975  66.105800    36.046    35.793 10 56358.80789931 12.825
 173 123.969987  66.103881    35.834    35.624 10 56368.72355001 12.605
 175 123.975185  66.104748    36.257    35.912  9 56388.55484369 11.778
 176 123.972056  66.107296    35.870    35.741  8 56398.47048675 11.621
 177 123.974789  66.108712    37.264    37.025  8 56408.38612791 21.896
 178 123.973556  66.108427    93.858    95.788  8 56418.30176451 13.251
 179 123.940575  66.107941    96.854    97.912  5 56428.21739398 13.256
 180 123.938217  66.107032    93.294    84.407  3 56438.13304769  8.570
 181 123.995511  66.105700    40.372    40.372  2 56448.04870423 27.852
 182 123.974080  66.106804    86.875    87.555  9 56457.96435138 28.157
 183 123.973778  66.106451    39.555    39.159  8 56467.87999720 32.364
 184 123.994903  66.104711    38.473    38.473  2 56477.79564093 23.648
 186 123.981535  66.102973    40.184    40.222  6 56497.62691312 24.451
 187 123.982977  66.103823    40.124    40.125  6 56507.54254740 28.422
 188 123.983038  66.105453    40.342    40.314  5 56517.45818448 23.814
 189 123.975127  66.106254   100.256   100.777  9 56527.37383804 27.325
 192 123.997857  66.103827    37.415    37.415  2 56557.12077987 29.348
 193 123.973824  66.105573    83.852    84.130  8 56567.03642024 23.305
 194 123.972045  66.107580    36.728    36.692  8 56576.95206130 44.783
 195 123.974139  66.108714    82.887    82.773  9 56586.86769926 18.885
 196 123.981339  66.108295    33.534    33.581  6 56596.78333980 39.755
 197 123.969599  66.107354    34.456    34.372 10 56606.69899067 19.691
 198 123.972177  66.106446    35.189    35.186  8 56616.61463793 22.137
 199 123.974734  66.106246    35.407    35.327  9 56626.53028171 16.148
 200 123.971763  66.106404    35.210    35.250  9 56636.44592223 16.588
 201 123.972725  66.106006    35.326    35.335  9 56646.36156273 15.699
 202 123.982586  66.104699    35.289    35.304  5 56656.27721591 15.110
 203 123.970412  66.103815    35.530    35.448  9 56666.19286274 14.700
 204 123.969966  66.103733    35.530    35.434 10 56676.10850801 14.080
 205 123.976157  66.104453    35.377    35.295  8 56686.02415279 13.822
 206 123.971309  66.105627    35.441    35.271  9 56695.93979458 12.911
 207 123.970169  66.106017    36.026    35.794 10 56705.85543216 11.687
 208 123.979992  66.105348    35.506    35.449  7 56715.77106548 11.189
 210 123.970947  66.105451    35.913    35.771  9 56735.60236772 10.680
 211 123.972102  66.106912    36.055    35.783  8 56745.51801398 11.099
 212 123.974156  66.108086    36.155    35.960  8 56755.43365604 10.729
 213 123.974251  66.108344    36.552    36.498  9 56765.34929231 19.607
 215 123.971754  66.107010    99.151   102.009  8 56785.18058752  8.111
 216 123.977519  66.106672    89.661    89.554  7 56795.09624119 17.550
 217 123.995016  66.106221    41.247    41.247  2 56805.01189203 25.544
 218 123.972906  66.106221    87.125    87.093  8 56814.92753232 27.130
 219 123.937881  66.105941   108.543   107.726  3 56824.84316796  2.662
 222 123.972612  66.104881    37.960    37.903  9 56854.59008265 55.685
 223 123.980220  66.105469    39.151    38.650  7 56864.50573700 30.151
 224 123.977378  66.105680    38.870    38.408  7 56874.42138971 31.002
 225 123.978552  66.105321    39.181    39.378  7 56884.33703963 30.841
 226 123.970771  66.105120    36.725    36.700  9 56894.25268558 48.572
 227 123.990725  66.104913    36.620    36.748  3 56904.16833087 27.330
 228 123.973527  66.106523    96.527    96.068  8 56914.08397072 22.458
 229 123.995228  66.107343    36.829    36.829  2 56923.99961238 27.829
 231 123.966765  66.108377    82.719    82.605  9 56943.83087865 19.252
 232 123.972465  66.107089    34.861    34.873  9 56953.74652645 43.570
 233 123.972559  66.106323    34.381    34.406  9 56963.66217666 29.030
 234 123.992773  66.106122    34.301    34.301  2 56973.57782392 21.507
 235 123.972309  66.107175    34.875    34.880  9 56983.49346313 22.730
 236 123.971859  66.106793    35.056    35.011  9 56993.40909938 17.362
 237 123.973230  66.105146    34.927    35.008  8 57003.32473633 17.183
 238 123.972578  66.103503    34.835    34.859  9 57013.24039282 17.239
 239 123.975285  66.103236    35.155    35.062  9 57023.15604426 15.446
 240 123.972068  66.104931    35.434    35.304  9 57033.07169254 14.390
 241 123.974652  66.106395    35.349    35.038  9 57042.98733909 13.692
 242 123.969846  66.106745    35.552    35.468 10 57052.90298266 13.120
 243 123.970895  66.105581    35.512    35.266 10 57062.81862234 13.296
 244 123.978159  66.104622    35.493    35.442  7 57072.73425737 13.121
 245 123.973143  66.105498    35.958    35.854  8 57082.64988733 11.816
 246 123.972193  66.107502    35.710    35.616  8 57092.56553428 12.221
 247 123.974275  66.109174    35.963    35.821  8 57102.48119157 11.301
 248 123.975352  66.109235    36.142    35.972  7 57112.39684519 12.069
 249 123.975054  66.107708    35.951    35.836  7 57122.31249277 11.740
 250 123.970024  66.106125    37.114    37.253 10 57132.22813440 13.737
 252 123.937183  66.107620   108.879   110.261  3 57152.05940273  4.910
 253 123.936753  66.108506    87.872    87.419  3 57161.97503355 11.060
 254 123.982216  66.106741    41.094    40.974  5 57171.89069515 29.733
 255 123.975009  66.104950    88.097    88.209  9 57181.80634904 27.950
 256 123.970611  66.103302    87.593    87.503 10 57191.72199929 28.141
 257 123.982737  66.103100    40.456    40.097  6 57201.63764812 24.019
 258 123.970529  66.105102    84.426    84.755 10 57211.55328108 23.357
 260 123.937778  66.107931    89.460    84.707  4 57231.38456433  5.275
 261 123.983671  66.105969    37.553    36.548  5 57241.30020852 23.613
 262 123.997573  66.104608    37.253    37.253  2 57251.21584715 25.277
 264 123.982413  66.107476    36.209    36.315  6 57271.04711529 33.779
 265 123.982939  66.109284    36.600    37.088  5 57280.96277071 29.960
 266 123.982715  66.109388    37.650    37.354  6 57290.87842594 26.027
 268 123.972900  66.105678   103.492   103.111  8 57310.70972578 15.831
 269 123.970233  66.104840   101.574    98.946  9 57320.62537066 11.020
 270 123.968620  66.105750    96.926   101.297  8 57330.54101298  4.110
 271 123.970447  66.107223    35.415    34.806 10 57340.45665347 20.868
 272 123.974319  66.106982    34.564    34.425  9 57350.37230411 20.328
 273 123.971759  66.105166    37.628    37.688  9 57360.28794905 16.797
 274 123.970156  66.103046    36.707    36.524 10 57370.20359091 16.415
 275 123.969114  66.102944    35.940    36.001  9 57380.11923050 15.659
 276 123.969928  66.104952    37.395    36.991 10 57390.03486916 15.086
 277 123.973908  66.107078    36.081    35.819  8 57399.95050714 14.249
 278 123.975053  66.107628    36.013    35.825  8 57409.86614610 14.024
 279 123.972225  66.106452    37.221    36.321  8 57419.78179839 13.865
 280 123.971112  66.105459    36.816    36.343 10 57429.69744825 13.560
 281 123.972543  66.105969    36.031    35.869  9 57439.61309611 12.885
 282 123.972237  66.107849    36.077    35.711  8 57449.52874271 12.527
 283 123.975328  66.109215    36.041    35.861  8 57459.44438825 13.007
 284 123.973162  66.109166    35.930    35.724  8 57469.36003021 12.493
 285 123.972350  66.107498    36.933    36.054  8 57479.27566827 12.012
 286 123.982782  66.105458    35.954    36.020  6 57489.19130430 11.880
 287 123.973571  66.105044    36.920    36.662  8 57499.10693653  9.657
 288 123.971207  66.105918    80.359    79.953  9 57509.02257915 13.544
 289 123.951866  66.107102   108.187   107.997  3 57518.93823335  5.174
 290 123.968446  66.106719    86.208    84.772  7 57528.85388801 22.163
 291 123.933070  66.106170    95.499    95.499  2 57538.76953490  5.379
 293 123.949066  66.103936   101.016   108.388  3 57558.60082990  3.421
 294 123.971541  66.104811    39.111    39.115  9 57568.51647716 55.163
 296 123.974122  66.107398    39.360    39.351  9 57588.34776524 52.351
 297 123.984090  66.106750    39.152    39.293  6 57598.26340679 23.247
