 -95095.326   147.584     0.00   11.25
 -94808.690   146.618    -3.37   10.25
 -94522.050   145.703    -3.19    9.83
 -94235.406   144.204    -5.23    8.89
 -93948.759   143.182    -3.56    7.49
 -93662.107   142.231    -3.32    6.17
 -93375.452   140.984    -4.35    4.72
 -93088.792   140.431    -1.93    4.08
 -92802.129   140.260    -0.60    4.90
 -92515.462   139.593    -2.33    5.90
 -92228.791   138.082    -5.27    6.86
 -91942.117   136.166    -6.68    7.48
 -91655.438   133.828    -8.15    7.34
 -91368.756   131.586    -7.82    6.49
 -91082.069   130.157    -4.98    5.96
 -90795.379   129.033    -3.92    5.44
 -90508.685   128.232    -2.80    5.36
 -90221.987   127.703    -1.84    5.22
 -89935.285   127.398    -1.06    5.24
 -89648.579   127.467     0.24    5.74
 -89361.869   128.062     2.07    7.27
 -89075.155   127.317    -2.60    8.20
 -88788.438   126.530    -2.75    9.68
 -88501.716   126.740     0.73    9.47
 -88214.991   127.300     1.96    9.25
 -87928.262   127.502     0.70    8.39
 -87641.529   127.648     0.51    7.81
 -87354.792   129.326     5.85    8.00
 -87068.051   132.065     9.55    7.01
 -86781.306   133.150     3.78    5.73
 -86494.558   133.182     0.11    5.78
 -86207.805   133.274     0.32    6.71
 -85921.049   133.274     0.00    7.24
 -85634.289   132.769    -1.76    7.13
 -85347.525   131.807    -3.36    6.54
 -85060.756   132.502     2.42    6.46
 -84773.985   132.741     0.84    6.29
 -84487.209   132.236    -1.76    6.37
 -84200.429   131.405    -2.90    6.08
 -83913.645   130.767    -2.22    6.11
 -83626.858   130.693    -0.26    6.21
 -83340.066   131.287     2.07    6.21
 -83053.271   132.126     2.92    6.38
 -82766.472   133.828     5.94    5.83
 -82479.669   136.088     7.88    4.62
 -82192.862   137.044     3.33    4.63
 -81906.051   137.643     2.09    4.95
 -81619.236   138.312     2.33    5.69
 -81332.418   139.579     4.42    6.15
 -81045.595   140.621     3.63    6.80
 -80758.769   141.716     3.82    7.32
 -80471.939   142.902     4.14    7.21
 -80185.208   143.773     3.04    6.64
 -79899.127   143.729    -0.15    5.53
 -79613.044   143.721    -0.02    5.08
 -79326.957   144.161     1.54    4.32
 -79040.867   143.920    -0.84    3.98
 -78754.774   142.724    -4.18    5.23
 -78468.678   141.699    -3.58    7.99
 -78182.579   141.550    -0.52   11.51
 -77896.476   139.995    -5.43   12.22
 -77610.371   138.180    -6.34   12.85
 -77324.262   138.799     2.16   13.82
 -77038.150   139.877     3.77   14.44
 -76752.035   141.537     5.80   13.23
 -76465.917   143.350     6.34   11.30
 -76179.796   145.434     7.28    9.87
 -75893.671   147.489     7.18    7.87
 -75607.544   149.350     6.51    5.56
 -75321.413   149.794     1.55    5.00
 -75035.279   149.780    -0.05    5.50
 -74749.143   150.123     1.20    5.51
 -74463.002   150.818     2.43    6.36
 -74176.859   151.913     3.83    6.83
 -73890.713   153.645     6.05    6.99
 -73604.563   156.094     8.56    5.80
 -73318.411   158.201     7.36    5.14
 -73032.255   159.130     3.25    4.78
 -72746.096   159.726     2.08    4.91
 -72459.934   159.965     0.84    4.54
 -72173.769   160.494     1.85    4.05
 -71887.600   160.577     0.29    3.79
 -71601.429   160.563    -0.05    4.34
 -71315.254   160.570     0.02    5.01
 -71029.076   160.098    -1.65    5.91
 -70742.895   158.066    -7.10    7.33
 -70456.711   155.323    -9.58    8.72
 -70170.524   152.509    -9.83    9.72
 -69884.334   149.223   -11.48   10.13
 -69598.140   144.819   -15.39    9.16
 -69311.944   141.182   -12.71    7.77
 -69025.744   138.142   -10.62    7.00
 -68739.541   135.247   -10.11    6.28
 -68453.335   132.480    -9.67    6.26
 -68167.126   130.268    -7.73    6.34
 -67880.913   128.168    -7.33    6.28
 -67594.698   125.659    -8.77    7.24
 -67308.479   122.252   -11.90    8.26
 -67022.257   119.523    -9.54    8.20
 -66736.032   117.264    -7.89    7.42
 -66449.804   115.599    -5.82    6.43
 -66163.573   114.480    -3.91    5.63
 -65877.339   114.938     1.60    5.99
 -65591.101   116.959     7.06    7.51
 -65304.861   119.310     8.21    7.72
 -65018.617   121.252     6.78    7.85
 -64732.370   122.210     3.35    7.56
 -64446.120   121.939    -0.95    6.83
 -64159.867   121.946     0.02    6.04
 -63873.610   122.111     0.58    5.63
 -63587.351   121.856    -0.89    5.66
 -63301.088   121.402    -1.59    5.58
 -63014.822   121.239    -0.57    5.00
 -62728.553   120.844    -1.38    4.50
 -62442.281   120.016    -2.89    4.44
 -62156.006   118.684    -4.65    4.17
 -61869.727   117.654    -3.60    3.82
 -61583.446   116.537    -3.90    4.26
 -61297.161   115.104    -5.00    4.75
 -61010.873   113.495    -5.62    4.91
 -60724.582   112.116    -4.82    5.00
 -60438.288   111.391    -2.53    5.79
 -60151.991   110.439    -3.32    5.96
 -59865.691   110.019    -1.47    6.23
 -59579.387   110.099     0.28    6.62
 -59293.080   110.714     2.15    7.14
 -59006.770   110.842     0.45    7.42
 -58720.457   110.906     0.22    7.78
 -58434.141   111.104     0.69    8.14
 -58147.822   110.939    -0.58    8.32
 -57861.499   110.175    -2.67    8.19
 -57575.174   108.971    -4.21    7.74
 -57288.845   108.085    -3.09    6.49
 -57002.513   108.239     0.54    5.31
 -56716.178   107.945    -1.03    5.19
 -56429.840   107.402    -1.90    5.56
 -56143.498   107.116    -1.00    6.24
 -55857.154   106.689    -1.49    6.09
 -55570.806   106.448    -0.84    5.90
 -55284.456   106.196    -0.88    5.47
 -54998.102   104.689    -5.26    6.19
 -54711.744   102.551    -7.47    7.16
 -54425.384   100.324    -7.78    7.53
 -54139.021    97.821    -8.74    7.64
 -53852.654    95.380    -8.52    7.65
 -53566.285    92.364   -10.53    6.49
 -53279.912    90.414    -6.81    5.40
 -52993.536    89.754    -2.30    5.06
 -52707.157    89.208    -1.91    4.98
 -52420.774    88.344    -3.01    5.49
 -52134.389    86.624    -6.01    5.97
 -51848.000    84.574    -7.16    5.64
 -51561.608    83.309    -4.42    4.93
 -51275.214    82.339    -3.39    4.32
 -50988.815    81.203    -3.97    4.45
 -50702.414    79.679    -5.32    4.91
 -50416.010    78.571    -3.87    5.31
 -50129.602    77.388    -4.13    5.56
 -49843.192    75.751    -5.71    5.40
 -49556.778    74.201    -5.41    5.29
 -49270.361    72.844    -4.74    5.51
 -48983.941    72.564    -0.98    5.65
 -48697.518    73.203     2.23    6.03
 -48411.091    74.101     3.14    7.08
 -48124.661    74.481     1.33    7.60
 -47838.229    75.087     2.12    7.70
 -47551.793    74.906    -0.63    7.34
 -47265.354    73.211    -5.92    7.67
 -46978.912    71.128    -7.27    7.21
 -46692.466    69.599    -5.34    7.40
 -46406.018    69.598    -0.00    7.33
 -46119.566    69.571    -0.10    7.24
 -45833.111    69.266    -1.07    7.03
 -45546.653    70.097     2.90    6.41
 -45260.192    71.600     5.25    5.79
 -44973.728    73.048     5.05    4.69
 -44687.261    73.424     1.31    5.04
 -44400.790    74.082     2.30    5.38
 -44114.316    74.759     2.36    5.70
 -43827.839    74.877     0.41    5.92
 -43541.359    74.231    -2.25    5.80
 -43254.876    73.373    -3.00    5.93
 -42968.390    71.727    -5.75    6.18
 -42681.900    69.051    -9.34    6.79
 -42395.408    66.204    -9.94    6.90
 -42108.912    63.141   -10.69    6.62
 -41822.413    60.433    -9.45    6.53
 -41535.911    57.849    -9.02    6.23
 -41249.405    56.044    -6.30    5.76
 -40962.897    54.984    -3.70    5.58
 -40676.385    53.847    -3.97    5.87
 -40389.870    52.297    -5.41    6.45
 -40103.353    50.409    -6.59    7.58
 -39816.831    48.231    -7.60    8.79
 -39530.307    44.406   -13.35   11.07
 -39243.780    40.461   -13.77   12.17
 -38957.249    38.745    -5.99   12.17
 -38670.716    38.787     0.15   11.18
 -38384.179    38.310    -1.67   10.37
 -38097.639    37.643    -2.33    8.90
 -37811.096    38.916     4.44    7.94
 -37524.549    40.819     6.64    6.19
 -37238.000    42.053     4.31    4.93
 -36951.447    42.903     2.97    5.54
 -36664.891    44.146     4.34    6.02
 -36378.332    45.966     6.35    7.88
 -36091.770    48.106     7.47    9.48
 -35805.205    50.149     7.13   10.53
 -35518.636    52.051     6.64   10.96
 -35232.065    53.318     4.42   10.76
 -34945.490    52.516    -2.80   10.75
 -34658.912    50.972    -5.39   10.68
 -34372.331    48.447    -8.81   10.48
 -34085.747    44.916   -12.32   10.05
 -33799.159    40.573   -15.15    8.98
 -33512.569    37.001   -12.46    7.41
 -33225.975    34.523    -8.65    5.50
 -32939.378    33.095    -4.98    4.74
 -32652.778    32.060    -3.61    4.29
 -32366.175    31.727    -1.16    3.93
 -32079.569    31.321    -1.41    3.87
 -31792.959    30.930    -1.37    3.77
 -31506.347    30.338    -2.06    3.77
 -31219.731    30.051    -1.00    3.97
 -30933.112    31.409     4.74    5.90
 -30646.489    33.703     8.00   10.37
 -30359.864    37.467    13.13   15.47
 -30073.236    42.606    17.93   18.76
 -29786.604    48.655    21.10   21.33
 -29499.969    54.842    21.59   22.07
 -29213.331    61.558    23.43   21.50
 -28926.690    68.714    24.97   19.23
 -28640.046    74.666    20.76   15.86
 -28353.398    79.185    15.76   12.53
 -28066.748    83.078    13.58    8.67
 -27780.094    85.544     8.60    5.56
 -27493.437    87.009     5.11    3.52
 -27206.777    87.530     1.82    2.58
 -26920.114    87.984     1.58    2.57
 -26633.447    87.586    -1.39    3.25
 -26346.778    87.019    -1.98    3.38
 -26060.105    86.300    -2.51    3.52
 -25773.429    85.198    -3.84    4.03
 -25486.750    84.776    -1.47    4.32
 -25200.068    83.849    -3.23    4.15
 -24913.382    82.076    -6.18    4.12
 -24626.694    81.452    -2.18    4.28
 -24340.002    81.353    -0.35    4.18
 -24053.307    81.616     0.92    4.32
 -23766.609    81.695     0.28    4.57
 -23479.908    81.386    -1.08    4.38
 -23193.203    81.699     1.09    4.10
 -22906.496    81.934     0.82    4.66
 -22619.785    81.137    -2.78    5.61
 -22333.071    79.687    -5.06    6.34
 -22046.354    77.991    -5.92    6.69
 -21759.634    76.416    -5.49    6.78
 -21472.910    74.071    -8.18    6.45
 -21186.184    71.761    -8.06    6.22
 -20899.454    69.713    -7.14    6.21
 -20612.721    67.666    -7.14    6.28
 -20325.985    66.380    -4.49    7.17
 -20039.246    65.360    -3.56    7.32
 -19752.503    63.693    -5.81    7.56
 -19465.758    62.502    -4.16    8.07
 -19179.009    60.391    -7.36    8.47
 -18892.257    58.591    -6.28    9.17
 -18605.502    55.550   -10.61   11.05
 -18318.870    48.446   -24.78   18.55
 -18032.714    42.361   -21.27   20.64
 -17746.556    38.966   -11.86   19.91
 -17460.395    35.266   -12.93   18.76
 -17174.232    31.790   -12.14   17.59
 -16888.066    30.154    -5.72   15.56
 -16601.898    29.350    -2.81   13.95
 -16315.727    31.143     6.27   11.23
 -16029.554    33.102     6.84    8.91
 -15743.379    34.375     4.45    6.26
 -15457.201    34.242    -0.47    5.93
 -15171.021    33.795    -1.56    5.64
 -14884.838    33.719    -0.27    5.21
 -14598.653    32.792    -3.24    4.67
 -14312.466    32.090    -2.45    4.63
 -14026.276    31.114    -3.41    4.45
 -13740.084    30.236    -3.07    3.81
 -13453.889    30.378     0.50    3.85
 -13167.692    30.413     0.12    3.40
 -12881.492    30.255    -0.55    3.19
 -12595.290    30.440     0.64    3.21
 -12309.086    30.684     0.85    3.27
 -12022.879    31.451     2.68    3.34
 -11736.669    31.629     0.62    3.68
 -11450.458    31.814     0.64    4.18
 -11164.243    28.847   -10.37   10.14
 -10878.027    23.593   -18.35   15.32
 -10591.808    17.597   -20.95   17.86
 -10305.587    10.958   -23.20   18.07
 -10019.363     6.412   -15.88   16.78
  -9733.136     6.468     0.20   17.06
  -9446.908     5.879    -2.06   16.52
  -9160.677     6.600     2.52   16.82
  -8874.443     6.149    -1.58   16.43
  -8588.207     4.906    -4.34   15.72
  -8301.969     3.373    -5.36   14.92
  -8015.728    -0.306   -12.85   11.49
  -7729.485    -4.233   -13.72    2.62
  -7443.239    -4.484    -0.88    0.00
  -7156.991    -4.484     0.00    0.00
  -6870.741    -4.484     0.00    0.00
  -6584.488    -4.484     0.00    0.00
  -6298.232    -4.484     0.00    0.00
  -6011.975    -4.484     0.00    0.00
  -5725.714    -4.484     0.00    0.00
  -5439.452    -4.484     0.00    0.00
  -5153.187    -4.484     0.00    0.00
  -4866.919    -4.484     0.00    0.00
  -4580.649    -4.484     0.00    0.00
  -4294.377    -4.484     0.00    0.00
  -4008.102    -4.484     0.00    0.00
  -3721.825    -4.484     0.00    0.00
  -3435.546    -4.484     0.00    0.00
  -3149.264    -4.484     0.00    0.00
  -2862.979    -4.484     0.00    0.00
  -2576.692    -4.449     0.12    0.42
  -2290.403    -3.822     2.19    4.21
  -2004.111    -3.144     2.37    6.17
  -1717.817    -1.652     5.21    8.86
  -1431.521    -1.057     2.08    9.27
  -1145.222    -1.151    -0.33    9.16
   -858.920    -1.960    -2.83    7.90
   -572.616    -1.526     1.52    8.38
   -286.310    -0.769     2.64    8.69
     -0.002     1.264     7.10    9.68
    286.310     4.643    11.80   10.92
    572.623     8.473    13.38   11.11
    858.939    10.094     5.66   10.91
   1145.257    10.371     0.97   10.87
   1431.578    11.102     2.55   10.89
   1717.901    12.148     3.65   11.46
   2004.227    13.352     4.21   12.73
   2290.555    16.077     9.52   14.85
   2576.886    20.426    15.19   15.66
   2863.219    26.794    22.24   12.29
   3149.554    31.650    16.96    7.91
   3435.892    34.509     9.98    7.47
   3722.232    36.246     6.07    6.46
   4008.575    37.403     4.04    5.04
   4294.920    38.294     3.11    5.07
   4581.267    38.673     1.33    5.97
   4867.617    38.661    -0.04    7.00
   5153.970    38.891     0.80    7.78
   5440.324    39.960     3.73    7.91
   5726.682    41.523     5.46    7.38
   6013.041    42.319     2.78    7.07
   6299.403    42.285    -0.12    6.89
   6585.768    42.062    -0.78    6.58
   6872.135    41.937    -0.44    5.92
   7158.504    41.314    -2.17    5.70
   7444.876    39.309    -7.00    8.82
   7731.250    37.002    -8.06   11.72
   8017.627    35.155    -6.45   13.50
   8304.006    34.606    -1.92   14.24
   8590.387    35.068     1.61   13.95
   8876.771    35.899     2.90   12.27
   9163.158    35.523    -1.31   11.75
   9449.546    33.225    -8.02   14.52
   9735.938    27.837   -18.81   17.77
  10022.331    23.054   -16.70   19.03
  10308.727    20.906    -7.50   19.57
  10595.126    18.822    -7.28   20.28
  10881.527    17.543    -4.47   20.50
  11167.930    18.861     4.60   20.18
  11454.336    22.262    11.88   19.18
  11740.744    27.373    17.84   16.87
  12027.155    32.106    16.52   11.94
  12313.568    34.431     8.12    6.63
  12599.983    35.106     2.36    5.38
  12886.401    36.187     3.78    5.29
  13172.822    36.888     2.45    7.15
  13459.244    36.148    -2.58    9.93
  13745.670    34.597    -5.42   12.98
  14032.097    32.774    -6.37   15.04
  14318.527    29.530   -11.33   16.36
  14604.960    25.861   -12.81   16.62
  14891.395    23.875    -6.93   17.03
  15177.832    21.792    -7.27   16.61
  15464.272    20.164    -5.69   16.23
  15750.714    19.005    -4.04   15.94
  16037.159    21.412     8.40   17.24
  16323.606    24.803    11.84   18.35
  16610.055    28.927    14.39   18.60
  16896.507    33.509    16.00   17.60
  17182.962    38.954    19.01   15.30
  17469.418    43.662    16.43   10.77
  17755.878    47.572    13.65    5.22
  18042.339    49.232     5.79    6.99
  18328.804    51.721     8.69    8.59
  18615.270    54.913    11.14    9.29
  18901.739    57.199     7.98    9.50
  19188.210    57.231     0.11   10.83
  19474.684    53.393   -13.40   16.84
  19761.160    46.166   -25.23   22.35
  20047.639    37.856   -29.01   24.10
  20334.120    36.363    -5.21   25.63
  20620.604    42.041    19.82   32.80
  20907.090    51.091    31.59   38.87
  21193.578    63.551    43.49   40.64
  21480.069    78.123    50.86   34.19
  21766.562    90.002    41.46   21.08
  22053.058    96.638    23.16    7.48
  22339.556    97.713     3.75    5.73
  22626.057    97.468    -0.85    5.51
  22912.560    97.386    -0.28    5.47
  23199.065    97.481     0.33    5.94
  23485.573    97.767     1.00    5.74
  23772.083    97.530    -0.83    6.19
  24058.596    91.444   -21.24   17.91
  24345.111    83.882   -26.39   24.77
  24631.629    75.587   -28.95   27.84
  24918.149    67.800   -27.18   28.31
  25204.671    65.460    -8.17   27.28
  25491.196    66.077     2.15   26.31
  25777.724    68.605     8.82   25.03
  26064.253    73.728    17.88   21.92
  26350.786    78.196    15.59   17.51
  26637.320    81.677    12.15   11.12
  26923.857    82.700     3.57    6.18
  27210.397    80.863    -6.41    5.35
  27496.939    79.220    -5.73    3.83
  27783.483    78.572    -2.26    3.21
  28070.030    79.203     2.20    3.79
  28356.579    79.786     2.03    4.24
  28643.131    79.194    -2.07    4.89
  28929.685    77.108    -7.28    7.20
  29216.241    74.224   -10.06    9.64
  29502.800    70.594   -12.67   11.68
  29789.362    66.933   -12.78   12.19
  30075.926    64.523    -8.41   11.26
  30362.492    62.473    -7.15   10.39
  30649.061    59.913    -8.93   12.33
  30935.632    56.691   -11.24   17.67
  31222.205    53.584   -10.84   20.16
  31508.781    48.338   -18.31   21.97
  31795.360    43.271   -17.68   21.71
  32081.941    37.536   -20.01   19.82
  32368.524    33.103   -15.47   18.28
  32655.110    32.246    -2.99   17.04
  32941.698    33.431     4.13   16.28
  33228.289    35.030     5.58   16.43
  33514.882    36.938     6.66   16.42
  33801.477    39.196     7.88   18.10
  34088.075    42.764    12.45   20.01
  34374.675    48.036    18.40   22.75
  34661.278    53.061    17.53   22.79
  34947.883    57.488    15.45   20.43
  35234.491    62.446    17.30   14.04
  35521.101    65.348    10.12    9.44
  35807.714    66.764     4.94    8.57
  36094.329    67.381     2.15    7.79
  36380.946    68.473     3.81    7.19
  36667.566    70.362     6.59    6.98
  36954.188    72.370     7.01    6.38
  37240.813    74.252     6.57    5.35
  37527.440    75.665     4.93    4.24
  37814.070    76.659     3.47    3.64
  38100.702    77.412     2.63    3.34
  38387.336    78.616     4.20    3.80
  38673.973    80.465     6.45    5.36
  38960.613    82.966     8.73    6.75
  39247.254    85.673     9.44    7.08
  39533.899    88.289     9.13    6.89
  39820.545    90.854     8.95    6.60
  40107.194    93.305     8.55    6.19
  40393.846    95.975     9.31    6.48
  40680.500    98.604     9.17    6.72
  40967.156   101.185     9.00    6.28
  41253.815   103.243     7.18    5.64
  41540.476   105.104     6.49    4.97
  41827.140   106.984     6.56    4.20
  42113.806   108.671     5.88    4.39
  42400.475   110.587     6.68    5.64
  42687.146   113.356     9.66    6.80
  42973.819   116.249    10.09    7.32
  43260.495   119.064     9.82    7.32
  43547.047   121.992    10.22    7.34
  43833.281   124.940    10.30    8.64
  44119.517   127.392     8.56   10.61
  44405.755   129.309     6.70   12.17
  44691.994   131.416     7.36   13.22
  44978.235   134.347    10.24   14.27
  45264.478   138.290    13.78   14.99
  45550.722   142.037    13.09   14.44
  45836.968   144.143     7.35   13.66
  46123.216   145.445     4.55   13.06
  46409.465   145.724     0.98   13.22
  46695.717   145.047    -2.37   14.37
  46981.970   143.026    -7.06   14.72
  47268.224   141.652    -4.80   13.71
  47554.480   140.792    -3.00   12.31
  47840.738   140.536    -0.89   10.85
  48126.998   141.667     3.95   11.25
  48413.260   142.354     2.40   13.17
  48699.523   143.509     4.04   15.23
  48985.788   144.709     4.19   16.39
  49272.054   146.509     6.29   16.67
  49558.322   149.055     8.89   17.53
  49844.592   150.253     4.19   18.88
  50130.864   149.896    -1.25   18.73
  50417.137   147.910    -6.94   18.14
  50703.412   144.208   -12.93   14.03
  50989.689   141.891    -8.09   10.19
  51275.968   141.210    -2.38    7.98
  51562.248   141.947     2.57    7.11
  51848.530   144.687     9.57    7.93
  52134.814   147.696    10.51   10.84
  52421.099   151.886    14.63   16.10
  52707.386   154.861    10.39   18.82
  52993.675   156.544     5.88   17.85
  53279.965   155.973    -1.99   13.43
  53566.257   155.931    -0.15   11.78
  53852.551   154.516    -4.94   10.63
  54138.847   153.317    -4.19    9.34
  54425.144   152.672    -2.25    8.08
  54711.443   152.373    -1.04    8.25
  54997.744   152.189    -0.64    9.38
  55284.046   152.879     2.41   10.27
  55570.350   153.523     2.25   10.42
  55856.656   153.931     1.43   10.09
  56142.963   154.114     0.64    9.54
  56429.273   154.903     2.76    9.27
  56715.584   156.317     4.94    9.03
  57001.896   158.398     7.27    8.78
  57288.211   161.209     9.81    8.75
  57574.527   164.544    11.65    7.74
  57860.844   168.062    12.29    6.97
  58147.164   170.973    10.17    7.62
  58433.485   173.347     8.29    7.99
  58719.808   176.182     9.90    8.49
  59006.133   180.079    13.61    9.27
  59292.459   184.023    13.77    9.86
  59578.787   187.351    11.63   10.18
  59865.117   190.348    10.47    9.64
  60151.448   192.475     7.43    9.04
  60437.781   193.261     2.74    9.10
  60724.116   192.454    -2.82    9.06
  61010.452   190.925    -5.34    9.64
  61296.791   189.446    -5.17   10.52
  61583.131   187.403    -7.13   11.04
  61869.472   184.973    -8.48    9.96
  62155.816   183.729    -4.35    8.89
  62442.161   183.686    -0.15    9.46
  62728.508   184.901     4.24   11.49
  63014.856   186.573     5.84   13.41
  63301.206   188.840     7.92   14.45
  63587.558   190.985     7.49   14.71
  63873.912   192.680     5.92   14.69
  64160.267   193.924     4.34   14.40
  64446.624   194.886     3.36   13.30
  64732.983   196.591     5.95   12.23
  65019.344   198.160     5.48   10.40
  65305.706   199.724     5.46    9.51
  65592.070   201.719     6.96    9.86
  65878.435   204.494     9.69   10.00
  66164.802   208.199    12.94   11.15
  66451.171   212.059    13.48   12.72
  66737.542   216.206    14.48   14.09
  67023.915   220.988    16.70   15.49
  67310.289   225.445    15.57   16.78
  67596.665   228.530    10.77   17.65
  67883.042   230.338     6.31   18.61
  68169.421   230.336    -0.00   19.51
  68455.802   227.913    -8.46   19.14
  68742.185   224.988   -10.21   16.92
  69028.569   222.130    -9.98   13.35
  69314.956   220.425    -5.95   10.50
  69601.343   220.530     0.36    8.57
  69887.733   222.093     5.46    7.74
  70174.124   225.480    11.83    8.46
  70460.517   229.721    14.81   10.75
  70746.912   234.614    17.08   13.67
  71033.308   239.744    17.91   14.98
  71319.706   245.794    21.12   15.37
  71606.106   251.290    19.19   15.12
  71892.507   256.858    19.44   15.80
  72178.911   261.290    15.47   16.28
  72465.316   266.312    17.53   16.50
  72751.722   271.762    19.03   16.52
  73038.130   277.706    20.75   15.75
  73324.540   283.529    20.33   14.45
  73610.952   290.113    22.99   14.08
  73897.366   296.812    23.39   16.52
  74183.781   306.178    32.70   21.66
  74470.198   318.833    44.18   28.48
  74756.616   335.785    59.19   36.51
  75043.037   355.847    70.04   44.68
  75329.459   377.474    75.51   50.27
  75615.882   401.558    84.09   52.98
  75902.308   423.614    77.00   51.82
  76188.735   439.543    55.62   45.79
  76475.164   448.899    32.66   40.07
  76761.594   458.888    34.87   38.48
  77048.027   470.135    39.26   42.98
  77334.460   482.914    44.62   50.15
  77620.896   495.769    44.88   54.87
  77907.334   512.564    58.63   57.00
  78193.773   533.919    74.55   57.94
  78480.213   551.894    62.76   52.47
  78766.656   563.760    41.43   49.65
  79053.100   571.757    27.92   48.60
  79339.546   572.594     2.92   46.16
  79625.994   565.237   -25.68   49.83
  79912.443   553.778   -40.00   57.27
  80198.894   537.833   -55.66   62.33
  80485.347   521.747   -56.16   62.51
  80771.802   502.706   -66.47   55.14
  81058.258   485.762   -59.15   43.78
  81344.716   475.591   -35.51   41.06
  81631.175   467.943   -26.70   42.69
  81917.637   459.654   -28.94   44.49
  82204.100   448.606   -38.57   42.25
  82490.565   437.229   -39.72   37.62
  82777.031   425.935   -39.42   30.79
  83063.499   416.509   -32.91   21.76
  83349.969   410.092   -22.40   14.05
  83636.441   406.225   -13.50    9.35
  83922.914   405.166    -3.70   10.29
  84209.389   404.312    -2.98   11.85
  84495.866   400.802   -12.25   14.38
  84782.344   396.745   -14.16   15.58
  85068.824   393.455   -11.48   15.37
  85355.306   391.557    -6.63   14.05
  85641.790   389.842    -5.99   11.12
  85928.275   388.350    -5.21    8.59
  86214.762   387.823    -1.84    8.11
  86501.251   388.900     3.76    7.72
