-208719.413  1130.946     0.00   67.90
-208431.354  1119.634   -39.26   79.37
-208143.275  1094.720   -86.47   96.83
-207855.174  1066.858   -96.70  114.53
-207567.052  1029.750  -128.78  120.66
-207278.910   981.884  -166.10  110.53
-206990.746   940.285  -144.34   93.79
-206702.561   929.970   -35.79   95.22
-206414.356   931.265     4.49   96.70
-206126.129   943.246    41.56  104.07
-205837.881   970.849    95.75   93.97
-205549.612   992.233    74.17   79.04
-205261.322   998.122    20.43   81.89
-204973.011   997.777    -1.20   93.36
-204684.678   989.164   -29.87   97.72
-204396.325   990.180     3.53   95.86
-204107.951   993.021     9.85   91.52
-203819.555  1005.971    44.90   90.82
-203531.138  1024.256    63.39   92.32
-203242.701  1047.035    78.96   87.88
-202954.242  1066.589    67.78   81.75
-202665.762  1085.242    64.65   79.97
-202377.261  1093.655    29.16   83.66
-202088.738  1095.680     7.02   87.78
-201800.195  1103.722    27.87   86.36
-201511.630  1122.440    64.86   85.83
-201223.045  1147.598    87.17   94.24
-200934.438  1176.407    99.81   94.61
-200645.810  1200.467    83.35   90.16
-200357.160  1222.312    75.67   80.84
-200068.490  1236.803    50.19   80.03
-199779.798  1231.821   -17.26   90.93
-199491.086  1217.607   -49.23  107.25
-199202.352  1191.699   -89.72  122.08
-198913.597  1165.281   -91.48  133.05
-198624.820  1121.609  -151.21  143.88
-198336.023  1063.157  -202.37  157.22
-198047.204  1011.119  -180.15  164.17
-197758.364   962.044  -169.88  161.21
-197469.503   917.935  -152.68  143.90
-197180.620   882.027  -124.28  120.22
-196891.717   850.692  -108.45   97.75
-196602.792   832.071   -64.44   95.22
-196315.622   822.205   -34.35   96.07
-196031.094   818.241   -13.93   96.86
-195746.546   807.391   -38.13   98.65
-195461.979   799.207   -28.76   95.74
-195177.391   786.856   -43.39   91.43
-194892.784   776.146   -37.63   94.76
-194608.156   768.847   -25.64   98.64
-194323.509   763.265   -19.61   99.31
-194038.842   749.741   -47.50   93.69
-193754.155   725.645   -84.63   94.86
-193469.448   691.016  -121.62   93.44
-193184.721   659.577  -110.40   98.44
-192899.975   618.128  -145.55  109.96
-192615.208   559.634  -205.39  115.70
-192330.421   511.575  -168.73  111.15
-192045.615   471.598  -140.35   96.27
-191760.788   443.657   -98.09   80.74
-191475.941   427.166   -57.89   67.10
-191191.075   418.028   -32.07   56.79
-190906.189   417.082    -3.32   55.05
-190621.282   424.968    27.68   62.71
-190336.356   441.160    56.82   71.94
-190051.409   470.669   103.55   83.94
-189766.443   505.415   121.92   90.23
-189481.457   547.464   147.53   91.13
-189196.451   584.347   129.40   86.57
-188911.424   613.089   100.83   83.25
-188626.378   645.044   112.09   84.15
-188341.312   673.673   100.42   84.74
-188056.225   703.308   103.94   95.06
-187771.119   723.821    71.94   98.00
-187485.993   744.496    72.50  100.07
-187200.847   777.558   115.93   98.72
-186915.680   817.137   138.78   96.15
-186630.494   852.821   125.11  104.45
-186345.287   900.776   168.12  112.63
-186060.061   948.334   166.72  112.82
-185774.814   995.168   164.17   97.38
-185489.548  1029.616   120.74   78.22
-185204.261  1054.964    88.84   51.86
-184918.954  1058.243    11.49   40.16
-184633.628  1039.456   -65.84   66.00
-184348.281  1005.508  -118.96   86.83
-184062.914   968.866  -128.39   90.41
-183777.527   942.662   -91.81   82.65
-183492.120   930.195   -43.68   78.93
-183206.693   928.846    -4.72   81.47
-182921.245   935.464    23.18   89.15
-182635.778   937.549     7.30   94.47
-182350.291   944.530    24.45   88.14
-182064.783   959.145    51.19   75.48
-181779.255   966.401    25.41   74.18
-181493.708   971.687    18.51   72.09
-181208.140   984.195    43.79   75.23
-180922.552  1005.088    73.15   79.98
-180636.943  1029.216    84.47   79.09
-180351.315  1055.425    91.75   72.90
-180065.667  1082.290    94.04   71.13
-179779.998  1109.074    93.75   68.38
-179494.309  1137.976   101.15   67.45
-179208.600  1160.242    77.93   65.27
-178922.871  1176.612    57.29   55.69
-178637.122  1182.655    21.15   45.79
-178351.352  1173.880   -30.70   53.19
-178065.563  1152.255   -75.66   68.64
-177779.753  1116.580  -124.81   77.22
-177493.923  1080.008  -127.94   76.83
-177208.073  1036.244  -153.09   71.35
-176922.202   993.251  -150.38   80.58
-176636.312   936.549  -198.31  105.39
-176350.401   871.626  -227.05  126.54
-176064.470   807.255  -225.10  140.02
-175778.519   737.759  -243.01  139.62
-175492.547   663.874  -258.34  121.34
-175206.556   603.449  -211.26   97.84
-174920.544   556.906  -162.72   77.00
-174634.512   519.949  -129.19   61.47
-174348.459   492.785   -94.95   47.08
-174062.387   472.042   -72.50   34.62
-173776.294   470.382    -5.80   31.32
-173490.181   483.889    47.20   50.63
-173204.047   510.286    92.24   78.32
-172917.894   555.558   158.19  104.37
-172631.720   598.145   148.80  114.98
-172345.526   649.778   180.40  117.67
-172059.311   705.403   194.33  104.85
-171773.076   750.040   155.93   92.27
-171486.821   795.193   157.72   82.84
-171200.546   824.527   102.46   76.63
-170914.250   851.908    95.63   70.28
-170627.934   875.219    81.41   65.63
-170341.598   896.268    73.50   61.08
-170055.242   912.079    55.21   58.77
-169768.865   927.137    52.57   57.42
-169482.468   941.400    49.80   56.10
-169196.050   956.338    52.15   50.94
-168909.612   967.961    40.57   47.26
-168623.154   974.968    24.46   41.02
-168336.675   980.461    19.17   30.25
-168050.176   979.180    -4.47   30.62
-167763.657   967.370   -41.22   43.04
-167477.117   948.235   -66.77   56.53
-167190.557   923.000   -88.06   64.93
-166903.977   899.317   -82.63   60.25
-166617.376   878.178   -73.75   57.38
-166330.755   870.950   -25.22   60.35
-166044.114   874.055    10.83   63.79
-165757.452   885.078    38.45   63.98
-165470.770   895.544    36.51   56.86
-165184.067   896.689     3.99   51.39
-164897.344   888.043   -30.15   58.12
-164610.600   864.812   -81.01   70.75
-164323.836   829.113  -124.48   77.89
-164037.052   787.401  -145.43   81.10
-163750.247   745.105  -147.46   83.52
-163463.422   704.812  -140.47   80.42
-163176.577   677.553   -95.02   67.96
-162889.711   656.607   -73.01   53.06
-162602.824   655.596    -3.52   49.28
-162315.917   670.334    51.36   63.95
-162028.990   699.595   101.97   82.95
-161742.042   744.401   156.14   92.89
-161455.074   789.435   156.91   85.89
-161168.085   825.871   126.95   69.73
-160881.075   849.145    81.08   50.47
-160594.046   857.193    28.03   45.82
-160306.996   848.609   -29.90   52.36
-160019.925   841.689   -24.10   56.02
-159732.834   835.342   -22.11   53.01
-159445.722   834.944    -1.39   50.35
-159158.590   844.926    34.76   53.97
-158871.437   860.571    54.48   56.43
-158584.264   885.154    85.60   52.74
-158297.070   906.060    72.79   43.18
-158009.856   916.562    36.56   35.43
-157722.621   913.193   -11.73   37.68
-157435.366   903.116   -35.07   48.42
-157148.090   884.002   -66.53   58.09
-156860.793   862.080   -76.30   56.20
-156573.476   837.268   -86.35   47.59
-156286.139   819.995   -60.11   38.87
-155998.781   805.963   -48.83   35.68
-155711.402   793.761   -42.46   39.42
-155424.003   779.491   -49.65   45.67
-155136.583   763.414   -55.93   51.58
-154849.143   746.034   -60.46   55.60
-154561.682   728.752   -60.11   53.17
-154274.200   715.303   -46.78   45.66
-153986.698   705.732   -33.29   41.75
-153699.176   702.493   -11.27   47.24
-153411.632   705.025     8.81   58.86
-153124.068   708.131    10.80   69.35
-152836.484   711.470    11.61   77.87
-152548.879   710.251    -4.24   92.72
-152261.253   705.744   -15.67  105.43
-151973.606   693.617   -42.16  117.08
-151685.939   681.901   -40.72  119.76
-151398.252   650.918  -107.68  120.42
-151110.543   626.099   -86.26  123.49
-150822.814   587.795  -133.11  115.88
-150535.065   555.286  -112.97   96.54
-150247.294   533.558   -75.50   72.86
-149959.503   524.455   -31.63   61.18
-149671.692   527.102     9.20   61.69
-149383.859   543.308    56.30   71.94
-149096.006   566.511    80.60   78.58
-148808.133   596.025   102.51   81.40
-148520.238   625.269   101.57   78.63
-148232.323   653.476    97.96   80.33
-147944.388   677.286    82.69   84.14
-147656.431   703.575    91.29   84.57
-147368.454   720.242    57.87   77.27
-147080.456   726.652    22.26   73.14
-146792.437   716.128   -36.54   69.76
-146504.398   695.610   -71.23   74.30
-146216.338   660.607  -121.50   82.37
-145928.257   617.299  -150.32   93.26
-145640.156   566.060  -177.84   94.72
-145352.033   515.961  -173.86  102.66
-145063.890   465.134  -176.38  107.45
-144775.727   421.900  -150.02  101.68
-144487.542   396.603   -87.77   88.66
-144199.337   377.045   -67.86   76.00
-143911.111   368.308   -30.31   70.08
-143622.864   371.290    10.35   71.14
-143334.596   380.102    30.57   72.14
-143046.308   392.193    41.94   70.98
-142757.998   409.733    60.83   64.26
-142469.668   433.549    82.59   56.78
-142181.318   455.145    74.89   60.76
-141892.946   472.036    58.57   69.98
-141604.553   489.342    60.00   72.28
-141316.140   492.584    11.24   71.31
-141027.706   494.547     6.80   73.20
-140739.251   491.555   -10.37   70.18
-140450.775   489.558    -6.93   66.27
-140162.279   488.629    -3.22   57.67
-139873.761   497.687    31.39   52.43
-139585.223   516.777    66.16   58.43
-139296.664   541.481    85.60   60.65
-139008.084   562.117    71.50   58.27
-138719.483   582.663    71.19   66.78
-138430.861   618.009   122.45   79.24
-138142.219   648.090   104.21   89.00
-137853.555   682.803   120.24   99.70
-137564.871   715.742   114.09   99.01
-137276.166   747.365   109.52   98.28
-136987.440   770.450    79.95   92.54
-136698.692   793.100    78.44   85.98
-136409.925   810.701    60.95   77.04
-136121.136   820.909    35.35   74.12
-135832.326   822.626     5.94   76.16
-135543.495   820.581    -7.08   81.49
-135254.644   813.976   -22.87   90.21
-134965.771   792.716   -73.59  102.89
-134676.878   758.724  -117.65  111.38
-134390.268   739.996   -65.34  105.38
-134105.713   729.108   -38.26   99.37
-133821.139   725.088   -14.13   94.40
-133536.545   726.473     4.87   96.80
-133251.932   733.238    23.77   98.70
-132967.299   740.854    26.75   91.82
-132682.646   744.482    12.74   82.96
-132397.974   744.479    -0.01   71.29
-132113.283   754.189    34.11   69.89
-131828.571   778.377    84.95   77.65
-131543.840   802.880    86.05   71.24
-131259.090   807.707    16.95   62.55
-130974.319   793.926   -48.39   67.73
-130689.530   784.320   -33.73   72.56
-130404.720   774.002   -36.23   76.68
-130119.891   750.857   -81.25   78.05
-129835.042   719.821  -108.95   79.19
-129550.174   679.265  -142.35   88.02
-129265.286   643.838  -124.35   96.49
-128980.378   612.654  -109.44   92.38
-128695.451   583.925  -100.82   76.96
-128410.504   566.995   -59.41   64.00
-128125.537   553.527   -47.26   58.79
-127840.551   542.540   -38.55   60.10
-127555.544   539.038   -12.29   63.88
-127270.519   542.504    12.16   73.37
-126985.473   541.812    -2.43   82.58
-126700.408   536.166   -19.80   87.49
-126415.323   544.899    30.63  102.97
-126130.219   546.828     6.77  109.64
-125845.094   536.502   -36.22  106.85
-125559.950   524.370   -42.54   96.58
-125274.787   507.591   -58.83   78.96
-124989.603   493.803   -48.34   67.37
-124704.400   485.898   -27.72   64.21
-124419.177   474.892   -38.59   62.30
-124133.935   462.326   -44.05   60.75
-123848.672   447.855   -50.72   56.81
-123563.390   428.049   -69.42   50.15
-123278.088   412.617   -54.08   36.81
-122992.767   406.086   -22.89   30.03
-122707.425   417.329    39.40   47.06
-122422.064   442.684    88.85   73.65
-122136.683   478.954   127.08   95.98
-121851.282   534.128   193.31  110.57
-121565.862   591.329   200.40  109.94
-121280.422   636.312   157.58   94.64
-120994.962   673.347   129.73   73.04
-120709.482   693.437    70.37   55.17
-120423.982   690.290   -11.02   62.30
-120138.463   677.864   -43.52   78.69
-119852.923   655.998   -76.57   90.09
-119567.364   616.184  -139.42   94.14
-119281.785   580.990  -123.23   93.57
-118996.187   544.795  -126.73   82.50
-118710.568   524.637   -70.57   64.57
-118424.930   518.680   -20.85   58.15
-118139.272   523.607    17.24   59.34
-117853.594   534.566    38.36   64.22
-117567.896   551.365    58.79   63.25
-117282.178   565.998    51.21   54.23
-116996.440   574.690    30.42   57.09
-116710.683   579.058    15.28   62.53
-116424.905   583.375    15.11   65.77
-116139.108   581.891    -5.19   71.65
-115853.291   591.024    31.95   74.10
-115567.454   603.676    44.26   73.73
-115281.597   619.242    54.45   68.98
-114995.721   628.706    33.10   60.90
-114709.824   635.154    22.55   52.68
-114423.907   633.761    -4.87   48.66
-114137.971   622.224   -40.34   57.05
-113852.015   605.751   -57.61   64.91
-113566.038   588.974   -58.66   68.95
-113280.042   588.803    -0.60   85.09
-112994.026   599.525    37.48  105.25
-112707.990   616.312    58.68  123.83
-112421.934   629.427    45.85  135.42
-112135.858   637.029    26.57  136.39
-111849.763   631.452   -19.49  136.24
-111563.647   601.593  -104.36  143.52
-111277.511   553.621  -167.64  150.89
-110991.355   500.195  -186.69  151.16
-110705.180   454.692  -158.99  139.66
-110418.984   424.384  -105.89  118.10
-110132.768   404.094   -70.89   93.72
-109846.533   410.299    21.68   92.29
-109560.277   438.055    96.96  108.18
-109274.002   480.452   148.09  111.99
-108987.706   522.935   148.38  100.51
-108701.391   552.614   103.65   92.48
-108415.055   575.641    80.42   90.49
-108128.700   595.987    71.05   92.40
-107842.324   622.444    92.38   97.51
-107555.929   651.923   102.93  101.18
-107269.513   682.405   106.42  108.40
-106983.078   722.093   138.55  106.00
-106696.622   759.216   129.59   77.04
-106410.146   759.388     0.60   76.58
-106123.651   744.667   -51.38   90.98
-105837.135   711.680  -115.12  114.92
-105550.599   663.628  -167.69  118.85
-105264.043   609.922  -187.41  112.16
-104977.468   564.142  -159.74   95.37
-104690.872   545.233   -65.97   81.59
-104404.256   539.891   -18.64   86.54
-104117.620   560.873    73.20  105.54
-103830.963   589.176    98.73  114.10
-103544.287   614.741    89.17  114.77
-103257.591   634.891    70.28   95.88
-102970.874   638.202    11.55   91.07
-102684.138   622.770   -53.82  101.73
-102397.381   582.082  -141.88  115.86
-102110.605   525.095  -198.70  121.95
-101823.808   482.949  -146.95  129.33
-101536.991   444.481  -134.11  124.22
-101250.154   420.795   -82.57  108.64
-100963.297   417.031   -13.12  108.54
-100676.419   419.600     8.95  108.60
-100389.522   424.402    16.74  109.41
-100102.604   427.208     9.78  106.98
 -99815.667   419.882   -25.53  103.52
 -99528.709   397.821   -76.88  107.21
 -99241.731   377.913   -69.36  104.86
 -98954.733   358.470   -67.74   92.80
 -98667.714   340.031   -64.24   77.55
 -98380.676   338.628    -4.89   79.74
 -98093.617   352.434    48.09   95.46
 -97806.538   369.058    57.90   98.35
 -97519.439   388.626    68.16  102.43
 -97232.320   392.664    14.06   99.68
 -96945.180   381.427   -39.13   87.08
 -96658.021   368.923   -43.54   77.09
 -96370.841   357.925   -38.29   63.88
 -96083.641   350.848   -24.64   50.80
 -95796.421   354.929    14.21   52.33
 -95509.180   363.795    30.86   58.70
 -95221.919   376.251    43.36   66.14
 -94934.639   404.075    96.85   84.36
 -94647.337   428.665    85.59   95.67
 -94360.016   450.981    77.66  102.24
 -94072.674   463.846    44.77  102.01
 -93785.313   478.496    50.98  105.41
 -93497.930   487.683    31.96  108.99
 -93210.528   494.872    25.01  108.56
 -92923.105   507.252    43.07  116.16
 -92635.662   519.724    43.39  122.97
 -92348.199   524.381    16.20  121.15
 -92060.716   531.562    24.98  117.41
 -91773.212   529.325    -7.78  102.33
 -91485.688   522.925   -22.26   92.30
 -91198.144   524.952     7.05   86.32
 -90910.579   527.439     8.65   81.40
 -90622.994   523.593   -13.37   64.64
 -90335.389   519.356   -14.73   48.01
 -90047.763   531.084    40.77   45.89
 -89760.118   556.854    89.58   56.28
 -89472.451   590.496   116.94   76.04
 -89184.765   623.995   116.44   96.34
 -88897.058   666.134   146.46  107.02
 -88609.331   702.470   126.28  101.05
 -88321.583   723.735    73.90   91.25
 -88033.816   737.286    47.09   84.07
 -87746.027   730.286   -24.32   85.84
 -87458.219   706.607   -82.27   91.12
 -87170.390   679.223   -95.13   87.76
 -86882.541   656.060   -80.47   84.98
 -86594.671   630.452   -88.95   71.57
 -86306.781   624.367   -21.14   56.11
 -86018.871   638.837    50.25   65.79
 -85730.940   662.898    83.56   79.81
 -85442.989   689.600    92.73   85.27
 -85155.017   710.759    73.47   81.70
 -84867.025   713.786    10.51   81.44
 -84579.013   711.447    -8.12   86.36
 -84290.980   715.733    14.88   91.29
 -84002.927   705.476   -35.61  100.80
 -83714.853   670.981  -119.74  116.37
 -83426.759   624.447  -161.52  129.91
 -83138.645   587.047  -129.81  136.43
 -82850.510   547.084  -138.69  126.51
 -82562.354   526.913   -70.00  119.75
 -82274.179   498.549   -98.42  101.53
 -81985.982   472.961   -88.78   98.13
 -81697.766   468.540   -15.34  101.13
 -81409.529   483.222    50.93  109.87
 -81121.271   503.018    68.67  116.12
 -80832.993   522.897    68.96  111.37
 -80544.694   539.055    56.04   99.00
 -80256.375   561.821    78.95   94.84
 -79968.036   588.634    92.99   88.63
 -79679.676   614.453    89.53   85.94
 -79391.295   635.637    73.45   89.44
 -79102.894   661.365    89.21  100.34
 -78814.473   680.473    66.25  100.85
 -78526.031   687.753    25.24   94.42
 -78237.568   679.461   -28.74  104.93
 -77949.085   657.435   -76.35  117.19
 -77660.582   637.939   -67.57  118.61
 -77372.058   622.543   -53.36  112.87
 -77083.513   612.777   -33.84  102.85
 -76794.948   625.917    45.53  101.25
 -76506.362   659.607   116.73   98.63
 -76217.756   698.419   134.47   85.11
 -75929.129   722.571    83.67   78.43
 -75640.482   725.180     9.04   76.07
 -75351.814   707.415   -61.54   87.94
 -75063.125   678.660   -99.60  110.20
 -74774.416   638.564  -138.88  132.32
 -74485.686   583.577  -190.44  154.20
 -74196.936   517.172  -229.97  168.58
 -73908.165   439.325  -269.57  170.40
 -73619.374   369.555  -241.58  161.86
 -73330.562   307.325  -215.46  126.89
 -73041.729   259.177  -166.69   84.91
 -72752.876   232.299   -93.05   51.66
 -72466.779   220.278   -42.02   29.75
 -72182.188   216.602   -12.92   16.48
 -71897.578   222.189    19.63   20.61
 -71612.949   227.030    17.01   23.24
 -71328.300   229.735     9.50   25.88
 -71043.632   231.031     4.55   27.22
 -70758.944   243.163    42.61   43.73
 -70474.238   264.207    73.91   69.94
 -70189.512   296.718   114.18   94.81
 -69904.767   331.549   122.32  102.98
 -69620.002   368.221   128.77   99.41
 -69335.218   393.094    87.34   88.44
 -69050.415   417.476    85.61   73.01
 -68765.593   436.251    65.92   61.59
 -68480.751   457.196    73.53   66.39
 -68195.890   475.274    63.46   73.42
 -67911.010   501.429    91.81   76.87
 -67626.110   534.510   116.11   75.48
 -67341.191   568.171   118.14   72.39
 -67056.252   601.795   118.00   64.49
 -66771.295   629.356    96.72   45.78
 -66486.318   646.099    58.75   29.23
 -66201.321   649.396    11.57   22.31
 -65916.306   641.880   -26.37   28.92
 -65631.270   628.794   -45.91   38.67
 -65346.216   606.514   -78.16   47.75
 -65061.142   588.963   -61.56   47.64
 -64776.049   579.677   -32.57   45.65
 -64490.936   576.830    -9.99   46.00
 -64205.804   586.682    34.55   54.25
 -63920.653   601.265    51.14   59.63
 -63635.482   620.051    65.88   58.17
 -63350.292   643.588    82.53   47.45
 -63065.082   656.702    45.98   36.37
 -62779.853   663.854    25.08   29.01
 -62494.605   666.303     8.59   27.08
 -62209.337   655.303   -38.56   39.35
 -61924.050   639.074   -56.88   49.06
 -61638.743   619.412   -68.92   53.63
 -61353.417   597.891   -75.42   52.36
 -61068.072   571.119   -93.82   48.17
 -60782.707   547.853   -81.53   45.37
 -60497.322   523.642   -84.83   44.03
 -60211.918   496.172   -96.25   48.70
 -59926.495   470.977   -88.27   53.12
 -59641.052   446.041   -87.36   55.57
 -59355.590   420.871   -88.17   57.71
 -59070.109   396.716   -84.61   55.90
 -58784.607   377.212   -68.31   51.22
 -58499.087   364.553   -44.33   50.61
 -58213.547   359.145   -18.94   53.71
 -57927.987   355.995   -11.03   57.16
 -57642.408   356.752     2.65   60.24
 -57356.810   354.390    -8.27   59.50
 -57071.191   344.667   -34.04   48.34
 -56785.554   332.891   -41.22   44.62
 -56499.897   320.498   -43.38   45.52
 -56214.220   304.930   -54.49   41.29
 -55928.524   290.066   -52.03   32.66
 -55642.809   276.540   -47.34   25.64
 -55357.073   266.337   -35.71   24.98
 -55071.319   254.920   -39.95   26.38
 -54785.545   242.638   -42.98   29.55
 -54499.751   230.165   -43.64   31.62
 -54213.938   221.333   -30.90   30.85
 -53928.105   212.846   -29.69   33.60
 -53642.252   203.612   -32.30   36.53
 -53356.380   199.040   -15.99   37.35
 -53070.489   199.420     1.33   37.29
 -52784.578   206.185    23.66   44.40
 -52498.647   216.365    35.60   53.94
 -52212.697   237.145    72.67   65.18
 -51926.727   261.358    84.67   68.94
 -51640.738   296.081   121.41   66.67
 -51354.729   330.672   120.94   56.38
 -51068.700   354.820    84.43   47.92
 -50782.652   373.081    63.83   42.43
 -50496.584   389.608    57.77   37.18
 -50210.497   400.716    38.82   33.08
 -49924.390   401.265     1.92   31.26
 -49638.264   398.547    -9.50   29.85
 -49352.117   392.847   -19.92   29.60
 -49065.951   383.346   -33.20   32.19
 -48779.766   369.692   -47.71   34.06
 -48493.561   357.476   -42.68   34.13
 -48207.336   344.551   -45.15   35.58
 -47921.092   330.631   -48.63   35.27
 -47634.828   315.515   -52.80   38.46
 -47348.544   300.066   -53.96   39.76
 -47062.241   283.873   -56.56   38.76
 -46775.918   273.514   -36.18   32.35
 -46489.575   268.837   -16.33   31.30
 -46203.212   257.955   -38.00   35.02
 -45916.830   248.277   -33.79   37.75
 -45630.429   243.347   -17.21   38.24
 -45344.007   250.744    25.83   43.03
 -45057.566   257.456    23.43   44.18
 -44771.105   261.531    14.23   43.81
 -44484.625   269.707    28.54   45.36
 -44198.125   285.476    55.04   46.14
 -43911.605   309.106    82.47   46.88
 -43625.065   331.027    76.50   44.37
 -43338.506   349.752    65.34   44.80
 -43051.927   362.566    44.71   40.55
 -42765.328   374.635    42.11   31.57
 -42478.709   385.053    36.35   20.76
 -42192.071   390.786    20.00   15.01
 -41905.413   388.710    -7.24   15.73
 -41618.735   382.413   -21.96   20.00
 -41332.038   375.102   -25.50   22.85
 -41045.320   370.142   -17.30   24.26
 -40758.583   367.990    -7.51   25.14
 -40471.826   369.386     4.87   29.19
 -40185.050   376.654    25.34   35.49
 -39898.253   386.320    33.70   37.48
 -39611.437   398.291    41.73   34.66
 -39324.601   407.157    30.91   29.69
 -39037.746   415.233    28.15   25.06
 -38750.870   411.329   -13.61   30.15
 -38463.975   398.980   -43.04   37.09
 -38177.060   382.012   -59.14   41.80
 -37890.125   358.282   -82.70   45.29
 -37603.170   336.111   -77.26   47.71
 -37316.195   311.947   -84.20   49.41
 -37029.201   287.508   -85.16   49.78
 -36742.187   263.586   -83.35   50.60
 -36455.153   243.017   -71.66   44.20
 -36168.099   228.990   -48.87   36.99
 -35881.025   218.403   -36.88   31.61
 -35593.931   218.105    -1.04   39.81
 -35306.818   218.530     1.48   46.80
 -35019.685   218.735     0.71   48.20
 -34732.531   220.473     6.05   47.75
 -34445.358   220.595     0.42   43.01
 -34158.166   221.668     3.74   43.87
 -33870.953   227.346    19.77   52.52
 -33583.720   240.165    44.63   61.56
 -33296.468   256.438    56.65   71.18
 -33009.195   278.642    77.29   78.52
 -32721.903   302.299    82.34   79.29
 -32434.591   325.403    80.41   75.82
 -32147.258   341.168    54.87   65.96
 -31859.906   354.761    47.30   51.79
 -31572.534   359.795    17.52   44.66
 -31285.143   358.856    -3.27   44.58
 -30997.731   341.889   -59.03   56.45
 -30710.299   321.551   -70.76   65.92
 -30422.847   296.484   -87.20   67.82
 -30135.376   271.882   -85.58   62.66
 -29847.884   243.984   -97.04   52.30
 -29560.373   227.139   -58.59   44.25
 -29272.841   213.956   -45.85   33.55
 -28985.290   205.514   -29.36   29.45
 -28697.719   200.094   -18.85   30.45
 -28410.127   192.492   -26.43   36.88
 -28122.516   180.652   -41.17   48.57
 -27834.885   162.733   -62.30   64.70
 -27547.233   140.025   -78.94   75.25
 -27259.562   118.953   -73.25   71.33
 -26971.871   102.998   -55.46   64.25
 -26684.160   101.467    -5.32   62.12
 -26396.428   108.145    23.21   69.84
 -26108.677   127.176    66.14   78.50
 -25820.906   155.991   100.13   83.48
 -25533.115   183.605    95.95   74.84
 -25245.303   212.091    98.97   57.54
 -24957.472   232.405    70.57   43.90
 -24669.621   241.913    33.03   38.21
 -24381.749   247.200    18.36   36.10
 -24093.858   251.295    14.22   36.37
 -23805.947   252.896     5.56   35.29
 -23518.015   253.600     2.44   32.76
 -23230.064   255.622     7.02   30.52
 -22942.092   260.711    17.67   29.70
 -22654.100   265.660    17.19   28.75
 -22366.089   271.667    20.85   28.33
 -22078.057   278.519    23.79   26.88
 -21790.005   283.895    18.66   25.36
 -21501.933   288.303    15.30   21.71
 -21213.841   291.786    12.09   16.97
 -20925.729   293.183     4.85   12.46
 -20637.596   294.095     3.17    9.72
 -20349.444   292.630    -5.08   10.78
 -20061.272   289.949    -9.30   13.25
 -19773.079   287.055   -10.04   16.01
 -19484.866   284.585    -8.57   19.72
 -19196.634   280.696   -13.49   22.70
 -18908.381   275.139   -19.28   25.17
 -18620.108   269.487   -19.61   26.99
 -18331.814   261.896   -26.33   29.35
 -18043.501   254.828   -24.51   29.65
 -17755.168   248.174   -23.08   27.37
 -17466.814   245.294    -9.99   25.24
 -17178.440   243.645    -5.72   24.62
 -16890.046   243.345    -1.04   24.41
 -16601.632   243.657     1.08   23.78
 -16313.198   246.066     8.35   23.21
 -16024.743   245.173    -3.10   24.74
 -15736.269   241.495   -12.75   25.55
 -15447.774   235.338   -21.34   25.74
 -15159.259   227.189   -28.24   25.43
 -14870.724   218.518   -30.05   25.41
 -14582.168   208.503   -34.70   24.32
 -14293.593   198.139   -35.91   22.60
 -14004.997   186.707   -39.61   19.51
 -13716.381   178.660   -27.88   15.95
 -13427.745   171.137   -26.07   12.77
 -13139.088   164.924   -21.52   10.12
 -12850.411   160.102   -16.71    7.89
 -12561.715   157.870    -7.73    6.51
 -12272.997   156.587    -4.45    6.26
 -11984.260   154.993    -5.52    7.42
 -11695.502   152.672    -8.04    9.46
 -11406.724   151.820    -2.95   10.18
 -11117.926   154.145     8.05   14.15
 -10829.108   159.321    17.92   22.45
 -10543.521   171.382    42.23   31.09
 -10258.903   184.803    47.15   34.96
  -9974.265   201.862    59.93   35.60
  -9689.609   221.708    69.72   32.33
  -9404.934   240.586    66.31   28.55
  -9120.240   255.687    53.04   26.79
  -8835.527   269.515    48.57   25.08
  -8550.795   282.294    44.88   21.50
  -8266.044   292.560    36.05   17.77
  -7981.274   300.237    26.96   15.54
  -7696.486   303.523    11.54   14.14
  -7411.678   303.821     1.05   15.67
  -7126.851   300.489   -11.70   19.39
  -6842.006   292.578   -27.77   23.57
  -6557.141   281.882   -37.55   25.83
  -6272.257   272.962   -31.31   25.68
  -5987.355   265.545   -26.03   23.14
  -5702.433   259.596   -20.88   20.21
  -5417.493   256.830    -9.71   16.01
  -5132.533   254.167    -9.34   14.04
  -4847.555   250.696   -12.18   14.06
  -4562.557   243.742   -24.40   20.22
  -4277.541   233.290   -36.67   26.35
  -3992.505   221.919   -39.89   28.51
  -3707.450   210.333   -40.65   28.22
  -3422.377   198.803   -40.44   27.95
  -3137.284   185.383   -47.07   31.11
  -2852.173   171.200   -49.75   37.46
  -2567.042   156.372   -52.00   45.13
  -2281.892   136.217   -70.68   50.54
  -1996.724   116.657   -68.59   48.30
  -1711.536    94.492   -77.72   44.75
  -1426.329    68.889   -89.77   39.77
  -1141.103    48.803   -70.42   35.09
   -855.858    32.337   -57.73   31.59
   -570.594    19.743   -44.15   26.08
   -285.311    17.760    -6.95   31.08
     -0.009    28.408    37.32   54.44
    285.312    57.613   102.36   83.79
    570.652    98.812   144.38  102.27
    856.012   145.931   165.12  105.74
   1141.390   188.215   148.17   93.93
   1426.788   229.678   145.28   67.24
   1712.204   258.389   100.59   39.20
   1997.640   274.245    55.55   26.93
   2283.095   281.035    23.79   26.39
   2568.569   283.590     8.95   27.97
   2854.062   288.174    16.06   29.17
   3139.574   286.489    -5.90   33.31
   3425.105   284.688    -6.31   35.53
   3710.656   281.364   -11.64   36.93
   3996.225   277.498   -13.54   37.23
   4281.814   272.878   -16.18   36.67
   4567.422   270.786    -7.32   34.71
   4853.049   270.010    -2.72   32.00
   5138.695   268.997    -3.55   30.11
   5424.360   269.590     2.08   29.13
   5710.045   270.743     4.04   28.87
   5995.748   276.212    19.14   30.34
   6281.471   282.117    20.67   31.25
   6567.213   291.003    31.10   29.58
   6852.974   299.435    29.51   25.87
   7138.754   306.395    24.35   22.21
   7424.554   310.902    15.77   16.90
   7710.373   313.692     9.76   10.01
   7996.211   313.308    -1.35    8.56
   8282.068   309.753   -12.43   10.42
   8567.944   305.053   -16.44   13.29
   8853.839   297.350   -26.94   17.81
   9139.754   286.907   -36.53   21.47
   9425.688   278.694   -28.72   23.07
   9711.641   270.658   -28.10   22.62
   9997.614   262.490   -28.56   21.73
  10283.605   253.702   -30.73   18.57
  10569.616   248.270   -18.99   14.15
  10855.646   246.508    -6.16   11.53
  11141.695   245.743    -2.67   10.78
  11427.764   244.100    -5.74   11.99
  11713.852   240.710   -11.85   17.32
  11999.959   236.496   -14.73   23.49
  12286.085   231.655   -16.92   28.52
  12572.231   225.803   -20.45   31.44
  12858.396   219.256   -22.88   32.35
  13144.580   212.970   -21.97   30.67
  13430.783   206.282   -23.37   25.59
  13717.006   202.165   -14.39   20.43
  14003.248   198.568   -12.56   15.58
  14289.509   195.991    -9.00   12.87
  14575.790   195.744    -0.86   11.63
  14862.090   194.509    -4.31   10.39
  15148.409   192.060    -8.56    8.71
  15434.748   189.398    -9.30    7.73
  15721.106   187.753    -5.74    7.85
  16007.483   185.981    -6.19    7.96
  16293.879   184.595    -4.84    8.90
  16580.295   182.913    -5.87    9.15
  16866.730   181.537    -4.80    8.79
  17153.185   180.519    -3.55    8.24
  17439.659   181.829     4.57    9.79
  17726.152   183.663     6.40   10.36
  18012.664   185.612     6.80   10.87
  18299.196   188.203     9.05   10.69
  18585.747   193.114    17.14   11.95
  18872.318   197.869    16.60   12.60
  19158.908   202.971    17.80   11.83
  19445.517   207.648    16.32   10.33
  19732.146   210.911    11.38    8.83
  20018.794   213.109     7.67    7.19
  20305.462   213.668     1.95    5.92
  20592.149   212.915    -2.62    6.04
  20878.855   210.812    -7.34    6.84
  21165.581   207.869   -10.26    8.50
  21452.326   204.398   -12.11    9.83
  21739.091   199.502   -17.08    9.89
  22025.875   194.919   -15.98    8.91
  22312.678   190.670   -14.82    8.41
  22599.501   186.769   -13.60    7.98
  22886.343   182.378   -15.31    7.55
  23173.205   179.109   -11.40    7.16
  23460.086   176.553    -8.91    6.35
  23746.986   174.458    -7.30    5.14
  24033.906   173.053    -4.90    4.32
  24320.846   171.995    -3.69    4.29
  24607.805   171.252    -2.59    4.12
  24894.783   169.846    -4.90    4.70
  25181.781   167.428    -8.43    6.08
  25468.798   164.803    -9.15    7.39
  25755.835   161.551   -11.33    8.50
  26042.891   158.405   -10.96    8.55
  26329.967   155.688    -9.47    7.23
  26617.062   154.077    -5.61    5.50
  26904.177   154.269     0.67    5.60
  27191.311   156.371     7.32    7.69
  27478.465   160.168    13.22   10.02
  27765.638   164.769    16.02   11.32
  28052.831   169.148    15.25   11.81
  28340.044   172.871    12.96   11.04
  28627.275   175.938    10.68    9.52
  28914.527   177.536     5.56    8.08
  29201.798   178.829     4.50    6.87
  29489.088   179.506     2.36    6.33
  29776.398   179.745     0.83    6.27
  30063.727   178.838    -3.16    6.38
  30351.077   177.112    -6.01    7.26
  30638.445   174.869    -7.80    8.40
  30925.833   172.889    -6.89    9.52
  31213.241   168.234   -16.20   12.03
  31500.668   162.918   -18.50   13.09
  31788.115   157.156   -20.05   13.56
  32075.582   152.855   -14.96   11.60
  32363.068   152.624    -0.80   12.45
  32650.573   156.051    11.92   16.42
  32938.098   162.150    21.21   21.40
  33225.643   170.458    28.89   24.11
  33513.208   181.045    36.81   21.70
  33800.792   188.082    24.47   15.48
  34088.395   191.205    10.86   12.04
  34376.019   189.252    -6.79   13.87
  34663.661   183.812   -18.91   16.77
  34951.324   176.232   -26.35   18.64
  35239.006   168.838   -25.70   17.77
  35526.708   161.303   -26.19   15.25
  35814.429   155.223   -21.13   13.93
  36102.170   150.219   -17.39   13.02
  36389.931   145.685   -15.76   10.59
  36677.711   141.974   -12.89    7.69
  36965.511   139.655    -8.06    6.78
  37253.331   137.515    -7.43    5.67
  37541.170   136.051    -5.09    4.58
  37829.029   135.820    -0.80    5.46
  38116.908   137.037     4.23    7.71
  38404.806   140.907    13.44   12.11
  38692.724   147.088    21.47   15.98
  38980.662   153.128    20.98   17.64
  39268.619   159.018    20.45   17.89
  39556.596   164.906    20.45   16.22
  39844.593   167.504     9.02   12.58
  40132.610   168.787     4.45   11.12
  40420.646   168.426    -1.25   10.23
  40708.702   166.398    -7.04   11.20
  40996.778   161.998   -15.27   12.74
  41284.873   158.437   -12.36   12.33
  41572.988   154.481   -13.73   11.39
  41861.123   150.674   -13.21   10.41
  42149.278   148.035    -9.16    9.21
  42437.452   145.812    -7.71    7.03
  42725.646   145.217    -2.06    5.66
  43013.860   145.162    -0.19    5.36
  43302.093   147.178     6.99    6.93
  43590.347   150.358    11.03    8.21
  43878.620   154.709    15.09    9.12
  44166.913   159.795    17.64    9.06
  44455.226   164.652    16.85    9.89
  44743.558   169.803    17.87    9.85
  45031.910   174.487    16.24    8.97
  45320.282   177.665    11.02    7.59
  45608.674   179.262     5.54    6.39
  45897.086   180.702     4.99    5.74
  46185.517   181.708     3.49    6.18
  46473.969   182.081     1.29    7.05
  46762.440   181.189    -3.09    7.94
  47050.931   179.880    -4.54    8.46
  47339.442   178.605    -4.42    8.37
  47627.972   177.770    -2.89    8.66
  47916.523   176.803    -3.35    9.03
  48205.093   176.183    -2.15    8.26
  48493.683   175.148    -3.58    8.44
  48782.293   176.112     3.34    8.68
  49070.923   176.962     2.94    8.02
  49359.572   177.111     0.52    7.01
  49648.242   178.171     3.67    7.13
  49936.931   180.688     8.72    9.05
  50225.641   184.131    11.93   10.61
  50514.370   188.312    14.48   11.46
  50803.119   193.007    16.26   11.69
  51091.888   197.572    15.81   11.30
  51377.029   201.239    12.86   10.12
  51661.683   204.413    11.15    8.60
  51946.356   207.202     9.79    7.13
  52231.048   209.878     9.40    6.51
  52515.758   211.981     7.39    6.18
  52800.486   213.837     6.52    6.03
  53085.233   215.258     4.99    6.01
  53369.999   215.880     2.19    5.90
  53654.783   214.487    -4.89    6.90
  53939.586   212.475    -7.06    9.60
  54224.407   209.189   -11.54   11.06
  54509.247   205.114   -14.31   10.87
  54794.106   201.869   -11.39    9.75
  55078.983   199.577    -8.04    8.01
  55363.879   197.303    -7.98    5.27
  55648.793   196.287    -3.57    3.26
  55933.726   196.745     1.61    3.76
  56218.678   197.719     3.42    4.64
  56503.648   199.333     5.66    5.08
  56788.637   201.645     8.11    6.20
  57073.644   204.662    10.58    7.99
  57358.671   208.728    14.27   10.18
  57643.715   213.396    16.38   12.16
  57928.779   217.896    15.78   14.09
  58213.861   223.002    17.91   15.14
  58498.961   228.282    18.52   14.89
  58784.081   232.328    14.19   14.12
  59069.219   236.744    15.49   12.56
  59354.375   242.429    19.94   11.10
  59639.551   247.928    19.28   12.35
  59924.745   254.275    22.25   12.67
  60209.957   259.607    18.69   11.97
  60495.189   263.837    14.83   11.27
  60780.439   267.205    11.81   11.77
  61065.708   270.509    11.58   11.56
  61350.995   270.596     0.31   12.61
  61636.301   268.028    -9.00   15.16
  61921.626   265.068   -10.38   17.24
  62206.970   261.496   -12.52   19.05
  62492.332   254.880   -23.19   21.00
  62777.713   249.220   -19.83   19.96
  63063.112   244.499   -16.54   17.77
  63348.531   239.530   -17.41   15.16
  63633.968   237.602    -6.76   12.88
  63919.424   237.904     1.06   11.78
  64204.898   240.534     9.21   13.06
  64490.392   243.990    12.10   12.58
  64775.904   246.704     9.51   12.09
  65061.435   248.282     5.53   11.55
  65346.984   246.549    -6.07   12.73
  65632.552   243.844    -9.47   15.49
  65918.140   238.951   -17.14   16.95
  66203.745   233.872   -17.78   17.23
  66489.370   227.959   -20.70   18.57
  66775.013   221.698   -21.92   18.63
  67060.676   216.145   -19.44   17.75
  67346.357   208.668   -26.18   17.96
  67632.056   202.902   -20.18   18.23
  67917.775   196.346   -22.95   16.20
  68203.512   190.566   -20.23   14.05
  68489.268   186.137   -15.50   12.77
  68775.043   182.032   -14.36   10.05
  69060.837   178.913   -10.91    7.09
  69346.650   177.077    -6.43    4.42
  69632.481   176.200    -3.07    3.27
  69918.331   174.991    -4.23    2.58
  70204.200   173.786    -4.22    2.77
  70490.088   173.035    -2.63    3.30
  70775.995   172.090    -3.30    3.62
  71061.920   170.967    -3.93    3.34
  71347.865   170.356    -2.13    3.00
  71633.828   170.446     0.31    3.42
