-131627.467   169.336     0.00    4.40
-131340.986   170.195     3.00    4.50
-131054.507   170.788     2.07    4.88
-130768.030   172.447     5.79    5.67
-130481.555   174.853     8.40    6.53
-130195.082   177.015     7.55    6.84
-129908.611   179.467     8.56    5.91
-129622.141   181.665     7.67    4.55
-129335.674   183.282     5.64    3.77
-129049.208   184.570     4.50    3.14
-128762.744   185.781     4.23    3.06
-128476.282   187.011     4.29    2.94
-128189.822   188.178     4.07    3.03
-127903.364   188.484     1.07    3.09
-127616.907   187.611    -3.05    4.75
-127330.453   186.576    -3.61    6.27
-127044.000   185.956    -2.16    6.98
-126757.549   185.449    -1.77    7.25
-126471.100   185.555     0.37    7.45
-126184.653   186.653     3.83    7.03
-125898.208   188.624     6.88    6.81
-125611.764   191.073     8.55    6.26
-125325.323   193.183     7.37    6.37
-125038.883   195.375     7.65    6.19
-124752.445   196.956     5.52    5.69
-124466.009   197.930     3.40    5.44
-124179.575   198.534     2.11    5.07
-123893.143   198.710     0.61    5.18
-123606.712   198.810     0.35    5.11
-123320.284   198.661    -0.52    4.70
-123033.857   198.562    -0.35    4.33
-122747.432   198.349    -0.74    4.46
-122461.009   197.611    -2.58    5.50
-122174.588   196.919    -2.42    5.98
-121888.169   196.182    -2.57    5.89
-121601.751   194.864    -4.60    5.98
-121315.336   192.978    -6.59    6.21
-121028.922   190.699    -7.96    6.20
-120742.510   188.438    -7.89    5.91
-120456.100   187.555    -3.08    5.20
-120169.692   187.966     1.43    5.61
-119883.286   188.731     2.67    6.14
-119596.881   189.712     3.42    6.29
-119310.479   190.907     4.17    5.90
-119024.078   192.003     3.83    4.94
-118737.679   192.905     3.15    3.47
-118451.282   192.771    -0.47    2.98
-118164.887   191.905    -3.02    2.68
-117878.494   191.324    -2.03    2.59
-117592.102   188.974    -8.21    8.08
-117305.713   185.583   -11.84   12.47
-117019.325   181.894   -12.88   14.93
-116732.939   178.000   -13.60   16.40
-116446.555   174.867   -10.94   16.73
-116160.173   173.759    -3.87   17.44
-115873.793   173.761     0.00   17.86
-115587.415   177.356    12.56   17.58
-115301.038   181.055    12.91   16.60
-115014.663   182.412     4.74   15.99
-114728.290   183.328     3.20   15.27
-114441.919   183.138    -0.66   15.14
-114155.550   182.298    -2.94   15.36
-113869.183   182.631     1.16   15.10
-113582.818   181.930    -2.45   15.12
-113296.454   181.439    -1.71   14.97
-113010.092   181.617     0.62   15.15
-112723.733   181.583    -0.12   15.80
-112437.375   181.069    -1.80   16.30
-112151.018   182.576     5.26   15.67
-111864.664   186.198    12.65   13.84
-111578.312   189.520    11.60    9.83
-111291.961   190.406     3.09    5.71
-111005.612   189.185    -4.27    4.87
-110719.266   186.986    -7.68    6.41
-110432.921   183.211   -13.18    9.35
-110146.577   178.160   -17.64   12.21
-109860.236   172.939   -18.23   13.03
-109573.897   168.821   -14.38   12.56
-109287.559   167.830    -3.46   12.08
-109001.223   168.211     1.33   12.02
-108714.890   169.675     5.12   12.60
-108428.558   172.907    11.29   12.27
-108142.227   176.773    13.50   10.05
-107855.899   179.940    11.06    6.45
-107569.573   180.513     2.00    4.53
-107283.248   180.390    -0.43    4.19
-106996.925   180.396     0.02    3.95
-106710.605   179.862    -1.86    3.70
-106424.286   179.536    -1.14    3.48
-106137.968   179.400    -0.48    2.84
-105851.653   179.202    -0.69    3.01
-105565.340   179.168    -0.12    3.03
-105279.028   179.391     0.78    3.14
-104992.718   179.750     1.25    3.16
-104706.410   180.233     1.69    2.71
-104420.104   180.648     1.45    2.35
-104133.800   179.278    -4.78    4.93
-103847.498   176.640    -9.22    7.82
-103561.197   174.456    -7.63    9.01
-103274.899   172.076    -8.31    9.40
-102988.602   170.373    -5.95    8.95
-102702.307   167.652    -9.51    8.76
-102416.014   165.194    -8.59    8.18
-102129.723   164.035    -4.05    7.79
-101843.434   162.052    -6.93    8.93
-101557.146   159.542    -8.77   10.10
-101270.860   157.764    -6.21   10.00
-100984.577   155.710    -7.17    9.51
-100698.295   154.020    -5.90    8.93
-100412.015   153.115    -3.16    7.41
-100125.737   153.597     1.68    6.75
 -99839.460   154.534     3.27    5.99
 -99553.186   154.924     1.36    5.63
 -99266.913   154.759    -0.57    5.84
 -98980.642   154.590    -0.59    5.82
 -98694.373   154.801     0.74    5.75
 -98408.106   155.837     3.62    5.58
 -98121.841   156.277     1.54    4.84
 -97835.578   156.570     1.02    4.34
 -97549.316   157.111     1.89    4.22
 -97263.056   157.749     2.23    4.24
 -96976.799   158.133     1.34    4.04
 -96690.543   158.562     1.50    3.63
 -96404.289   158.900     1.18    3.18
 -96118.036   159.108     0.73    3.18
 -95831.786   158.526    -2.03    3.65
 -95545.537   158.030    -1.73    4.14
 -95259.291   157.625    -1.41    4.64
 -94973.046   157.153    -1.65    5.19
 -94686.803   156.354    -2.79    5.53
 -94400.562   155.427    -3.24    5.66
 -94114.322   154.963    -1.62    5.84
 -93827.989   154.204    -2.65    5.92
 -93541.274   153.861    -1.20    5.38
 -93254.561   154.003     0.49    4.82
 -92967.851   154.499     1.73    4.03
 -92681.143   154.785     1.00    3.64
 -92394.438   154.401    -1.34    3.50
 -92107.735   153.887    -1.80    2.94
 -91821.036   153.645    -0.84    3.12
 -91534.338   153.625    -0.07    3.56
 -91247.643   153.232    -1.37    4.09
 -90960.951   152.680    -1.92    4.51
 -90674.262   151.730    -3.31    4.42
 -90387.575   150.456    -4.45    4.03
 -90100.890   149.668    -2.75    3.61
 -89814.208   150.009     1.19    3.90
 -89527.529   151.212     4.20    5.34
 -89240.853   152.680     5.12    6.45
 -88954.178   153.039     1.25    6.51
 -88667.507   152.942    -0.34    6.76
 -88380.838   151.937    -3.51    9.03
 -88094.172   148.753   -11.11   14.04
 -87807.508   145.119   -12.68   16.77
 -87520.847   140.497   -16.12   17.77
 -87234.188   137.379   -10.88   16.93
 -86947.532   136.216    -4.06   16.29
 -86660.879   136.457     0.84   15.28
 -86374.228   138.459     6.98   13.66
 -86087.580   139.016     1.94   12.02
 -85800.935   139.168     0.53   10.51
 -85514.292   138.597    -1.99    9.87
 -85227.651   135.989    -9.10    9.88
 -84941.013   132.612   -11.78    8.27
 -84654.378   130.048    -8.94    6.39
 -84367.745   128.761    -4.49    4.60
 -84081.115   128.975     0.75    4.78
 -83794.488   129.793     2.85    5.65
 -83507.863   130.659     3.02    6.14
 -83221.240   132.183     5.32    6.94
 -82934.621   134.720     8.85    7.64
 -82648.004   136.852     7.44    7.19
 -82361.389   137.821     3.38    6.57
 -82074.777   137.668    -0.53    5.53
 -81788.168   137.363    -1.06    4.89
 -81501.561   136.266    -3.83    4.72
 -81214.956   135.285    -3.42    4.69
 -80928.355   134.478    -2.82    4.83
 -80641.756   133.549    -3.24    4.89
 -80355.159   132.645    -3.16    4.96
 -80068.565   131.570    -3.75    4.67
 -79781.974   131.145    -1.48    4.33
 -79495.385   131.618     1.65    3.92
 -79208.799   131.612    -0.02    3.59
 -78922.216   131.419    -0.67    3.43
 -78635.635   131.090    -1.15    3.91
 -78349.056   131.390     1.05    3.78
 -78062.480   131.864     1.65    3.74
 -77775.907   131.957     0.33    4.20
 -77489.337   132.066     0.38    4.59
 -77202.768   131.964    -0.36    5.48
 -76916.203   132.278     1.09    6.54
 -76629.640   133.512     4.31    6.76
 -76343.080   134.442     3.25    7.83
 -76056.522   134.955     1.79    8.29
 -75769.967   135.478     1.82    8.23
 -75483.414   135.520     0.15    8.23
 -75196.864   135.868     1.21    7.97
 -74910.317   135.430    -1.53    9.24
 -74623.772   134.356    -3.75   10.72
 -74337.230   134.038    -1.11   12.09
 -74050.690   135.750     5.97   12.35
 -73764.153   137.224     5.14   11.98
 -73477.619   139.442     7.74   11.77
 -73191.087   141.309     6.51   12.02
 -72904.558   143.858     8.90   11.20
 -72618.031   145.324     5.12    9.63
 -72331.507   147.045     6.01    8.37
 -72044.985   148.121     3.75    9.88
 -71758.466   149.713     5.56   11.49
 -71471.950   151.437     6.02   12.27
 -71185.436   152.435     3.48   13.27
 -70898.925   154.420     6.93   13.60
 -70612.416   157.633    11.21   13.84
 -70325.910   160.200     8.96   13.77
 -70039.406   162.862     9.29   12.36
 -69752.905   164.418     5.43   11.77
 -69466.407   165.323     3.16   11.29
 -69179.911   166.665     4.68   10.93
 -68893.418   166.481    -0.64   11.65
 -68606.928   165.604    -3.06   12.14
 -68320.440   163.646    -6.83   12.13
 -68033.954   161.914    -6.04   11.24
 -67747.471   160.498    -4.94    9.64
 -67460.991   159.648    -2.97    7.97
 -67174.513   159.540    -0.38    7.40
 -66888.038   159.199    -1.19    7.22
 -66601.566   159.291     0.32    7.00
 -66315.096   160.141     2.97    7.85
 -66028.628   161.011     3.04    7.66
 -65742.163   161.944     3.26    7.63
 -65455.701   162.122     0.62    7.88
 -65169.242   160.696    -4.98    7.90
 -64882.785   159.512    -4.13    7.78
 -64596.330   157.999    -5.28    6.57
 -64309.878   156.087    -6.67    5.33
 -64023.429   154.396    -5.90    4.61
 -63736.982   153.548    -2.96    4.83
 -63450.538   151.686    -6.50    6.24
 -63164.096   149.570    -7.39    7.56
 -62877.657   147.264    -8.05    8.52
 -62591.221   145.399    -6.51    8.92
 -62304.787   143.013    -8.33    8.24
 -62018.356   141.512    -5.24    7.23
 -61731.927   141.323    -0.66    6.93
 -61445.501   142.597     4.45    7.17
 -61159.078   144.208     5.62    7.53
 -60872.657   146.468     7.89    7.49
 -60586.238   148.816     8.20    6.84
 -60299.822   151.453     9.21    5.20
 -60013.409   153.373     6.70    3.18
 -59726.999   154.390     3.55    2.88
 -59440.590   154.370    -0.07    3.38
 -59154.185   153.540    -2.90    4.02
 -58867.782   153.069    -1.65    4.99
 -58581.382   152.844    -0.79    5.28
 -58294.984   153.335     1.72    5.86
 -58008.589   154.236     3.15    7.03
 -57722.196   155.590     4.73    8.53
 -57435.806   158.220     9.18    9.09
 -57149.419   161.312    10.80    9.17
 -56863.034   164.000     9.39    8.98
 -56576.652   166.335     8.15    8.27
 -56290.272   167.753     4.95    7.21
 -56003.895   168.326     2.00    6.89
 -55717.520   168.926     2.09    6.51
 -55431.148   168.576    -1.22    4.99
 -55144.779   168.148    -1.50    4.48
 -54858.412   166.728    -4.96    5.71
 -54572.048   164.722    -7.00    6.77
 -54285.686   162.147    -8.99    7.73
 -53999.327   159.133   -10.53    8.78
 -53712.970   155.294   -13.40    8.16
 -53426.617   152.316   -10.40    6.62
 -53140.265   149.359   -10.32    5.58
 -52853.916   146.514    -9.94    5.84
 -52567.570   143.730    -9.72    6.11
 -52281.227   141.700    -7.09    6.23
 -51994.885   139.590    -7.37    6.15
 -51708.547   137.194    -8.37    6.91
 -51422.211   134.073   -10.90    7.80
 -51135.878   131.576    -8.72    8.33
 -50849.547   129.874    -5.94    8.71
 -50563.219   128.569    -4.56    8.40
 -50276.893   126.569    -6.99    8.03
 -49990.570   124.660    -6.67    7.88
 -49704.250   123.509    -4.02    7.60
 -49417.932   122.556    -3.33    7.21
 -49131.616   121.713    -2.94    7.21
 -48845.304   120.358    -4.73    6.85
 -48558.993   118.748    -5.62    6.30
 -48272.686   117.831    -3.20    5.91
 -47986.381   116.342    -5.20    6.27
 -47700.078   113.259   -10.77    7.18
 -47413.779   110.638    -9.16    7.43
 -47127.481   108.432    -7.71    7.80
 -46841.187   106.202    -7.79    7.83
 -46554.894   104.100    -7.34    6.84
 -46268.605   103.211    -3.11    6.31
 -45982.318   102.944    -0.93    6.13
 -45696.033   103.533     2.06    6.11
 -45409.751   103.725     0.67    5.74
 -45123.472   103.105    -2.17    5.77
 -44837.195   101.869    -4.32    6.18
 -44550.921   100.213    -5.79    6.21
 -44264.650    98.413    -6.29    5.86
 -43978.381    95.994    -8.45    5.46
 -43692.114    94.110    -6.58    5.39
 -43405.851    92.646    -5.12    5.52
 -43119.589    91.241    -4.91    5.72
 -42833.331    89.893    -4.71    5.37
 -42547.074    88.748    -4.00    5.50
 -42260.821    87.703    -3.65    5.95
 -41974.570    87.080    -2.18    6.03
 -41688.321    86.354    -2.53    5.88
 -41402.076    85.694    -2.30    5.97
 -41115.832    84.433    -4.41    6.49
 -40829.592    83.201    -4.30    6.31
 -40543.354    81.986    -4.25    6.44
 -40257.118    80.619    -4.78    6.17
 -39970.885    79.245    -4.80    6.29
 -39684.655    78.266    -3.42    6.54
 -39398.427    77.292    -3.40    6.23
 -39112.202    76.893    -1.40    5.77
 -38825.979    78.187     4.52    6.98
 -38539.759    80.646     8.59    8.23
 -38253.541    83.528    10.07    9.07
 -37967.326    86.069     8.88    8.28
 -37681.114    88.506     8.51    6.03
 -37394.904    89.229     2.52    4.23
 -37108.697    87.959    -4.44    5.47
 -36822.492    85.044   -10.18    7.08
 -36536.290    81.240   -13.29    7.51
 -36250.090    77.352   -13.58    7.23
 -35963.893    73.775   -12.50    7.31
 -35677.699    71.502    -7.94    6.27
 -35391.507    70.767    -2.57    6.12
 -35105.318    70.816     0.17    6.69
 -34819.131    72.028     4.23    7.93
 -34532.947    73.076     3.66    8.16
 -34246.765    73.777     2.45    7.63
 -33960.586    73.409    -1.29    7.08
 -33674.410    72.905    -1.76    6.29
 -33388.236    72.220    -2.39    6.06
 -33102.065    71.289    -3.26    6.20
 -32815.896    70.250    -3.63    6.15
 -32529.730    68.461    -6.25    6.36
 -32243.566    66.412    -7.16    7.19
 -31957.228    63.231   -11.11    7.98
 -31670.433    60.307   -10.20    8.34
 -31383.641    57.073   -11.28    6.92
 -31096.853    54.119   -10.30    5.93
 -30810.068    51.486    -9.18    5.50
 -30523.286    49.501    -6.92    5.83
 -30236.507    47.182    -8.09    7.10
 -29949.732    45.338    -6.43    7.10
 -29662.960    43.931    -4.91    6.37
 -29376.192    42.895    -3.61    5.39
 -29089.427    42.365    -1.85    5.21
 -28802.665    43.210     2.95    5.63
 -28515.906    44.868     5.78    6.28
 -28229.151    47.742    10.02    7.98
 -27942.399    50.549     9.79    9.75
 -27655.650    53.424    10.03   11.00
 -27368.905    55.583     7.53   11.19
 -27082.163    57.903     8.09   10.44
 -26795.424    58.083     0.63    9.93
 -26508.689    56.257    -6.37   10.26
 -26221.957    53.947    -8.06   10.48
 -25935.228    50.522   -11.95   10.59
 -25648.502    45.930   -16.01    9.97
 -25361.780    41.512   -15.41    8.70
 -25075.061    38.393   -10.88    6.61
 -24788.346    36.365    -7.07    5.06
 -24501.634    35.229    -3.96    4.21
 -24214.925    34.639    -2.06    4.18
 -23928.219    34.411    -0.80    4.09
 -23641.517    34.316    -0.33    3.94
 -23354.818    34.653     1.18    3.83
 -23068.122    35.753     3.84    6.40
 -22781.430    38.200     8.53   10.11
 -22494.741    43.312    17.83   15.69
 -22208.055    50.352    24.56   20.52
 -21921.373    59.522    31.99   22.63
 -21634.694    68.093    29.90   21.58
 -21348.018    75.869    27.12   18.26
 -21061.346    83.271    25.82   12.65
 -20774.677    88.447    18.06    6.98
 -20488.011    90.853     8.39    4.86
 -20201.348    91.805     3.32    3.91
 -19914.689    92.212     1.42    3.58
 -19628.033    92.270     0.20    3.29
 -19341.380    92.672     1.40    3.49
 -19054.731    92.980     1.08    3.47
 -18768.085    92.505    -1.66    3.46
 -18481.443    91.540    -3.36    3.91
 -18194.803    90.274    -4.42    4.98
 -17908.167    88.534    -6.07    6.02
 -17621.534    86.754    -6.21    6.80
 -17334.905    84.754    -6.98    6.91
 -17048.279    82.270    -8.67    7.32
 -16761.656    79.646    -9.16    6.73
 -16475.036    78.040    -5.60    5.76
 -16188.420    77.398    -2.24    5.77
 -15901.807    77.626     0.80    5.68
 -15615.198    77.886     0.91    6.24
 -15328.592    78.900     3.54    6.00
 -15041.989    80.039     3.97    4.59
 -14755.389    79.818    -0.77    4.42
 -14468.793    78.604    -4.23    5.00
 -14182.200    77.302    -4.55    5.79
 -13895.610    75.307    -6.96    6.58
 -13609.023    73.477    -6.38    6.67
 -13322.440    71.506    -6.88    7.13
 -13035.860    69.305    -7.68    6.86
 -12749.284    67.128    -7.60    6.76
 -12462.711    64.118   -10.50    6.97
 -12176.141    61.203   -10.17    7.83
 -11889.574    58.675    -8.82    9.14
 -11603.011    53.562   -17.84   16.46
 -11316.451    49.210   -15.19   19.21
 -11029.894    44.152   -17.65   20.21
 -10743.341    39.090   -17.66   19.96
 -10456.791    35.014   -14.23   17.50
 -10170.244    32.632    -8.31   15.50
  -9883.701    32.073    -1.95   12.13
  -9597.160    32.027    -0.16   11.79
  -9310.624    31.094    -3.26   12.64
  -9024.090    30.493    -2.10   13.07
  -8737.560    31.989     5.22   13.21
  -8451.033    33.701     5.98   11.95
  -8164.509    34.928     4.28    9.88
  -7877.989    36.541     5.63    6.71
  -7591.472    37.287     2.60    4.48
  -7304.958    37.257    -0.11    4.62
  -7018.448    36.942    -1.10    4.33
  -6731.941    35.924    -3.56    3.94
  -6445.437    35.296    -2.19    4.18
  -6158.936    34.978    -1.11    4.47
  -5872.439    34.618    -1.26    4.68
  -5585.945    34.533    -0.30    4.22
  -5299.455    34.427    -0.37    4.69
  -5012.967    35.116     2.40    5.57
  -4726.483    36.243     3.94    6.39
  -4440.003    37.883     5.72    6.73
  -4153.525    39.316     5.00    6.59
  -3867.051    39.563     0.86    6.18
  -3580.581    39.818     0.89    5.95
  -3294.113    39.432    -1.35    6.68
  -3007.649    39.162    -0.94    8.18
  -2721.188    38.440    -2.52   10.08
  -2434.730    36.644    -6.27   10.96
  -2148.276    33.495   -10.99   12.21
  -1861.825    27.760   -20.02   15.30
  -1575.378    20.963   -23.73   16.35
  -1288.933    13.654   -25.51   14.61
  -1002.492     8.008   -19.71   12.33
   -716.054     3.252   -16.60    9.08
   -429.620    -0.013   -11.40    4.74
   -143.189    -1.396    -4.83    0.18
    143.239    -1.417    -0.07    0.00
    429.664    -1.417     0.00    0.00
    716.085    -0.285     3.95    5.00
   1002.503     3.905    14.63   11.61
   1288.918    10.044    21.44   16.17
   1575.329    16.698    23.23   18.90
   1861.737    24.513    27.29   19.33
   2148.142    31.195    23.33   16.88
   2434.543    36.508    18.55   12.33
   2720.942    38.445     6.76   10.33
   3007.336    38.017    -1.50   10.35
   3293.728    35.907    -7.37   12.19
   3580.116    29.983   -20.69   16.13
   3866.501    23.789   -21.63   18.13
   4152.883    17.262   -22.79   18.19
   4439.261    13.111   -14.49   16.61
   4725.636     8.990   -14.39   13.37
   5012.008     6.333    -9.28    9.59
   5298.377     5.030    -4.55    6.25
   5584.742     5.189     0.55    5.92
   5871.104     5.062    -0.44    5.51
   6157.462     4.358    -2.46    4.84
   6443.818     4.458     0.35    5.52
   6730.170     6.307     6.46    7.69
   7016.518     8.954     9.24    9.77
   7302.864    12.443    12.19   11.44
   7589.206    15.421    10.40   12.28
   7875.545    16.900     5.16   11.88
   8161.880    16.810    -0.31   11.64
   8448.213    15.687    -3.92   11.26
   8734.542    13.556    -7.45   10.90
   9020.867    10.768    -9.74    9.88
   9307.190     8.207    -8.95    7.96
   9593.509     6.442    -6.16    6.63
   9879.824     5.169    -4.45    5.97
  10166.137     5.766     2.09    8.43
  10452.446     7.448     5.87   11.39
  10738.752     6.861    -2.05   11.67
  11025.055     6.632    -0.80   11.57
  11311.354     5.868    -2.67   10.42
  11597.650     5.104    -2.67    9.39
  11883.943     3.995    -3.88    7.73
  12170.232     2.831    -4.06    5.47
  12456.518     2.266    -1.97    3.60
  12742.801     4.787     8.81    9.00
  13029.080     8.714    13.72   12.89
  13315.357    13.340    16.16   15.23
  13601.630    18.451    17.85   16.61
  13887.899    24.618    21.54   16.65
  14174.166    31.824    25.17   15.85
  14460.429    39.112    25.46   14.05
  14746.688    45.448    22.14   11.72
  15032.945    48.597    11.00   10.11
  15319.198    49.873     4.46    9.38
  15605.448    50.121     0.87    9.54
  15891.695    49.937    -0.64    9.91
  16177.938    48.907    -3.60    9.53
  16464.178    47.612    -4.53    7.97
  16750.415    46.874    -2.58    7.16
  17036.648    46.569    -1.07    7.89
  17322.878    46.028    -1.89    8.44
  17609.105    44.121    -6.66    9.08
  17895.329    42.216    -6.65    9.39
  18181.549    40.139    -7.26   10.14
  18467.766    36.619   -12.30   10.18
  18753.980    33.562   -10.68    9.21
  19040.190    31.677    -6.59    8.49
  19326.397    30.555    -3.92    7.41
  19612.601    30.111    -1.55    6.33
  19898.802    30.070    -0.14    6.40
  20184.999    30.427     1.25    7.11
  20471.193    29.976    -1.57    6.64
  20757.384    29.238    -2.58    5.90
  21043.571    28.698    -1.89    5.78
  21329.755    28.008    -2.41    5.10
  21615.936    27.900    -0.37    4.72
  21902.113    28.352     1.58    4.23
  22188.288    28.748     1.38    3.52
  22474.459    29.142     1.38    3.10
  22760.626    29.499     1.25    2.81
  23046.791    30.418     3.21    3.04
  23332.952    31.792     4.80    3.45
  23619.109    33.940     7.51    5.03
  23905.264    37.386    12.04    8.26
  24191.415    42.910    19.30   13.37
  24477.563    50.570    26.77   18.96
  24763.708    59.152    29.99   22.09
  25049.849    67.262    28.34   21.83
  25335.987    74.188    24.20   18.95
  25622.122    78.375    14.63   15.62
  25908.253    78.751     1.32   14.92
  26194.382    75.349   -11.89   15.35
  26480.507    70.994   -15.22   13.57
  26766.628    68.896    -7.33   12.24
  27052.747    69.487     2.06   14.22
  27338.862    72.252     9.67   16.07
  27624.973    74.534     7.97   15.63
  27911.082    76.195     5.80   14.63
  28197.187    75.722    -1.65   14.99
  28483.289    74.481    -4.34   15.27
  28769.388    73.076    -4.91   13.55
  29055.483    73.159     0.29   12.78
  29341.575    76.928    13.18   17.41
  29627.664    84.955    28.06   22.53
  29914.034    95.803    37.88   25.12
  30200.906   106.013    35.59   23.75
  30487.774   114.842    30.78   20.22
  30774.639   122.008    24.98   17.06
  31061.499   126.264    14.84   15.30
  31348.355   128.205     6.77   14.93
  31635.207   127.826    -1.32   15.18
  31922.055   126.212    -5.63   14.58
  32208.899   124.847    -4.76   13.48
  32495.739   123.447    -4.88   11.81
  32782.575   121.632    -6.33    9.55
  33069.407   119.962    -5.82    8.67
  33356.235   118.250    -5.97    9.42
  33643.059   117.278    -3.39   11.14
  33929.879   116.408    -3.03   13.30
  34216.694   114.680    -6.03   14.87
  34503.506   111.632   -10.63   15.75
  34790.314   106.766   -16.96   15.25
  35077.117   101.016   -20.05   14.15
  35363.917    94.611   -22.33   12.32
  35650.712    88.252   -22.17    9.59
  35937.504    83.459   -16.71    8.40
  36224.291    79.783   -12.82    7.86
  36511.075    76.751   -10.57    6.89
  36797.854    74.414    -8.15    5.84
  37084.630    72.790    -5.66    4.89
  37371.401    71.534    -4.38    3.95
  37658.168    70.493    -3.63    3.29
  37944.932    69.321    -4.09    3.59
  38231.691    67.535    -6.23    4.60
  38518.446    66.348    -4.14    5.06
  38805.197    66.433     0.30    5.64
  39091.944    68.212     6.20    7.56
  39378.687    71.229    10.52    8.79
  39665.426    74.507    11.43    8.60
  39952.161    76.854     8.19    7.33
  40238.892    77.893     3.62    6.07
  40525.619    77.484    -1.43    5.91
  40812.342    75.703    -6.21    6.40
  41099.061    72.926    -9.69    5.87
  41385.776    70.382    -8.87    4.68
  41672.487    68.471    -6.66    4.12
  41959.193    66.951    -5.30    5.02
  42245.896    66.294    -2.29    5.72
  42532.595    66.016    -0.97    6.87
  42819.290    66.048     0.11    7.20
  43105.980    65.094    -3.33    8.54
  43392.667    63.632    -5.10    9.38
  43679.349    63.238    -1.37    9.38
  43966.028    64.016     2.71    9.77
  44252.702    65.222     4.21   10.83
  44539.373    67.512     7.99   12.43
  44826.039    71.951    15.48   14.33
  45112.702    79.723    27.11   14.46
  45399.360    87.479    27.06   12.66
  45686.014    92.718    18.28   11.20
  45972.665    96.413    12.89    9.38
  46259.311    99.414    10.47    7.52
  46545.953   101.751     8.15    6.10
  46832.592   102.319     1.98    6.11
  47119.226   101.276    -3.64    5.97
  47405.856    99.668    -5.61    5.74
  47692.482    98.505    -4.06    5.77
  47979.104    97.668    -2.92    5.53
  48265.722    96.779    -3.10    5.12
  48552.336    96.294    -1.69    4.90
  48838.946    96.745     1.57    5.58
  49125.552    97.975     4.29    6.25
  49412.154    98.885     3.18    6.48
  49698.752   100.006     3.91    6.59
  49985.346   101.558     5.42    6.42
