-163810.731   273.748     0.00   15.31
-163524.270   276.885    10.95   14.31
-163237.827   279.643     9.63   12.19
-162951.401   281.658     7.04    9.55
-162664.994   283.240     5.52    6.77
-162378.604   283.284     0.15    6.04
-162092.232   282.926    -1.25    6.07
-161805.877   281.302    -5.67    7.22
-161519.541   278.820    -8.67    8.31
-161233.222   276.302    -8.79    8.72
-160946.921   273.517    -9.73    8.79
-160660.638   272.215    -4.55    9.06
-160374.372   271.008    -4.22    9.56
-160088.124   269.557    -5.07   10.18
-159801.894   269.554    -0.01   12.06
-159515.682   269.921     1.28   13.34
-159229.487   269.434    -1.70   13.62
-158943.310   269.740     1.07   13.37
-158657.151   269.731    -0.03   12.72
-158371.010   270.140     1.43   12.01
-158084.886   271.062     3.22   11.91
-157798.780   272.634     5.50   11.62
-157512.692   273.289     2.29   10.82
-157226.621   274.024     2.57   10.83
-156940.569   273.243    -2.73   10.93
-156654.533   272.519    -2.53   11.30
-156368.516   271.618    -3.15   12.30
-156082.516   270.368    -4.37   12.83
-155796.534   268.005    -8.27   12.83
-155510.570   266.078    -6.74   12.29
-155224.623   263.347    -9.55   11.28
-154938.694   260.792    -8.93    9.95
-154652.783   258.683    -7.38    8.02
-154366.889   256.097    -9.04    5.53
-154081.013   254.314    -6.24    4.02
-153795.155   252.780    -5.36    3.24
-153509.314   251.844    -3.28    3.04
-153223.491   251.215    -2.20    3.76
-152937.685   250.374    -2.95    4.67
-152651.898   249.307    -3.73    5.14
-152366.128   248.141    -4.08    4.87
-152080.375   247.013    -3.95    4.97
-151794.640   245.771    -4.35    4.58
-151508.923   244.449    -4.63    3.79
-151223.223   243.618    -2.91    3.15
-150937.542   243.395    -0.78    2.51
-150651.877   243.355    -0.14    2.28
-150366.230   243.587     0.81    3.46
-150080.601   243.602     0.05    5.14
-149794.990   243.781     0.63    7.74
-149509.396   243.642    -0.49    9.86
-149223.820   243.928     1.00   12.56
-148938.261   245.533     5.62   15.18
-148652.720   248.059     8.85   17.79
-148367.196   250.659     9.11   18.97
-148081.690   255.153    15.74   18.32
-147796.202   260.141    17.47   15.43
-147510.731   263.691    12.43   11.63
-147225.278   265.257     5.49    8.70
-146939.842   265.739     1.69    7.19
-146654.424   265.231    -1.78    6.31
-146369.024   263.847    -4.85    5.72
-146083.641   262.268    -5.54    5.33
-145798.275   260.333    -6.78    5.35
-145512.927   257.965    -8.30    6.14
-145227.597   254.770   -11.20    7.08
-144942.284   251.248   -12.35    8.25
-144656.989   247.294   -13.86    9.25
-144371.711   243.057   -14.85    9.83
-144086.451   238.215   -16.97    9.50
-143801.209   233.674   -15.92    8.20
-143515.984   229.588   -14.33    6.38
-143230.776   226.533   -10.71    4.78
-142945.586   224.781    -6.14    3.54
-142660.413   225.011     0.81    5.25
-142375.258   228.082    10.77   10.37
-142090.121   233.974    20.66   15.74
-141805.001   240.496    22.88   18.01
-141519.898   247.690    25.24   17.65
-141234.813   254.127    22.58   14.83
-140949.745   258.134    14.06   12.25
-140664.695   260.220     7.32   11.96
-140379.663   258.315    -6.68   13.34
-140094.647   256.040    -7.98   13.11
-139809.650   253.124   -10.23   11.44
-139524.670   250.278    -9.98    8.72
-139239.707   251.118     2.95    7.58
-138954.762   251.307     0.66    7.03
-138669.834   252.936     5.72    7.44
-138384.923   255.580     9.28    9.00
-138100.030   258.757    11.15   11.03
-137815.155   263.905    18.07   12.30
-137530.297   267.943    14.17   12.35
-137245.456   271.390    12.10   10.79
-136960.633   274.317    10.28    9.19
-136675.827   275.834     5.33    8.18
-136391.039   275.324    -1.79    7.73
-136104.776   273.837    -5.19    8.25
-135816.118   270.276   -12.34    8.84
-135527.479   266.865   -11.82    9.31
-135238.859   263.399   -12.01    8.81
-134950.258   260.658    -9.50    8.55
-134661.675   257.840    -9.77    8.55
-134373.111   255.368    -8.57    8.92
-134084.565   252.543    -9.79    9.48
-133796.039   249.609   -10.17    9.67
-133507.531   247.190    -8.39    9.04
-133219.041   245.151    -7.07    7.98
-132930.571   244.083    -3.70    7.42
-132642.119   243.980    -0.36    8.52
-132353.686   244.162     0.63    9.60
-132065.271   244.187     0.09   10.83
-131776.875   244.274     0.30   11.75
-131488.498   243.070    -4.17   11.93
-131200.140   241.979    -3.78   11.84
-130911.800   239.581    -8.32   11.13
-130623.479   235.825   -13.03   10.37
-130335.176   232.813   -10.45   10.17
-130046.892   229.355   -12.00    8.63
-129758.627   227.117    -7.76    6.67
-129470.380   229.163     7.10   11.66
-129182.152   233.240    14.15   17.07
-128893.943   238.936    19.77   20.38
-128605.752   245.125    21.48   22.14
-128317.580   251.422    21.85   21.72
-128029.427   256.152    16.42   19.94
-127741.292   258.000     6.41   18.81
-127453.175   258.323     1.12   17.70
-127165.078   259.415     3.79   15.98
-126876.999   262.741    11.54   15.02
-126588.938   268.626    20.43   15.61
-126300.896   273.430    16.68   14.43
-126012.873   278.500    17.61   11.81
-125724.869   280.515     7.00    8.75
-125436.882   280.252    -0.91    8.88
-125148.915   276.782   -12.05   10.29
-124860.966   272.035   -16.49   10.81
-124573.036   266.325   -19.83    9.90
-124285.124   261.129   -18.05    8.51
-123997.231   257.223   -13.57    8.03
-123709.356   255.618    -5.58    7.62
-123421.500   256.332     2.48   10.43
-123133.662   259.814    12.10   13.99
-122845.843   263.263    11.98   15.74
-122558.042   267.474    14.63   16.30
-122270.260   271.682    14.62   15.72
-121982.497   274.675    10.40   14.29
-121694.752   277.632    10.28   13.19
-121407.026   279.792     7.51   13.20
-121119.318   283.203    11.86   13.31
-120831.628   286.562    11.68   12.86
-120543.958   289.250     9.35   11.09
-120256.305   290.347     3.81    9.54
-119968.671   290.240    -0.37    8.06
-119681.056   288.499    -6.05    7.44
-119393.459   285.018   -12.10    8.38
-119105.881   280.821   -14.60    8.13
-118818.321   277.253   -12.41    6.70
-118530.779   273.674   -12.45    6.41
-118243.256   270.371   -11.49    6.13
-117955.752   266.774   -12.51    6.25
-117668.266   263.792   -10.37    5.66
-117380.798   263.457    -1.16    6.77
-117093.349   265.124     5.80   10.31
-116805.919   268.165    10.58   13.42
-116518.506   271.347    11.07   14.63
-116231.113   275.002    12.72   13.79
-115943.737   276.889     6.57   11.52
-115656.381   277.422     1.86   10.06
-115369.042   275.010    -8.40   10.16
-115081.722   270.893   -14.33   10.57
-114794.421   266.175   -16.43   10.20
-114507.137   261.771   -15.33    9.05
-114219.873   257.732   -14.06    7.56
-113932.626   254.149   -12.47    6.63
-113645.398   251.284    -9.97    6.45
-113358.189   248.824    -8.57    5.84
-113070.998   246.046    -9.67    4.39
-112783.825   244.586    -5.08    3.99
-112496.671   243.690    -3.12    3.46
-112209.535   245.035     4.68    6.66
-111922.417   249.170    14.40   11.25
-111635.318   254.244    17.67   14.38
-111348.237   260.807    22.86   16.30
-111061.175   267.191    22.24   15.72
-110774.131   272.280    17.73   12.38
-110487.105   275.707    11.94    9.39
-110200.098   275.357    -1.22    9.25
-109913.109   272.255   -10.81   11.18
-109626.138   267.657   -16.02   10.67
-109339.186   264.341   -11.56    9.44
-109052.252   263.136    -4.20    8.72
-108765.336   264.068     3.25    9.72
-108478.439   265.724     5.77   10.49
-108191.560   267.584     6.49    9.74
-107904.700   268.211     2.19    8.96
-107617.857   267.715    -1.73    8.09
-107331.033   267.667    -0.17    8.61
-107044.228   267.674     0.03    9.26
-106757.440   267.791     0.41   10.62
-106470.671   268.544     2.63   11.25
-106183.920   269.982     5.01   10.87
-105897.188   270.124     0.49    9.73
-105610.474   268.975    -4.01   10.28
-105323.778   267.382    -5.56    9.55
-105037.100   266.948    -1.51    8.96
-104750.441   268.917     6.87   10.62
-104463.800   272.510    12.54   12.04
-104177.177   277.332    16.82   13.00
-103890.573   281.128    13.25   13.12
-103603.987   284.097    10.36   13.17
-103317.419   286.883     9.72   13.74
-103030.869   289.461     9.00   14.09
-102744.337   291.441     6.91   13.88
-102457.824   292.874     5.00   12.46
-102171.329   292.978     0.36   10.21
-101884.853   292.876    -0.36    8.79
-101598.394   290.993    -6.58    8.23
-101311.954   287.379   -12.62    8.50
-101025.532   283.890   -12.18    8.26
-100739.128   281.451    -8.52    7.43
-100452.742   280.840    -2.13    8.12
-100166.375   282.137     4.53    9.84
 -99880.026   284.482     8.19   11.32
 -99593.695   288.591    14.35   11.77
 -99307.382   294.288    19.90   12.34
 -99021.087   299.288    17.47   11.09
 -98734.811   302.605    11.59   10.00
 -98448.553   305.182     9.00   10.50
 -98162.313   306.887     5.96   11.32
 -97876.091   307.474     2.05   12.46
 -97589.887   307.846     1.30   12.94
 -97303.702   307.247    -2.09   12.63
 -97017.535   308.043     2.78   11.57
 -96731.385   309.325     4.48    9.99
 -96445.255   310.315     3.46    8.84
 -96159.142   311.329     3.54    8.19
 -95873.047   311.331     0.01    8.28
 -95586.971   311.401     0.24    8.27
 -95300.912   311.304    -0.34    8.46
 -95014.872   310.077    -4.29    8.53
 -94728.850   308.469    -5.62    9.63
 -94442.846   306.682    -6.25   11.50
 -94156.860   304.840    -6.44   14.20
 -93870.892   301.881   -10.35   14.84
 -93584.943   298.399   -12.18   15.06
 -93299.011   296.046    -8.23   15.71
 -93013.098   295.054    -3.47   17.27
 -92727.203   295.142     0.31   18.94
 -92441.326   296.172     3.60   20.65
 -92155.466   297.333     4.06   22.09
 -91869.626   298.368     3.62   23.35
 -91583.803   298.782     1.45   23.67
 -91297.998   299.988     4.22   23.07
 -91012.211   298.957    -3.61   21.82
 -90726.443   298.858    -0.35   20.24
 -90440.692   297.018    -6.44   17.90
 -90154.960   294.699    -8.12   15.75
 -89869.245   292.190    -8.78   13.22
 -89583.549   289.122   -10.74   12.02
 -89297.871   284.878   -14.86   11.48
 -89012.210   281.497   -11.84   11.37
 -88726.568   277.909   -12.56    9.79
 -88440.944   273.463   -15.57    9.01
 -88155.338   269.486   -13.93    8.91
 -87869.750   267.315    -7.60    7.99
 -87584.180   265.081    -7.82    8.15
 -87298.628   261.967   -10.90    8.61
 -87013.094   260.557    -4.94    9.20
 -86727.578   261.592     3.63   11.23
 -86442.080   265.439    13.47   15.28
 -86156.601   271.733    22.05   18.13
 -85871.139   278.971    25.36   20.50
 -85585.695   288.420    33.10   20.52
 -85300.269   298.141    34.06   19.32
 -85014.861   304.764    23.20   15.97
 -84729.471   309.137    15.32   12.23
 -84444.099   309.590     1.59   11.56
 -84158.745   308.065    -5.35   12.82
 -83873.410   304.064   -14.02   14.96
 -83588.092   297.984   -21.31   16.55
 -83302.792   292.682   -18.58   15.20
 -83017.510   290.387    -8.05   14.83
 -82732.246   291.393     3.53   15.93
 -82447.000   293.010     5.67   19.43
 -82161.772   297.368    15.28   20.91
 -81876.562   300.699    11.68   20.94
 -81591.369   303.290     9.09   15.93
 -81306.195   302.054    -4.34   15.46
 -81021.039   297.808   -14.89   16.94
 -80735.900   290.215   -26.63   16.64
 -80450.780   284.723   -19.26   14.49
 -80165.678   280.724   -14.03   10.29
 -79880.593   279.915    -2.84    8.61
 -79595.526   282.235     8.14   10.57
 -79310.478   286.404    14.63   12.35
 -79025.447   292.119    20.05   13.67
 -78740.434   298.707    23.12   16.07
 -78455.439   305.922    25.32   18.61
 -78170.462   315.490    33.58   20.80
 -77885.503   323.914    29.56   20.43
 -77600.562   329.879    20.94   18.95
 -77315.638   335.862    21.00   16.84
 -77030.733   339.038    11.15   15.13
 -76745.845   341.328     8.04   12.71
 -76460.975   340.162    -4.09   13.00
 -76176.123   336.732   -12.04   15.40
 -75891.289   333.153   -12.56   17.43
 -75606.473   328.492   -16.37   18.72
 -75321.675   323.666   -16.95   17.46
 -75036.895   319.315   -15.28   14.96
 -74752.132   316.172   -11.04   13.66
 -74467.387   316.294     0.43   14.49
 -74180.602   317.235     3.28   15.07
 -73891.895   318.436     4.16   16.19
 -73603.207   320.741     7.98   15.96
 -73314.538   321.186     1.54   13.90
 -73025.889   320.863    -1.12   11.73
 -72737.258   320.461    -1.39   11.60
 -72448.647   318.949    -5.24   12.42
 -72160.055   316.363    -8.96   12.02
 -71871.481   314.094    -7.86   10.47
 -71582.928   311.580    -8.71   10.97
 -71294.393   308.715    -9.93   10.78
 -71005.877   305.564   -10.92   12.57
 -70717.381   300.657   -17.01   16.24
 -70428.903   298.078    -8.94   17.58
 -70140.445   299.267     4.12   20.40
 -69852.006   301.069     6.25   22.56
 -69563.586   305.418    15.08   23.45
 -69275.185   312.016    22.88   25.08
 -68986.803   320.487    29.37   23.91
 -68698.440   327.054    22.78   19.92
 -68410.096   330.715    12.70   17.43
 -68121.772   333.838    10.83   16.12
 -67833.466   337.211    11.70   14.89
 -67545.180   337.812     2.08   14.33
 -67256.912   336.307    -5.22   13.44
 -66968.664   333.178   -10.86   12.45
 -66680.435   327.961   -18.10   12.42
 -66392.225   322.806   -17.89   14.23
 -66104.033   318.766   -14.02   14.17
 -65815.861   317.765    -3.47   16.25
 -65527.708   317.219    -1.89   19.06
 -65239.574   318.867     5.72   21.48
 -64951.459   319.129     0.91   21.78
 -64663.363   320.178     3.64   21.69
 -64375.286   321.097     3.19   21.21
 -64087.229   321.817     2.50   18.98
 -63799.190   319.741    -7.21   17.17
 -63511.170   317.666    -7.21   16.79
 -63223.169   314.349   -11.52   16.91
 -62935.187   315.224     3.04   17.55
 -62647.224   317.463     7.78   18.53
 -62359.280   322.643    17.99   20.66
 -62071.356   328.514    20.39   21.60
 -61783.450   333.376    16.89   19.92
 -61495.563   336.959    12.44   13.99
 -61207.695   337.438     1.66   12.22
 -60919.846   334.287   -10.95   13.01
 -60632.016   331.492    -9.71   15.03
 -60344.205   329.748    -6.06   15.54
 -60056.413   328.871    -3.05   16.61
 -59768.640   329.162     1.01   18.17
 -59480.886   330.536     4.78   19.60
 -59193.150   332.470     6.72   19.41
 -58905.434   330.427    -7.10   19.15
 -58617.737   328.522    -6.62   19.07
 -58330.059   323.674   -16.85   19.18
 -58042.399   316.624   -24.51   20.27
 -57754.759   308.422   -28.52   20.43
 -57467.137   297.977   -36.32   19.87
 -57179.534   289.888   -28.13   16.69
 -56891.950   286.831   -10.63   14.12
 -56604.386   288.151     4.59   14.52
 -56316.840   292.393    14.76   16.41
 -56029.313   298.876    22.55   16.19
 -55741.804   303.465    15.96   14.73
 -55454.315   306.257     9.71   11.38
 -55166.845   303.715    -8.84   13.61
 -54879.393   295.666   -28.00   22.15
 -54591.961   286.588   -31.59   25.55
 -54304.547   278.858   -26.89   24.39
 -54017.152   271.953   -24.03   22.22
 -53729.776   270.546    -4.90   22.21
 -53442.419   271.131     2.04   23.99
 -53155.080   273.304     7.56   23.94
 -52867.761   276.806    12.19   21.36
 -52580.460   277.215     1.42   20.52
 -52293.179   272.348   -16.94   23.90
 -52005.916   265.805   -22.78   26.50
 -51718.672   260.467   -18.58   26.33
 -51431.446   256.136   -15.08   26.43
 -51144.240   254.657    -5.15   26.19
 -50857.052   254.109    -1.91   25.15
 -50569.883   254.236     0.44   24.64
 -50282.734   255.152     3.19   23.24
 -49995.602   258.616    12.06   24.98
 -49708.490   261.756    10.94   25.21
 -49421.396   263.129     4.78   26.50
 -49134.322   264.584     5.07   27.14
 -48847.266   265.392     2.82   27.03
 -48560.228   264.860    -1.86   24.78
 -48273.210   267.622     9.63   23.35
 -47986.210   270.872    11.32   23.21
 -47699.229   276.833    20.77   23.69
 -47412.267   282.766    20.67   22.47
 -47125.324   287.335    15.92   21.04
 -46838.399   292.040    16.40   16.88
 -46551.494   294.052     7.01   15.32
 -46264.607   294.666     2.14   15.54
 -45977.738   294.602    -0.22   16.15
 -45690.889   294.461    -0.49   16.91
 -45404.058   292.936    -5.32   20.44
 -45117.246   290.482    -8.56   23.38
 -44830.452   287.640    -9.91   24.75
 -44543.678   283.052   -16.00   25.99
 -44256.922   275.949   -24.77   27.56
 -43970.185   270.439   -19.22   24.67
 -43683.466   267.086   -11.69   20.78
 -43396.766   264.525    -8.93   17.69
 -43110.085   265.170     2.25   17.89
 -42823.423   271.266    21.27   21.46
 -42536.779   281.699    36.40   23.15
 -42250.154   292.882    39.02   19.50
 -41963.548   301.699    30.76   16.18
 -41676.960   308.808    24.81   15.28
 -41390.391   314.065    18.35   14.68
 -41103.841   315.439     4.79   16.27
 -40817.309   314.966    -1.65   18.10
 -40530.796   314.467    -1.74   20.27
 -40244.302   313.546    -3.22   22.82
 -39957.827   312.334    -4.23   22.38
 -39671.370   311.114    -4.26   21.94
 -39384.931   308.957    -7.53   20.41
 -39098.512   307.909    -3.66   19.01
 -38812.111   309.169     4.40   17.92
 -38525.728   309.021    -0.52   17.18
 -38239.364   310.182     4.06   16.90
 -37953.019   312.638     8.58   17.48
 -37666.693   316.872    14.79   18.61
 -37380.385   318.707     6.41   18.92
 -37094.096   319.919     4.23   17.35
 -36807.825   320.826     3.17   16.06
 -36521.573   320.986     0.56   16.22
 -36235.339   320.967    -0.06   15.70
 -35949.125   320.144    -2.88   14.63
 -35662.928   318.104    -7.13   17.12
 -35376.751   317.847    -0.90   19.63
 -35090.592   314.245   -12.59   23.62
 -34804.451   309.965   -14.96   26.35
 -34518.329   303.110   -23.96   31.99
 -34232.226   296.816   -22.00   37.04
 -33946.141   290.199   -23.13   43.44
 -33660.075   279.561   -37.19   45.25
 -33374.027   268.648   -38.15   44.56
 -33087.998   262.343   -22.05   42.36
 -32801.987   251.440   -38.12   40.66
 -32515.995   241.525   -34.67   37.34
 -32230.022   233.278   -28.84   35.77
 -31944.067   225.363   -27.68   34.75
 -31658.131   219.435   -20.73   31.47
 -31372.213   216.100   -11.66   27.32
 -31086.313   218.068     6.88   26.03
 -30800.433   220.715     9.26   31.73
 -30514.570   222.581     6.53   34.94
 -30228.726   226.919    15.18   38.52
 -29942.901   229.514     9.08   39.22
 -29657.094   231.032     5.31   39.59
 -29371.306   232.178     4.01   40.53
 -29085.536   233.582     4.91   41.86
 -28799.785   238.312    16.55   46.66
 -28514.052   243.517    18.22   50.50
 -28228.338   255.890    43.31   55.23
 -27942.642   266.289    36.40   56.65
 -27656.965   273.919    26.71   54.70
 -27371.306   285.715    41.30   50.45
 -27085.665   290.232    15.81   45.97
 -26800.044   293.631    11.90   37.81
 -26514.440   294.524     3.12   31.49
 -26228.855   285.632   -31.14   37.70
 -25943.288   271.013   -51.19   51.74
 -25657.740   254.665   -57.25   58.99
 -25372.211   242.065   -44.13   59.52
 -25086.699   231.481   -37.07   56.34
 -24801.206   220.245   -39.36   51.21
 -24515.732   213.581   -23.35   49.94
 -24230.276   206.203   -25.85   44.41
 -23944.838   207.833     5.71   39.83
 -23659.419   214.883    24.70   40.59
 -23374.019   227.446    44.02   46.94
 -23088.636   247.376    69.84   54.36
 -22803.272   270.127    79.73   51.73
 -22517.927   292.732    79.22   36.14
 -22232.600   303.926    39.23   23.27
 -21947.291   305.698     6.21   21.18
 -21662.001   300.274   -19.02   25.51
 -21376.729   291.756   -29.86   27.12
 -21091.475   280.809   -38.38   24.03
 -20806.240   270.421   -36.42   18.77
 -20521.023   262.666   -27.19   14.11
 -20235.825   258.809   -13.53   12.26
 -19950.645   256.290    -8.83   11.72
 -19665.483   255.490    -2.81   11.36
 -19380.339   253.566    -6.75   13.00
 -19095.214   250.382   -11.17   15.25
 -18810.108   245.368   -17.59   17.51
 -18525.019   240.861   -15.81   17.37
 -18239.949   237.334   -12.37   15.14
 -17954.898   233.574   -13.19   10.81
 -17669.864   233.002    -2.01    9.00
 -17384.849   233.001    -0.00    6.79
 -17099.853   234.054     3.70    5.40
 -16814.874   235.699     5.77    4.93
 -16529.914   235.976     0.97    5.33
 -16244.972   236.540     1.98    5.73
 -15960.049   236.749     0.73    6.34
 -15675.144   236.426    -1.13    6.58
 -15390.257   236.337    -0.31    6.36
 -15105.388   236.302    -0.12    5.58
 -14820.538   236.105    -0.69    4.59
 -14535.706   235.860    -0.86    4.24
 -14250.892   234.766    -3.84    4.22
 -13966.097   233.256    -5.30    4.05
 -13681.320   231.749    -5.29    4.29
 -13396.561   229.927    -6.40    4.01
 -13111.820   228.657    -4.46    3.52
 -12827.098   227.682    -3.42    3.48
 -12542.394   226.490    -4.19    4.17
 -12255.043   225.140    -4.70    4.70
 -11966.282   223.223    -6.64    5.73
 -11677.541   221.131    -7.25    6.37
 -11388.820   217.724   -11.80    6.84
 -11100.118   214.524   -11.08    7.38
 -10811.435   210.740   -13.11    8.26
 -10522.772   207.586   -10.92    7.87
 -10234.129   204.095   -12.09    7.29
  -9945.505   201.255    -9.84    6.35
  -9656.901   198.818    -8.45    6.02
  -9368.316   196.531    -7.93    6.13
  -9079.751   193.922    -9.04    7.01
  -8791.205   190.840   -10.68    7.94
  -8502.679   187.519   -11.51    7.86
  -8214.173   183.408   -14.25    8.40
  -7925.686   180.379   -10.50    8.35
  -7637.218   177.871    -8.69    6.99
  -7348.770   175.707    -7.50    5.22
  -7060.342   174.398    -4.54    4.19
  -6771.933   173.235    -4.03    3.97
  -6483.543   172.182    -3.65    4.44
  -6195.174   171.068    -3.86    5.07
  -5906.823   169.624    -5.01    6.27
  -5618.492   167.990    -5.67    8.11
  -5330.181   166.105    -6.54   10.09
  -5041.889   165.570    -1.86   12.12
  -4753.616   164.558    -3.51   13.92
  -4465.363   159.715   -16.80   18.74
  -4177.129   151.278   -29.27   26.60
  -3888.915   142.484   -30.51   30.89
  -3600.721   131.997   -36.39   35.71
  -3312.545   121.250   -37.29   37.69
  -3024.390   103.648   -61.09   39.71
  -2736.253    88.504   -52.56   38.46
  -2448.136    74.428   -48.85   37.33
  -2160.039    60.715   -47.60   33.20
  -1871.961    45.909   -51.40   30.44
  -1583.902    33.099   -44.47   25.93
  -1295.863    23.474   -33.41   22.09
  -1007.843    14.527   -31.06   18.10
   -719.843     8.807   -19.86   14.45
   -431.862     3.914   -16.99    9.66
   -143.900     0.522   -11.78    3.82
    144.042    -0.293    -2.83    0.00
    431.964     0.157     1.56    2.15
    719.868     2.749     9.00    8.94
   1007.752     8.474    19.89   17.71
   1295.616    20.341    41.22   34.18
   1583.462    37.215    58.62   50.93
   1871.288    64.673    95.40   75.23
   2159.094    96.724   111.36   87.79
   2446.881   126.824   104.59   93.69
   2734.649   161.436   120.28   90.66
   3022.397   201.782   140.21   79.41
   3310.126   238.732   128.42   55.48
   3597.836   262.474    82.52   43.72
   3885.527   275.241    44.38   38.99
   4173.198   278.980    13.00   35.01
   4460.849   273.592   -18.73   46.32
   4748.482   263.314   -35.74   55.15
   5036.095   249.629   -47.58   58.80
   5323.689   237.633   -41.71   55.95
   5611.263   229.683   -27.65   48.93
   5898.818   226.588   -10.76   44.36
   6186.354   232.699    21.25   40.74
   6473.871   241.307    29.94   37.01
   6761.368   248.732    25.83   34.25
   7048.846   258.220    33.00   31.71
   7336.305   270.068    41.22   28.59
   7623.744   279.798    33.85   25.77
   7911.164   286.109    21.96   23.93
   8198.565   292.605    22.60   21.80
   8485.947   300.319    26.84   19.03
   8773.309   306.980    23.18   16.73
   9060.652   314.181    25.06   13.37
   9347.976   321.449    25.29   12.07
   9635.281   327.641    21.55   12.13
   9922.566   333.900    21.79   12.42
  10209.832   340.155    21.77   12.66
  10497.079   345.865    19.88   12.20
  10784.307   349.484    12.60   10.46
  11071.515   351.451     6.85    8.63
  11358.704   352.104     2.27    7.21
  11645.874   351.490    -2.14    6.76
  11933.025   350.161    -4.63    6.98
  12220.156   348.307    -6.46    6.82
  12507.269   346.304    -6.98    6.03
  12794.362   345.362    -3.28    6.20
  13081.436   344.078    -4.48    6.77
  13368.491   343.878    -0.70    7.94
  13655.526   345.453     5.49    9.64
  13942.543   348.043     9.02   11.84
  14229.540   351.164    10.87   12.93
  14516.518   354.428    11.38   13.78
  14803.477   356.497     7.21   13.62
  15090.417   357.032     1.86   13.14
  15377.337   356.925    -0.37   14.32
  15664.239   355.013    -6.67   13.89
  15951.121   354.240    -2.69   13.56
  16237.984   353.682    -1.95   12.40
  16524.828   353.970     1.00   12.99
  16811.653   354.040     0.25   13.01
  17098.458   353.104    -3.27   13.18
  17385.245   350.835    -7.91   14.34
  17672.013   346.278   -15.89   15.43
  17958.761   339.892   -22.27   15.83
  18245.490   333.420   -22.57   15.05
  18532.200   329.343   -14.22   13.23
  18818.891   326.232   -10.85   11.19
  19105.563   325.444    -2.75   10.02
  19392.216   325.526     0.28   11.14
  19678.850   327.995     8.61   14.03
  19965.464   331.691    12.89   16.57
  20252.060   335.785    14.28   17.52
  20538.636   340.140    15.20   17.75
  20825.194   342.904     9.64   16.85
  21111.732   343.845     3.28   16.39
  21398.251   342.758    -3.79   14.54
  21684.752   343.648     3.11   14.13
  21971.233   344.832     4.13   13.79
  22257.695   346.699     6.52   14.19
  22544.138   352.207    19.23   17.13
  22830.562   359.277    24.68   18.73
  23116.967   366.595    25.55   17.22
  23403.353   374.408    27.28   16.79
  23689.720   380.699    21.97   15.25
  23976.068   385.657    17.32   13.76
  24262.397   390.319    16.28   12.00
  24548.707   393.010     9.40   10.44
  24834.997   395.199     7.65    9.11
  25121.269   396.143     3.30    8.57
  25407.522   395.095    -3.66    9.93
  25693.756   392.412    -9.37   11.31
  25979.971   389.074   -11.66   12.90
  26266.167   384.169   -17.14   14.15
  26552.343   378.309   -20.48   13.74
  26838.501   371.872   -22.49   12.84
  27124.640   366.397   -19.14   12.09
  27410.760   361.596   -16.78   10.69
  27696.861   357.690   -13.65    8.61
  27982.943   356.253    -5.02    8.91
  28269.006   358.343     7.30   12.33
  28555.050   362.071    13.04   15.97
  28841.076   368.365    22.00   17.92
  29127.082   375.121    23.62   17.43
  29413.069   380.614    19.21   13.74
  29699.037   383.401     9.75    9.92
  29984.987   383.099    -1.06    9.28
  30270.917   379.586   -12.28   12.47
  30556.829   373.732   -20.47   15.22
  30842.721   366.494   -25.32   15.80
  31128.595   360.228   -21.92   14.80
  31414.450   355.955   -14.95   13.74
  31700.286   354.748    -4.22   15.26
  31986.103   356.674     6.74   18.39
  32271.901   361.098    15.48   21.75
  32557.680   369.037    27.78   22.57
  32843.440   376.882    27.45   19.16
  33129.182   382.098    18.26   15.38
  33414.904   384.502     8.41   12.91
  33700.608   385.808     4.57   13.89
  33986.293   384.858    -3.32   17.58
  34271.959   381.152   -12.97   22.46
  34557.606   378.639    -8.80   25.96
  34843.234   374.007   -16.22   29.18
  35128.843   366.086   -27.73   33.86
  35414.434   358.828   -25.42   37.24
  35700.005   349.145   -33.91   40.31
  35985.558   339.467   -33.89   42.42
  36271.092   326.733   -44.60   44.35
  36556.607   313.426   -46.61   47.27
  36842.104   298.853   -51.04   47.52
  37127.581   285.015   -48.47   43.68
  37413.040   277.237   -27.25   38.43
  37698.480   271.125   -21.41   32.23
  37983.901   272.872     6.12   34.18
  38269.303   281.293    29.50   41.68
  38554.686   298.432    60.05   49.88
  38840.051   317.087    65.37   49.80
  39125.397   332.466    53.89   41.49
  39410.724   343.586    38.97   30.60
  39696.032   347.124    12.40   23.74
  39981.322   342.249   -17.09   25.89
  40266.592   330.531   -41.08   27.13
  40551.844   316.152   -50.40   27.48
  40837.078   300.615   -54.47   26.61
  41122.292   286.117   -50.83   26.55
  41407.488   268.864   -60.50   31.88
  41692.665   252.249   -58.26   35.73
  41977.823   238.963   -46.59   32.90
  42262.962   230.491   -29.71   27.53
  42548.083   229.515    -3.42   25.67
  42833.185   234.897    18.88   31.85
  43118.268   246.250    39.82   37.98
  43403.332   265.074    66.03   42.44
  43688.378   282.540    61.28   42.64
  43973.405   297.292    51.75   38.95
  44258.413   311.086    48.40   35.51
  44543.403   319.374    29.08   34.59
  44828.374   327.257    27.66   31.38
  45113.326   334.224    24.45   26.54
  45398.260   338.124    13.69   23.10
  45683.174   339.658     5.38   20.43
  45968.071   339.810     0.54   19.73
  46252.948   334.474   -18.73   23.62
  46537.807   323.631   -38.06   29.73
  46822.647   308.909   -51.69   33.91
  47107.468   290.976   -62.96   35.14
  47392.271   276.393   -51.20   30.53
  47677.055   267.514   -31.18   24.69
  47961.820   265.647    -6.56   22.94
  48246.567   271.698    21.25   28.98
  48531.295   281.432    34.18   34.49
  48816.005   295.360    48.92   35.88
  49100.695   308.436    45.93   32.98
  49385.368   320.102    40.98   28.23
  49673.343   329.085    31.19   25.18
  49962.141   336.448    25.50   24.94
  50250.920   344.023    26.23   25.86
  50539.679   352.732    30.16   25.54
  50828.418   361.542    30.51   23.34
  51117.137   368.707    24.82   17.85
  51405.835   371.639    10.15   12.25
  51694.514   371.344    -1.02   11.35
  51983.173   368.191   -10.92   13.62
  52271.812   363.431   -16.49   15.61
  52560.432   357.698   -19.86   15.54
  52849.031   352.558   -17.81   14.48
  53137.610   346.881   -19.67   15.56
  53426.169   340.043   -23.69   16.58
  53714.709   329.740   -35.71   20.49
  54003.228   318.499   -38.96   25.21
  54291.728   304.190   -49.60   27.97
  54580.208   292.496   -40.53   26.44
  54868.667   283.052   -32.74   22.93
  55157.107   278.099   -17.17   21.00
  55445.527   275.003   -10.73   21.71
  55733.927   277.570     8.90   26.26
  56022.308   284.472    23.93   29.98
  56310.668   292.329    27.25   30.03
  56599.008   300.388    27.95   32.75
  56887.329   306.974    22.84   35.84
  57175.630   313.640    23.12   41.18
  57463.911   324.800    38.71   45.43
  57752.172   335.416    36.83   45.16
  58040.413   344.455    31.36   40.33
  58328.634   355.463    38.19   32.59
  58616.836   363.161    26.71   24.15
  58905.018   367.550    15.23   19.84
  59193.180   370.851    11.45   19.86
  59481.322   371.855     3.48   23.20
  59769.444   373.426     5.45   24.66
  60057.546   375.224     6.24   25.10
  60345.629   377.798     8.93   26.00
  60633.692   381.062    11.33   26.39
  60921.735   383.207     7.45   24.83
  61209.758   386.974    13.08   24.74
  61497.761   389.855    10.00   23.69
  61785.745   393.133    11.38   21.66
  62073.709   394.138     3.49   18.26
  62361.653   394.733     2.07   15.83
  62649.577   393.918    -2.83   14.67
  62937.482   394.365     1.55   15.37
  63225.367   394.793     1.49   17.21
  63513.232   396.897     7.31   21.39
  63801.077   398.977     7.23   25.39
  64088.902   402.182    11.13   28.90
  64376.708   404.128     6.76   31.08
  64664.494   405.119     3.44   34.63
  64952.261   403.274    -6.41   35.76
  65240.007   400.382   -10.05   35.00
  65527.734   396.550   -13.32   33.15
  65815.441   388.438   -28.20   28.66
  66103.129   383.430   -17.41   22.34
  66390.796   382.785    -2.24   19.28
  66678.444   384.442     5.76   18.29
  66966.073   389.622    18.01   20.45
  67253.681   398.029    29.23   22.80
  67541.270   404.224    21.54   21.77
  67828.839   409.931    19.84   22.30
  68116.389   411.211     4.45   21.78
  68403.919   410.673    -1.87   20.79
  68691.429   410.012    -2.30   18.87
  68978.920   408.630    -4.81   15.55
  69266.390   408.963     1.16   14.03
  69553.842   412.326    11.70   16.66
  69841.273   418.605    21.85   20.63
  70128.685   426.699    28.16   22.33
  70416.077   436.337    33.54   22.59
  70703.450   446.793    36.38   21.89
  70990.803   457.237    36.34   18.85
  71278.136   464.332    24.69   14.92
  71565.450   470.290    20.74   11.79
  71852.744   474.000    12.91    9.74
  72140.019   475.672     5.82    7.90
  72427.274   476.211     1.87    7.57
  72714.509   475.515    -2.42    9.17
  73001.725   472.681    -9.87   11.14
  73288.921   470.410    -7.91   11.77
  73576.097   467.890    -8.77   11.63
  73863.254   466.547    -4.68   11.50
  74150.391   465.500    -3.65   10.38
  74437.509   465.137    -1.27    9.38
  74724.607   465.228     0.32    8.73
  75011.686   464.827    -1.40    8.66
  75298.745   465.440     2.14    8.58
  75585.784   464.879    -1.95    9.37
  75872.804   464.887     0.03    9.39
  76159.805   466.155     4.42    9.25
  76446.785   469.733    12.47    9.20
  76733.747   472.551     9.82   10.05
  77020.688   475.199     9.23    9.17
  77307.611   476.845     5.74    8.03
  77594.513   477.266     1.47    7.18
  77881.396   476.890    -1.31    6.34
  78168.260   475.368    -5.31    6.39
  78455.104   473.595    -6.18    5.40
  78741.929   473.707     0.39    5.18
  79028.734   475.856     7.49    7.37
  79315.519   479.595    13.04   10.68
  79602.286   484.629    17.55   12.09
  79889.032   489.732    17.80   11.60
  80175.759   493.490    13.11    9.45
  80462.467   495.316     6.37    7.32
  80749.155   495.069    -0.86    6.48
  81035.824   493.257    -6.32    8.03
  81322.473   487.867   -18.80   11.81
  81609.103   481.339   -22.77   14.44
  81895.713   472.478   -30.91   16.57
  82182.304   464.349   -28.37   17.05
  82468.875   458.474   -20.50   15.35
  82755.427   455.468   -10.49   13.72
  83041.960   456.278     2.83   15.21
  83328.473   460.817    15.84   19.98
  83614.966   468.828    27.96   23.53
  83901.441   478.638    34.24   22.35
  84187.895   487.292    30.21   16.52
  84474.331   492.207    17.16   11.59
  84760.747   493.339     3.95   10.05
  85047.143   492.879    -1.61    9.95
  85333.520   489.682   -11.16   11.36
  85619.878   485.453   -14.77   11.91
  85906.216   480.446   -17.48   12.44
  86192.535   474.963   -19.15   12.15
  86478.835   469.320   -19.71   12.77
  86765.115   461.828   -26.17   15.65
  87051.376   454.491   -25.63   18.99
  87337.617   447.331   -25.01   20.85
  87623.839   439.442   -27.56   21.84
  87910.042   432.043   -25.85   20.31
  88196.225   427.698   -15.18   15.65
  88482.389   427.149    -1.92   13.98
  88768.534   430.331    11.12   14.98
  89054.659   436.574    21.82   17.42
  89340.765   444.784    28.70   20.03
  89626.852   455.565    37.68   22.21
  89912.919   466.829    39.37   22.01
  90198.967   476.545    33.96   20.49
  90484.996   485.105    29.93   17.67
  90771.005   492.199    24.80   15.31
  91056.995   497.293    17.81   11.98
  91342.966   500.481    11.15    9.44
  91628.917   501.951     5.14    8.45
  91914.849   502.834     3.09    8.68
  92200.762   503.063     0.80    9.30
  92486.656   503.063     0.00    8.80
  92772.530   502.657    -1.42    8.39
  93058.385   501.966    -2.42    7.93
  93344.220   499.673    -8.02    7.70
  93630.037   497.257    -8.45    8.76
  93915.834   493.860   -11.89    9.01
  94201.612   490.500   -11.75    7.65
  94487.370   488.446    -7.19    6.54
  94773.110   488.334    -0.39    6.83
  95058.830   490.317     6.94    8.94
  95344.531   494.707    15.36   12.20
  95630.212   500.224    19.31   14.58
  95915.874   505.932    19.98   14.77
  96201.518   512.543    23.14   17.74
  96487.142   518.552    21.04   18.46
  96772.746   521.085     8.87   16.82
  97058.332   521.826     2.59   16.43
  97343.898   521.802    -0.08   16.25
  97629.445   520.535    -4.44   15.90
  97914.973   518.029    -8.77   12.94
  98200.481   515.487    -8.90    7.79
  98485.971   515.751     0.93    5.94
  98771.441   516.907     4.05    5.10
