# NaN NaN NaN ;Mean Elev.(m), Avg Gradient(m/km), RMS Gradient(m/km) - SRTM1     
#   18.241  -2.630   7.284 ;Mean Elev.(m), Avg Gradient(m/km), RMS Gradient(m/km) - ASTER GDEM
#   24.000  -3.102   6.150 ;Mean Elev.(m), Avg Gradient(m/km), RMS Gradient(m/km) - GMTED2010 
   1 124.223463  65.529618    42.703    42.598  7 54661.20147641 29.082
   2 124.223389  65.529914    41.784    41.780  6 54671.11712186 47.436
   3 124.221375  65.530780   -10.516   -10.514  6 54681.03276556  8.795
   4 124.224365  65.531768    43.628    43.609  7 54690.94840855 54.179
   5 124.222724  65.531275    -8.795    -8.775  6 54700.86404873  8.385
   6 124.223168  65.529909    43.206    43.160  6 54710.77969503 24.534
   7 124.222370  65.528555    -2.859     0.249  7 54720.69534609 20.826
   8 124.223520  65.527812    44.809    44.873  7 54730.61099476 50.987
   9 124.222045  65.527958    42.692    42.685  7 54740.52664165 54.175
  11 124.220968  65.528724    88.623    88.774  7 54760.35793547 18.494
  12 124.220062  65.528116   104.673   104.710  7 54770.27357985 11.402
  17 124.221750  65.528466    40.261    40.293  7 54819.85177355 18.357
  18 124.223056  65.529180    40.284    40.277  6 54829.76742594 17.718
  19 124.221979  65.529633    40.159    40.161  6 54839.68306462 17.236
  20 124.223499  65.530792    40.053    40.050  7 54849.59871386 16.617
  21 124.222656  65.531975    39.756    39.829  6 54859.51436244 16.037
  22 124.226910  65.533138    39.994    40.019  6 54869.43001162 15.433
  23 124.222119  65.531824    39.488    39.477  6 54879.34565883 15.139
  24 124.223409  65.529841    39.748    39.764  6 54889.26130341 14.650
  25 124.223680  65.527970    39.652    39.738  7 54899.17694471 14.452
  26 124.224101  65.527873    40.110    40.161  7 54909.09258372 14.452
  27 124.222459  65.528733    40.071    40.119  6 54919.00822130 14.408
  28 124.221340  65.529180    41.172    41.363  6 54928.92385866 13.851
  29 124.222064  65.528263    40.651    40.869  6 54938.83949528 13.250
  30 124.220725  65.526410    39.527    39.700  7 54948.75513000 40.249
  31 124.223199  65.525477    40.975    40.785  7 54958.67076703 34.218
  32 124.222246  65.526069    44.039    43.715  7 54968.58641548 31.154
  33 124.219524  65.527297    45.867    45.815  7 54978.50206272 54.054
  34 124.223483  65.528881    45.076    45.119  7 54988.41771057 23.509
  35 124.221159  65.528959    45.938    46.011  7 54998.33335792 28.319
  36 124.221693  65.529104    44.995    45.009  6 55008.24900375 55.513
  37 124.223222  65.529601    43.792    43.796  6 55018.16464774 53.685
  38 124.222807  65.530680    43.408    43.354  6 55028.08029018 24.993
  39 124.225150  65.532183    43.016    43.031  6 55037.99593236 28.363
  40 124.225839  65.532471    42.231    42.517  5 55047.91157320 29.918
  41 124.223791  65.530594    43.119    42.964  6 55057.82721171 49.115
  42 124.222317  65.527774    42.384    42.443  6 55067.74284922 29.427
  43 124.223720  65.526391    42.994    42.882  7 55077.65849944 26.988
  44 124.219458  65.526464    42.578    42.688  7 55087.57414681 31.288
  45 124.220651  65.528275    42.804    42.694  7 55097.48979319 27.614
  46 124.223250  65.529709    43.145    43.212  7 55107.40543926 23.364
  47 124.223697  65.529094    42.483    42.526  7 55117.32108438 30.604
  49 124.230022  65.526349    39.986    40.041  5 55137.15236812 43.823
  51 124.234223  65.528956    40.436    40.436  2 55156.98364513 24.220
  52 124.227207  65.529748    40.459    40.347  4 55166.89928238 22.843
  53 124.223515  65.529680    40.984    41.074  6 55176.81491949 22.200
  54 124.221763  65.528722    41.203    41.126  7 55186.73056220 20.882
  55 124.221785  65.528855    41.250    41.400  7 55196.64621316 20.430
  56 124.224043  65.530430    40.719    40.492  6 55206.56186323 19.766
  57 124.226473  65.532438    41.036    41.034  6 55216.47751275 18.619
  58 124.225579  65.532847    41.269    41.292  5 55226.39316131 17.533
  59 124.221244  65.530736    41.053    41.103  6 55236.30880697 17.298
  60 124.219488  65.527634    41.865    41.574  7 55246.22444942 16.573
  61 124.220557  65.525767    42.051    41.703  7 55256.14008951 16.028
  62 124.219012  65.526200    41.824    41.635  7 55266.05572822 15.638
  63 124.221304  65.528529    41.667    41.700  7 55275.97136660 15.497
  64 124.224593  65.529857    41.973    41.748  6 55285.88700409 15.435
  65 124.220464  65.528170    41.643    41.608  7 55295.80263872 14.920
  66 124.220530  65.525726    43.007    43.005  7 55305.71827819 14.934
  67 124.222462  65.524733    40.662    41.306  7 55315.63392531 35.657
  68 124.222696  65.525821    39.305    39.170  7 55325.54957088 43.321
  69 124.223718  65.528273    40.711    40.671  7 55335.46521542 44.404
  70 124.222891  65.530019    47.352    47.338  6 55345.38085938 54.577
  71 124.223665  65.530276    44.416    44.401  6 55355.29650242 47.369
  72 124.223480  65.529690    44.112    44.017  6 55365.21214329 26.437
  73 124.222587  65.529214    43.533    43.458  6 55375.12778252 26.476
  74 124.222493  65.529782    42.890    42.850  6 55385.04342078 48.420
  75 124.221874  65.530529    43.890    43.856  6 55394.95905812 25.034
  76 124.225786  65.531043    42.886    42.915  6 55404.87469767 29.501
  77 124.221330  65.529474    41.956    42.064  6 55414.79034868 35.834
  78 124.221685  65.527251    42.890    42.926  6 55424.70599699 26.383
  79 124.222451  65.525609    41.310    41.317  7 55434.62164277 55.018
  80 124.219523  65.525789    41.966    41.859  7 55444.53728686 34.309
  81 124.219554  65.527630    42.201    42.243  7 55454.45293021 29.945
  82 124.223635  65.529612    41.286    41.330  7 55464.36857317 55.319
  83 124.222538  65.528881    41.262    41.310  6 55474.28421295 31.795
  85 124.222331  65.524720    39.742    39.761  8 55494.11548453 44.155
  86 124.223998  65.525332    40.108    40.120  7 55504.03111840 32.441
  87 124.221478  65.527646    39.643    39.618  6 55513.94676693 23.801
  88 124.223378  65.530147    40.153    40.116  6 55523.86241678 21.262
  89 124.224428  65.530970    40.356    40.362  6 55533.77806476 19.597
  90 124.224956  65.530377    40.082    40.075  6 55543.69371080 19.009
  91 124.223285  65.529758    39.957    39.981  7 55553.60935470 17.682
  92 124.225212  65.530493    39.733    39.706  6 55563.52499791 16.376
  93 124.223840  65.531066    39.878    39.877  6 55573.44064020 15.308
  94 124.223067  65.530607    39.806    39.805  6 55583.35628114 14.713
  95 124.221200  65.528658    40.401    40.137  7 55593.27191850 13.888
  96 124.224345  65.526707    39.857    39.872  7 55603.18755297 13.139
  97 124.220302  65.525043    39.838    39.801  7 55613.10318468 13.065
  98 124.223279  65.525711    40.017    39.991  7 55623.01882109 12.911
  99 124.221799  65.527324    39.907    39.843  6 55632.93447382 12.467
 100 124.222024  65.528244    41.205    41.385  7 55642.85012441 11.489
 101 124.223604  65.528034    41.176    41.490  7 55652.76577220 11.254
 102 124.223312  65.526547    41.630    41.624  7 55662.68141554 10.474
 103 124.222855  65.525851    41.786    42.644  7 55672.59705589 26.278
 104 124.221567  65.526384    43.932    44.731  7 55682.51269477 27.989
 105 124.221893  65.528061    40.319    40.164  7 55692.42833235 36.767
 106 124.224254  65.529606    46.725    46.729  6 55702.34396852 53.420
 107 124.221618  65.529877    43.387    43.453  6 55712.25961121 31.339
 108 124.221110  65.529822    44.343    44.421  6 55722.17526069 21.468
 109 124.223087  65.530064    44.214    44.237  6 55732.09090838 24.764
 110 124.223337  65.530270    42.992    42.984  6 55742.00655463 27.886
 111 124.221690  65.530152    42.312    42.338  6 55751.92219940 38.291
 112 124.224629  65.529661    42.222    42.112  6 55761.83784224 28.886
 113 124.221776  65.528068    42.150    42.154  7 55771.75348168 36.585
 114 124.219820  65.526272    42.233    42.210  7 55781.66911769 54.413
 115 124.223483  65.525990    42.847    42.828  7 55791.58475171 55.856
 116 124.223285  65.526232    41.820    41.868  7 55801.50038434 49.337
 117 124.224189  65.527530    42.037    41.991  7 55811.41603470 29.183
 118 124.223755  65.527992    42.110    42.222  7 55821.33168338 28.140
 119 124.222277  65.527296    42.100    42.090  7 55831.24732713 24.304
 120 124.221559  65.526124    42.318    42.186  7 55841.16296635 32.070
 121 124.219771  65.525575    40.206    40.195  7 55851.07860242 48.996
 122 124.219523  65.526558    87.744    87.618  7 55860.99423663 19.027
 123 124.222754  65.528809    40.408    40.376  6 55870.90988960 32.107
 124 124.221360  65.529860    40.342    39.947  6 55880.82553992 18.809
 125 124.225506  65.530388    41.467    41.350  6 55890.74118406 15.928
 126 124.224782  65.530007    41.326    41.286  6 55900.65682188 15.605
 127 124.223854  65.529800    41.361    41.272  7 55910.57245500 14.954
 128 124.225747  65.530763    41.223    41.366  6 55920.48810865 14.932
 129 124.225850  65.530604    41.219    41.150  6 55930.40376096 13.943
 130 124.220893  65.528726    41.355    41.366  7 55940.31940888 13.835
 131 124.220274  65.526827    41.095    41.419  7 55950.23505255 13.134
 132 124.221377  65.526192    41.794    41.574  7 55960.15069233 12.580
 133 124.222242  65.526856    41.567    41.499  7 55970.06632977 12.549
 134 124.223524  65.527995    41.482    41.388  7 55979.98196619 12.751
 135 124.219458  65.527572    41.742    41.650  7 55989.89760116 12.452
 136 124.223821  65.527303    41.420    41.488  7 55999.81324502 11.766
 137 124.219780  65.526148    41.880    41.713  7 56009.72889529 11.891
 138 124.219290  65.526048    41.908    41.784  7 56019.64454184 11.737
 139 124.221367  65.527249    41.748    41.657  7 56029.56018577 11.477
 140 124.223228  65.528997    43.546    43.496  6 56039.47582786  7.739
 141 124.225252  65.530118    43.128    43.178  6 56049.39146793  7.775
 142 124.225494  65.530367    40.202    40.250  6 56059.30710511 44.874
 143 124.221972  65.529303    48.718    48.742  7 56069.22273940 54.083
 144 124.224670  65.529775    45.516    45.478  6 56079.13839080 27.932
 145 124.225855  65.530551    45.060    45.062  6 56089.05403933 56.545
 146 124.226207  65.531293    44.526    44.486  6 56098.96968527 27.288
 147 124.226113  65.530700    44.029    44.079  6 56108.88532874 23.487
 148 124.222897  65.528418    44.067    44.005  6 56118.80095737 26.760
 149 124.224528  65.526342    42.651    42.642  7 56128.71659438 50.980
 150 124.223456  65.525260    42.801    42.797  7 56138.63222777 38.045
 151 124.219883  65.526401    43.961    43.951  7 56148.54787540 53.012
 152 124.223348  65.528654    41.845    41.460  7 56158.46352497 41.151
 153 124.221826  65.529129    43.292    43.341  6 56168.37917287 53.448
 154 124.221014  65.527844    43.491    43.467  6 56178.29481781 55.361
 155 124.219695  65.526143    42.348    42.378  7 56188.21045820 51.657
 156 124.220823  65.525814    42.955    42.990  7 56198.12609544 30.149
 157 124.222462  65.527350    88.829    88.832  7 56208.04172992 28.488
 158 124.222203  65.529297    88.284    87.731  6 56217.95736258 19.531
 161 124.226271  65.530010    39.983    39.937  6 56247.70431224 24.959
 162 124.227023  65.529734    40.917    40.652  5 56257.61995776 22.534
 163 124.231566  65.530996    40.681    40.548  4 56267.53560040 20.981
 164 124.223573  65.530922    40.420    40.425  7 56277.45124017 20.121
 165 124.224446  65.530751    40.500    40.513  6 56287.36688841 18.652
 166 124.221832  65.528457    40.272    40.281  6 56297.28253747 18.239
 167 124.222462  65.526288    40.249    40.167  7 56307.19818286 17.333
 168 124.221031  65.525525    40.667    40.325  7 56317.11382526 16.622
 169 124.222385  65.527353    40.196    40.153  7 56327.02946648 16.117
 170 124.223108  65.529310    40.813    40.617  7 56336.94510664 15.558
 171 124.224497  65.529734    41.269    41.421  6 56346.86074519 14.454
 172 124.221084  65.527699    41.084    41.011  6 56356.77638065 13.744
 173 124.219906  65.526026    41.252    41.521  7 56366.69202837 13.846
 176 124.222841  65.530994    41.302    41.653  6 56396.43896665 12.954
 177 124.223714  65.532150    43.282    43.279  6 56406.35460818 16.575
 178 124.224870  65.531530    39.094    39.110  6 56416.27024613 48.633
 179 124.224615  65.529601    40.319    40.315  6 56426.18587913 48.814
 180 124.221717  65.528805    46.478    46.410  7 56436.10152880 28.137
 181 124.221955  65.529636    45.344    45.336  6 56446.01718062 56.005
 182 124.222593  65.530981    44.334    44.368  6 56455.93283013 24.268
 183 124.222284  65.530822    44.495    44.535  6 56465.84847639 43.013
 184 124.222430  65.528944    43.104    43.111  7 56475.76411878 29.276
 185 124.223184  65.526497    42.373    42.303  7 56485.67975768 39.500
 186 124.223313  65.525561    43.921    43.915  7 56495.59539375 21.289
 187 124.223554  65.526761    44.574    44.671  7 56505.51102830 25.894
 188 124.221503  65.528390    45.163    45.206  6 56515.42666119 53.968
 189 124.221788  65.529447    43.336    43.261  7 56525.34231531 30.060
 190 124.223457  65.528671    43.686    43.632  7 56535.25796632 23.280
 192 124.221199  65.526876    42.137    42.118  7 56555.08925742 55.610
 193 124.222275  65.528771    42.150    42.136  7 56565.00490038 27.678
 195 124.226027  65.532470    40.261    40.335  5 56584.83618082 48.607
 196 124.222280  65.531091    39.775    39.756  6 56594.75181625 40.711
 197 124.221531  65.529836    39.184    39.098  6 56604.66746907 24.949
 198 124.223678  65.529252    39.874    39.899  6 56614.58311740 23.162
 199 124.221564  65.529365    39.621    39.592  6 56624.49876156 22.232
 200 124.225304  65.530196    39.690    39.713  6 56634.41440351 20.740
 201 124.223753  65.529756    39.799    39.836  7 56644.33004022 20.440
 202 124.222598  65.528548    39.828    39.811  7 56654.24569306 18.405
 203 124.223145  65.527031    39.823    39.887  7 56664.16134178 17.961
 204 124.221362  65.526237    39.636    39.669  7 56674.07698759 18.226
 205 124.221893  65.527481    39.554    39.596  7 56683.99263248 15.655
 206 124.223585  65.529191    39.442    39.437  6 56693.90827541 17.265
 207 124.224629  65.529877    39.494    39.502  6 56703.82391387 15.236
 208 124.220940  65.528391    39.275    39.278  6 56713.73954650 13.979
 209 124.220160  65.527523    39.028    38.978  7 56723.65519570 15.714
 210 124.222533  65.528032    39.238    39.373  6 56733.57084649 13.823
 211 124.221183  65.529732    39.424    39.430  6 56743.48649360 12.821
 212 124.226405  65.532060    39.547    39.552  6 56753.40213702 12.515
 213 124.224456  65.532340    43.060    43.055  6 56763.31777432 27.491
 214 124.221775  65.530950    43.458    43.400  6 56773.23340724 32.216
 215 124.222466  65.530290    40.668    40.794  6 56783.14906480 37.730
 216 124.223657  65.530080    46.332    46.298  6 56793.06471875 41.809
 217 124.225106  65.530548    45.269    45.263  6 56802.98036997 54.312
 218 124.224094  65.530530    44.744    44.735  7 56812.89601294 54.985
 219 124.223823  65.529837    43.674    43.419  6 56822.81165242 29.562
 220 124.221398  65.528221    43.602    43.489  6 56832.72728749 24.405
 221 124.221818  65.526880    42.874    42.969  7 56842.64291943 26.893
 222 124.221958  65.526777    42.367    42.353  6 56852.55855952 54.081
 223 124.220625  65.527778    42.252    42.289  7 56862.47421363 29.226
 224 124.224129  65.529351    42.876    42.737  6 56872.38986766 22.018
 225 124.221640  65.529538    42.043    42.026  6 56882.30551799 42.883
 226 124.221891  65.529376    43.175    43.245  7 56892.22116495 25.899
 227 124.224160  65.529313    43.769    43.929  6 56902.13680901 22.790
 228 124.222877  65.530012    42.007    41.956  7 56912.05245083 54.634
 229 124.222537  65.531036    42.003    42.117  6 56921.96809113 36.485
 230 124.224350  65.532021    42.346    42.423  7 56931.88372936 27.518
 231 124.228454  65.532005    41.452    41.382  5 56941.79936256 27.082
 232 124.225494  65.530861    87.438    87.481  6 56951.71500438 24.787
 233 124.225132  65.530233    39.088    39.071  6 56961.63065547 35.608
 234 124.225274  65.530140    38.871    38.883  6 56971.54630171 25.833
 235 124.221609  65.529771    39.414    39.422  6 56981.46194353 25.279
 236 124.221125  65.529206    39.572    39.570  6 56991.37758119 23.367
 237 124.219839  65.527655    39.391    39.441  7 57001.29321262 22.002
 238 124.221561  65.527296    39.320    39.308  6 57011.20887041 21.684
 239 124.220221  65.526927    39.364    39.344  7 57021.12452204 20.232
 240 124.221125  65.527836    39.260    39.274  7 57031.04017102 19.784
 241 124.221634  65.528830    39.195    39.282  7 57040.95581806 19.340
 242 124.224731  65.529691    39.340    39.332  6 57050.87146323 17.987
 243 124.221265  65.528884    39.184    39.228  7 57060.78710357 18.347
 244 124.221232  65.528254    39.324    39.344  6 57070.70273866 16.077
 245 124.221852  65.528322    39.225    39.263  6 57080.61836956 17.033
 246 124.223828  65.529824    39.271    39.199  6 57090.53401079 17.052
 247 124.224696  65.531834    39.805    39.496  6 57100.44966873 13.730
 248 124.225426  65.532606    39.511    39.474  6 57110.36532349 13.601
 249 124.222356  65.531368    39.509    39.453  6 57120.28097221 13.232
 250 124.223345  65.530065    43.718    43.630  7 57130.19661546 18.747
 251 124.223673  65.529585    43.347    43.316  7 57140.11225335 29.874
 252 124.222036  65.529825    39.490    39.533  6 57150.02788756 39.004
 253 124.223108  65.529958    44.155    44.132  7 57159.94351903 46.751
 254 124.221686  65.529211    45.547    45.588  7 57169.85917114 28.387
 255 124.222833  65.527974    45.037    44.995  7 57179.77482667 29.163
 256 124.222337  65.526889    45.641    45.587  7 57189.69047804 54.861
 257 124.222119  65.527339    44.301    44.249  6 57199.60612589 26.777
 258 124.221732  65.528744    43.103    43.108  7 57209.52176011 55.266
 259 124.221110  65.529793    42.895    42.883  6 57219.43740427 46.989
 260 124.223765  65.529859    43.416    43.435  6 57229.35304766 28.613
 261 124.223905  65.529087    41.462    41.485  6 57239.26868854 53.162
 262 124.222682  65.528347    41.484    41.517  6 57249.18432627 52.612
 263 124.222063  65.528901    42.555    42.747  7 57259.09996173 31.281
 264 124.225149  65.530666    41.614    41.923  6 57269.01559630 37.056
 265 124.227003  65.532471    40.018    40.092  6 57278.93124717 38.853
 266 124.225928  65.532506    41.287    40.235  5 57288.84690293 29.429
 269 124.221269  65.528893   103.294   101.939  7 57318.59385052 15.754
 271 124.225535  65.531150    39.512    39.419  6 57338.42513432 23.419
 272 124.221259  65.530290    40.070    40.109  6 57348.34078255 22.058
 273 124.223313  65.528552    40.707    39.832  7 57358.25642892 19.912
 274 124.223897  65.526689    41.669    41.844  7 57368.17207185 18.880
 275 124.220133  65.526332    40.720    40.167  7 57378.08771155 17.675
 276 124.219938  65.528089    40.186    40.079  7 57388.00334998 17.246
 277 124.224486  65.530049    41.145    41.490  6 57397.91898802 15.965
 278 124.224008  65.529911    40.730    40.553  7 57407.83462398 15.906
 279 124.222846  65.528795    41.296    41.540  7 57417.75027653 15.234
 280 124.222134  65.528161    40.899    41.645  6 57427.66592713 15.309
 281 124.224212  65.529508    39.681    39.536  6 57437.58157540 14.561
 282 124.221474  65.531540    40.945    41.229  6 57447.49722186 14.167
 283 124.227730  65.533723    40.463    40.054  5 57457.41286809 14.159
 284 124.227240  65.533130    40.154    39.806  6 57467.32851100 14.334
 285 124.225392  65.530518    41.272    41.455  6 57477.24414972 14.442
 286 124.221110  65.527829    41.848    41.912  6 57487.15978498 13.904
 287 124.219392  65.527086    41.974    42.140  7 57497.07541834 14.178
 288 124.221919  65.528621    38.626    38.675  6 57506.99105625 19.095
 289 124.221924  65.530083    43.557    43.527  6 57516.90671254 25.400
 290 124.222582  65.529915    42.255    42.333  6 57526.82236601 41.497
 291 124.219646  65.527681    44.491    44.506  7 57536.73801646 54.815
 292 124.221742  65.526332    45.453    45.432  6 57546.65366472 50.583
 293 124.222064  65.526601    45.911    45.951  7 57556.56931127 55.268
 294 124.221744  65.528583    43.844    43.828  6 57566.48495661 30.639
 295 124.223125  65.530470    43.834    43.887  7 57576.40060136 25.303
 296 124.225955  65.531081    43.170    43.207  6 57586.31624517 26.384
 297 124.223066  65.529875    43.976    43.924  7 57596.23188612 21.207
