# NaN NaN NaN ;Mean Elev.(m), Avg Gradient(m/km), RMS Gradient(m/km) - SRTM1     
#   21.107  -0.179   1.376 ;Mean Elev.(m), Avg Gradient(m/km), RMS Gradient(m/km) - ASTER GDEM
#   25.484  -3.221   7.721 ;Mean Elev.(m), Avg Gradient(m/km), RMS Gradient(m/km) - GMTED2010 
   1 124.088421  66.065615    40.621    40.621  2 54662.21724525 28.243
   2 124.086663  66.066104    37.643    37.643  2 54672.13289024 48.968
   3 124.085855  66.067173    13.506    13.506  2 54682.04853387 13.825
   4 124.086767  66.067817    39.317    39.317  2 54691.96417642 30.151
   5 124.085094  66.067276    12.814    12.814  2 54701.87981633 12.880
   6 124.086739  66.065731    41.600    41.716  3 54711.79546417 26.184
   7 124.086823  66.064286    13.926    13.926  3 54721.71111521 13.604
   8 124.088667  66.063576    41.349    41.195  3 54731.62676387 31.793
   9 124.088056  66.064053    37.980    37.978  3 54741.54241071 48.164
  10 124.086841  66.064572    37.856    38.113  3 54751.45805741 35.147
  11 124.085972  66.064554    36.141    36.155  3 54761.37370394 41.828
  12 124.086741  66.063642    34.772    34.814  3 54771.28934820 36.650
  13 124.087669  66.062779    35.453    35.513  3 54781.20498934 24.104
  14 124.089908  66.062481    37.993    38.052  3 54791.12062802 17.923
  15 124.088798  66.063255    40.095    40.825  3 54801.03626529 16.010
  16 124.088159  66.064227    41.732    41.732  2 54810.95190263 15.222
  17 124.086262  66.064918    40.552    40.008  3 54820.86754273 14.884
  18 124.089036  66.065068    40.708    41.166  3 54830.78319518 13.855
  19 124.088203  66.065349    40.944    41.416  3 54840.69883382 13.077
  20 124.086545  66.066327    40.951    40.672  3 54850.61448266 13.074
  21 124.088197  66.067795    40.928    40.928  2 54860.53013140 12.331
  22 124.085036  66.068414    40.032    40.032  2 54870.44577978 12.016
  23 124.087970  66.067418    40.838    40.838  2 54880.36142738 12.078
  24 124.088951  66.065086    39.998    39.480  3 54890.27707157 11.685
  25 124.091054  66.063155    40.842    41.152  3 54900.19271282 10.938
  26 124.086015  66.063064    40.131    40.123  3 54910.10835135 11.927
  27 124.085857  66.064451    41.103    41.476  3 54920.02398911 11.393
  28 124.087069  66.065335    40.910    40.421  3 54929.93962658 11.079
  29 124.085678  66.064336    40.810    40.356  3 54939.85526271 10.450
  30 124.089471  66.062640    34.644    34.195  3 54949.77089767 42.054
  31 124.092183  66.061580    40.584    42.512  3 54959.68653652 28.700
  32 124.090773  66.062308    39.725    39.668  3 54969.60218498 44.438
  33 124.087276  66.063853    42.623    42.623  2 54979.51783211 38.639
  35 124.088334  66.065292    42.187    42.187  2 54999.34912679 30.006
  36 124.087889  66.065157    40.501    40.501  2 55009.26477225 52.127
  37 124.087580  66.065233    42.031    42.294  3 55019.18041598 24.355
  38 124.088044  66.066357    40.942    42.200  3 55029.09605848 28.821
  39 124.085520  66.067586    41.171    41.171  2 55039.01170013 25.497
  40 124.085443  66.068072    38.154    38.107  3 55048.92734072 30.756
  41 124.087153  66.066678    40.654    40.111  3 55058.84297938 29.988
  42 124.090078  66.064180    42.165    42.209  3 55068.75861871 25.976
  43 124.091379  66.062291    41.382    42.088  3 55078.67426865 28.786
  44 124.087073  66.062310    37.413    37.526  3 55088.58991592 50.517
  45 124.087287  66.064031    38.284    38.284  2 55098.50556220 29.821
  46 124.086370  66.065483    40.589    40.448  3 55108.42120787 29.489
  47 124.087810  66.065019    37.847    37.675  3 55118.33685273 45.383
  48 124.091029  66.063023    36.685    36.641  3 55128.25249536 45.639
  49 124.089009  66.061256    37.854    38.014  3 55138.16813538 33.391
  50 124.090608  66.061720    36.637    37.539  3 55148.08377416 30.544
  51 124.087991  66.063812    37.403    37.403  2 55157.99941202 24.432
  52 124.086940  66.065631    37.255    37.265  3 55167.91504982 23.282
  53 124.085897  66.065994    39.255    39.255  2 55177.83068695 21.270
  54 124.086163  66.065097    39.020    39.187  3 55187.74633132 20.535
  55 124.085891  66.064870    40.858    41.355  3 55197.66198210 19.960
  56 124.085564  66.065934    39.403    39.346  3 55207.57763186 18.538
  57 124.084284  66.067504    39.084    39.084  2 55217.49328100 18.080
  58 124.087326  66.067992    37.518    37.518  2 55227.40892983 16.747
  59 124.086915  66.066410    39.997    39.675  3 55237.32457552 15.638
  60 124.088300  66.063702    39.817    39.817  2 55247.24021788 15.946
  61 124.090808  66.061883    40.981    41.549  3 55257.15585782 14.200
  62 124.089995  66.062230    39.323    39.110  3 55267.07149656 13.614
  63 124.087622  66.064110    39.346    39.346  2 55276.98713460 13.397
  64 124.087275  66.065275    39.702    39.697  3 55286.90277169 13.427
  65 124.089163  66.064604    39.519    39.547  3 55296.81840669 12.746
  66 124.090454  66.062497    39.190    39.403  3 55306.73404762 14.185
  67 124.089714  66.061106    39.014    39.292  4 55316.64969423 20.037
  68 124.087558  66.061721    36.980    35.184  3 55326.56533949 39.137
  69 124.087290  66.063905    36.073    36.073  2 55336.48098392 41.027
  70 124.087349  66.065832    43.007    43.004  3 55346.39662793 55.726
  71 124.087349  66.066286    42.147    42.354  3 55356.31227058 29.439
  72 124.085823  66.065787    39.941    39.952  3 55366.22791106 47.889
  73 124.086397  66.065337    39.375    39.408  3 55376.14355025 55.274
  74 124.086032  66.065733    41.607    41.607  2 55386.05918840 24.635
  75 124.086781  66.066506    40.494    39.929  3 55395.97482576 30.521
  76 124.085405  66.066686    38.155    38.296  3 55405.89046657 34.298
  77 124.087769  66.065661    37.560    37.560  2 55415.80611809 47.456
  78 124.087637  66.063453    37.918    37.918  2 55425.72176609 49.271
  79 124.087374  66.061805    38.756    38.409  3 55435.63741144 29.061
  80 124.088393  66.062038    38.625    38.332  3 55445.55305560 33.320
  81 124.087562  66.063571    37.639    37.639  2 55455.46869882 48.799
  82 124.089367  66.065092    37.398    37.016  3 55465.38434156 43.654
  83 124.087013  66.064669    36.705    36.642  3 55475.29998097 47.712
  84 124.090863  66.062976    35.044    35.026  3 55485.21561784 39.994
  85 124.090171  66.061318    34.394    34.414  3 55495.13125219 35.480
  86 124.087312  66.061715    34.924    34.952  3 55505.04688549 27.561
  87 124.086396  66.063846    36.059    35.289  3 55514.96253595 18.551
  88 124.087956  66.065956    38.582    38.582  2 55524.87818574 15.382
  89 124.088121  66.066651    39.794    39.794  2 55534.79383348 14.700
  90 124.086040  66.066104    39.283    39.283  2 55544.70947901 14.375
  91 124.085765  66.065754    40.305    40.305  2 55554.62512283 12.855
  92 124.087755  66.066223    41.111    41.111  2 55564.54076589 12.461
  93 124.088291  66.066631    41.297    41.297  2 55574.45640823 11.695
  94 124.085490  66.065907    40.990    40.621  3 55584.37204873 11.452
  95 124.088207  66.064444    41.166    40.839  3 55594.28768632 10.726
  96 124.087899  66.062774    41.534    41.868  3 55604.20332032 10.471
  97 124.089290  66.062076    41.584    41.609  3 55614.11895239 10.274
  98 124.090123  66.062563    41.734    41.415  3 55624.03459061 10.088
  99 124.086526  66.063504    41.138    40.689  3 55633.95024292  9.930
 100 124.088714  66.064036    41.630    41.630  2 55643.86589350  9.385
 101 124.088325  66.063681    41.323    41.349  3 55653.78154099  9.669
 102 124.086520  66.062595    41.107    41.068  3 55663.69718390  9.515
 103 124.088549  66.062260    40.607    40.157  3 55673.61282420 22.836
 104 124.086234  66.062814    40.878    41.102  3 55683.52846261 25.113
 105 124.088513  66.064325    37.548    35.569  3 55693.44410014 35.808
 106 124.086265  66.065512    43.148    43.154  3 55703.35973575 42.392
 107 124.086747  66.066055    42.251    42.416  3 55713.27538045 28.695
 108 124.086865  66.066080    42.291    42.291  2 55723.19102974 25.562
 109 124.087655  66.066201    40.050    40.050  2 55733.10667711 54.890
 110 124.087444  66.066383    41.740    42.098  3 55743.02232312 27.022
 111 124.087280  66.066212    41.170    41.745  3 55752.93796777 28.764
 112 124.087294  66.065153    37.742    37.742  2 55762.85361012 44.644
 113 124.086590  66.063663    36.203    36.208  3 55772.76924960 46.024
 114 124.089905  66.062454    39.034    38.081  3 55782.68488597 40.067
 115 124.088677  66.062430    38.440    38.440  2 55792.60051939 43.873
 116 124.089701  66.063248    40.848    41.105  3 55802.51615373 33.616
 117 124.087771  66.064006    39.568    38.284  3 55812.43180356 26.934
 118 124.088628  66.063905    41.739    42.323  3 55822.34745195 24.137
 119 124.086824  66.062998    39.482    38.493  3 55832.26309529 33.151
 120 124.091397  66.062396    41.488    41.670  3 55842.17873477 31.332
 121 124.088977  66.062531    35.632    35.632  2 55852.09437053 43.207
 122 124.086101  66.063797    35.083    35.058  3 55862.01000412 27.111
 123 124.087638  66.065332    35.937    35.937  2 55871.92565884 23.606
 124 124.088194  66.066004    40.924    40.570  3 55881.84130868 13.884
 125 124.087165  66.065897    41.281    41.471  3 55891.75695178 13.001
 126 124.087659  66.065797    40.737    41.004  3 55901.67258928 13.027
 127 124.087715  66.066138    41.940    41.940  2 55911.58822332 12.471
 128 124.086999  66.066778    41.592    41.592  2 55921.50387777 12.901
 129 124.087589  66.066405    41.646    41.901  3 55931.41952970 11.642
 130 124.087851  66.064676    42.173    42.173  2 55941.33517752 11.131
 131 124.089792  66.062689    42.203    42.241  3 55951.25082101 10.537
 132 124.091365  66.062049    42.186    42.313  3 55961.16646072  9.978
 133 124.087945  66.062855    42.080    42.130  3 55971.08209774  9.961
 134 124.087559  66.064309    42.078    42.078  2 55980.99773386 10.321
 135 124.086715  66.064468    41.855    41.772  3 55990.91336875  9.640
 136 124.088446  66.063643    41.744    41.744  2 56000.82901421  9.111
 137 124.090071  66.062405    41.978    42.090  3 56010.74466472  9.572
 138 124.091649  66.062272    42.026    42.276  3 56020.66031133  9.474
 139 124.089086  66.063347    41.933    41.925  3 56030.57595464  8.804
 140 124.088254  66.065203    41.560    41.491  3 56040.49159615  8.714
 141 124.086843  66.066239    40.053    40.053  2 56050.40723544  8.091
 142 124.087637  66.066395    35.657    35.657  2 56060.32287224 45.228
 143 124.088653  66.065598    44.183    44.183  2 56070.23850884 40.701
 144 124.086522  66.065397    42.204    42.204  2 56080.15415953 30.216
 145 124.086169  66.066011    40.907    40.942  3 56090.06980768 50.258
 146 124.088034  66.066973    42.282    42.282  2 56099.98545358 26.167
 147 124.085836  66.066470    42.086    42.086  2 56109.90108501 25.085
 148 124.086207  66.064490    40.177    40.217  3 56119.81672516 54.084
 149 124.087113  66.062156    41.946    41.857  3 56129.73236169 26.179
 150 124.092231  66.061378    38.816    38.851  3 56139.64799547 34.090
 151 124.091290  66.062849    39.579    39.540  3 56149.56364533 55.344
 152 124.086813  66.064796    38.925    38.925  2 56159.47929404 33.441
 153 124.086244  66.065483    38.932    38.932  2 56169.39494173 33.577
 154 124.089454  66.064249    39.288    39.338  3 56179.31058633 52.702
 155 124.087916  66.062410    40.213    41.185  3 56189.22622627 31.939
 156 124.089633  66.061977    40.928    40.773  3 56199.14186335 31.586
 157 124.088067  66.063539    37.468    37.693  3 56209.05749747 33.797
 158 124.086096  66.065771    36.416    36.416  2 56218.97312981 39.353
 159 124.088232  66.067285    35.057    35.057  2 56228.88877697 38.910
 160 124.086548  66.066811    35.613    35.613  2 56238.80443062 31.860
 161 124.087249  66.065823    39.003    40.790  3 56248.72008060 28.156
 162 124.087162  66.065180    35.345    35.316  3 56258.63572562 30.619
 163 124.087412  66.065875    35.483    35.475  3 56268.55136771 28.814
 164 124.086307  66.066520    35.457    35.457  2 56278.46700796 26.959
 165 124.087949  66.066521    39.197    39.412  3 56288.38265753 19.127
 166 124.088876  66.064641    37.342    36.997  3 56298.29830642 18.027
 167 124.089465  66.062402    38.924    37.505  3 56308.21395136 17.260
 168 124.090284  66.061528    38.583    38.721  3 56318.12959373 15.457
 169 124.088567  66.062973    39.244    39.244  2 56328.04523466 15.639
 170 124.085711  66.064919    38.817    38.097  3 56337.96087450 14.203
 171 124.086608  66.065720    41.302    41.302  2 56347.87651281 12.138
 172 124.089839  66.064474    40.597    40.542  3 56357.79214856 11.444
 173 124.087630  66.062622    41.200    41.262  3 56367.70779770 11.300
 176 124.085083  66.066607    40.231    40.231  2 56397.45473477 10.738
 177 124.085026  66.067930    37.399    37.399  2 56407.37037594 18.352
 178 124.086076  66.067411    33.654    33.654  2 56417.28601331 41.560
 179 124.086340  66.065771    35.306    35.251  3 56427.20164589 42.394
 180 124.086500  66.065013    42.751    42.751  2 56437.11729803 31.657
 181 124.089040  66.065535    41.049    40.982  3 56447.03294982 55.869
 182 124.087206  66.066456    41.423    42.003  3 56456.94859895 29.780
 183 124.087917  66.066306    40.089    40.089  2 56466.86424509 32.969
 184 124.085863  66.064669    38.695    38.617  3 56476.77988696 32.182
 185 124.091432  66.062727    38.321    38.448  3 56486.69552586 43.334
 186 124.090075  66.061919    41.782    41.723  3 56496.61116147 27.528
 187 124.088080  66.062876    41.471    41.471  2 56506.52679567 29.590
 188 124.088438  66.064720    40.799    40.799  2 56516.44243044 52.011
 189 124.087406  66.065561    40.091    39.033  3 56526.35808492 29.743
 190 124.085684  66.064778    41.644    42.028  3 56536.27373516 26.059
 192 124.087224  66.063247    41.586    42.033  3 56556.10502578 27.986
 193 124.088179  66.064723    42.027    42.136  3 56566.02066861 31.473
 194 124.085323  66.066784    36.626    36.626  2 56575.93630975 42.535
 195 124.087596  66.067987    35.357    35.357  2 56585.85194812 40.887
 196 124.084926  66.067354    34.144    34.144  2 56595.76758570 24.171
 197 124.086722  66.066214    35.392    35.547  3 56605.68323826 16.289
 198 124.088307  66.065376    35.294    35.281  3 56615.59888597 17.543
 199 124.086679  66.065330    38.151    38.151  2 56625.51452978 13.651
 200 124.088505  66.065654    39.054    39.458  3 56635.43017116 12.849
 201 124.085704  66.065346    39.459    39.927  3 56645.34580956 13.072
 202 124.086481  66.064389    39.640    39.622  3 56655.26146222 11.991
 203 124.089475  66.063103    39.783    39.738  3 56665.17711077 11.308
 204 124.086746  66.062547    40.109    40.236  3 56675.09275614 11.794
 205 124.090259  66.063575    40.403    40.409  3 56685.00840101 11.725
 206 124.088790  66.064855    40.049    40.049  2 56694.92404341 10.933
 207 124.087331  66.065377    40.627    40.390  3 56704.83968132 10.698
 208 124.089323  66.064752    40.682    40.688  3 56714.75531410  9.649
 209 124.089329  66.064082    42.135    42.069  3 56724.67096558  6.905
 210 124.088656  66.064322    40.735    40.735  2 56734.58661554  9.455
 211 124.085728  66.065801    40.827    41.013  3 56744.50226198  9.847
 212 124.085977  66.067329    41.317    41.644  3 56754.41790443  9.518
 213 124.087516  66.067781    38.724    38.724  2 56764.33354147 25.297
 214 124.086468  66.066932    39.389    39.389  2 56774.24917728 25.139
 215 124.085869  66.066216    34.685    34.685  2 56784.16483433 43.067
 216 124.087431  66.065989    42.155    42.394  3 56794.08048793 36.452
 217 124.085999  66.066014    41.161    41.161  2 56803.99613794 56.421
 218 124.087255  66.065767    40.476    40.393  3 56813.91178077 55.980
 219 124.088336  66.064898    40.547    39.802  3 56823.82742008 33.838
 220 124.088379  66.063817    41.247    42.184  3 56833.74305525 29.472
 221 124.087083  66.063162    40.893    41.921  3 56843.65868687 31.255
 222 124.088138  66.063575    38.193    38.184  3 56853.57432942 53.188
 223 124.087681  66.064380    41.498    41.498  2 56863.48998332 27.417
 224 124.086445  66.064944    39.651    39.520  3 56873.40563658 31.345
 225 124.087319  66.065015    39.266    38.637  3 56883.32128686 31.868
 226 124.087675  66.064845    37.124    37.122  3 56893.23693369 44.718
 227 124.086692  66.064871    42.170    42.170  2 56903.15257722 25.028
 228 124.086593  66.065849    37.578    37.578  2 56913.06821888 53.075
 229 124.085937  66.066921    40.771    41.797  3 56922.98385882 26.650
 230 124.086028  66.067614    41.921    41.921  2 56932.89949644 28.685
 231 124.087948  66.067302    36.821    36.821  2 56942.81512892 47.493
 232 124.088053  66.066427    34.939    34.939  2 56952.73077365 39.785
 233 124.085836  66.065732    37.697    39.562  3 56962.64642409 23.633
 234 124.087642  66.065870    40.293    40.061  3 56972.56207006 17.336
 235 124.086033  66.066021    34.987    34.987  2 56982.47771151 20.116
 236 124.086243  66.065503    40.105    40.105  2 56992.39334855 15.090
 237 124.089179  66.064124    39.237    38.321  3 57002.30898303 15.040
 238 124.090562  66.063122    38.462    38.486  3 57012.22464027 14.457
 239 124.089027  66.062899    40.606    41.614  3 57022.14029158 13.318
 240 124.089356  66.064149    41.393    41.307  3 57032.05594030 12.199
 241 124.088347  66.065290    40.822    40.822  2 57041.97158683 11.667
 242 124.088039  66.065616    40.862    40.862  2 57051.88723127 11.076
 243 124.088281  66.064784    41.200    41.200  2 57061.80287146 11.083
 244 124.090232  66.064172    40.929    40.947  3 57071.71850639 10.667
 245 124.087915  66.064528    41.180    41.180  2 57081.63413680 10.091
 246 124.087214  66.066236    40.724    40.724  2 57091.54978074 10.070
 247 124.086476  66.068016    41.309    41.309  2 57101.46543815 10.648
 248 124.086869  66.068330    41.537    41.537  2 57111.38109230 10.675
 249 124.084907  66.066963    40.776    40.776  2 57121.29674043 10.570
 250 124.087315  66.065483    38.466    38.731  3 57131.21238328 16.015
 251 124.085736  66.065080    38.328    38.339  3 57141.12802067 22.298
 252 124.087701  66.065943    34.478    34.409  3 57151.04365509 37.680
 253 124.085658  66.066334    39.810    39.695  3 57160.95928590 41.628
 254 124.088759  66.065761    42.531    42.564  3 57170.87494111 43.446
 255 124.089989  66.064055    41.243    41.233  3 57180.79059622 55.191
 256 124.091229  66.062700    42.303    42.323  3 57190.70624738 31.025
 257 124.089003  66.062999    41.169    41.169  2 57200.62189499 33.722
 258 124.086979  66.064572    39.053    39.053  2 57210.53752897 52.484
 259 124.087414  66.066004    38.462    38.510  3 57220.45317298 54.175
 260 124.086728  66.065920    41.349    42.159  3 57230.36881570 26.671
 261 124.086392  66.065050    40.805    40.805  2 57240.28445611 27.991
 262 124.087947  66.064286    37.404    36.812  3 57250.20009389 37.386
 263 124.088326  66.064951    38.988    38.988  2 57260.11572940 33.719
 264 124.085341  66.066555    36.499    36.300  3 57270.03136332 50.826
 265 124.086612  66.068371    40.648    40.648  2 57279.94701645 28.772
 266 124.087643  66.068489    35.770    35.770  2 57289.86267208 46.508
 267 124.086538  66.066972    36.594    36.773  3 57299.77832456 49.862
 268 124.088362  66.065035    35.326    35.326  2 57309.69397365 44.233
 269 124.088455  66.064435    34.182    34.126  3 57319.60961914 30.589
 270 124.088413  66.065329    34.722    34.722  2 57329.52526176 33.624
 271 124.088082  66.066646    40.652    40.652  2 57339.44090218 19.909
 272 124.085465  66.066291    40.648    40.648  2 57349.35655138 18.671
 273 124.089155  66.064425    42.090    42.186  3 57359.27219738 16.703
 274 124.086833  66.062219    42.122    42.030  3 57369.18783963 15.669
 275 124.091048  66.062298    42.241    42.241  3 57379.10347991 14.864
 276 124.086105  66.064127    41.949    41.961  3 57389.01911797 14.019
 277 124.086022  66.066075    41.977    41.990  3 57398.93475557 13.884
 278 124.087788  66.066386    42.101    42.101  2 57408.85039284 13.296
 279 124.088006  66.065188    41.830    42.046  3 57418.76604577 12.487
 280 124.089862  66.064388    42.232    42.355  3 57428.68169625 12.277
 281 124.088544  66.065198    42.145    42.145  2 57438.59734404 11.545
 282 124.087202  66.067279    41.680    41.680  2 57448.51299060 11.401
 283 124.085824  66.068785    41.428    41.428  2 57458.42863593 12.256
 284 124.083518  66.068369    41.419    41.419  2 57468.34427826 11.531
 285 124.085318  66.066337    42.053    42.053  2 57478.25991692 11.111
 286 124.088139  66.064378    41.948    41.846  3 57488.17555254 10.634
 287 124.089571  66.063793    41.704    41.782  3 57498.09118600  8.887
 288 124.087459  66.064859    40.608    40.608  2 57508.00682610 18.722
 289 124.086372  66.065925    41.192    41.192  2 57517.92248214 28.564
 290 124.086682  66.065879    39.369    37.854  3 57527.83813539 44.200
 291 124.089337  66.064262    40.070    39.998  3 57537.75378603 54.695
 292 124.089258  66.062690    41.177    41.182  3 57547.66943378 55.310
 293 124.089086  66.062562    41.552    41.223  3 57557.58508010 29.923
 294 124.087929  66.064254    41.578    42.041  3 57567.50072531 26.207
 295 124.086922  66.066026    39.420    39.340  3 57577.41636984 56.651
 296 124.086249  66.066668    41.358    41.358  2 57587.33201313 23.877
 297 124.087504  66.066034    40.237    39.456  3 57597.24765415 30.811
